location	residue	Modification	seq	secStruc	RelatedDisease	VariantPosition	ResidueChange	DaPSbySAP	disorder.full.full	disorder.derived.bfactor.regions	disorder.derived.bfactor.scores	disorder.derived.missing_residues.regions	disorder.derived.missing_residues.scores	disorder.derived.full	disorder.predictors.simple	disorder.predictors.mobidb-lite.regions	disorder.predictors.mobidb-lite.scores
1	M	0	0	0	0	0	0	0	s	NA	NULL	NA	NULL	NA	D	NA	0.625
2	A	0	0	0	0	0	0	0	s	NA	NULL	NA	NULL	NA	D	NA	0.5
3	A	0	0	0	0	0	0	0	s	NA	NULL	NA	NULL	NA	D	NA	0.5
4	A	0	0	0	0	0	0	0	s	NA	NULL	NA	NULL	NA	D	NA	0.5
5	L	0	0	0	0	0	0	0	s	NA	NULL	NA	NULL	NA	D	NA	0.5
6	L	0	0	0	0	0	0	0	s	NA	NULL	NA	NULL	NA	D	NA	0.625
7	A	0	0	0	0	0	0	0	s	NA	NULL	NA	NULL	NA	D	NA	0.375
8	R	0	0	0	0	0	0	0	s	NA	NULL	NA	NULL	NA	D	NA	0.5
9	A	0	0	0	0	0	0	0	s	NA	NULL	NA	NULL	NA	D	NA	0.625
10	S	Phosphoserine	AALLARASGPARRAL	HHHHHHHHCHHHHHH	0	0	0	0	s	NA	NULL	NA	NULL	NA	D	NA	0.625
11	G	0	0	0	0	0	0	0	s	NA	NULL	NA	NULL	NA	D	NA	0.5
12	P	0	0	0	0	0	0	0	s	NA	NULL	NA	NULL	NA	D	NA	0.5
13	A	0	0	0	0	0	0	0	s	NA	NULL	NA	NULL	NA	D	NA	0.5
14	R	0	0	0	0	0	0	0	s	NA	NULL	NA	NULL	NA	D	NA	0.375
15	R	0	0	0	0	0	0	0	s	NA	NULL	NA	NULL	NA	D	NA	0.125
16	A	0	0	0	0	0	0	0	s	NA	NULL	NA	NULL	NA	D	NA	0.125
17	L	0	0	0	0	0	0	0	s	NA	NULL	NA	NULL	NA	D	NA	0.125
18	C	0	0	0	0	0	0	0	s	NA	NULL	NA	NULL	NA	D	NA	0.125
19	P	0	0	0	0	0	0	0	s	NA	NULL	NA	NULL	NA	NA	NA	0
20	R	0	0	0	0	0	0	0	s	NA	NULL	NA	NULL	NA	NA	NA	0
21	A	0	0	0	0	0	0	0	s	NA	NULL	NA	NULL	NA	NA	NA	0
22	W	0	0	0	0	0	0	0	s	NA	NULL	NA	NULL	NA	NA	NA	0
23	R	0	0	0	0	0	0	0	s	NA	NULL	NA	NULL	NA	NA	NA	0
24	Q	0	0	0	0	0	0	0	s	NA	NULL	NA	NULL	NA	NA	NA	0
25	L	0	0	0	0	0	0	0	s	NA	NULL	NA	NULL	NA	NA	NA	0
26	H	0	0	0	0	0	0	0	s	NA	NULL	NA	NULL	NA	NA	NA	0
27	T	0	0	0	0	0	0	0	s	NA	NULL	NA	NULL	NA	NA	NA	0
28	I	0	0	0	0	0	0	0	s	NA	NULL	NA	NULL	NA	NA	NA	0
29	Y	0	0	0	0	0	0	0	D	NA	NULL	D	1	D	NA	NA	0
30	Q	0	0	0	0	0	0	0	D	NA	NULL	D	1	D	NA	NA	0
31	S	0	0	0	0	0	0	0	D	NA	NULL	D	1	D	D	NA	0.125
32	V	0	0	0	0	0	0	0	D	NA	NULL	D	1	D	D	NA	0.125
33	E	0	0	0	0	0	0	0	D	NA	NULL	D	1	D	D	NA	0.125
34	L	0	0	0	0	0	0	0	S	S	0.887613224637681	S	0	S	D	NA	0.125
35	P	0	0	0	0	0	0	0	S	S	0.901313405797102	S	0	S	NA	NA	0
36	E	0	0	0	0	0	0	0	S	S	0.94375	S	0	S	NA	NA	0
37	T	0	0	0	0	0	0	0	S	S	0.856182065217391	S	0	S	NA	NA	0
38	H	0	0	0	0	0	0	0	S	S	0.777015398550725	S	0	S	NA	NA	0
39	Q	0	0	0	0	0	0	0	S	S	0.776109601449275	S	0	S	NA	NA	0
40	M	0	0	0	0	0	0	0	S	S	0.779710144927536	S	0	S	NA	NA	0
41	L	0	0	0	0	0	0	0	S	S	0.667821557971015	S	0	S	NA	NA	0
42	L	0	0	0	0	0	0	0	S	S	0.628623188405797	S	0	S	NA	NA	0
43	Q	0	0	0	0	0	0	0	S	S	0.664968297101449	S	0	S	NA	NA	0
44	T	0	0	0	0	0	0	0	S	S	0.614560688405797	S	0	S	NA	NA	0
45	C	0	0	0	0	0	0	0	S	S	0.565330615942029	S	0	S	NA	NA	0
46	R	0	0	0	0	0	0	0	S	S	0.614538043478261	S	0	S	NA	NA	0
47	D	0	0	0	0	0	0	0	S	S	0.598709239130435	S	0	S	NA	NA	0
48	F	0	0	0	0	0	0	0	S	S	0.514719202898551	S	0	S	NA	NA	0
49	A	0	0	0	0	0	0	0	S	S	0.558152173913044	S	0	S	NA	NA	0
50	E	0	0	0	0	0	0	0	S	S	0.671557971014493	S	0	S	NA	NA	0
51	K	N6-acetyllysine	TCRDFAEKELFPIAA	HHHHHHHHCHHCHHH	0	0	0	0	S	S	0.608582427536232	S	0	S	NA	NA	0
52	E	0	0	0	0	0	0	0	S	S	0.550928442028986	S	0	S	NA	NA	0
53	L	0	0	0	0	0	0	0	S	S	0.466893115942029	S	0	S	NA	NA	0
54	F	0	0	0	0	0	0	0	S	S	0.561820652173913	S	0	S	NA	NA	0
55	P	0	0	0	0	0	0	0	S	S	0.554823369565217	S	0	S	NA	NA	0
56	I	0	0	0	0	0	0	0	S	S	0.522939311594203	S	0	S	NA	NA	0
57	A	0	0	0	0	0	0	0	S	S	0.53023097826087	S	0	S	NA	NA	0
58	A	0	0	0	0	0	0	0	S	S	0.485235507246377	S	0	S	NA	NA	0
59	Q	0	0	0	0	0	0	0	S	S	0.547395833333333	S	0	S	NA	NA	0
60	V	0	0	0	0	0	0	0	S	S	0.469429347826087	S	0	S	NA	NA	0
61	D	0	0	0	0	0	0	0	S	S	0.445176630434783	S	0	S	NA	NA	0
62	K	0	0	0	0	0	0	0	S	S	0.492617753623188	S	0	S	NA	NA	0
63	E	0	0	0	0	0	0	0	S	S	0.629936594202899	S	0	S	NA	NA	0
64	H	0	0	0	0	0	0	0	S	S	0.53419384057971	S	0	S	NA	NA	0
65	L	0	0	0	0	0	0	0	S	S	0.510371376811594	S	0	S	NA	NA	0
66	F	0	0	0	0	0	0	0	S	S	0.47692481884058	S	0	S	NA	NA	0
67	P	0	0	0	0	0	0	0	S	S	0.518840579710145	S	0	S	NA	NA	0
68	A	0	0	0	0	0	0	0	S	S	0.507835144927536	S	0	S	NA	NA	0
69	A	0	0	0	0	0	0	0	S	S	0.555389492753623	S	0	S	NA	NA	0
70	Q	0	0	0	0	0	0	0	S	S	0.539855072463768	S	0	S	NA	NA	0
71	V	0	0	0	0	0	0	0	S	S	0.507857789855072	S	0	S	NA	NA	0
72	K	N6-acetyllysine	LFPAAQVKKMGGLGL	CCCHHHHHHCCCCCE	0	0	0	0	S	S	0.563790760869565	S	0	S	NA	NA	0
73	K	0	0	0	0	0	0	0	S	S	0.554778079710145	S	0	S	NA	NA	0
74	M	0	0	0	0	0	0	0	S	S	0.588836050724638	S	0	S	NA	NA	0
75	G	0	0	0	0	0	0	0	S	S	0.560665760869565	S	0	S	NA	NA	0
76	G	0	0	0	0	0	0	0	S	S	0.633808876811594	S	0	S	NA	NA	0
77	L	0	0	0	0	0	0	0	S	S	0.566417572463768	S	0	S	NA	NA	0
78	G	0	0	0	0	0	0	0	S	S	0.545538949275362	S	0	S	NA	NA	0
79	L	0	0	0	0	0	0	0	S	S	0.523845108695652	S	0	S	NA	NA	0
80	L	0	0	0	0	0	0	0	S	S	0.544497282608696	S	0	S	NA	NA	0
81	A	0	0	0	0	0	0	0	S	S	0.518115942028986	S	0	S	NA	NA	0
82	M	0	0	0	0	0	0	0	S	S	0.595108695652174	S	0	S	NA	NA	0
83	D	0	0	0	0	0	0	0	S	S	0.635099637681159	S	0	S	NA	NA	0
84	V	0	0	0	0	0	0	0	S	S	0.572735507246377	S	0	S	NA	NA	0
85	P	0	0	0	0	0	0	0	S	S	0.613541666666667	S	0	S	NA	NA	0
86	E	0	0	0	0	0	0	0	S	S	0.65588768115942	S	0	S	NA	NA	0
87	E	0	0	0	0	0	0	0	S	S	0.679415760869565	S	0	S	NA	NA	0
88	L	0	0	0	0	0	0	0	S	S	0.578826992753623	S	0	S	NA	NA	0
89	G	0	0	0	0	0	0	0	S	S	0.578328804347826	S	0	S	NA	NA	0
90	G	0	0	0	0	0	0	0	S	S	0.59669384057971	S	0	S	NA	NA	0
91	A	0	0	0	0	0	0	0	S	S	0.567413949275362	S	0	S	NA	NA	0
92	G	0	0	0	0	0	0	0	S	S	0.576630434782609	S	0	S	NA	NA	0
93	L	0	0	0	0	0	0	0	S	S	0.574411231884058	S	0	S	NA	NA	0
94	D	0	0	0	0	0	0	0	S	S	0.591734601449275	S	0	S	NA	NA	0
95	Y	0	0	0	0	0	0	0	S	S	0.491734601449275	S	0	S	NA	NA	0
96	L	0	0	0	0	0	0	0	S	S	0.489923007246377	S	0	S	NA	NA	0
97	A	0	0	0	0	0	0	0	S	S	0.459941123188406	S	0	S	NA	NA	0
98	Y	0	0	0	0	0	0	0	S	S	0.471580615942029	S	0	S	NA	NA	0
99	A	0	0	0	0	0	0	0	S	S	0.509239130434783	S	0	S	NA	NA	0
100	I	0	0	0	0	0	0	0	S	S	0.503849637681159	S	0	S	NA	NA	0
101	A	0	0	0	0	0	0	0	S	S	0.521807065217391	S	0	S	NA	NA	0
102	M	0	0	0	0	0	0	0	S	S	0.409692028985507	S	0	S	NA	NA	0
103	E	0	0	0	0	0	0	0	S	S	0.477604166666667	S	0	S	NA	NA	0
104	E	0	0	0	0	0	0	0	S	S	0.446829710144928	S	0	S	NA	NA	0
105	I	0	0	0	0	0	0	0	S	S	0.405412137681159	S	0	S	NA	NA	0
106	S	0	0	0	0	0	0	0	S	S	0.420267210144928	S	0	S	NA	NA	0
107	R	0	0	0	0	0	0	0	S	S	0.481340579710145	S	0	S	NA	NA	0
108	G	0	0	0	0	0	0	0	S	S	0.528940217391304	S	0	S	NA	NA	0
109	C	0	0	0	0	0	0	0	S	S	0.494678442028986	S	0	S	NA	NA	0
110	A	0	0	0	0	0	0	0	S	S	0.470720108695652	S	0	S	NA	NA	0
111	S	0	0	0	0	0	0	0	S	S	0.450203804347826	S	0	S	NA	NA	0
112	T	0	0	0	0	0	0	0	S	S	0.493500905797102	S	0	S	NA	NA	0
113	G	0	0	0	0	0	0	0	S	S	0.475294384057971	S	0	S	NA	NA	0
114	V	0	0	0	0	0	0	0	S	S	0.395923913043478	S	0	S	NA	NA	0
115	I	0	0	0	0	0	0	0	S	S	0.433061594202899	S	0	S	NA	NA	0
116	M	0	0	0	0	0	0	0	S	S	0.460733695652174	S	0	S	NA	NA	0
117	S	0	0	0	0	0	0	0	S	S	0.455072463768116	S	0	S	NA	NA	0
118	V	0	0	0	0	0	0	0	S	S	0.4703125	S	0	S	NA	NA	0
119	N	0	0	0	0	0	0	0	S	S	0.472576992753623	S	0	S	NA	NA	0
120	N	0	0	0	0	0	0	0	S	S	0.374841485507246	S	0	S	NA	NA	0
121	S	Phosphoserine	VIMSVNNSLYLGPIL	EEEEECCEEECCCCC	0	0	0	0	S	S	0.410416666666667	S	0	S	NA	NA	0
122	L	0	0	0	0	0	0	0	S	S	0.44116847826087	S	0	S	NA	NA	0
123	Y	0	0	0	0	0	0	0	S	S	0.477151268115942	S	0	S	NA	NA	0
124	L	0	0	0	0	0	0	0	S	S	0.519565217391304	S	0	S	NA	NA	0
125	G	0	0	0	0	0	0	0	S	S	0.554030797101449	S	0	S	NA	NA	0
126	P	0	0	0	0	0	0	0	S	S	0.501471920289855	S	0	S	NA	NA	0
127	I	0	0	0	0	0	0	0	S	S	0.507404891304348	S	0	S	NA	NA	0
128	L	0	0	0	0	0	0	0	S	S	0.567889492753623	S	0	S	NA	NA	0
129	K	N6-acetyllysine	LYLGPILKFGSKEQK	EECCCCCCCCCHHHH	0	0	0	0	S	S	0.535190217391304	S	0	S	NA	NA	0
130	F	0	0	0	0	0	0	0	S	S	0.535190217391304	S	0	S	NA	NA	0
131	G	0	0	0	0	0	0	0	S	S	0.567074275362319	S	0	S	NA	NA	0
132	S	0	0	0	0	0	0	0	S	S	0.603555253623188	S	0	S	NA	NA	0
133	K	0	0	0	0	0	0	0	S	S	0.66009963768116	S	0	S	NA	NA	0
134	E	0	0	0	0	0	0	0	S	S	0.623097826086957	S	0	S	NA	NA	0
135	Q	0	0	0	0	0	0	0	S	S	0.547486413043478	S	0	S	NA	NA	0
136	K	N6-acetyllysine	KFGSKEQKQAWVTPF	CCCCHHHHHEEEECC	0	0	0	0	S	S	0.538926630434783	S	0	S	NA	NA	0
137	Q	0	0	0	0	0	0	0	S	S	0.562454710144928	S	0	S	NA	NA	0
138	A	0	0	0	0	0	0	0	S	S	0.518410326086957	S	0	S	NA	NA	0
139	W	0	0	0	0	0	0	0	S	S	0.487952898550725	S	0	S	NA	NA	0
140	V	0	0	0	0	0	0	0	S	S	0.538496376811594	S	0	S	NA	NA	0
141	T	0	0	0	0	0	0	0	S	S	0.564741847826087	S	0	S	NA	NA	0
142	P	0	0	0	0	0	0	0	S	S	0.495810688405797	S	0	S	NA	NA	0
143	F	0	0	0	0	0	0	0	S	S	0.518002717391304	S	0	S	NA	NA	0
144	T	0	0	0	0	0	0	0	S	S	0.510914855072464	S	0	S	NA	NA	0
145	S	0	0	0	0	0	0	0	S	S	0.602219202898551	S	0	S	NA	NA	0
146	G	0	0	0	0	0	0	0	S	S	0.58888134057971	S	0	S	NA	NA	0
147	D	0	0	0	0	0	0	0	S	S	0.656521739130435	S	0	S	D	NA	0.125
148	K	N6-acetyllysine	TPFTSGDKIGCFALS	ECCCCCCEEEEEEEC	0	0	0	0	S	S	0.556136775362319	S	0	S	D	NA	0.125
149	I	0	0	0	0	0	0	0	S	S	0.476856884057971	S	0	S	D	NA	0.125
150	G	0	0	0	0	0	0	0	S	S	0.463201992753623	S	0	S	D	NA	0.125
151	C	0	0	0	0	0	0	0	S	S	0.404936594202898	S	0	S	D	NA	0.125
152	F	0	0	0	0	0	0	0	S	S	0.397712862318841	S	0	S	D	NA	0.125
153	A	0	0	0	0	0	0	0	S	S	0.428532608695652	S	0	S	D	NA	0.125
154	L	0	0	0	0	0	0	0	S	S	0.407495471014493	S	0	S	D	NA	0.125
155	S	0	0	0	0	0	0	0	S	S	0.423731884057971	S	0	S	D	NA	0.25
156	E	0	0	0	0	0	0	0	S	S	0.503170289855073	S	0	S	D	NA	0.25
157	P	0	0	0	0	0	0	0	S	S	0.506182065217391	S	0	S	D	NA	0.25
158	G	0	0	0	0	0	0	0	S	S	0.566055253623188	S	0	S	D	NA	0.25
159	N	0	0	0	0	0	0	0	S	S	0.531363224637681	S	0	S	D	NA	0.5
160	G	0	0	0	0	0	0	0	S	S	0.470901268115942	S	0	S	D	NA	0.5
161	S	0	0	0	0	0	0	0	S	S	0.569587862318841	S	0	S	D	NA	0.5
162	D	0	0	0	0	0	0	0	S	S	0.657019927536232	S	0	S	D	NA	0.5
163	A	0	0	0	0	0	0	0	S	S	0.742821557971014	S	0	S	D	NA	0.625
164	G	0	0	0	0	0	0	0	S	S	0.693048007246377	S	0	S	D	NA	0.75
165	A	0	0	0	0	0	0	0	S	S	0.674411231884058	S	0	S	D	NA	0.75
166	A	0	0	0	0	0	0	0	S	S	0.689855072463768	S	0	S	D	NA	0.75
167	S	0	0	0	0	0	0	0	S	S	0.606091485507246	S	0	S	D	NA	0.75
168	T	0	0	0	0	0	0	0	S	S	0.525317028985507	S	0	S	D	NA	0.5
169	T	0	0	0	0	0	0	0	S	S	0.521875	S	0	S	D	NA	0.375
170	A	0	0	0	0	0	0	0	S	S	0.528940217391304	S	0	S	D	NA	0.5
171	R	0	0	0	0	0	0	0	S	S	0.600656702898551	S	0	S	D	NA	0.5
172	A	0	0	0	0	0	0	0	S	S	0.594021739130435	S	0	S	D	NA	0.25
173	E	0	0	0	0	0	0	0	S	S	0.699932065217391	S	0	S	D	NA	0.125
174	G	0	0	0	0	0	0	0	S	S	0.748143115942029	S	0	S	D	NA	0.125
175	D	0	0	0	0	0	0	0	S	S	0.762567934782609	S	0	S	D	NA	0.125
176	S	0	0	0	0	0	0	0	S	S	0.664696557971014	S	0	S	D	NA	0.125
177	W	0	0	0	0	0	0	0	S	S	0.547803442028986	S	0	S	NA	NA	0
178	V	0	0	0	0	0	0	0	S	S	0.544406702898551	S	0	S	NA	NA	0
179	L	0	0	0	0	0	0	0	S	S	0.501268115942029	S	0	S	NA	NA	0
180	N	0	0	0	0	0	0	0	S	S	0.485892210144928	S	0	S	NA	NA	0
181	G	0	0	0	0	0	0	0	S	S	0.531363224637681	S	0	S	NA	NA	0
182	T	0	0	0	0	0	0	0	S	S	0.523505434782609	S	0	S	NA	NA	0
183	K	0	0	0	0	0	0	0	S	S	0.48455615942029	S	0	S	NA	NA	0
184	A	0	0	0	0	0	0	0	S	S	0.468885869565217	S	0	S	NA	NA	0
185	W	0	0	0	0	0	0	0	S	S	0.488224637681159	S	0	S	NA	NA	0
186	I	0	0	0	0	0	0	0	S	S	0.432382246376812	S	0	S	NA	NA	0
187	T	0	0	0	0	0	0	0	S	S	0.400022644927536	S	0	S	NA	NA	0
188	N	0	0	0	0	0	0	0	S	S	0.430027173913044	S	0	S	NA	NA	0
189	A	0	0	0	0	0	0	0	S	S	0.528759057971015	S	0	S	NA	NA	0
190	W	0	0	0	0	0	0	0	S	S	0.466349637681159	S	0	S	NA	NA	0
191	E	0	0	0	0	0	0	0	S	S	0.458310688405797	S	0	S	NA	NA	0
192	A	0	0	0	0	0	0	0	S	S	0.456906702898551	S	0	S	NA	NA	0
193	S	0	0	0	0	0	0	0	S	S	0.487092391304348	S	0	S	NA	NA	0
194	A	0	0	0	0	0	0	0	S	S	0.43851902173913	S	0	S	NA	NA	0
195	A	0	0	0	0	0	0	0	S	S	0.473709239130435	S	0	S	NA	NA	0
196	V	0	0	0	0	0	0	0	S	S	0.45799365942029	S	0	S	NA	NA	0
197	V	0	0	0	0	0	0	0	S	S	0.476290760869565	S	0	S	NA	NA	0
198	F	0	0	0	0	0	0	0	S	S	0.43335597826087	S	0	S	NA	NA	0
199	A	0	0	0	0	0	0	0	S	S	0.523482789855072	S	0	S	NA	NA	0
200	S	0	0	0	0	0	0	0	S	S	0.565330615942029	S	0	S	NA	NA	0
201	T	0	0	0	0	0	0	0	S	S	0.66682518115942	S	0	S	NA	NA	0
202	D	0	0	0	0	0	0	0	C	C	0.863919082125604	C	0.25	C	NA	NA	0
203	R	0	0	0	0	0	0	0	C	S	0.641123188405797	C	0.75	C	NA	NA	0
204	A	0	0	0	0	0	0	0	C	S	0.626358695652174	C	0.75	C	NA	NA	0
205	L	0	0	0	0	0	0	0	C	S	0.498460144927536	C	0.75	C	NA	NA	0
206	Q	0	0	0	0	0	0	0	C	C	0.730253623188406	C	0.625	C	NA	NA	0
207	N	0	0	0	0	0	0	0	C	C	0.732971014492754	C	0.625	C	NA	NA	0
208	K	0	0	0	0	0	0	0	C	C	0.848550724637681	C	0.375	C	NA	NA	0
209	G	0	0	0	0	0	S	219	S	S	0.805095108695652	S	0	S	NA	NA	0
210	I	0	0	0	0	0	0	0	S	S	0.595810688405797	S	0	S	NA	NA	0
211	S	0	0	0	0	0	0	0	S	S	0.492255434782609	S	0	S	NA	NA	0
212	A	0	0	0	0	0	0	0	S	S	0.517504528985507	S	0	S	D	NA	0.125
213	F	0	0	0	0	0	0	0	S	S	0.493183876811594	S	0	S	D	NA	0.125
214	L	0	0	0	0	0	0	0	S	S	0.478011775362319	S	0	S	D	NA	0.25
215	V	0	0	0	0	0	0	0	S	S	0.461050724637681	S	0	S	D	NA	0.25
216	P	0	0	0	0	0	0	0	S	S	0.486096014492754	S	0	S	D	NA	0.25
217	M	0	0	0	0	0	0	0	S	S	0.513745471014493	S	0	S	D	NA	0.25
218	P	0	0	0	0	0	0	0	S	S	0.495471014492754	S	0	S	D	NA	0.375
219	T	Phosphothreonine	AFLVPMPTPGLTLGK	EEEEECCCCCCCCCC	Serum metabolite ratios in chronic kidney disease:chronic kidney disease, serum metabolite measurement	209 (10)	0	0	S	S	0.547509057971014	S	0	S	D	NA	0.375
220	P	0	0	0	0	0	0	0	S	S	0.549547101449275	S	0	S	D	NA	0.375
221	G	0	0	0	0	0	0	0	S	S	0.550611413043478	S	0	S	D	NA	0.25
222	L	0	0	0	0	0	0	0	S	S	0.529211956521739	S	0	S	D	NA	0.125
223	T	0	0	0	0	0	0	0	S	S	0.486050724637681	S	0	S	D	NA	0.25
224	L	0	0	0	0	0	0	0	S	S	0.529211956521739	S	0	S	D	NA	0.25
225	G	0	0	0	0	0	0	0	S	S	0.484827898550725	S	0	S	D	NA	0.25
226	K	0	0	0	0	0	0	0	S	S	0.529076086956522	S	0	S	D	NA	0.375
227	K	0	0	0	0	0	0	0	S	S	0.495720108695652	S	0	S	D	NA	0.25
228	E	0	0	0	0	0	0	0	S	S	0.493478260869565	S	0	S	D	NA	0.25
229	D	0	0	0	0	0	0	0	S	S	0.48611865942029	S	0	S	D	NA	0.125
230	K	0	0	0	0	0	0	0	S	S	0.441508152173913	S	0	S	D	NA	0.125
231	L	0	0	0	0	0	0	0	S	S	0.399886775362319	S	0	S	D	NA	0.125
232	G	0	0	0	0	0	0	0	S	S	0.392164855072464	S	0	S	D	NA	0.125
233	I	0	0	0	0	0	0	0	S	S	0.412341485507246	S	0	S	D	NA	0.125
234	R	0	0	0	0	0	0	0	S	S	0.456182065217391	S	0	S	NA	NA	0
235	G	0	0	0	0	0	0	0	S	S	0.499728260869565	S	0	S	NA	NA	0
236	S	0	0	0	0	0	0	0	S	S	0.49338768115942	S	0	S	NA	NA	0
237	S	0	0	0	0	0	0	0	S	S	0.466870471014493	S	0	S	NA	NA	0
238	T	0	0	0	0	0	0	0	S	S	0.483673007246377	S	0	S	D	NA	0.125
239	A	0	0	0	0	0	0	0	S	S	0.492572463768116	S	0	S	D	NA	0.125
240	N	0	0	0	0	0	0	0	S	S	0.499864130434783	S	0	S	D	NA	0.125
241	L	0	0	0	0	0	0	0	S	S	0.502241847826087	S	0	S	D	NA	0.125
242	I	0	0	0	0	0	0	0	S	S	0.48648097826087	S	0	S	D	NA	0.125
243	F	0	0	0	0	0	0	0	S	S	0.532019927536232	S	0	S	D	NA	0.125
244	E	0	0	0	0	0	0	0	S	S	0.576766304347826	S	0	S	D	NA	0.125
245	D	0	0	0	0	0	0	0	S	S	0.599682971014493	S	0	S	D	NA	0.125
246	C	0	0	0	0	0	0	0	S	S	0.507065217391304	S	0	S	D	NA	0.125
247	R	0	0	0	0	0	0	0	S	S	0.553555253623188	S	0	S	D	NA	0.125
248	I	0	0	0	0	0	0	0	S	S	0.510439311594203	S	0	S	D	NA	0.125
249	P	0	0	0	0	0	0	0	S	S	0.551132246376812	S	0	S	NA	NA	0
250	K	0	0	0	0	0	0	0	S	S	0.579098731884058	S	0	S	D	NA	0.125
251	D	0	0	0	0	0	0	0	S	S	0.577830615942029	S	0	S	D	NA	0.125
252	S	0	0	0	0	0	0	0	S	S	0.558582427536232	S	0	S	D	NA	0.25
253	I	0	0	0	0	0	0	0	S	S	0.537296195652174	S	0	S	D	NA	0.25
254	L	0	0	0	0	0	0	0	S	S	0.550951086956522	S	0	S	D	NA	0.25
255	G	0	0	0	0	0	0	0	S	S	0.577264492753623	S	0	S	D	NA	0.25
256	E	0	0	0	0	0	0	0	S	S	0.650905797101449	S	0	S	D	NA	0.125
257	P	0	0	0	0	0	0	0	S	S	0.631680253623188	S	0	S	D	NA	0.125
258	G	0	0	0	0	0	0	0	S	S	0.58942481884058	S	0	S	NA	NA	0
259	M	0	0	0	0	0	0	0	S	S	0.580615942028986	S	0	S	NA	NA	0
260	G	0	0	0	0	0	0	0	S	S	0.504551630434783	S	0	S	NA	NA	0
261	F	0	0	0	0	0	0	0	S	S	0.52049365942029	S	0	S	NA	NA	0
262	K	N6-acetyllysine	GEPGMGFKIAMQTLD	CCCCCCHHHEEECCC	0	0	0	0	S	S	0.547803442028986	S	0	S	NA	NA	0
263	I	0	0	0	0	0	0	0	S	S	0.466870471014493	S	0	S	NA	NA	0
264	A	0	0	0	0	0	0	0	S	S	0.475724637681159	S	0	S	NA	NA	0
265	M	0	0	0	0	0	0	0	S	S	0.566304347826087	S	0	S	NA	NA	0
266	Q	0	0	0	0	0	0	0	S	S	0.479279891304348	S	0	S	NA	NA	0
267	T	0	0	0	0	0	0	0	S	S	0.531363224637681	S	0	S	NA	NA	0
268	L	0	0	0	0	0	0	0	S	S	0.504528985507246	S	0	S	NA	NA	0
269	D	0	0	0	0	0	0	0	S	S	0.527672101449275	S	0	S	NA	NA	0
270	M	0	0	0	0	0	0	0	S	S	0.559442934782609	S	0	S	NA	NA	0
271	G	0	0	0	0	0	0	0	S	S	0.447101449275362	S	0	S	NA	NA	0
272	R	0	0	0	0	0	0	0	S	S	0.437160326086957	S	0	S	NA	NA	0
273	I	0	0	0	0	0	0	0	S	S	0.447192028985507	S	0	S	NA	NA	0
274	G	0	0	0	0	0	0	0	S	S	0.473777173913044	S	0	S	NA	NA	0
275	I	0	0	0	0	0	0	0	S	S	0.404936594202899	S	0	S	NA	NA	0
276	A	0	0	0	0	0	0	0	S	S	0.454619565217391	S	0	S	NA	NA	0
277	S	0	0	0	0	0	0	0	S	S	0.431385869565217	S	0	S	NA	NA	0
278	Q	0	0	0	0	0	0	0	S	S	0.42151268115942	S	0	S	NA	NA	0
279	A	0	0	0	0	0	0	0	S	S	0.352083333333333	S	0	S	NA	NA	0
280	L	0	0	0	0	0	0	0	S	S	0.386820652173913	S	0	S	NA	NA	0
281	G	0	0	0	0	0	0	0	S	S	0.386345108695652	S	0	S	NA	NA	0
282	I	0	0	0	0	0	0	0	S	S	0.395697463768116	S	0	S	NA	NA	0
283	A	0	0	0	0	0	0	0	S	S	0.446920289855072	S	0	S	NA	NA	0
284	Q	0	0	0	0	0	0	0	S	S	0.400045289855073	S	0	S	NA	NA	0
285	T	0	0	0	0	0	0	0	S	S	0.449615036231884	S	0	S	NA	NA	0
286	A	0	0	0	0	0	0	0	S	S	0.383650362318841	S	0	S	NA	NA	0
287	L	0	0	0	0	0	0	0	S	S	0.4140625	S	0	S	NA	NA	0
288	D	0	0	0	0	0	0	0	S	S	0.467391304347826	S	0	S	NA	NA	0
289	C	0	0	0	0	0	0	0	S	S	0.436503623188406	S	0	S	NA	NA	0
290	A	0	0	0	0	0	0	0	S	S	0.422690217391304	S	0	S	NA	NA	0
291	V	0	0	0	0	0	0	0	S	S	0.461639492753623	S	0	S	NA	NA	0
292	N	0	0	0	0	0	0	0	S	S	0.489447463768116	S	0	S	NA	NA	0
293	Y	0	0	0	0	0	0	0	S	S	0.421784420289855	S	0	S	NA	NA	0
294	A	0	0	0	0	0	0	0	S	S	0.432065217391304	S	0	S	NA	NA	0
295	E	0	0	0	0	0	0	0	S	S	0.496308876811594	S	0	S	NA	NA	0
296	N	0	0	0	0	0	0	0	S	S	0.531725543478261	S	0	S	NA	NA	0
297	R	0	0	0	0	0	0	0	S	S	0.463179347826087	S	0	S	NA	NA	0
298	M	0	0	0	0	0	0	0	S	S	0.497509057971015	S	0	S	NA	NA	0
299	A	0	0	0	0	0	0	0	S	S	0.56057518115942	S	0	S	NA	NA	0
300	F	0	0	0	0	0	0	0	S	S	0.621897644927536	S	0	S	NA	NA	0
301	G	0	0	0	0	0	0	0	S	S	0.598709239130435	S	0	S	NA	NA	0
302	A	0	0	0	0	0	0	0	S	S	0.539923007246377	S	0	S	NA	NA	0
303	P	0	0	0	0	0	0	0	S	S	0.500317028985507	S	0	S	NA	NA	0
304	L	0	0	0	0	0	0	0	S	S	0.465217391304348	S	0	S	NA	NA	0
305	T	Phosphothreonine	MAFGAPLTKLQVIQF	CCCCCCCCHHHHHHH	0	0	0	0	S	S	0.526471920289855	S	0	S	NA	NA	0
306	K	N6-acetyllysine	AFGAPLTKLQVIQFK	CCCCCCCHHHHHHHH	0	0	0	0	S	S	0.524909420289855	S	0	S	NA	NA	0
307	L	0	0	0	0	0	0	0	S	S	0.477128623188406	S	0	S	NA	NA	0
308	Q	0	0	0	0	0	0	0	S	S	0.563768115942029	S	0	S	NA	NA	0
309	V	0	0	0	0	0	0	0	S	S	0.490942028985507	S	0	S	NA	NA	0
310	I	0	0	0	0	0	0	0	S	S	0.433265398550725	S	0	S	NA	NA	0
311	Q	0	0	0	0	0	0	0	S	S	0.440285326086957	S	0	S	NA	NA	0
312	F	0	0	0	0	0	0	0	S	S	0.430208333333333	S	0	S	NA	NA	0
313	K	0	0	0	0	0	0	0	S	S	0.415126811594203	S	0	S	NA	NA	0
314	L	0	0	0	0	0	0	0	S	S	0.362364130434783	S	0	S	NA	NA	0
315	A	0	0	0	0	0	0	0	S	S	0.456385869565217	S	0	S	NA	NA	0
316	D	0	0	0	0	0	0	0	S	S	0.401086956521739	S	0	S	NA	NA	0
317	M	0	0	0	0	0	0	0	S	S	0.416734601449275	S	0	S	NA	NA	0
318	A	0	0	0	0	0	0	0	S	S	0.427830615942029	S	0	S	NA	NA	0
319	L	0	0	0	0	0	0	0	S	S	0.445561594202899	S	0	S	NA	NA	0
320	A	0	0	0	0	0	0	0	S	S	0.4	S	0	S	NA	NA	0
321	L	0	0	0	0	0	0	0	S	S	0.396942934782609	S	0	S	NA	NA	0
322	E	0	0	0	0	0	0	0	S	S	0.49585597826087	S	0	S	NA	NA	0
323	S	0	0	0	0	0	0	0	S	S	0.409759963768116	S	0	S	NA	NA	0
324	A	0	0	0	0	0	0	0	S	S	0.376517210144928	S	0	S	NA	NA	0
325	R	0	0	0	0	0	0	0	S	S	0.422101449275362	S	0	S	NA	NA	0
326	L	0	0	0	0	0	0	0	S	S	0.420244565217391	S	0	S	NA	NA	0
327	L	0	0	0	0	0	0	0	S	S	0.374139492753623	S	0	S	NA	NA	0
328	T	0	0	0	0	0	0	0	S	S	0.451834239130435	S	0	S	NA	NA	0
329	W	0	0	0	0	0	0	0	S	S	0.411390398550725	S	0	S	NA	NA	0
330	R	0	0	0	0	0	0	0	S	S	0.430593297101449	S	0	S	NA	NA	0
331	A	0	0	0	0	0	0	0	S	S	0.447712862318841	S	0	S	NA	NA	0
332	A	0	0	0	0	0	0	0	S	S	0.446829710144928	S	0	S	NA	NA	0
333	M	0	0	0	0	0	0	0	S	S	0.535484601449275	S	0	S	NA	NA	0
334	L	0	0	0	0	0	0	0	S	S	0.527604166666667	S	0	S	NA	NA	0
335	K	0	0	0	0	0	0	0	S	S	0.569995471014493	S	0	S	NA	NA	0
336	D	0	0	0	0	0	0	0	S	S	0.564945652173913	S	0	S	NA	NA	0
337	N	0	0	0	0	0	0	0	S	S	0.587907608695652	S	0	S	D	NA	0
338	K	0	0	0	0	0	0	0	S	S	0.629778079710145	S	0	S	D	NA	0
339	K	0	0	0	0	0	0	0	S	S	0.562884963768116	S	0	S	D	NA	0
340	P	0	0	0	0	0	0	0	S	S	0.586639492753623	S	0	S	D	NA	0
341	F	0	0	0	0	0	0	0	S	S	0.499116847826087	S	0	S	D	NA	0
342	I	0	0	0	0	0	0	0	S	S	0.478215579710145	S	0	S	NA	NA	0
343	K	0	0	0	0	0	0	0	S	S	0.488088768115942	S	0	S	NA	NA	0
344	E	0	0	0	0	0	0	0	S	S	0.418138586956522	S	0	S	NA	NA	0
345	A	0	0	0	0	0	0	0	S	S	0.444904891304348	S	0	S	NA	NA	0
346	A	0	0	0	0	0	0	0	S	S	0.384261775362319	S	0	S	NA	NA	0
347	M	0	0	0	0	0	0	0	S	S	0.447599637681159	S	0	S	NA	NA	0
348	A	0	0	0	0	0	0	0	S	S	0.400317028985507	S	0	S	D	NA	0.125
349	K	0	0	0	0	0	0	0	S	S	0.384397644927536	S	0	S	D	NA	0.125
350	L	0	0	0	0	0	0	0	S	S	0.437001811594203	S	0	S	D	NA	0.125
351	A	0	0	0	0	0	0	0	S	S	0.402853260869565	S	0	S	D	NA	0.125
352	A	0	0	0	0	0	0	0	S	S	0.429664855072464	S	0	S	D	NA	0.125
353	S	0	0	0	0	0	0	0	S	S	0.397192028985507	S	0	S	D	NA	0.125
354	E	0	0	0	0	0	0	0	S	S	0.405276268115942	S	0	S	D	NA	0.125
355	A	0	0	0	0	0	0	0	S	S	0.423573369565217	S	0	S	D	NA	0.125
356	A	0	0	0	0	0	0	0	S	S	0.403170289855073	S	0	S	D	NA	0.125
357	T	0	0	0	0	0	0	0	S	S	0.43106884057971	S	0	S	NA	NA	0
358	A	0	0	0	0	0	0	0	S	S	0.378894927536232	S	0	S	NA	NA	0
359	I	0	0	0	0	0	0	0	S	S	0.34476902173913	S	0	S	NA	NA	0
360	S	0	0	0	0	0	0	0	S	S	0.356295289855073	S	0	S	NA	NA	0
361	H	0	0	0	0	0	0	0	S	S	0.397712862318841	S	0	S	NA	NA	0
362	Q	0	0	0	0	0	0	0	S	S	0.398845108695652	S	0	S	NA	NA	0
363	A	0	0	0	0	0	0	0	S	S	0.402083333333333	S	0	S	NA	NA	0
364	I	0	0	0	0	0	0	0	S	S	0.370335144927536	S	0	S	NA	NA	0
365	Q	0	0	0	0	0	0	0	S	S	0.363836050724638	S	0	S	NA	NA	0
366	I	0	0	0	0	0	0	0	S	S	0.393183876811594	S	0	S	NA	NA	0
367	L	0	0	0	0	0	0	0	S	S	0.416032608695652	S	0	S	NA	NA	0
368	G	0	0	0	0	0	0	0	S	S	0.450384963768116	S	0	S	NA	NA	0
369	G	0	0	0	0	0	0	0	S	S	0.385303442028986	S	0	S	NA	NA	0
370	M	0	0	0	0	0	0	0	S	S	0.401064311594203	S	0	S	NA	NA	0
371	G	0	0	0	0	0	0	0	S	S	0.498528079710145	S	0	S	NA	NA	0
372	Y	0	0	0	0	0	0	0	S	S	0.415579710144928	S	0	S	NA	NA	0
373	V	0	0	0	0	0	0	0	S	S	0.44164402173913	S	0	S	NA	NA	0
374	T	0	0	0	0	0	0	0	S	S	0.499660326086957	S	0	S	NA	NA	0
375	E	0	0	0	0	0	0	0	S	S	0.652740036231884	S	0	S	NA	NA	0
376	M	0	0	0	0	0	0	0	S	S	0.476064311594203	S	0	S	NA	NA	0
377	P	0	0	0	0	0	0	0	S	S	0.466598731884058	S	0	S	NA	NA	0
378	A	0	0	0	0	0	0	0	S	S	0.476788949275362	S	0	S	NA	NA	0
379	E	0	0	0	0	0	0	0	S	S	0.460733695652174	S	0	S	NA	NA	0
380	R	0	0	0	0	0	0	0	S	S	0.45120018115942	S	0	S	NA	NA	0
381	H	0	0	0	0	0	0	0	S	S	0.431023550724638	S	0	S	NA	NA	0
382	Y	0	0	0	0	0	0	0	S	S	0.407540760869565	S	0	S	NA	NA	0
383	R	0	0	0	0	0	0	0	S	S	0.426856884057971	S	0	S	NA	NA	0
384	D	0	0	0	0	0	0	0	S	S	0.468500905797101	S	0	S	NA	NA	0
385	A	0	0	0	0	0	0	0	S	S	0.418319746376812	S	0	S	NA	NA	0
386	R	0	0	0	0	0	0	0	S	S	0.381272644927536	S	0	S	NA	NA	0
387	I	0	0	0	0	0	0	0	S	S	0.449184782608696	S	0	S	NA	NA	0
388	T	0	0	0	0	0	0	0	S	S	0.419995471014493	S	0	S	NA	NA	0
389	E	0	0	0	0	0	0	0	S	S	0.392617753623188	S	0	S	NA	NA	0
390	I	0	0	0	0	0	0	0	S	S	0.445199275362319	S	0	S	D	NA	0.125
391	Y	0	0	0	0	0	0	0	S	S	0.455208333333333	S	0	S	D	NA	0.125
392	E	0	0	0	0	0	0	0	S	S	0.489832427536232	S	0	S	D	NA	0.125
393	G	0	0	0	0	0	0	0	S	S	0.482495471014493	S	0	S	D	NA	0.125
394	T	0	0	0	0	0	0	0	S	S	0.390670289855073	S	0	S	D	NA	0.125
395	S	0	0	0	0	0	0	0	S	S	0.46370018115942	S	0	S	D	NA	0.125
396	E	0	0	0	0	0	0	0	S	S	0.40991847826087	S	0	S	D	NA	0.125
397	I	0	0	0	0	0	0	0	S	S	0.410620471014493	S	0	S	D	NA	0.125
398	Q	0	0	0	0	0	0	0	S	S	0.421127717391304	S	0	S	D	NA	0.125
399	R	0	0	0	0	0	0	0	S	S	0.415534420289855	S	0	S	NA	NA	0
400	L	0	0	0	0	0	0	0	S	S	0.498211050724638	S	0	S	NA	NA	0
401	V	0	0	0	0	0	0	0	S	S	0.449705615942029	S	0	S	NA	NA	0
402	I	0	0	0	0	0	0	0	S	S	0.501313405797101	S	0	S	D	NA	0.125
403	A	0	0	0	0	0	0	0	S	S	0.468953804347826	S	0	S	D	NA	0.25
404	G	0	0	0	0	0	0	0	S	S	0.471965579710145	S	0	S	NA	NA	0
405	H	0	0	0	0	0	0	0	S	S	0.516055253623188	S	0	S	D	NA	0.125
406	L	0	0	0	0	0	0	0	S	S	0.52325634057971	S	0	S	D	NA	0.125
407	L	0	0	0	0	0	0	0	S	S	0.516553442028986	S	0	S	D	NA	0.125
408	R	0	0	0	0	0	0	0	S	S	0.671829710144928	S	0	S	D	NA	0.375
409	S	0	0	0	0	0	0	0	S	S	0.674501811594203	S	0	S	D	NA	0.375
410	Y	0	0	0	0	0	0	0	S	S	0.614039855072464	S	0	S	D	NA	0.5
411	R	0	0	0	0	0	0	0	S	S	0.652015398550725	S	0	S	D	NA	0.75
412	S	0	0	0	0	0	0	0	C	C	0.875815217391304	C	0.25	C	D	NA	0.75
