location	residue	Modification	seq	secStruc	RelatedDisease	VariantPosition	ResidueChange	DaPSbySAP	disorder.predictors.simple	disorder.predictors.mobidb-lite.regions	disorder.predictors.mobidb-lite.scores
1	M	0	0	0	0	0	0	0	D	D_WC	0.625
2	F	0	0	0	0	0	0	0	D	D_WC	0.625
3	E	0	0	0	0	0	0	0	D	D_WC	0.625
4	A	0	0	0	0	0	0	0	D	D_WC	0.625
5	I	0	0	0	0	0	0	0	D	D_WC	0.5
6	F	0	0	0	0	0	0	0	D	D_WC	0.75
7	P	0	0	0	0	0	0	0	D	D_WC	0.875
8	S	0	0	0	0	0	0	0	D	D_WC	0.75
9	T	0	0	0	0	0	0	0	D	D_WC	0.75
10	P	0	0	0	0	0	0	0	D	D_WC	0.875
11	Q	0	0	0	0	0	0	0	D	D_WC	0.75
12	A	0	0	0	0	0	0	0	D	D_WC	0.75
13	R	0	0	0	0	0	0	0	D	D_WC	0.875
14	L	0	0	0	0	0	0	0	D	D_WC	0.875
15	K	0	0	0	0	0	0	0	D	D_WC	0.875
16	R	0	0	0	0	0	0	0	D	D_WC	0.875
17	D	0	0	0	0	0	0	0	D	D_WC	0.875
18	P	0	0	0	0	0	0	0	D	D_WC	0.875
19	R	0	0	0	0	0	0	0	D	D_WC	0.875
20	E	0	0	0	0	0	0	0	D	D_WC	0.875
21	K	0	0	0	0	0	0	0	D	D_WC	0.875
22	P	0	0	0	0	0	0	0	D	D_WC	0.875
23	G	0	0	0	0	0	0	0	D	D_WC	0.875
24	L	0	0	0	0	0	0	0	D	D_WC	0.875
25	S	0	0	0	0	0	0	0	D	D_WC	0.875
26	S	0	0	0	0	0	0	0	D	D_WC	0.875
27	F	0	0	0	0	0	0	0	D	D_WC	0.75
28	R	0	0	0	0	0	0	0	D	D_WC	0.75
29	S	0	0	0	0	0	0	0	D	D_WC	0.625
30	T	0	0	0	0	0	0	0	D	D_WC	0.625
31	F	0	0	0	0	0	0	0	D	D_WC	0.625
32	R	0	0	0	0	0	0	0	D	NA	0.375
33	Q	0	0	0	0	0	0	0	D	NA	0.375
34	Q	0	0	0	0	0	0	0	D	NA	0.375
35	S	0	0	0	0	0	0	0	D	NA	0.375
36	S	0	0	0	0	0	0	0	D	NA	0.375
37	L	0	0	0	0	0	0	0	D	NA	0.25
38	G	0	0	0	0	0	0	0	D	NA	0.125
39	L	0	0	0	0	0	0	0	D	NA	0.125
40	C	0	0	0	0	0	0	0	D	NA	0.125
41	I	0	0	0	0	0	0	0	D	NA	0.125
42	P	0	0	0	0	0	0	0	D	NA	0.25
43	R	0	0	0	0	0	0	0	D	NA	0.375
44	L	0	0	0	0	0	0	0	D	NA	0.25
45	M	0	0	0	0	0	0	0	D	NA	0.25
46	L	0	0	0	0	0	0	0	D	NA	0.25
47	P	0	0	0	0	0	0	0	D	NA	0.25
48	K	0	0	0	0	0	0	0	D	NA	0.5
49	E	0	0	0	0	0	0	0	D	NA	0.625
50	A	0	0	0	0	0	0	0	D	NA	0.625
51	S	0	0	0	0	0	0	0	D	NA	0.75
52	P	0	0	0	0	0	0	0	D	NA	0.75
53	S	0	0	0	0	0	0	0	D	NA	0.75
54	Q	0	0	0	0	0	0	0	D	NA	0.875
55	R	0	0	0	0	0	0	0	D	NA	0.875
56	H	0	0	0	0	0	0	0	D	NA	0.875
57	S	0	0	0	0	0	0	0	D	NA	0.625
58	S	0	0	0	0	0	0	0	D	NA	0.625
59	M	0	0	0	0	0	0	0	D	NA	0.625
60	S	0	0	0	0	0	0	0	D	NA	0.625
61	S	0	0	0	0	0	0	0	D	NA	0.5
62	S	0	0	0	0	0	0	0	D	NA	0.5
63	M	0	0	0	0	0	0	0	D	NA	0.375
64	A	0	0	0	0	0	0	0	D	NA	0.375
65	R	0	0	0	0	0	0	0	D	NA	0.25
66	A	0	0	0	0	0	0	0	D	NA	0.25
67	L	0	0	0	0	0	0	0	D	NA	0.125
68	V	0	0	0	0	0	0	0	D	NA	0.125
69	L	0	0	0	0	0	0	0	D	NA	0.125
70	L	0	0	0	0	0	0	0	D	NA	0.125
71	Q	0	0	0	0	0	0	0	D	NA	0.125
72	S	0	0	0	0	0	0	0	D	NA	0.125
73	M	0	0	0	0	0	0	0	D	NA	0.125
74	A	0	0	0	0	0	0	0	D	NA	0.125
75	S	0	0	0	0	0	0	0	D	NA	0.125
76	R	0	0	0	0	0	0	0	D	NA	0.25
77	D	0	0	0	0	0	0	0	D	NA	0.25
78	A	0	0	0	0	0	0	0	D	NA	0.375
79	R	0	0	0	0	0	0	0	D	NA	0.625
80	C	0	0	0	0	0	0	0	D	NA	0.625
81	P	0	0	0	0	0	0	0	D	NA	0.75
82	E	0	0	0	0	0	0	0	D	NA	0.75
83	W	0	0	0	0	0	0	0	D	NA	0.75
84	K	0	0	0	0	0	0	0	D	NA	0.75
85	P	0	0	0	0	0	0	0	D	NA	0.75
86	H	0	0	0	0	0	0	0	D	NA	0.75
87	Q	0	0	0	0	0	0	0	D	NA	0.75
88	K	0	0	0	0	0	0	0	D	NA	0.75
89	P	0	0	0	0	0	0	0	D	NA	0.625
90	R	0	0	0	0	0	0	0	D	NA	0.625
91	T	Phosphothreonine	KPHQKPRTLSKSVQT	CCCCCCCCCCHHHHH	0	0	0	0	D	NA	0.625
92	L	0	0	0	0	0	0	0	D	NA	0.5
93	S	0	0	0	0	0	0	0	D	NA	0.5
94	K	0	0	0	0	0	0	0	D	NA	0.625
95	S	0	0	0	0	0	0	0	D	NA	0.5
96	V	0	0	0	0	0	0	0	D	NA	0.5
97	Q	0	0	0	0	0	0	0	D	NA	0.5
98	T	0	0	0	0	0	0	0	D	NA	0.25
99	I	0	0	0	0	0	0	0	D	NA	0.125
100	S	Phosphoserine	SKSVQTISRYYRKTS	CHHHHHHHHHHHCCC	Obesity-related traits:physical activity	104 (4)	0	0	D	NA	0.125
101	R	0	0	0	0	0	0	0	D	NA	0.125
102	Y	0	0	0	0	0	0	0	D	NA	0.125
103	Y	0	0	0	0	0	0	0	D	NA	0.5
104	R	0	0	0	0	0	K	100	D	NA	0.375
105	K	0	0	0	0	0	0	0	D	NA	0.25
106	T	0	0	0	0	0	0	0	D	NA	0.25
107	S	0	0	0	0	0	0	0	D	NA	0.375
108	E	0	0	0	0	0	0	0	D	NA	0.375
109	P	0	0	0	0	0	0	0	D	NA	0.375
110	K	0	0	0	0	0	0	0	D	NA	0.375
111	D	0	0	0	0	0	0	0	D	NA	0.125
112	A	0	0	0	0	0	0	0	D	NA	0.125
113	A	0	0	0	0	0	0	0	D	NA	0.125
114	S	0	0	0	0	0	0	0	D	NA	0.375
115	L	0	0	0	0	0	0	0	D	NA	0.125
116	T	0	0	0	0	0	0	0	D	NA	0.125
117	G	0	0	0	0	0	0	0	D	NA	0
118	F	0	0	0	0	0	0	0	D	NA	0
119	M	0	0	0	0	0	0	0	D	NA	0
120	S	0	0	0	0	0	0	0	D	NA	0
121	K	0	0	0	0	0	0	0	D	NA	0
122	M	0	0	0	0	0	0	0	D	NA	0
123	E	0	0	0	0	0	0	0	D	NA	0
124	L	0	0	0	0	0	0	0	D	NA	0
125	R	0	0	0	0	0	0	0	D	NA	0
126	R	0	0	0	0	0	0	0	D	NA	0
127	V	0	0	0	0	0	0	0	D	NA	0.125
128	F	0	0	0	0	0	0	0	D	NA	0.125
129	P	0	0	0	0	0	0	0	D	NA	0.25
130	T	0	0	0	0	0	0	0	D	NA	0.25
131	H	0	0	0	0	0	0	0	D	NA	0.25
132	P	0	0	0	0	0	0	0	D	NA	0.25
133	D	0	0	0	0	0	0	0	D	NA	0.25
134	C	0	0	0	0	0	0	0	D	NA	0.25
135	P	0	0	0	0	0	0	0	D	NA	0.5
136	Q	0	0	0	0	0	0	0	D	NA	0.25
137	F	0	0	0	0	0	0	0	D	NA	0.25
138	S	0	0	0	0	0	0	0	D	NA	0.25
139	T	0	0	0	0	0	0	0	D	D_WC	0.625
140	R	0	0	0	0	0	0	0	D	D_WC	0.625
141	A	0	0	0	0	0	0	0	D	D_WC	0.75
142	T	Phosphothreonine	PQFSTRATSMSHCGS	CCCCCCCCCCCCCCC	0	0	0	0	D	D_WC	0.875
143	S	Phosphoserine	QFSTRATSMSHCGSP	CCCCCCCCCCCCCCC	0	0	0	0	D	D_WC	0.875
144	M	0	0	0	0	0	0	0	D	D_WC	0.625
145	S	0	0	0	0	0	0	0	D	D_WC	0.875
146	H	0	0	0	0	0	0	0	D	D_WC	0.875
147	C	0	0	0	0	0	0	0	D	D_WC	0.875
148	G	0	0	0	0	0	0	0	D	D_WC	0.75
149	S	0	0	0	0	0	0	0	D	D_WC	0.75
150	P	0	0	0	0	0	0	0	D	D_WC	0.75
151	T	0	0	0	0	0	0	0	D	D_WC	0.75
152	E	0	0	0	0	0	0	0	D	D_WC	0.75
153	A	0	0	0	0	0	0	0	D	D_WC	0.75
154	D	0	0	0	0	0	0	0	D	D_WC	0.75
155	L	0	0	0	0	0	0	0	D	D_WC	0.75
156	S	Phosphoserine	SPTEADLSGEIDNSS	CCCCHHHCCCCCCCC	0	0	0	0	D	D_WC	0.875
157	G	0	0	0	0	0	0	0	D	D_WC	0.75
158	E	0	0	0	0	0	0	0	D	D_WC	0.75
159	I	0	0	0	0	0	0	0	D	D_WC	0.75
160	D	0	0	0	0	0	0	0	D	D_WC	0.75
161	N	0	0	0	0	0	0	0	D	D_WC	0.75
162	S	0	0	0	0	0	0	0	D	D_WC	0.625
163	S	0	0	0	0	0	0	0	D	D_WC	0.625
164	E	0	0	0	0	0	0	0	D	NA	0.375
165	T	0	0	0	0	0	0	0	D	NA	0.25
166	W	0	0	0	0	0	0	0	D	NA	0.125
167	R	0	0	0	0	0	0	0	D	NA	0.125
168	G	0	0	0	0	0	0	0	D	NA	0.125
169	T	0	0	0	0	0	0	0	D	NA	0.125
170	Q	0	0	0	0	0	0	0	D	NA	0.125
171	D	0	0	0	0	0	0	0	D	NA	0.125
172	L	0	0	0	0	0	0	0	D	NA	0.125
173	F	0	0	0	0	0	0	0	NA	NA	0
174	L	0	0	0	0	0	0	0	NA	NA	0
175	A	0	0	0	0	0	0	0	NA	NA	0
176	R	0	0	0	0	0	0	0	NA	NA	0
177	R	0	0	0	0	0	0	0	D	NA	0.25
178	G	0	0	0	0	0	0	0	D	NA	0.375
179	S	0	0	0	0	0	0	0	D	NA	0.375
180	D	0	0	0	0	0	0	0	D	NA	0.25
181	T	0	0	0	0	0	0	0	D	NA	0.375
182	N	0	0	0	0	0	0	0	D	NA	0.375
183	V	0	0	0	0	0	0	0	D	NA	0.375
184	D	0	0	0	0	0	0	0	D	NA	0.375
185	G	0	0	0	0	0	0	0	D	NA	0.25
186	Y	0	0	0	0	0	0	0	D	NA	0.25
187	L	0	0	0	0	0	0	0	D	NA	0.125
188	L	0	0	0	0	0	0	0	D	NA	0.125
189	P	0	0	0	0	0	0	0	D	NA	0.125
190	F	0	0	0	0	0	0	0	NA	NA	0
191	S	0	0	0	0	0	0	0	NA	NA	0
192	K	0	0	0	0	0	0	0	NA	NA	0
193	S	0	0	0	0	0	0	0	NA	NA	0
194	I	0	0	0	0	0	0	0	NA	NA	0
195	C	0	0	0	0	0	0	0	NA	NA	0
196	E	0	0	0	0	0	0	0	NA	NA	0
197	F	0	0	0	0	0	0	0	NA	NA	0
198	D	0	0	0	0	0	0	0	NA	NA	0
199	Y	0	0	0	0	0	0	0	NA	NA	0
200	L	0	0	0	0	0	0	0	NA	NA	0
201	R	0	0	0	0	0	0	0	D	NA	0.125
202	K	0	0	0	0	0	0	0	D	NA	0.125
203	R	0	0	0	0	0	0	0	D	NA	0.25
204	R	0	0	0	0	0	0	0	D	NA	0.5
205	K	0	0	0	0	0	0	0	D	NA	0.5
206	S	Phosphoserine	YLRKRRKSQTLSPVT	HHHHHCCCCCCCCCC	0	0	0	0	D	NA	0.5
207	Q	0	0	0	0	0	0	0	D	NA	0.5
208	T	Phosphothreonine	RKRRKSQTLSPVTSS	HHHCCCCCCCCCCCC	0	0	0	0	D	NA	0.5
209	L	0	0	0	0	0	0	0	D	NA	0.5
210	S	Phosphoserine	RRKSQTLSPVTSSSV	HCCCCCCCCCCCCHH	0	0	0	0	D	NA	0.625
211	P	0	0	0	0	0	0	0	D	NA	0.625
212	V	0	0	0	0	0	0	0	D	NA	0.5
213	T	0	0	0	0	0	0	0	D	NA	0.5
214	S	0	0	0	0	0	0	0	D	NA	0.5
215	S	0	0	0	0	0	0	0	D	NA	0.375
216	S	0	0	0	0	0	0	0	D	NA	0.375
217	V	0	0	0	0	0	0	0	D	NA	0.375
218	A	0	0	0	0	0	0	0	D	NA	0.375
219	S	0	0	0	0	0	0	0	D	NA	0.375
220	Q	0	0	0	0	0	0	0	D	NA	0.375
221	S	0	0	0	0	0	0	0	D	NA	0.375
222	C	0	0	0	0	0	0	0	D	NA	0.25
223	L	0	0	0	0	0	0	0	D	NA	0.25
224	R	0	0	0	0	0	0	0	D	NA	0
225	K	0	0	0	0	0	0	0	NA	NA	0
226	R	0	0	0	0	0	0	0	NA	NA	0
227	M	0	0	0	0	0	0	0	NA	NA	0
228	P	0	0	0	0	0	0	0	NA	NA	0
229	W	0	0	0	0	0	0	0	NA	NA	0
230	Y	0	0	0	0	0	0	0	NA	NA	0
231	L	0	0	0	0	0	0	0	NA	NA	0
232	S	0	0	0	0	0	0	0	NA	NA	0
233	V	0	0	0	0	0	0	0	NA	NA	0
234	I	0	0	0	0	0	0	0	NA	NA	0
235	H	0	0	0	0	0	0	0	NA	NA	0
236	E	0	0	0	0	0	0	0	NA	NA	0
237	K	0	0	0	0	0	0	0	D	NA	0
238	D	0	0	0	0	0	0	0	D	NA	0
239	H	0	0	0	0	0	0	0	D	NA	0
240	C	0	0	0	0	0	0	0	D	NA	0
241	L	0	0	0	0	0	0	0	D	NA	0
242	S	0	0	0	0	0	0	0	D	NA	0
243	E	0	0	0	0	0	0	0	D	NA	0
244	L	0	0	0	0	0	0	0	D	NA	0
245	E	0	0	0	0	0	0	0	D	NA	0
246	I	0	0	0	0	0	0	0	D	NA	0
247	Q	0	0	0	0	0	0	0	D	NA	0
248	V	0	0	0	0	0	0	0	D	NA	0
249	Q	0	0	0	0	0	0	0	D	NA	0
250	K	0	0	0	0	0	0	0	D	NA	0
251	K	0	0	0	0	0	0	0	D	NA	0
252	D	0	0	0	0	0	0	0	D	NA	0
253	E	0	0	0	0	0	0	0	D	NA	0
254	E	0	0	0	0	0	0	0	D	NA	0
255	I	0	0	0	0	0	0	0	D	NA	0
256	L	0	0	0	0	0	0	0	D	NA	0
257	L	0	0	0	0	0	0	0	D	NA	0
258	L	0	0	0	0	0	0	0	D	NA	0
259	Q	0	0	0	0	0	0	0	D	NA	0
260	E	0	0	0	0	0	0	0	D	NA	0
261	E	0	0	0	0	0	0	0	D	NA	0
262	R	0	0	0	0	0	0	0	D	NA	0
263	E	0	0	0	0	0	0	0	D	NA	0
264	A	0	0	0	0	0	0	0	D	NA	0
265	L	0	0	0	0	0	0	0	D	NA	0
266	K	0	0	0	0	0	0	0	D	NA	0
267	M	0	0	0	0	0	0	0	D	NA	0
268	Q	0	0	0	0	0	0	0	D	NA	0
269	L	0	0	0	0	0	0	0	D	NA	0
270	K	0	0	0	0	0	0	0	D	NA	0
271	C	0	0	0	0	0	0	0	D	NA	0
272	L	0	0	0	0	0	0	0	D	NA	0
273	L	0	0	0	0	0	0	0	D	NA	0.125
274	K	0	0	0	0	0	0	0	D	NA	0.125
275	G	0	0	0	0	0	0	0	D	NA	0.375
276	K	0	0	0	0	0	0	0	D	NA	0.625
277	G	0	0	0	0	0	0	0	D	NA	0.875
278	Q	0	0	0	0	0	0	0	D	NA	0.875
279	E	0	0	0	0	0	0	0	D	NA	0.75
280	T	0	0	0	0	0	0	0	D	NA	0.875
281	S	0	0	0	0	0	0	0	D	NA	0.875
282	M	0	0	0	0	0	0	0	D	NA	0.875
283	S	0	0	0	0	0	0	0	D	NA	0.875
284	P	0	0	0	0	0	0	0	D	NA	0.875
285	G	0	0	0	0	0	0	0	D	NA	0.875
286	R	0	0	0	0	0	0	0	D	NA	0.75
287	R	0	0	0	0	0	0	0	D	NA	0.75
288	E	0	0	0	0	0	0	0	D	NA	0.75
289	Q	0	0	0	0	0	0	0	D	NA	0.75
290	L	0	0	0	0	0	0	0	D	NA	0.625
291	S	Phosphoserine	PGRREQLSDASLKLG	CCCHHHHCHHHHHHH	0	0	0	0	D	NA	0.5
292	D	0	0	0	0	0	0	0	D	NA	0.25
293	A	0	0	0	0	0	0	0	D	NA	0.125
294	S	0	0	0	0	0	0	0	D	NA	0.125
295	L	0	0	0	0	0	0	0	D	NA	0
296	K	0	0	0	0	0	0	0	D	NA	0
297	L	0	0	0	0	0	0	0	D	NA	0
298	G	0	0	0	0	0	0	0	D	NA	0
299	R	0	0	0	0	0	0	0	D	NA	0
300	L	0	0	0	0	0	0	0	D	NA	0
301	S	0	0	0	0	0	0	0	D	NA	0.125
302	L	0	0	0	0	0	0	0	D	NA	0.125
303	L	0	0	0	0	0	0	0	D	NA	0.25
304	K	0	0	0	0	0	0	0	D	NA	0.25
305	A	0	0	0	0	0	0	0	D	NA	0.25
306	F	0	0	0	0	0	0	0	D	NA	0.25
307	S	0	0	0	0	0	0	0	D	NA	0.25
308	R	0	0	0	0	0	0	0	D	NA	0.25
309	H	0	0	0	0	0	0	0	D	NA	0.25
310	E	0	0	0	0	0	0	0	D	NA	0.25
311	E	0	0	0	0	0	0	0	D	NA	0.25
312	E	0	0	0	0	0	0	0	D	NA	0.375
313	L	0	0	0	0	0	0	0	D	NA	0.375
314	Q	0	0	0	0	0	0	0	D	NA	0.375
315	H	0	0	0	0	0	0	0	D	NA	0.375
316	W	0	0	0	0	0	0	0	D	NA	0.375
317	W	0	0	0	0	0	0	0	D	NA	0.5
318	Q	0	0	0	0	0	0	0	D	NA	0.5
319	M	0	0	0	0	0	0	0	D	NA	0.5
320	Q	0	0	0	0	0	0	0	D	D_PA	0.625
321	E	0	0	0	0	0	0	0	D	D_PA	0.75
322	E	0	0	0	0	0	0	0	D	D_PA	0.75
323	S	0	0	0	0	0	0	0	D	D_PA	0.75
324	A	0	0	0	0	0	0	0	D	D_PA	0.75
325	A	0	0	0	0	0	0	0	D	D_PA	0.75
326	P	0	0	0	0	0	0	0	D	D_PA	0.75
327	E	0	0	0	0	0	0	0	D	D_PA	0.875
328	R	0	0	0	0	0	0	0	D	D_PA	0.875
329	G	0	0	0	0	0	0	0	D	D_PA	0.875
330	K	0	0	0	0	0	0	0	D	D_PA	0.75
331	E	0	0	0	0	0	0	0	D	D_PA	0.875
332	P	0	0	0	0	0	0	0	D	D_PA	0.875
333	D	0	0	0	0	0	0	0	D	D_PA	0.875
334	L	0	0	0	0	0	0	0	D	D_PA	0.75
335	G	0	0	0	0	0	0	0	D	D_PA	0.75
336	G	0	0	0	0	0	0	0	D	D_PA	0.75
337	G	0	0	0	0	0	0	0	D	D_PA	0.875
338	E	0	0	0	0	0	0	0	D	D_PA	0.875
339	E	0	0	0	0	0	0	0	D	D_PA	0.875
340	D	0	0	0	0	0	0	0	D	D_PA	0.875
341	E	0	0	0	0	0	0	0	D	D_PA	0.875
342	G	0	0	0	0	0	0	0	D	D_PA	0.875
343	L	0	0	0	0	0	0	0	D	D_PA	0.875
344	E	0	0	0	0	0	0	0	D	D_PA	0.875
345	G	0	0	0	0	0	0	0	D	D_PA	0.875
346	E	0	0	0	0	0	0	0	D	D_PA	0.75
347	P	0	0	0	0	0	0	0	D	D_PA	0.875
348	D	0	0	0	0	0	0	0	D	D_PA	0.75
349	G	0	0	0	0	0	0	0	D	D_PA	0.625
350	V	0	0	0	0	0	0	0	D	D_PA	0.625
351	E	0	0	0	0	0	0	0	D	D_PA	0.625
352	D	0	0	0	0	0	0	0	D	D_PA	0.625
353	T	0	0	0	0	0	0	0	D	D_PA	0.625
354	G	0	0	0	0	0	0	0	D	D_PA	0.625
355	A	0	0	0	0	0	0	0	D	D_PA	0.625
356	W	0	0	0	0	0	0	0	D	D_PA	0.625
357	G	0	0	0	0	0	0	0	D	D_PA	0.625
358	G	0	0	0	0	0	0	0	D	D_PA	0.625
359	V	0	0	0	0	0	0	0	D	D_PA	0.625
360	S	0	0	0	0	0	0	0	D	D_PA	0.625
361	Q	0	0	0	0	0	0	0	D	D_PA	0.625
362	M	0	0	0	0	0	0	0	D	D_PA	0.75
363	G	0	0	0	0	0	0	0	D	D_PA	0.75
364	S	0	0	0	0	0	0	0	D	D_PA	0.75
365	V	0	0	0	0	0	0	0	D	D_PA	0.75
366	H	0	0	0	0	0	0	0	D	D_PA	0.75
367	E	0	0	0	0	0	0	0	D	D_PA	0.75
368	E	0	0	0	0	0	0	0	D	D_PA	0.75
369	G	0	0	0	0	0	0	0	D	D_PA	0.75
370	S	0	0	0	0	0	0	0	D	D_PA	0.75
371	E	0	0	0	0	0	0	0	D	D_PA	0.75
372	E	0	0	0	0	0	0	0	D	D_PA	0.75
373	E	0	0	0	0	0	0	0	D	D_PA	0.75
374	E	0	0	0	0	0	0	0	D	D_PA	0.75
375	E	0	0	0	0	0	0	0	D	D_PA	0.75
376	E	0	0	0	0	0	0	0	D	D_PA	0.75
377	E	0	0	0	0	0	0	0	D	D_PA	0.75
378	G	0	0	0	0	0	0	0	D	D_PA	0.75
379	D	0	0	0	0	0	0	0	D	D_PA	0.75
380	R	0	0	0	0	0	0	0	D	D_PA	0.75
381	D	0	0	0	0	0	0	0	D	D_PA	0.75
382	E	0	0	0	0	0	0	0	D	D_PA	0.75
383	D	0	0	0	0	0	0	0	D	D_PA	0.75
384	S	0	0	0	0	0	0	0	D	D_PA	0.75
385	E	0	0	0	0	0	0	0	D	D_PA	0.75
386	E	0	0	0	0	0	0	0	D	D_PA	0.75
387	R	0	0	0	0	0	0	0	D	D_PA	0.75
388	E	0	0	0	0	0	0	0	D	D_PA	0.75
389	L	0	0	0	0	0	0	0	D	D_PA	0.75
390	P	0	0	0	0	0	0	0	D	D_PA	0.75
391	E	0	0	0	0	0	0	0	D	D_PA	0.75
392	E	0	0	0	0	0	0	0	D	D_PA	0.75
393	E	0	0	0	0	0	0	0	D	D_PA	0.75
394	E	0	0	0	0	0	0	0	D	D_PA	0.75
395	I	0	0	0	0	0	0	0	D	D_PA	0.75
396	P	0	0	0	0	0	0	0	D	D_PA	0.75
397	R	0	0	0	0	0	0	0	D	D_PA	0.75
398	R	0	0	0	0	0	0	0	D	D_PA	0.75
399	R	0	0	0	0	0	0	0	D	D_PA	0.75
400	A	0	0	0	0	0	0	0	D	D_PA	0.75
401	S	0	0	0	0	0	0	0	D	D_PA	0.75
402	S	0	0	0	0	0	0	0	D	D_PA	0.75
403	L	0	0	0	0	0	0	0	D	D_PA	0.625
404	A	0	0	0	0	0	0	0	D	NA	0.5
405	E	0	0	0	0	0	0	0	D	NA	0.5
406	S	0	0	0	0	0	0	0	D	NA	0.5
407	F	0	0	0	0	0	0	0	D	NA	0.125
408	E	0	0	0	0	0	0	0	D	NA	0.25
409	E	0	0	0	0	0	0	0	D	NA	0.25
410	E	0	0	0	0	0	0	0	D	NA	0.25
411	L	0	0	0	0	0	0	0	D	NA	0.125
412	L	0	0	0	0	0	0	0	D	NA	0.125
413	A	0	0	0	0	0	0	0	D	NA	0.125
414	Q	0	0	0	0	0	0	0	D	NA	0
415	L	0	0	0	0	0	0	0	D	NA	0
416	E	0	0	0	0	0	0	0	D	NA	0
417	E	0	0	0	0	0	0	0	D	NA	0
418	Y	0	0	0	0	0	0	0	NA	NA	0
419	E	0	0	0	0	0	0	0	NA	NA	0
420	Q	0	0	0	0	0	0	0	NA	NA	0
421	V	0	0	0	0	0	0	0	NA	NA	0
422	I	0	0	0	0	0	0	0	NA	NA	0
423	L	0	0	0	0	0	0	0	NA	NA	0
424	D	0	0	0	0	0	0	0	NA	NA	0
425	F	0	0	0	0	0	0	0	NA	NA	0
426	Q	0	0	0	0	0	0	0	NA	NA	0
427	F	0	0	0	0	0	0	0	NA	NA	0
428	N	0	0	0	0	0	0	0	NA	NA	0
429	L	0	0	0	0	0	0	0	NA	NA	0
430	E	0	0	0	0	0	0	0	NA	NA	0
431	A	0	0	0	0	0	0	0	NA	NA	0
432	T	0	0	0	0	0	0	0	NA	NA	0
433	R	0	0	0	0	0	0	0	NA	NA	0
434	T	0	0	0	0	0	0	0	NA	NA	0
435	R	0	0	0	0	0	0	0	NA	NA	0
436	Y	0	0	0	0	0	0	0	NA	NA	0
437	S	0	0	0	0	0	0	0	NA	NA	0
438	L	0	0	0	0	0	0	0	NA	NA	0
439	A	0	0	0	0	0	0	0	NA	NA	0
440	T	0	0	0	0	0	0	0	NA	NA	0
441	G	0	0	0	0	0	0	0	NA	NA	0
442	V	0	0	0	0	0	0	0	NA	NA	0
443	I	0	0	0	0	0	0	0	NA	NA	0
444	A	0	0	0	0	0	0	0	NA	NA	0
445	S	0	0	0	0	0	0	0	NA	NA	0
446	L	0	0	0	0	0	0	0	NA	NA	0
447	Q	0	0	0	0	0	0	0	NA	NA	0
448	Q	0	0	0	0	0	0	0	NA	NA	0
449	Q	0	0	0	0	0	0	0	NA	NA	0
450	V	0	0	0	0	0	0	0	D	NA	0
451	D	0	0	0	0	0	0	0	D	NA	0
452	F	0	0	0	0	0	0	0	D	NA	0
453	Q	0	0	0	0	0	0	0	D	NA	0
454	E	0	0	0	0	0	0	0	D	NA	0.125
455	T	0	0	0	0	0	0	0	D	NA	0.125
456	Q	0	0	0	0	0	0	0	D	NA	0
457	L	0	0	0	0	0	0	0	D	NA	0.125
458	R	0	0	0	0	0	0	0	D	NA	0.125
459	K	0	0	0	0	0	0	0	D	NA	0.125
460	I	0	0	0	0	0	0	0	D	NA	0
461	N	0	0	0	0	0	0	0	D	NA	0.25
462	T	0	0	0	0	0	0	0	D	NA	0.25
463	E	0	0	0	0	0	0	0	D	NA	0.25
464	N	0	0	0	0	0	0	0	D	NA	0.25
465	E	0	0	0	0	0	0	0	D	NA	0.25
466	T	0	0	0	0	0	0	0	D	NA	0.25
467	L	0	0	0	0	0	0	0	D	NA	0.125
468	Q	0	0	0	0	0	0	0	D	NA	0.375
469	K	0	0	0	0	0	0	0	D	NA	0.125
470	E	0	0	0	0	0	0	0	D	NA	0.25
471	L	0	0	0	0	0	0	0	D	NA	0.25
472	R	0	0	0	0	0	0	0	D	NA	0.25
473	E	0	0	0	0	0	0	0	D	NA	0.25
474	R	0	0	0	0	0	0	0	D	NA	0.375
475	R	0	0	0	0	0	0	0	D	NA	0.375
476	Q	0	0	0	0	0	0	0	D	NA	0.25
477	Q	0	0	0	0	0	0	0	D	NA	0.25
478	L	0	0	0	0	0	0	0	D	NA	0.125
479	Q	0	0	0	0	0	0	0	D	NA	0.125
480	A	0	0	0	0	0	0	0	D	NA	0.25
481	M	0	0	0	0	0	0	0	D	NA	0.25
482	T	0	0	0	0	0	0	0	D	NA	0.25
483	D	0	0	0	0	0	0	0	D	NA	0.25
484	K	0	0	0	0	0	0	0	D	NA	0.25
485	F	0	0	0	0	0	0	0	D	NA	0.375
486	S	0	0	0	0	0	0	0	D	NA	0.375
487	N	0	0	0	0	0	0	0	D	NA	0.375
488	L	0	0	0	0	0	0	0	D	NA	0.375
489	R	0	0	0	0	0	0	0	D	NA	0.375
490	E	0	0	0	0	0	0	0	D	NA	0.375
491	D	0	0	0	0	0	0	0	D	NA	0.25
492	K	0	0	0	0	0	0	0	D	NA	0.25
493	K	0	0	0	0	0	0	0	D	NA	0.25
494	H	0	0	0	0	0	0	0	D	NA	0.25
495	Q	0	0	0	0	0	0	0	D	NA	0.25
496	E	0	0	0	0	0	0	0	D	NA	0.25
497	M	0	0	0	0	0	0	0	D	NA	0.125
498	M	0	0	0	0	0	0	0	D	NA	0
499	G	0	0	0	0	0	0	0	D	NA	0.25
500	L	0	0	0	0	0	0	0	D	NA	0.125
501	I	0	0	0	0	0	0	0	D	NA	0.125
502	E	0	0	0	0	0	0	0	D	NA	0.125
503	K	0	0	0	0	0	0	0	D	NA	0.125
504	D	0	0	0	0	0	0	0	D	NA	0.125
505	N	0	0	0	0	0	0	0	D	NA	0
506	Q	0	0	0	0	0	0	0	D	NA	0
507	L	0	0	0	0	0	0	0	D	NA	0
508	L	0	0	0	0	0	0	0	D	NA	0
509	R	0	0	0	0	0	0	0	D	NA	0
510	Q	0	0	0	0	0	0	0	D	NA	0
511	Q	0	0	0	0	0	0	0	D	NA	0
512	V	0	0	0	0	0	0	0	D	NA	0
513	S	0	0	0	0	0	0	0	D	NA	0
514	E	0	0	0	0	0	0	0	D	NA	0
515	L	0	0	0	0	0	0	0	D	NA	0
516	E	0	0	0	0	0	0	0	D	NA	0
517	R	0	0	0	0	0	0	0	D	NA	0.125
518	K	0	0	0	0	0	0	0	D	NA	0.125
519	L	0	0	0	0	0	0	0	D	NA	0.125
520	T	0	0	0	0	0	0	0	D	NA	0.125
521	K	0	0	0	0	0	0	0	D	NA	0.125
522	R	0	0	0	0	0	0	0	D	NA	0.125
523	D	0	0	0	0	0	0	0	D	NA	0.125
524	C	0	0	0	0	0	0	0	D	NA	0.125
525	V	0	0	0	0	0	0	0	D	NA	0
526	I	0	0	0	0	0	0	0	D	NA	0
527	S	0	0	0	0	0	0	0	D	NA	0
528	E	0	0	0	0	0	0	0	D	NA	0
529	L	0	0	0	0	0	0	0	D	NA	0
530	D	0	0	0	0	0	0	0	D	NA	0
531	T	0	0	0	0	0	0	0	D	NA	0
532	K	0	0	0	0	0	0	0	D	NA	0
533	V	0	0	0	0	0	0	0	D	NA	0
534	S	0	0	0	0	0	0	0	D	NA	0
535	Q	0	0	0	0	0	0	0	D	NA	0
536	L	0	0	0	0	0	0	0	D	NA	0
537	Q	0	0	0	0	0	0	0	D	NA	0
538	E	0	0	0	0	0	0	0	D	NA	0
539	Q	0	0	0	0	0	0	0	D	NA	0
540	V	0	0	0	0	0	0	0	D	NA	0
541	E	0	0	0	0	0	0	0	D	NA	0
542	L	0	0	0	0	0	0	0	D	NA	0
543	D	0	0	0	0	0	0	0	D	NA	0
544	Q	0	0	0	0	0	0	0	D	NA	0
545	N	0	0	0	0	0	0	0	D	NA	0
546	H	0	0	0	0	0	0	0	D	NA	0
547	L	0	0	0	0	0	0	0	D	NA	0
548	Q	0	0	0	0	0	0	0	D	NA	0
549	R	0	0	0	0	0	0	0	D	NA	0
550	W	0	0	0	0	0	0	0	D	NA	0
551	K	0	0	0	0	0	0	0	D	NA	0
552	Q	0	0	0	0	0	0	0	D	NA	0
553	L	0	0	0	0	0	0	0	D	NA	0
554	Q	0	0	0	0	0	0	0	D	NA	0
555	E	0	0	0	0	0	0	0	D	NA	0
556	D	0	0	0	0	0	0	0	D	NA	0
557	L	0	0	0	0	0	0	0	D	NA	0
558	Q	0	0	0	0	0	0	0	D	NA	0
559	S	0	0	0	0	0	0	0	D	NA	0.125
560	K	0	0	0	0	0	0	0	D	NA	0.125
561	K	0	0	0	0	0	0	0	D	NA	0.375
562	E	0	0	0	0	0	0	0	D	NA	0.375
563	M	0	0	0	0	0	0	0	D	NA	0.375
564	I	0	0	0	0	0	0	0	D	NA	0.375
565	Q	0	0	0	0	0	0	0	D	NA	0.375
566	Q	0	0	0	0	0	0	0	D	NA	0.25
567	A	0	0	0	0	0	0	0	D	NA	0.25
568	E	0	0	0	0	0	0	0	D	NA	0.25
569	Q	0	0	0	0	0	0	0	D	NA	0.25
570	H	0	0	0	0	0	0	0	D	NA	0.25
571	T	0	0	0	0	0	0	0	D	NA	0.25
572	R	0	0	0	0	0	0	0	D	NA	0.375
573	V	0	0	0	0	0	0	0	D	NA	0.375
574	A	0	0	0	0	0	0	0	D	NA	0.25
575	L	0	0	0	0	0	0	0	D	NA	0.5
576	E	0	0	0	0	0	0	0	D	NA	0.375
577	S	0	0	0	0	0	0	0	D	NA	0.375
578	S	0	0	0	0	0	0	0	D	NA	0.25
579	Q	0	0	0	0	0	0	0	D	NA	0.25
580	S	0	0	0	0	0	0	0	D	NA	0.25
581	R	0	0	0	0	0	0	0	D	NA	0
582	L	0	0	0	0	0	0	0	D	NA	0
583	E	0	0	0	0	0	0	0	D	NA	0
584	R	0	0	0	0	0	0	0	D	NA	0
585	L	0	0	0	0	0	0	0	D	NA	0
586	R	0	0	0	0	0	0	0	D	NA	0
587	N	0	0	0	0	0	0	0	D	NA	0
588	K	0	0	0	0	0	0	0	D	NA	0
589	I	0	0	0	0	0	0	0	D	NA	0
590	I	0	0	0	0	0	0	0	D	NA	0
591	Q	0	0	0	0	0	0	0	D	NA	0
592	A	0	0	0	0	0	0	0	D	NA	0.125
593	T	0	0	0	0	0	0	0	D	NA	0.125
594	F	0	0	0	0	0	0	0	D	NA	0.125
595	S	0	0	0	0	0	0	0	D	NA	0.125
596	I	0	0	0	0	0	0	0	D	NA	0.125
597	S	0	0	0	0	0	0	0	D	NA	0.125
598	G	0	0	0	0	0	0	0	D	NA	0.125
599	T	0	0	0	0	0	0	0	D	NA	0.125
600	K	0	0	0	0	0	0	0	D	NA	0.125
601	S	0	0	0	0	0	0	0	D	NA	0.125
602	L	0	0	0	0	0	0	0	D	NA	0.125
603	A	0	0	0	0	0	0	0	D	NA	0.125
604	N	0	0	0	0	0	0	0	D	NA	0.125
605	E	0	0	0	0	0	0	0	D	NA	0.125
606	I	0	0	0	0	0	0	0	D	NA	0.125
607	S	0	0	0	0	0	0	0	D	NA	0.125
608	D	0	0	0	0	0	0	0	D	NA	0.125
609	N	0	0	0	0	0	0	0	NA	NA	0
610	D	0	0	0	0	0	0	0	NA	NA	0
611	I	0	0	0	0	0	0	0	NA	NA	0
612	L	0	0	0	0	0	0	0	NA	NA	0
613	E	0	0	0	0	0	0	0	NA	NA	0
614	A	0	0	0	0	0	0	0	NA	NA	0
615	L	0	0	0	0	0	0	0	NA	NA	0
616	Q	0	0	0	0	0	0	0	NA	NA	0
617	R	0	0	0	0	0	0	0	NA	NA	0
618	I	0	0	0	0	0	0	0	NA	NA	0
619	I	0	0	0	0	0	0	0	NA	NA	0
620	S	0	0	0	0	0	0	0	NA	NA	0
621	E	0	0	0	0	0	0	0	NA	NA	0
622	R	0	0	0	0	0	0	0	D	NA	0.125
623	S	0	0	0	0	0	0	0	D	NA	0.125
624	D	0	0	0	0	0	0	0	D	NA	0.125
625	Y	0	0	0	0	0	0	0	D	NA	0.125
626	Y	0	0	0	0	0	0	0	D	NA	0.125
627	N	0	0	0	0	0	0	0	D	NA	0.125
628	Q	0	0	0	0	0	0	0	D	NA	0.125
629	L	0	0	0	0	0	0	0	D	NA	0.125
630	K	0	0	0	0	0	0	0	D	NA	0.375
631	Q	0	0	0	0	0	0	0	D	NA	0.375
632	K	0	0	0	0	0	0	0	D	NA	0.5
633	G	0	0	0	0	0	0	0	D	NA	0.625
634	V	0	0	0	0	0	0	0	D	NA	0.5
635	K	0	0	0	0	0	0	0	D	NA	0.375
636	V	0	0	0	0	0	0	0	D	NA	0.375
637	P	0	0	0	0	0	0	0	D	NA	0.375
638	P	0	0	0	0	0	0	0	D	NA	0.375
639	L	0	0	0	0	0	0	0	D	NA	0.375
640	Q	0	0	0	0	0	0	0	D	NA	0.5
641	Q	0	0	0	0	0	0	0	D	NA	0.5
642	S	0	0	0	0	0	0	0	D	NA	0.5
643	E	0	0	0	0	0	0	0	D	NA	0.5
644	A	0	0	0	0	0	0	0	D	NA	0.5
645	F	0	0	0	0	0	0	0	D	NA	0.75
646	L	0	0	0	0	0	0	0	D	NA	0.75
647	T	0	0	0	0	0	0	0	D	NA	1
648	S	0	0	0	0	0	0	0	D	NA	0.875
649	K	0	0	0	0	0	0	0	D	NA	1
650	S	0	0	0	0	0	0	0	D	NA	0.875
651	K	0	0	0	0	0	0	0	D	NA	0.875
652	K	0	0	0	0	0	0	0	D	NA	1
653	G	0	0	0	0	0	0	0	D	NA	1
654	T	0	0	0	0	0	0	0	D	NA	1
655	S	0	0	0	0	0	0	0	D	NA	0.875
656	K	0	0	0	0	0	0	0	D	NA	0.875
