location	residue	Modification	seq	secStruc	RelatedDisease	VariantPosition	ResidueChange	DaPSbySAP	disorder.predictors.simple	disorder.predictors.mobidb-lite.regions	disorder.predictors.mobidb-lite.scores
1	M	0	0	0	0	0	0	0	D	D_WC	0.875
2	E	0	0	0	0	0	0	0	D	D_WC	1
3	T	0	0	0	0	0	0	0	D	D_WC	0.875
4	R	0	0	0	0	0	0	0	D	D_WC	1
5	S	0	0	0	0	0	0	0	D	D_WC	1
6	S	0	0	0	0	0	0	0	D	D_WC	0.875
7	K	0	0	0	0	0	0	0	D	D_WC	1
8	T	0	0	0	0	0	0	0	D	D_WC	0.875
9	R	0	0	0	0	0	0	0	D	D_WC	0.875
10	R	0	0	0	0	0	0	0	D	D_WC	0.875
11	S	0	0	0	0	0	0	0	D	D_WC	0.875
12	L	0	0	0	0	0	0	0	D	D_WC	0.875
13	A	0	0	0	0	0	0	0	D	D_WC	0.875
14	S	0	0	0	0	0	0	0	D	D_WC	0.875
15	R	0	0	0	0	0	0	0	D	D_WC	0.875
16	T	0	0	0	0	0	0	0	D	D_WC	0.875
17	N	0	0	0	0	0	0	0	D	D_WC	0.875
18	E	0	0	0	0	0	0	0	D	D_WC	0.875
19	C	0	0	0	0	0	0	0	D	D_WC	0.75
20	Q	0	0	0	0	0	0	0	D	D_WC	0.875
21	G	0	0	0	0	0	0	0	D	D_WC	0.875
22	T	0	0	0	0	0	0	0	D	D_WC	0.875
23	M	0	0	0	0	0	0	0	D	D_WC	0.875
24	W	0	0	0	0	0	0	0	D	D_WC	0.875
25	A	0	0	0	0	0	0	0	D	D_WC	0.875
26	P	0	0	0	0	0	0	0	D	D_WC	1
27	T	0	0	0	0	0	0	0	D	D_WC	0.875
28	S	0	0	0	0	0	0	0	D	D_WC	1
29	P	0	0	0	0	0	0	0	D	D_WC	1
30	P	0	0	0	0	0	0	0	D	D_WC	1
31	A	0	0	0	0	0	0	0	D	D_WC	1
32	G	0	0	0	0	0	0	0	D	D_WC	1
33	S	0	0	0	0	0	0	0	D	D_WC	1
34	S	0	0	0	0	0	0	0	D	D_WC	1
35	S	0	0	0	0	0	0	0	D	D_WC	0.875
36	P	0	0	0	0	0	0	0	D	D_WC	0.875
37	S	0	0	0	0	0	0	0	D	D_WC	0.625
38	Q	0	0	0	0	0	0	0	D	D_WC	0.625
39	P	0	0	0	0	0	0	0	D	D_WC	0.625
40	T	0	0	0	0	0	0	0	D	NA	0.5
41	W	0	0	0	0	0	0	0	D	NA	0.5
42	K	0	0	0	0	0	0	0	D	NA	0.5
43	S	0	0	0	0	0	0	0	D	NA	0.25
44	S	0	0	0	0	0	0	0	D	NA	0.125
45	L	0	0	0	0	0	0	0	D	NA	0
46	Y	0	0	0	0	0	0	0	D	NA	0
47	S	0	0	0	0	0	0	0	D	NA	0
48	S	0	0	0	0	0	0	0	D	NA	0
49	L	0	0	0	0	0	0	0	D	NA	0
50	A	0	0	0	0	0	0	0	D	NA	0
51	Y	0	0	0	0	0	0	0	D	NA	0
52	S	0	0	0	0	0	0	0	D	NA	0
53	E	0	0	0	0	0	0	0	D	NA	0
54	A	0	0	0	0	0	0	0	D	NA	0
55	F	0	0	0	0	0	0	0	D	NA	0
56	H	0	0	0	0	0	0	0	D	NA	0
57	Y	0	0	0	0	0	0	0	D	NA	0
58	S	0	0	0	0	0	0	0	D	NA	0
59	F	0	0	0	0	0	0	0	D	NA	0
60	A	0	0	0	0	0	0	0	D	NA	0
61	A	0	0	0	0	0	0	0	D	NA	0.125
62	R	0	0	0	0	0	0	0	D	NA	0.125
63	P	0	0	0	0	0	0	0	D	NA	0.125
64	R	0	0	0	0	0	0	0	D	NA	0.125
65	R	0	0	0	0	0	0	0	D	NA	0.125
66	L	0	0	0	0	0	0	0	D	NA	0.125
67	T	0	0	0	0	0	0	0	D	NA	0.125
68	Q	0	0	0	0	0	0	0	D	NA	0.125
69	L	0	0	0	0	0	0	0	D	NA	0.125
70	A	0	0	0	0	0	0	0	D	NA	0.25
71	L	0	0	0	0	0	0	0	D	NA	0
72	A	0	0	0	0	0	0	0	D	NA	0
73	Q	0	0	0	0	0	0	0	D	NA	0.25
74	R	0	0	0	0	0	0	0	D	NA	0.25
75	P	0	0	0	0	0	0	0	D	NA	0.25
76	E	0	0	0	0	0	0	0	D	NA	0.25
77	P	0	0	0	0	0	0	0	D	NA	0.25
78	Q	0	0	0	0	0	0	0	D	NA	0.125
79	L	0	0	0	0	0	P;R	85,86	D	NA	0.125
80	L	0	0	0	0	0	0	0	D	NA	0.25
81	R	0	0	0	0	0	0	0	D	NA	0.25
82	L	0	0	0	0	0	0	0	D	NA	0.375
83	R	0	0	0	0	0	0	0	D	NA	0.25
84	P	0	0	0	0	0	0	0	D	NA	0.375
85	S	Phosphoserine	QLLRLRPSSLRTQDI	CCEECCHHHCCHHCH	Carotid intima media thickness:carotid artery intima media thickness	79 (6)	0	0	D	NA	0.25
86	S	Phosphoserine	LLRLRPSSLRTQDIS	CEECCHHHCCHHCHH	Carotid intima media thickness:carotid artery intima media thickness	79 (7)	0	0	D	NA	0.25
87	L	0	0	0	0	0	0	0	D	NA	0.25
88	R	0	0	0	0	0	0	0	D	NA	0.25
89	T	0	0	0	0	0	0	0	D	NA	0.25
90	Q	0	0	0	0	0	0	0	D	NA	0.125
91	D	0	0	0	0	0	0	0	D	NA	0.125
92	I	0	0	0	0	0	0	0	NA	NA	0
93	S	0	0	0	0	0	0	0	NA	NA	0
94	H	0	0	0	0	0	0	0	NA	NA	0
95	L	0	0	0	0	0	0	0	NA	NA	0
96	L	0	0	0	0	0	0	0	NA	NA	0
97	T	0	0	0	0	0	0	0	NA	NA	0
98	G	0	0	0	0	0	0	0	NA	NA	0
99	V	0	0	0	0	0	0	0	NA	NA	0
100	F	0	0	0	0	0	0	0	NA	NA	0
101	R	0	0	0	0	0	0	0	NA	NA	0
102	N	0	0	0	0	0	0	0	NA	NA	0
103	L	0	0	0	0	0	0	0	NA	NA	0
104	Y	0	0	0	0	0	0	0	NA	NA	0
105	S	0	0	0	0	0	0	0	NA	NA	0
106	A	0	0	0	0	0	0	0	NA	NA	0
107	E	0	0	0	0	0	0	0	NA	NA	0
108	V	0	0	0	0	0	0	0	NA	NA	0
109	I	0	0	0	0	0	0	0	NA	NA	0
110	G	0	0	0	0	0	0	0	NA	NA	0
111	D	0	0	0	0	0	0	0	NA	NA	0
112	E	0	0	0	0	0	0	0	NA	NA	0
113	V	0	0	0	0	0	0	0	NA	NA	0
114	S	0	0	0	0	0	0	0	NA	NA	0
115	A	0	0	0	0	0	0	0	NA	NA	0
116	S	0	0	0	0	0	0	0	NA	NA	0
117	L	0	0	0	0	0	0	0	NA	NA	0
118	I	0	0	0	0	0	0	0	NA	NA	0
119	K	0	0	0	0	0	0	0	D	NA	0.125
120	A	0	0	0	0	0	0	0	D	NA	0.125
121	R	0	0	0	0	0	0	0	D	NA	0.375
122	G	0	0	0	0	0	0	0	D	NA	0.375
123	S	0	0	0	0	0	0	0	D	NA	0.375
124	E	0	0	0	0	0	0	0	D	NA	0.375
125	N	0	0	0	0	0	0	0	D	NA	0.25
126	E	0	0	0	0	0	0	0	D	NA	0.25
127	R	0	0	0	0	0	0	0	D	NA	0.25
128	H	0	0	0	0	0	0	0	D	NA	0.25
129	E	0	0	0	0	0	0	0	D	NA	0.375
130	E	0	0	0	0	0	0	0	D	NA	0.125
131	F	0	0	0	0	0	0	0	D	NA	0.125
132	V	0	0	0	0	0	0	0	D	NA	0
133	D	0	0	0	0	0	0	0	D	NA	0
134	Q	0	0	0	0	0	0	0	D	NA	0
135	L	0	0	0	0	0	0	0	D	NA	0
136	Q	0	0	0	0	0	0	0	D	NA	0
137	Q	0	0	0	0	0	0	0	D	NA	0
138	I	0	0	0	0	0	0	0	D	NA	0
139	R	0	0	0	0	0	0	0	D	NA	0
140	E	0	0	0	0	0	0	0	D	NA	0
141	L	0	0	0	0	0	0	0	D	NA	0
142	Y	0	0	0	0	0	0	0	D	NA	0
143	K	0	0	0	0	0	0	0	D	NA	0
144	Q	0	0	0	0	0	0	0	D	NA	0
145	R	0	0	0	0	0	0	0	D	NA	0
146	L	0	0	0	0	0	0	0	D	NA	0
147	D	0	0	0	0	0	0	0	D	NA	0
148	E	0	0	0	0	0	0	0	D	NA	0
149	F	0	0	0	0	0	0	0	D	NA	0
150	E	0	0	0	0	0	0	0	D	NA	0
151	M	0	0	0	0	0	0	0	D	NA	0
152	L	0	0	0	0	0	0	0	D	NA	0
153	E	0	0	0	0	0	0	0	D	NA	0
154	R	0	0	0	0	0	0	0	D	NA	0
155	H	0	0	0	0	0	0	0	D	NA	0
156	I	0	0	0	0	0	0	0	D	NA	0
157	T	0	0	0	0	0	0	0	D	NA	0
158	Q	0	0	0	0	0	0	0	D	NA	0
159	A	0	0	0	0	0	0	0	D	NA	0
160	Q	0	0	0	0	0	0	0	D	NA	0
161	A	0	0	0	0	0	0	0	NA	NA	0
162	R	0	0	0	0	0	0	0	D	NA	0
163	A	0	0	0	0	0	0	0	D	NA	0.125
164	I	0	0	0	0	0	0	0	D	NA	0.125
165	A	0	0	0	0	0	0	0	D	NA	0
166	E	0	0	0	0	0	0	0	D	NA	0
167	N	0	0	0	0	0	0	0	D	NA	0.125
168	E	0	0	0	0	0	0	0	D	NA	0
169	R	0	0	0	0	0	0	0	D	NA	0
170	V	0	0	0	0	0	0	0	NA	NA	0
171	M	0	0	0	0	0	0	0	NA	NA	0
172	S	0	0	0	0	0	0	0	NA	NA	0
173	Q	0	0	0	0	0	0	0	NA	NA	0
174	A	0	0	0	0	0	0	0	NA	NA	0
175	G	0	0	0	0	0	0	0	NA	NA	0
176	V	0	0	0	0	0	0	0	NA	NA	0
177	Q	0	0	0	0	0	0	0	D	NA	0.125
178	D	0	0	0	0	0	0	0	D	NA	0.125
179	L	0	0	0	0	0	0	0	D	NA	0.125
180	E	0	0	0	0	0	0	0	D	NA	0.125
181	S	0	0	0	0	0	0	0	D	NA	0.125
182	L	0	0	0	0	0	0	0	D	NA	0.125
183	V	0	0	0	0	0	0	0	D	NA	0.125
184	R	0	0	0	0	0	0	0	D	NA	0.125
185	L	0	0	0	0	0	0	0	D	NA	0.125
186	P	0	0	0	0	0	0	0	D	NA	0.125
187	P	0	0	0	0	0	0	0	D	NA	0.25
188	V	0	0	0	0	0	0	0	D	NA	0.25
189	K	0	0	0	0	0	0	0	D	NA	0.25
190	S	0	0	0	0	0	0	0	D	NA	0.25
191	V	0	0	0	0	0	0	0	D	NA	0.125
192	S	0	0	0	0	0	0	0	NA	NA	0
193	R	0	0	0	0	0	0	0	NA	NA	0
194	W	0	0	0	0	0	0	0	NA	NA	0
195	C	0	0	0	0	0	0	0	NA	NA	0
196	I	0	0	0	0	0	0	0	NA	NA	0
197	D	0	0	0	0	0	0	0	NA	NA	0
198	S	0	0	0	0	0	0	0	NA	NA	0
199	E	0	0	0	0	0	0	0	D	NA	0.125
200	L	0	0	0	0	0	0	0	D	NA	0.125
201	L	0	0	0	0	0	0	0	D	NA	0.125
202	R	0	0	0	0	0	0	0	NA	NA	0
203	K	0	0	0	0	0	0	0	NA	NA	0
204	H	0	0	0	0	0	0	0	D	NA	0.125
205	H	0	0	0	0	0	0	0	D	NA	0.125
206	L	0	0	0	0	0	0	0	D	NA	0.125
207	I	0	0	0	0	0	0	0	D	NA	0.125
208	S	0	0	0	0	0	0	0	D	NA	0.125
209	P	0	0	0	0	0	0	0	D	NA	0.125
210	E	0	0	0	0	0	0	0	D	NA	0.125
211	D	0	0	0	0	0	0	0	D	NA	0.125
212	Y	0	0	0	0	0	0	0	D	NA	0.125
213	Y	0	0	0	0	0	0	0	D	NA	0.25
214	T	0	0	0	0	0	0	0	D	NA	0.25
215	D	0	0	0	0	0	0	0	D	NA	0.125
216	T	0	0	0	0	0	0	0	D	NA	0.125
217	V	0	0	0	0	0	0	0	D	NA	0.125
218	P	0	0	0	0	0	0	0	D	NA	0.125
219	F	0	0	0	0	0	0	0	D	NA	0.25
220	H	0	0	0	0	0	0	0	D	NA	0.125
221	S	0	0	0	0	0	0	0	D	NA	0.125
222	A	0	0	0	0	0	0	0	D	NA	0.25
223	P	0	0	0	0	0	0	0	D	NA	0.25
224	K	0	0	0	0	0	0	0	D	NA	0.25
225	G	0	0	0	0	0	0	0	D	NA	0.25
226	I	0	0	0	0	0	0	0	D	NA	0.25
227	S	0	0	0	0	0	0	0	D	NA	0.25
228	L	0	0	0	0	0	0	0	D	NA	0.25
229	P	0	0	0	0	0	0	0	D	NA	0.25
230	G	0	0	0	0	0	0	0	D	NA	0.25
231	C	0	0	0	0	0	0	0	D	NA	0.25
232	S	0	0	0	0	0	0	0	D	NA	0.125
233	K	0	0	0	0	0	0	0	D	NA	0
234	L	0	0	0	0	0	0	0	D	NA	0
235	T	0	0	0	0	0	0	0	D	NA	0
236	F	0	0	0	0	0	0	0	D	NA	0
237	S	0	0	0	0	0	0	0	D	NA	0
238	C	0	0	0	0	0	0	0	D	NA	0
239	E	0	0	0	0	0	0	0	D	NA	0
240	K	0	0	0	0	0	0	0	D	NA	0.125
241	R	0	0	0	0	0	0	0	D	NA	0.125
242	S	0	0	0	0	0	0	0	D	NA	0.25
243	V	0	0	0	0	0	0	0	D	NA	0.25
244	Q	0	0	0	0	0	0	0	D	NA	0.25
245	K	0	0	0	0	0	0	0	D	NA	0.25
246	K	0	0	0	0	0	0	0	D	NA	0.25
247	E	0	0	0	0	0	0	0	D	NA	0.25
248	L	0	0	0	0	0	0	0	D	NA	0.25
249	N	0	0	0	0	0	0	0	D	NA	0.375
250	K	0	0	0	0	0	0	0	D	NA	0.25
251	K	0	0	0	0	0	0	0	D	NA	0.25
252	L	0	0	0	0	0	0	0	D	NA	0.25
253	E	0	0	0	0	0	0	0	D	NA	0.25
254	D	0	0	0	0	0	0	0	D	NA	0.25
255	S	0	0	0	0	0	0	0	D	NA	0
256	C	0	0	0	0	0	0	0	D	NA	0
257	R	0	0	0	0	0	0	0	D	NA	0
258	K	0	0	0	0	0	0	0	D	NA	0
259	K	0	0	0	0	0	0	0	D	NA	0
260	L	0	0	0	0	0	0	0	D	NA	0
261	A	0	0	0	0	0	0	0	D	NA	0
262	E	0	0	0	0	0	0	0	D	NA	0
263	F	0	0	0	0	0	0	0	D	NA	0.125
264	E	0	0	0	0	0	0	0	D	NA	0.125
265	D	0	0	0	0	0	0	0	D	NA	0.125
266	E	0	0	0	0	0	0	0	D	NA	0.125
267	L	0	0	0	0	0	0	0	D	NA	0.125
268	D	0	0	0	0	0	0	0	D	NA	0.125
269	H	0	0	0	0	0	0	0	D	NA	0.125
270	T	0	0	0	0	0	0	0	D	NA	0.125
271	V	0	0	0	0	0	0	0	D	NA	0.125
272	D	0	0	0	0	0	0	0	D	NA	0.125
273	S	0	0	0	0	0	0	0	D	NA	0.125
274	L	0	0	0	0	0	0	0	D	NA	0.25
275	T	0	0	0	0	0	0	0	D	NA	0.25
276	W	0	0	0	0	0	0	0	D	NA	0.25
277	N	0	0	0	0	0	0	0	D	NA	0.25
278	L	0	0	0	0	0	0	0	D	NA	0.25
279	T	0	0	0	0	0	0	0	D	NA	0.5
280	P	0	0	0	0	0	0	0	D	NA	0.5
281	K	0	0	0	0	0	0	0	D	NA	0.375
282	A	0	0	0	0	0	0	0	D	NA	0.625
283	K	0	0	0	0	0	0	0	D	NA	0.625
284	E	0	0	0	0	0	0	0	D	NA	0.625
285	R	0	0	0	0	0	0	0	D	NA	0.625
286	T	0	0	0	0	0	0	0	D	NA	0.625
287	R	0	0	0	0	0	0	0	D	NA	0.625
288	E	0	0	0	0	0	0	0	D	NA	0.625
289	P	0	0	0	0	0	0	0	D	NA	0.625
290	L	0	0	0	0	0	0	0	D	NA	0.625
291	K	0	0	0	0	0	0	0	D	NA	0.625
292	K	0	0	0	0	0	0	0	D	NA	0.625
293	A	0	0	0	0	0	0	0	D	NA	0.625
294	S	0	0	0	0	0	0	0	D	NA	0.625
295	Q	0	0	0	0	0	0	0	D	NA	0.625
296	P	0	0	0	0	0	0	0	D	NA	0.625
297	R	0	0	0	0	0	0	0	D	NA	0.5
298	N	0	0	0	0	0	0	0	D	NA	0.5
299	K	0	0	0	0	0	0	0	D	NA	0.5
300	N	0	0	0	0	0	0	0	D	NA	0.5
301	W	0	0	0	0	0	0	0	D	NA	0.5
302	M	0	0	0	0	0	0	0	D	NA	0.5
303	N	0	0	0	0	0	0	0	D	NA	0.5
304	H	0	0	0	0	0	0	0	D	NA	0.375
305	L	0	0	0	0	0	0	0	D	NA	0.375
306	R	0	0	0	0	0	0	0	D	NA	0.125
307	V	0	0	0	0	0	0	0	D	NA	0.125
308	P	0	0	0	0	0	0	0	D	NA	0
309	Q	0	0	0	0	0	0	0	D	NA	0
310	R	0	0	0	0	0	0	0	D	NA	0
311	E	0	0	0	0	0	0	0	D	NA	0
312	L	0	0	0	0	0	0	0	D	NA	0
313	D	0	0	0	0	0	0	0	D	NA	0
314	R	0	0	0	0	0	0	0	D	NA	0
315	L	0	0	0	0	0	0	0	D	NA	0
316	L	0	0	0	0	0	0	0	D	NA	0
317	L	0	0	0	0	0	0	0	D	NA	0
318	A	0	0	0	0	0	0	0	D	NA	0
319	R	0	0	0	0	0	0	0	D	NA	0
320	M	0	0	0	0	0	0	0	D	NA	0
321	E	0	0	0	0	0	0	0	D	NA	0.125
322	S	Phosphoserine	LLLARMESRNHFLKN	HHHHHHHHCCCCCCC	0	0	0	0	D	NA	0.125
323	R	0	0	0	0	0	0	0	D	NA	0.125
324	N	0	0	0	0	0	0	0	D	NA	0.25
325	H	0	0	0	0	0	0	0	D	NA	0.25
326	F	0	0	0	0	0	0	0	D	NA	0.25
327	L	0	0	0	0	0	0	0	D	NA	0.375
328	K	0	0	0	0	0	0	0	D	NA	0.375
329	N	0	0	0	0	0	0	0	D	NA	0.5
330	P	0	0	0	0	0	0	0	D	NA	0.375
331	R	0	0	0	0	0	0	0	D	NA	0.375
332	F	0	0	0	0	0	0	0	D	NA	0.375
333	F	0	0	0	0	0	0	0	D	NA	0.375
334	P	0	0	0	0	0	0	0	D	NA	0.375
335	P	0	0	0	0	0	0	0	D	NA	0.375
336	N	0	0	0	0	0	0	0	D	NA	0.375
337	T	Phosphothreonine	PRFFPPNTRYGGKSL	CCCCCCCCCCCCEEE	0	0	0	0	D	NA	0.375
338	R	0	0	0	0	0	0	0	D	NA	0.375
339	Y	0	0	0	0	0	0	0	D	NA	0.375
340	G	0	0	0	0	0	0	0	D	NA	0.375
341	G	0	0	0	0	0	0	0	D	NA	0.25
342	K	0	0	0	0	0	0	0	D	NA	0.25
343	S	0	0	0	0	0	0	0	D	NA	0.375
344	L	0	0	0	0	0	0	0	D	NA	0.5
345	V	0	0	0	0	0	0	0	D	NA	0.5
346	F	0	0	0	0	0	0	0	D	NA	0.375
347	P	0	0	0	0	0	0	0	D	NA	0.375
348	P	0	0	0	0	0	0	0	D	NA	0.25
349	K	0	0	0	0	0	0	0	D	NA	0.25
350	K	0	0	0	0	0	0	0	D	NA	0.5
351	P	0	0	0	0	0	0	0	D	NA	0.5
352	A	0	0	0	0	0	0	0	D	NA	0.5
353	P	0	0	0	0	0	0	0	D	NA	0.5
354	I	0	0	0	0	0	0	0	D	NA	0.5
355	G	0	0	0	0	0	0	0	D	NA	0.5
356	E	0	0	0	0	0	0	0	D	NA	0.5
357	F	0	0	0	0	0	0	0	D	NA	0.625
358	Q	0	0	0	0	0	0	0	D	NA	0.625
359	S	0	0	0	0	0	0	0	D	NA	0.625
360	T	0	0	0	0	0	0	0	D	NA	0.625
361	E	0	0	0	0	0	0	0	D	NA	0.625
362	P	0	0	0	0	0	0	0	D	NA	0.375
363	E	0	0	0	0	0	0	0	D	NA	0.375
364	Q	0	0	0	0	0	0	0	D	NA	0.25
365	S	0	0	0	0	0	0	0	D	NA	0.25
366	C	0	0	0	0	0	0	0	D	NA	0.25
367	A	0	0	0	0	0	0	0	NA	NA	0
368	D	0	0	0	0	0	0	0	D	NA	0.25
369	T	0	0	0	0	0	0	0	NA	NA	0
370	P	0	0	0	0	0	0	0	NA	NA	0
371	V	0	0	0	0	0	0	0	NA	NA	0
372	F	0	0	0	0	0	0	0	NA	NA	0
373	L	0	0	0	0	0	0	0	D	NA	0.125
374	A	0	0	0	0	0	0	0	D	NA	0.125
375	K	0	0	0	0	0	0	0	NA	NA	0
376	P	0	0	0	0	0	0	0	NA	NA	0
377	P	0	0	0	0	0	0	0	NA	NA	0
378	I	0	0	0	0	0	0	0	NA	NA	0
379	G	0	0	0	0	0	0	0	NA	NA	0
380	F	0	0	0	0	0	0	0	NA	NA	0
381	F	0	0	0	0	0	0	0	NA	NA	0
382	T	0	0	0	0	0	0	0	NA	NA	0
383	D	0	0	0	0	0	0	0	NA	NA	0
384	Y	0	0	0	0	0	0	0	NA	NA	0
385	E	0	0	0	0	0	0	0	NA	NA	0
386	I	0	0	0	0	0	0	0	NA	NA	0
387	G	0	0	0	0	0	0	0	NA	NA	0
388	P	0	0	0	0	0	0	0	NA	NA	0
389	V	0	0	0	0	0	0	0	NA	NA	0
390	Y	0	0	0	0	0	0	0	NA	NA	0
391	E	0	0	0	0	0	0	0	NA	NA	0
392	M	0	0	0	0	0	0	0	NA	NA	0
393	V	0	0	0	0	0	0	0	NA	NA	0
394	I	0	0	0	0	0	0	0	NA	NA	0
395	A	0	0	0	0	0	0	0	NA	NA	0
396	L	0	0	0	0	0	0	0	NA	NA	0
397	Q	0	0	0	0	0	0	0	NA	NA	0
398	N	0	0	0	0	0	0	0	NA	NA	0
399	T	0	0	0	0	0	0	0	D	NA	0.125
400	T	0	0	0	0	0	0	0	D	NA	0.25
401	T	0	0	0	0	0	0	0	D	NA	0.125
402	T	0	0	0	0	0	0	0	D	NA	0.125
403	S	0	0	0	0	0	0	0	D	NA	0.125
404	R	0	0	0	0	0	0	0	D	NA	0.125
405	Y	0	0	0	0	0	0	0	D	NA	0.125
406	L	0	0	0	0	0	0	0	D	NA	0.125
407	R	0	0	0	0	0	0	0	D	NA	0.125
408	V	0	0	0	0	0	0	0	D	NA	0.125
409	L	0	0	0	0	0	0	0	NA	NA	0
410	P	0	0	0	0	0	0	0	NA	NA	0
411	P	0	0	0	0	0	0	0	NA	NA	0
412	S	0	0	0	0	0	0	0	D	NA	0.125
413	T	0	0	0	0	0	0	0	D	NA	0.125
414	P	0	0	0	0	0	0	0	D	NA	0.125
415	Y	0	0	0	0	0	0	0	D	NA	0.125
416	F	0	0	0	0	0	0	0	D	NA	0.125
417	A	0	0	0	0	0	0	0	D	NA	0.125
418	L	0	0	0	0	0	0	0	D	NA	0.125
419	G	0	0	0	0	0	0	0	D	NA	0.125
420	L	0	0	0	0	0	0	0	D	NA	0.125
421	G	0	0	0	0	0	0	0	D	NA	0.125
422	M	0	0	0	0	0	0	0	D	NA	0.125
423	F	0	0	0	0	0	0	0	D	NA	0.125
424	P	0	0	0	0	0	0	0	D	NA	0.125
425	G	0	0	0	0	0	0	0	D	NA	0.125
426	K	0	0	0	0	0	0	0	D	NA	0.125
427	G	0	0	0	0	0	0	0	D	NA	0.125
428	G	0	0	0	0	0	0	0	D	NA	0.125
429	M	0	0	0	0	0	0	0	D	NA	0.125
430	V	0	0	0	0	0	0	0	D	NA	0.125
431	A	0	0	0	0	0	0	0	D	NA	0.125
432	P	0	0	0	0	0	0	0	D	NA	0.125
433	G	0	0	0	0	0	0	0	NA	NA	0
434	M	0	0	0	0	0	0	0	NA	NA	0
435	T	0	0	0	0	0	0	0	NA	NA	0
436	C	0	0	0	0	0	0	0	NA	NA	0
437	Q	0	0	0	0	0	0	0	NA	NA	0
438	Y	0	0	0	0	0	0	0	NA	NA	0
439	I	0	0	0	0	0	0	0	NA	NA	0
440	V	0	0	0	0	0	0	0	NA	NA	0
441	Q	0	0	0	0	0	0	0	NA	NA	0
442	F	0	0	0	0	0	0	0	NA	NA	0
443	F	0	0	0	0	0	0	0	NA	NA	0
444	P	0	0	0	0	0	0	0	NA	NA	0
445	D	0	0	0	0	0	0	0	NA	NA	0
446	C	0	0	0	0	0	0	0	NA	NA	0
447	L	0	0	0	0	0	0	0	NA	NA	0
448	G	0	0	0	0	0	0	0	NA	NA	0
449	D	0	0	0	0	0	0	0	NA	NA	0
450	F	0	0	0	0	0	0	0	NA	NA	0
451	D	0	0	0	0	0	0	0	NA	NA	0
452	D	0	0	0	0	0	0	0	NA	NA	0
453	F	0	0	0	0	0	0	0	NA	NA	0
454	I	0	0	0	0	0	0	0	NA	NA	0
455	L	0	0	0	0	0	0	0	NA	NA	0
456	V	0	0	0	0	0	0	0	NA	NA	0
457	E	0	0	0	0	0	0	0	NA	NA	0
458	T	0	0	0	0	0	0	0	NA	NA	0
459	Q	0	0	0	0	0	0	0	NA	NA	0
460	S	0	0	0	0	0	0	0	NA	NA	0
461	A	0	0	0	0	0	0	0	NA	NA	0
462	H	0	0	0	0	0	0	0	NA	NA	0
463	T	0	0	0	0	0	0	0	NA	NA	0
464	L	0	0	0	0	0	0	0	NA	NA	0
465	L	0	0	0	0	0	0	0	D	NA	0.125
466	I	0	0	0	0	0	0	0	D	NA	0.125
467	P	0	0	0	0	0	0	0	D	NA	0.125
468	L	0	0	0	0	0	0	0	D	NA	0.125
469	Q	0	0	0	0	0	0	0	D	NA	0.25
470	A	0	0	0	0	0	0	0	D	NA	0.25
471	R	0	0	0	0	0	0	0	D	NA	0.25
472	R	0	0	0	0	0	0	0	D	NA	0.25
473	P	0	0	0	0	0	0	0	D	NA	0.25
474	P	0	0	0	0	0	0	0	D	NA	0.375
475	P	0	0	0	0	0	0	0	D	NA	0.25
476	V	0	0	0	0	0	0	0	D	NA	0.25
477	L	0	0	0	0	0	0	0	D	NA	0.125
478	T	0	0	0	0	0	0	0	D	NA	0.125
479	L	0	0	0	0	0	0	0	D	NA	0.125
480	S	0	0	0	0	0	0	0	D	NA	0.125
481	P	0	0	0	0	0	0	0	D	NA	0.125
482	V	0	0	0	0	0	0	0	NA	NA	0
483	L	0	0	0	0	0	0	0	NA	NA	0
484	D	0	0	0	0	0	0	0	NA	NA	0
485	C	0	0	0	0	0	0	0	NA	NA	0
486	G	0	0	0	0	0	0	0	NA	NA	0
487	Y	0	0	0	0	0	0	0	NA	NA	0
488	C	0	0	0	0	0	0	0	NA	NA	0
489	L	0	0	0	0	0	0	0	NA	NA	0
490	I	0	0	0	0	0	0	0	NA	NA	0
491	G	0	0	0	0	0	0	0	NA	NA	0
492	G	0	0	0	0	0	0	0	NA	NA	0
493	V	0	0	0	0	0	0	0	NA	NA	0
494	K	0	0	0	0	0	0	0	NA	NA	0
495	M	0	0	0	0	0	0	0	NA	NA	0
496	T	0	0	0	0	0	0	0	NA	NA	0
497	R	0	0	0	0	0	0	0	NA	NA	0
498	F	0	0	0	0	0	0	0	NA	NA	0
499	I	0	0	0	0	0	0	0	NA	NA	0
500	C	0	0	0	0	0	0	0	NA	NA	0
501	K	0	0	0	0	0	0	0	NA	NA	0
502	N	0	0	0	0	0	0	0	NA	NA	0
503	V	0	0	0	0	0	0	0	NA	NA	0
504	G	0	0	0	0	0	0	0	NA	NA	0
505	F	0	0	0	0	0	0	0	NA	NA	0
506	S	0	0	0	0	0	0	0	NA	NA	0
507	V	0	0	0	0	0	0	0	NA	NA	0
508	G	0	0	0	0	0	0	0	NA	NA	0
509	R	0	0	0	0	0	0	0	NA	NA	0
510	F	0	0	0	0	0	0	0	NA	NA	0
511	C	0	0	0	0	0	0	0	NA	NA	0
512	I	0	0	0	0	0	0	0	D	NA	0.125
513	M	0	0	0	0	0	0	0	D	NA	0.125
514	P	0	0	0	0	0	0	0	D	NA	0.125
515	K	0	0	0	0	0	0	0	D	NA	0.125
516	T	0	0	0	0	0	0	0	D	NA	0.125
517	S	0	0	0	0	0	0	0	D	NA	0.125
518	W	0	0	0	0	0	0	0	NA	NA	0
519	P	0	0	0	0	0	0	0	NA	NA	0
520	P	0	0	0	0	0	0	0	NA	NA	0
521	L	0	0	0	0	0	0	0	NA	NA	0
522	S	0	0	0	0	0	0	0	NA	NA	0
523	F	0	0	0	0	0	0	0	NA	NA	0
524	K	0	0	0	0	0	0	0	NA	NA	0
525	A	0	0	0	0	0	0	0	NA	NA	0
526	I	0	0	0	0	0	0	0	NA	NA	0
527	A	0	0	0	0	0	0	0	NA	NA	0
528	T	0	0	0	0	0	0	0	NA	NA	0
529	V	0	0	0	0	0	0	0	NA	NA	0
530	G	0	0	0	0	0	0	0	NA	NA	0
531	F	0	0	0	0	0	0	0	NA	NA	0
532	V	0	0	0	0	0	0	0	NA	NA	0
533	E	0	0	0	0	0	0	0	NA	NA	0
534	Q	0	0	0	0	0	0	0	NA	NA	0
535	P	0	0	0	0	0	0	0	NA	NA	0
536	P	0	0	0	0	0	0	0	NA	NA	0
537	F	0	0	0	0	0	0	0	NA	NA	0
538	G	0	0	0	0	0	0	0	NA	NA	0
539	I	0	0	0	0	0	0	0	NA	NA	0
540	L	0	0	0	0	0	0	0	NA	NA	0
541	P	0	0	0	0	0	0	0	NA	NA	0
542	S	0	0	0	0	0	0	0	NA	NA	0
543	V	0	0	0	0	0	0	0	NA	NA	0
544	F	0	0	0	0	0	0	0	NA	NA	0
545	E	0	0	0	0	0	0	0	NA	NA	0
546	L	0	0	0	0	0	0	0	NA	NA	0
547	A	0	0	0	0	0	0	0	NA	NA	0
548	P	0	0	0	0	0	0	0	NA	NA	0
549	G	0	0	0	0	0	0	0	NA	NA	0
550	H	0	0	0	0	0	0	0	NA	NA	0
551	A	0	0	0	0	0	0	0	NA	NA	0
552	I	0	0	0	0	0	0	0	NA	NA	0
553	L	0	0	0	0	0	0	0	NA	NA	0
554	V	0	0	0	0	0	0	0	NA	NA	0
555	E	0	0	0	0	0	0	0	NA	NA	0
556	V	0	0	0	0	0	0	0	NA	NA	0
557	L	0	0	0	0	0	0	0	NA	NA	0
558	F	0	0	0	0	0	0	0	NA	NA	0
559	S	0	0	0	0	0	0	0	NA	NA	0
560	P	0	0	0	0	0	0	0	NA	NA	0
561	K	0	0	0	0	0	0	0	NA	NA	0
562	S	0	0	0	0	0	0	0	D	NA	0.125
563	L	0	0	0	0	0	0	0	D	NA	0.125
564	G	0	0	0	0	0	0	0	D	NA	0.125
565	K	0	0	0	0	0	0	0	NA	NA	0
566	A	0	0	0	0	0	0	0	NA	NA	0
567	E	0	0	0	0	0	0	0	NA	NA	0
568	Q	0	0	0	0	0	0	0	NA	NA	0
569	T	0	0	0	0	0	0	0	NA	NA	0
570	F	0	0	0	0	0	0	0	NA	NA	0
571	I	0	0	0	0	0	0	0	NA	NA	0
572	I	0	0	0	0	0	0	0	NA	NA	0
573	M	0	0	0	0	0	0	0	NA	NA	0
574	C	0	0	0	0	0	0	0	NA	NA	0
575	D	0	0	0	0	0	0	0	NA	NA	0
576	N	0	0	0	0	0	0	0	NA	NA	0
577	C	0	0	0	0	0	0	0	NA	NA	0
578	Q	0	0	0	0	0	0	0	NA	NA	0
579	I	0	0	0	0	0	0	0	NA	NA	0
580	K	0	0	0	0	0	0	0	NA	NA	0
581	E	0	0	0	0	0	0	0	NA	NA	0
582	L	0	0	0	0	0	0	0	NA	NA	0
583	V	0	0	0	0	0	0	0	NA	NA	0
584	T	0	0	0	0	0	0	0	NA	NA	0
585	I	0	0	0	0	0	0	0	NA	NA	0
586	G	0	0	0	0	0	0	0	NA	NA	0
587	I	0	0	0	0	0	0	0	NA	NA	0
588	G	0	0	0	0	0	0	0	NA	NA	0
589	Q	0	0	0	0	0	0	0	NA	NA	0
590	L	0	0	0	0	0	0	0	NA	NA	0
591	I	0	0	0	0	0	0	0	NA	NA	0
592	A	0	0	0	0	0	0	0	NA	NA	0
593	L	0	0	0	0	0	0	0	NA	NA	0
594	D	0	0	0	0	0	0	0	NA	NA	0
595	L	0	0	0	0	0	0	0	NA	NA	0
596	I	0	0	0	0	0	0	0	NA	NA	0
597	Y	0	0	0	0	0	0	0	NA	NA	0
598	I	0	0	0	0	0	0	0	NA	NA	0
599	S	0	0	0	0	0	0	0	D	NA	0.125
600	G	0	0	0	0	0	0	0	D	NA	0.125
601	E	0	0	0	0	0	0	0	D	NA	0.25
602	K	0	0	0	0	0	0	0	D	NA	0.25
603	S	0	0	0	0	0	0	0	D	NA	0.25
604	Q	0	0	0	0	0	0	0	D	NA	0.25
605	P	0	0	0	0	0	0	0	D	NA	0.25
606	D	0	0	0	0	0	0	0	D	NA	0.25
607	P	0	0	0	0	0	0	0	D	NA	0.25
608	G	0	0	0	0	0	0	0	D	NA	0.375
609	E	0	0	0	0	0	0	0	D	NA	0.375
610	L	0	0	0	0	0	0	0	D	NA	0.375
611	T	0	0	0	0	0	0	0	D	NA	0.25
612	D	0	0	0	0	0	0	0	NA	NA	0
613	L	0	0	0	0	0	0	0	NA	NA	0
614	T	0	0	0	0	0	0	0	NA	NA	0
615	A	0	0	0	0	0	0	0	NA	NA	0
616	Q	0	0	0	0	0	0	0	NA	NA	0
617	H	0	0	0	0	0	0	0	NA	NA	0
618	F	0	0	0	0	0	0	0	NA	NA	0
619	I	0	0	0	0	0	0	0	NA	NA	0
620	R	0	0	0	0	0	0	0	NA	NA	0
621	F	0	0	0	0	0	0	0	D	NA	0.125
622	E	0	0	0	0	0	0	0	D	NA	0.125
623	P	0	0	0	0	0	0	0	D	NA	0.125
624	E	0	0	0	0	0	0	0	D	NA	0.125
625	N	0	0	0	0	0	0	0	D	NA	0.125
626	L	0	0	0	0	0	0	0	D	NA	0.125
627	R	0	0	0	0	0	0	0	D	NA	0.125
628	S	0	0	0	0	0	0	0	D	NA	0.125
629	T	0	0	0	0	0	0	0	D	NA	0.125
630	A	0	0	0	0	0	0	0	NA	NA	0
631	R	0	0	0	0	0	0	0	NA	NA	0
632	K	0	0	0	0	0	0	0	NA	NA	0
633	Q	0	0	0	0	0	0	0	NA	NA	0
634	L	0	0	0	0	0	0	0	NA	NA	0
635	I	0	0	0	0	0	0	0	NA	NA	0
636	I	0	0	0	0	0	0	0	NA	NA	0
637	R	0	0	0	0	0	0	0	NA	NA	0
638	N	0	0	0	0	0	0	0	NA	NA	0
639	A	0	0	0	0	0	0	0	NA	NA	0
640	T	0	0	0	0	0	0	0	NA	NA	0
641	H	0	0	0	0	0	0	0	NA	NA	0
642	V	0	0	0	0	0	0	0	NA	NA	0
643	E	0	0	0	0	0	0	0	NA	NA	0
644	L	0	0	0	0	0	0	0	NA	NA	0
645	A	0	0	0	0	0	0	0	NA	NA	0
646	F	0	0	0	0	0	0	0	NA	NA	0
647	Y	0	0	0	0	0	0	0	NA	NA	0
648	W	0	0	0	0	0	0	0	NA	NA	0
649	Q	0	0	0	0	0	0	0	NA	NA	0
650	I	0	0	0	0	0	0	0	NA	NA	0
651	M	0	0	0	0	0	0	0	NA	NA	0
652	K	0	0	0	0	0	0	0	NA	NA	0
653	P	0	0	0	0	0	0	0	NA	NA	0
654	N	0	0	0	0	0	0	0	NA	NA	0
655	L	0	0	0	0	0	0	0	D	NA	0.125
656	Q	0	0	0	0	0	0	0	D	NA	0.25
657	P	0	0	0	0	0	0	0	D	NA	0.25
658	L	0	0	0	0	0	0	0	D	NA	0.25
659	M	0	0	0	0	0	0	0	D	NA	0.25
660	P	0	0	0	0	0	0	0	D	NA	0.25
661	G	0	0	0	0	0	0	0	D	NA	0.25
662	E	0	0	0	0	0	0	0	D	NA	0.25
663	T	0	0	0	0	0	0	0	D	NA	0.25
664	F	0	0	0	0	0	0	0	D	NA	0.25
665	S	0	0	0	0	0	0	0	D	NA	0.25
666	M	0	0	0	0	0	0	0	D	NA	0.125
667	D	0	0	0	0	0	0	0	D	NA	0.125
668	S	0	0	0	0	0	0	0	D	NA	0.125
669	I	0	0	0	0	0	0	0	NA	NA	0
670	K	0	0	0	0	0	0	0	NA	NA	0
671	C	0	0	0	0	0	0	0	NA	NA	0
672	Y	0	0	0	0	0	0	0	NA	NA	0
673	P	0	0	0	0	0	0	0	NA	NA	0
674	D	0	0	0	0	0	0	0	NA	NA	0
675	K	0	0	0	0	0	0	0	NA	NA	0
676	E	0	0	0	0	0	0	0	NA	NA	0
677	T	0	0	0	0	0	0	0	NA	NA	0
678	A	0	0	0	0	0	0	0	NA	NA	0
679	F	0	0	0	0	0	0	0	NA	NA	0
680	S	0	0	0	0	0	0	0	NA	NA	0
681	I	0	0	0	0	0	0	0	NA	NA	0
682	M	0	0	0	0	0	0	0	NA	NA	0
683	P	0	0	0	0	0	0	0	NA	NA	0
684	R	0	0	0	0	0	0	0	NA	NA	0
685	K	0	0	0	0	0	0	0	D	NA	0.125
686	G	0	0	0	0	0	0	0	D	NA	0.25
687	V	0	0	0	0	0	0	0	D	NA	0.125
688	L	0	0	0	0	0	0	0	D	NA	0.125
689	S	0	0	0	0	0	0	0	D	NA	0.125
690	P	0	0	0	0	0	0	0	D	NA	0.125
691	H	0	0	0	0	0	0	0	D	NA	0.125
692	T	0	0	0	0	0	0	0	D	NA	0.125
693	D	0	0	0	0	0	0	0	NA	NA	0
694	H	0	0	0	0	0	0	0	NA	NA	0
695	E	0	0	0	0	0	0	0	D	NA	0
696	F	0	0	0	0	0	0	0	D	NA	0
697	I	0	0	0	0	0	0	0	D	NA	0
698	L	0	0	0	0	0	0	0	D	NA	0
699	S	0	0	0	0	0	0	0	D	NA	0
700	F	0	0	0	0	0	0	0	D	NA	0
701	S	0	0	0	0	0	0	0	D	NA	0
702	P	0	0	0	0	0	0	0	D	NA	0
703	H	0	0	0	0	0	0	0	D	NA	0
704	E	0	0	0	0	0	0	0	D	NA	0
705	L	0	0	0	0	0	0	0	D	NA	0
706	R	0	0	0	0	0	0	0	D	NA	0
707	D	0	0	0	0	0	0	0	D	NA	0
708	F	0	0	0	0	0	0	0	D	NA	0
709	H	0	0	0	0	0	0	0	D	NA	0
710	S	0	0	0	0	0	0	0	D	NA	0
711	V	0	0	0	0	0	0	0	NA	NA	0
712	L	0	0	0	0	0	0	0	D	NA	0
713	Q	0	0	0	0	0	0	0	NA	NA	0
714	M	0	0	0	0	0	0	0	D	NA	0
715	V	0	0	0	0	0	0	0	D	NA	0
716	L	0	0	0	0	0	0	0	D	NA	0
717	E	0	0	0	0	0	0	0	D	NA	0
718	E	0	0	0	0	0	0	0	D	NA	0
719	V	0	0	0	0	0	0	0	D	NA	0.125
720	P	0	0	0	0	0	0	0	D	NA	0.25
721	E	0	0	0	0	0	0	0	D	NA	0.25
722	P	0	0	0	0	0	0	0	D	NA	0.25
723	V	0	0	0	0	0	0	0	D	NA	0.25
724	S	0	0	0	0	0	0	0	D	NA	0.25
725	S	0	0	0	0	0	0	0	D	NA	0.375
726	E	0	0	0	0	0	0	0	D	NA	0.375
727	A	0	0	0	0	0	0	0	D	NA	0.625
728	E	0	0	0	0	0	0	0	D	NA	0.5
729	S	0	0	0	0	0	0	0	D	NA	0.375
730	L	0	0	0	0	0	0	0	D	NA	0.5
731	G	0	0	0	0	0	0	0	D	NA	0.375
732	H	0	0	0	0	0	0	0	D	NA	0.375
733	S	0	0	0	0	0	0	0	D	NA	0.375
734	S	0	0	0	0	0	0	0	D	NA	0.25
735	Y	0	0	0	0	0	0	0	D	NA	0.25
736	S	0	0	0	0	0	0	0	D	NA	0.125
737	V	0	0	0	0	0	0	0	D	NA	0.125
738	D	0	0	0	0	0	0	0	D	NA	0.125
739	D	0	0	0	0	0	0	0	D	NA	0.125
740	V	0	0	0	0	0	0	0	NA	NA	0
741	I	0	0	0	0	0	0	0	NA	NA	0
742	V	0	0	0	0	0	0	0	NA	NA	0
743	L	0	0	0	0	0	0	0	NA	NA	0
744	E	0	0	0	0	0	0	0	NA	NA	0
745	I	0	0	0	0	0	0	0	NA	NA	0
746	E	0	0	0	0	0	0	0	NA	NA	0
747	V	0	0	0	0	0	0	0	NA	NA	0
748	K	0	0	0	0	0	0	0	NA	NA	0
749	G	0	0	0	0	0	0	0	NA	NA	0
750	S	0	0	0	0	0	0	0	NA	NA	0
751	V	0	0	0	0	0	0	0	D	NA	0.125
752	E	0	0	0	0	0	0	0	D	NA	0.125
753	P	0	0	0	0	0	0	0	D	NA	0.125
754	F	0	0	0	0	0	0	0	NA	NA	0
755	Q	0	0	0	0	0	0	0	NA	NA	0
756	V	0	0	0	0	0	0	0	NA	NA	0
757	L	0	0	0	0	0	0	0	NA	NA	0
758	L	0	0	0	0	0	0	0	NA	NA	0
759	E	0	0	0	0	0	0	0	NA	NA	0
760	P	0	0	0	0	0	0	0	NA	NA	0
761	Y	0	0	0	0	0	0	0	NA	NA	0
762	A	0	0	0	0	0	0	0	NA	NA	0
763	L	0	0	0	0	0	0	0	D	NA	0.125
764	I	0	0	0	0	0	0	0	D	NA	0.125
765	I	0	0	0	0	0	0	0	D	NA	0.125
766	P	0	0	0	0	0	0	0	NA	NA	0
767	G	0	0	0	0	0	0	0	D	NA	0.125
768	E	0	0	0	0	0	0	0	D	NA	0.125
769	N	0	0	0	0	0	0	0	NA	NA	0
770	Y	0	0	0	0	0	0	0	NA	NA	0
771	I	0	0	0	0	0	0	0	NA	NA	0
772	G	0	0	0	0	0	0	0	NA	NA	0
773	I	0	0	0	0	0	0	0	NA	NA	0
774	N	0	0	0	0	0	0	0	NA	NA	0
775	V	0	0	0	0	0	0	0	NA	NA	0
776	K	0	0	0	0	0	0	0	NA	NA	0
777	K	0	0	0	0	0	0	0	NA	NA	0
778	A	0	0	0	0	0	0	0	NA	NA	0
779	F	0	0	0	0	0	0	0	NA	NA	0
780	K	0	0	0	0	0	0	0	NA	NA	0
781	M	0	0	0	0	0	0	0	NA	NA	0
782	W	0	0	0	0	0	0	0	NA	NA	0
783	N	0	0	0	0	0	0	0	NA	NA	0
784	N	0	0	0	0	0	0	0	NA	NA	0
785	S	0	0	0	0	0	0	0	NA	NA	0
786	K	0	0	0	0	0	0	0	NA	NA	0
787	S	0	0	0	0	0	0	0	NA	NA	0
788	P	0	0	0	0	0	0	0	NA	NA	0
789	I	0	0	0	0	0	0	0	NA	NA	0
790	R	0	0	0	0	0	0	0	NA	NA	0
791	Y	0	0	0	0	0	0	0	NA	NA	0
792	L	0	0	0	0	0	0	0	NA	NA	0
793	W	0	0	0	0	0	0	0	NA	NA	0
794	G	0	0	0	0	0	0	0	NA	NA	0
795	K	0	0	0	0	0	0	0	NA	NA	0
796	I	0	0	0	0	0	0	0	NA	NA	0
797	S	0	0	0	0	0	0	0	NA	NA	0
798	D	0	0	0	0	0	0	0	NA	NA	0
799	C	0	0	0	0	0	0	0	NA	NA	0
800	H	0	0	0	0	0	0	0	NA	NA	0
801	I	0	0	0	0	0	0	0	NA	NA	0
802	I	0	0	0	0	0	0	0	NA	NA	0
803	E	0	0	0	0	0	0	0	NA	NA	0
804	V	0	0	0	0	0	0	0	NA	NA	0
805	E	0	0	0	0	0	0	0	NA	NA	0
806	P	0	0	0	0	0	0	0	NA	NA	0
807	G	0	0	0	0	0	0	0	NA	NA	0
808	T	0	0	0	0	0	0	0	NA	NA	0
809	G	0	0	0	0	0	0	0	NA	NA	0
810	V	0	0	0	0	0	0	0	D	NA	0.125
811	I	0	0	0	0	0	0	0	D	NA	0.125
812	E	0	0	0	0	0	0	0	D	NA	0.125
813	P	0	0	0	0	0	0	0	D	NA	0.25
814	S	0	0	0	0	0	0	0	D	NA	0.125
815	E	0	0	0	0	0	0	0	NA	NA	0
816	V	0	0	0	0	0	0	0	NA	NA	0
817	G	0	0	0	0	0	0	0	NA	NA	0
818	D	0	0	0	0	0	0	0	NA	NA	0
819	F	0	0	0	0	0	0	0	D	NA	0.125
820	E	0	0	0	0	0	0	0	D	NA	0.125
821	L	0	0	0	0	0	0	0	D	NA	0.25
822	N	0	0	0	0	0	0	0	D	NA	0.375
823	F	0	0	0	0	0	0	0	D	NA	0.375
824	T	0	0	0	0	0	0	0	D	NA	0.25
825	G	0	0	0	0	0	0	0	D	NA	0.25
826	G	0	0	0	0	0	0	0	D	NA	0.25
827	V	0	0	0	0	0	0	0	D	NA	0.25
828	P	0	0	0	0	0	0	0	D	NA	0.25
829	G	0	0	0	0	0	0	0	D	NA	0.25
830	P	0	0	0	0	0	0	0	D	NA	0.25
831	T	0	0	0	0	0	0	0	D	NA	0.25
832	S	0	0	0	0	0	0	0	D	NA	0.25
833	Q	0	0	0	0	0	0	0	D	NA	0.25
834	D	0	0	0	0	0	0	0	D	NA	0.375
835	L	0	0	0	0	0	0	0	D	NA	0.375
836	L	0	0	0	0	0	0	0	D	NA	0.25
837	C	0	0	0	0	0	0	0	D	NA	0.25
838	E	0	0	0	0	0	0	0	NA	NA	0
839	I	0	0	0	0	0	0	0	NA	NA	0
840	E	0	0	0	0	0	0	0	NA	NA	0
841	D	0	0	0	0	0	0	0	NA	NA	0
842	S	0	0	0	0	0	0	0	NA	NA	0
843	P	0	0	0	0	0	0	0	NA	NA	0
844	S	0	0	0	0	0	0	0	NA	NA	0
845	P	0	0	0	0	0	0	0	NA	NA	0
846	V	0	0	0	0	0	0	0	NA	NA	0
847	V	0	0	0	0	0	0	0	NA	NA	0
848	L	0	0	0	0	0	0	0	NA	NA	0
849	H	0	0	0	0	0	0	0	NA	NA	0
850	I	0	0	0	0	0	0	0	NA	NA	0
851	E	0	0	0	0	0	0	0	NA	NA	0
852	A	0	0	0	0	0	0	0	NA	NA	0
853	V	0	0	0	0	0	0	0	NA	NA	0
854	F	0	0	0	0	0	0	0	NA	NA	0
855	K	0	0	0	0	0	0	0	NA	NA	0
856	G	0	0	0	0	0	0	0	NA	NA	0
857	P	0	0	0	0	0	0	0	NA	NA	0
858	A	0	0	0	0	0	0	0	NA	NA	0
859	L	0	0	0	0	0	0	0	NA	NA	0
860	I	0	0	0	0	0	0	0	NA	NA	0
861	I	0	0	0	0	0	0	0	NA	NA	0
862	N	0	0	0	0	0	0	0	NA	NA	0
863	V	0	0	0	0	0	0	0	NA	NA	0
864	S	0	0	0	0	0	0	0	NA	NA	0
865	A	0	0	0	0	0	0	0	NA	NA	0
866	L	0	0	0	0	0	0	0	NA	NA	0
867	Q	0	0	0	0	0	0	0	NA	NA	0
868	F	0	0	0	0	0	0	0	NA	NA	0
869	G	0	0	0	0	0	0	0	NA	NA	0
870	L	0	0	0	0	0	0	0	NA	NA	0
871	L	0	0	0	0	0	0	0	NA	NA	0
872	R	0	0	0	0	0	0	0	NA	NA	0
873	L	0	0	0	0	0	0	0	NA	NA	0
874	G	0	0	0	0	0	0	0	NA	NA	0
875	Q	0	0	0	0	0	0	0	D	NA	0.125
876	K	0	0	0	0	0	0	0	D	NA	0.125
877	A	0	0	0	0	0	0	0	D	NA	0.125
878	T	0	0	0	0	0	0	0	D	NA	0.125
879	N	0	0	0	0	0	0	0	D	NA	0.125
880	S	0	0	0	0	0	0	0	D	NA	0.125
881	I	0	0	0	0	0	0	0	D	NA	0.125
882	Q	0	0	0	0	0	0	0	D	NA	0.125
883	I	0	0	0	0	0	0	0	D	NA	0.125
884	R	0	0	0	0	0	0	0	D	NA	0.125
885	N	0	0	0	0	0	0	0	D	NA	0.125
886	V	0	0	0	0	0	0	0	D	NA	0.125
887	S	0	0	0	0	0	0	0	D	NA	0.125
888	Q	0	0	0	0	0	0	0	D	NA	0.125
889	L	0	0	0	0	0	0	0	D	NA	0.125
890	P	0	0	0	0	0	0	0	D	NA	0.25
891	A	0	0	0	0	0	0	0	D	NA	0.25
892	T	0	0	0	0	0	0	0	D	NA	0.25
893	W	0	0	0	0	0	0	0	D	NA	0.25
894	R	0	0	0	0	0	0	0	D	NA	0.25
895	M	0	0	0	0	0	0	0	D	NA	0.125
896	K	0	0	0	0	0	0	0	D	NA	0.25
897	E	0	0	0	0	0	0	0	D	NA	0.5
898	S	0	0	0	0	0	0	0	D	NA	0.375
899	P	0	0	0	0	0	0	0	D	NA	0.375
900	V	0	0	0	0	0	0	0	D	NA	0.5
901	S	0	0	0	0	0	0	0	D	NA	0.375
902	L	0	0	0	0	0	0	0	D	NA	0.5
903	Q	0	0	0	0	0	0	0	D	NA	0.5
904	E	0	0	0	0	0	0	0	D	NA	0.625
905	R	0	0	0	0	0	0	0	D	NA	0.625
906	P	0	0	0	0	0	0	0	D	NA	0.625
907	E	0	0	0	0	0	0	0	D	NA	0.625
908	D	0	0	0	0	0	0	0	D	NA	0.625
909	V	0	0	0	0	0	0	0	D	NA	0.5
910	S	0	0	0	0	0	0	0	D	NA	0.375
911	P	0	0	0	0	0	0	0	D	NA	0.5
912	F	0	0	0	0	0	0	0	D	NA	0.5
913	D	0	0	0	0	0	0	0	D	NA	0.625
914	I	0	0	0	0	0	0	0	D	NA	0.625
915	E	0	0	0	0	0	0	0	D	NA	0.625
916	P	0	0	0	0	0	0	0	D	NA	0.5
917	S	0	0	0	0	0	0	0	D	NA	0.5
918	S	0	0	0	0	0	0	0	D	NA	0.375
919	G	0	0	0	0	0	0	0	D	NA	0.375
920	Q	0	0	0	0	0	0	0	D	NA	0.375
921	L	0	0	0	0	0	0	0	D	NA	0.125
922	H	0	0	0	0	0	0	0	D	NA	0.125
923	S	0	0	0	0	0	0	0	D	NA	0.125
924	L	0	0	0	0	0	0	0	D	NA	0.125
925	G	0	0	0	0	0	0	0	NA	NA	0
926	E	0	0	0	0	0	0	0	NA	NA	0
927	C	0	0	0	0	0	0	0	NA	NA	0
928	R	0	0	0	0	0	0	0	NA	NA	0
929	V	0	0	0	0	0	0	0	NA	NA	0
930	D	0	0	0	0	0	0	0	NA	NA	0
931	I	0	0	0	0	0	0	0	NA	NA	0
932	T	0	0	0	0	0	0	0	NA	NA	0
933	L	0	0	0	0	0	0	0	NA	NA	0
934	E	0	0	0	0	0	0	0	NA	NA	0
935	A	0	0	0	0	0	0	0	NA	NA	0
936	L	0	0	0	0	0	0	0	NA	NA	0
937	H	0	0	0	0	0	0	0	NA	NA	0
938	C	0	0	0	0	0	0	0	NA	NA	0
939	Q	0	0	0	0	0	0	0	NA	NA	0
940	H	0	0	0	0	0	0	0	NA	NA	0
941	L	0	0	0	0	0	0	0	NA	NA	0
942	E	0	0	0	0	0	0	0	NA	NA	0
943	T	0	0	0	0	0	0	0	NA	NA	0
944	V	0	0	0	0	0	0	0	NA	NA	0
945	L	0	0	0	0	0	0	0	NA	NA	0
946	E	0	0	0	0	0	0	0	NA	NA	0
947	L	0	0	0	0	0	0	0	NA	NA	0
948	E	0	0	0	0	0	0	0	NA	NA	0
949	V	0	0	0	0	0	0	0	NA	NA	0
950	E	0	0	0	0	0	0	0	NA	NA	0
951	N	0	0	0	0	0	0	0	NA	NA	0
952	G	0	0	0	0	0	0	0	NA	NA	0
953	A	0	0	0	0	0	0	0	NA	NA	0
954	W	0	0	0	0	0	0	0	NA	NA	0
955	S	0	0	0	0	0	0	0	NA	NA	0
956	Y	0	0	0	0	0	0	0	NA	NA	0
957	L	0	0	0	0	0	0	0	NA	NA	0
958	P	0	0	0	0	0	0	0	NA	NA	0
959	V	0	0	0	0	0	0	0	NA	NA	0
960	Y	0	0	0	0	0	0	0	NA	NA	0
961	A	0	0	0	0	0	0	0	NA	NA	0
962	E	0	0	0	0	0	0	0	NA	NA	0
963	V	0	0	0	0	0	0	0	NA	NA	0
964	Q	0	0	0	0	0	0	0	NA	NA	0
965	K	0	0	0	0	0	0	0	NA	NA	0
966	P	0	0	0	0	0	0	0	NA	NA	0
967	H	0	0	0	0	0	0	0	NA	NA	0
968	V	0	0	0	0	0	0	0	NA	NA	0
969	Y	0	0	0	0	0	0	0	NA	NA	0
970	L	0	0	0	0	0	0	0	NA	NA	0
971	Q	0	0	0	0	0	0	0	NA	NA	0
972	S	0	0	0	0	0	0	0	NA	NA	0
973	S	0	0	0	0	0	0	0	NA	NA	0
974	Q	0	0	0	0	0	0	0	NA	NA	0
975	V	0	0	0	0	0	0	0	NA	NA	0
976	E	0	0	0	0	0	0	0	NA	NA	0
977	V	0	0	0	0	0	0	0	NA	NA	0
978	R	0	0	0	0	0	0	0	NA	NA	0
979	N	0	0	0	0	0	0	0	NA	NA	0
980	L	0	0	0	0	0	0	0	NA	NA	0
981	Y	0	0	0	0	0	0	0	NA	NA	0
982	L	0	0	0	0	0	0	0	NA	NA	0
983	G	0	0	0	0	0	0	0	NA	NA	0
984	V	0	0	0	0	0	0	0	NA	NA	0
985	P	0	0	0	0	0	0	0	NA	NA	0
986	T	0	0	0	0	0	0	0	NA	NA	0
987	K	0	0	0	0	0	0	0	NA	NA	0
988	T	0	0	0	0	0	0	0	NA	NA	0
989	T	0	0	0	0	0	0	0	NA	NA	0
990	I	0	0	0	0	0	0	0	NA	NA	0
991	T	0	0	0	0	0	0	0	NA	NA	0
992	L	0	0	0	0	0	0	0	NA	NA	0
993	I	0	0	0	0	0	0	0	NA	NA	0
994	N	0	0	0	0	0	0	0	NA	NA	0
995	G	0	0	0	0	0	0	0	NA	NA	0
996	T	0	0	0	0	0	0	0	NA	NA	0
997	L	0	0	0	0	0	0	0	NA	NA	0
998	L	0	0	0	0	0	0	0	NA	NA	0
999	P	0	0	0	0	0	0	0	NA	NA	0
1000	T	0	0	0	0	0	0	0	NA	NA	0
1001	Q	0	0	0	0	0	0	0	NA	NA	0
1002	F	0	0	0	0	0	0	0	NA	NA	0
1003	H	0	0	0	0	0	0	0	NA	NA	0
1004	W	0	0	0	0	0	0	0	NA	NA	0
1005	G	0	0	0	0	0	0	0	NA	NA	0
1006	K	0	0	0	0	0	0	0	NA	NA	0
1007	L	0	0	0	0	0	0	0	NA	NA	0
1008	L	0	0	0	0	0	0	0	NA	NA	0
1009	G	0	0	0	0	0	0	0	NA	NA	0
1010	H	0	0	0	0	0	0	0	NA	NA	0
1011	Q	0	0	0	0	0	0	0	NA	NA	0
1012	A	0	0	0	0	0	0	0	NA	NA	0
1013	E	0	0	0	0	0	0	0	NA	NA	0
1014	F	0	0	0	0	0	0	0	NA	NA	0
1015	C	0	0	0	0	0	0	0	NA	NA	0
1016	M	0	0	0	0	0	0	0	NA	NA	0
1017	V	0	0	0	0	0	0	0	NA	NA	0
1018	T	0	0	0	0	0	0	0	NA	NA	0
1019	V	0	0	0	0	0	0	0	NA	NA	0
1020	S	0	0	0	0	0	0	0	NA	NA	0
1021	P	0	0	0	0	0	0	0	D	NA	0.125
1022	K	0	0	0	0	0	0	0	D	NA	0.25
1023	H	0	0	0	0	0	0	0	D	NA	0.25
1024	G	0	0	0	0	0	0	0	D	NA	0.25
1025	L	0	0	0	0	0	0	0	D	NA	0.25
1026	L	0	0	0	0	0	0	0	D	NA	0.25
1027	G	0	0	0	0	0	0	0	D	NA	0.25
1028	P	0	0	0	0	0	0	0	D	NA	0.125
1029	S	0	0	0	0	0	0	0	D	NA	0
1030	E	0	0	0	0	0	0	0	D	NA	0
1031	E	0	0	0	0	0	0	0	D	NA	0
1032	C	0	0	0	0	0	0	0	D	NA	0
1033	Q	0	0	0	0	0	0	0	D	NA	0
1034	L	0	0	0	0	0	0	0	D	NA	0
1035	K	0	0	0	0	0	0	0	D	NA	0
1036	L	0	0	0	0	0	0	0	D	NA	0
1037	E	0	0	0	0	0	0	0	D	NA	0
1038	L	0	0	0	0	0	0	0	D	NA	0
1039	T	0	0	0	0	0	0	0	D	NA	0
1040	A	0	0	0	0	0	0	0	D	NA	0
1041	H	0	0	0	0	0	0	0	D	NA	0
1042	T	0	0	0	0	0	0	0	D	NA	0
1043	Q	0	0	0	0	0	0	0	D	NA	0
1044	E	0	0	0	0	0	0	0	D	NA	0
1045	E	0	0	0	0	0	0	0	D	NA	0
1046	L	0	0	0	0	0	0	0	D	NA	0
1047	T	0	0	0	0	0	0	0	D	NA	0
1048	H	0	0	0	0	0	0	0	D	NA	0
1049	L	0	0	0	0	0	0	0	NA	NA	0
1050	A	0	0	0	0	0	0	0	NA	NA	0
1051	L	0	0	0	0	0	0	0	NA	NA	0
1052	P	0	0	0	0	0	0	0	NA	NA	0
1053	C	0	0	0	0	0	0	0	NA	NA	0
1054	H	0	0	0	0	0	0	0	NA	NA	0
1055	V	0	0	0	0	0	0	0	NA	NA	0
1056	S	0	0	0	0	0	0	0	NA	NA	0
1057	G	0	0	0	0	0	0	0	D	NA	0
1058	M	0	0	0	0	0	0	0	D	NA	0
1059	K	0	0	0	0	0	0	0	D	NA	0
1060	K	0	0	0	0	0	0	0	D	NA	0
1061	P	0	0	0	0	0	0	0	NA	NA	0
1062	L	0	0	0	0	0	0	0	D	NA	0.125
1063	V	0	0	0	0	0	0	0	D	NA	0.125
1064	L	0	0	0	0	0	0	0	D	NA	0.125
1065	G	0	0	0	0	0	0	0	D	NA	0.125
1066	I	0	0	0	0	0	0	0	D	NA	0.125
1067	S	0	0	0	0	0	0	0	D	NA	0
1068	G	0	0	0	0	0	0	0	D	NA	0
1069	K	0	0	0	0	0	0	0	D	NA	0
1070	P	0	0	0	0	0	0	0	D	NA	0
1071	Q	0	0	0	0	0	0	0	NA	NA	0
1072	G	0	0	0	0	0	0	0	NA	NA	0
1073	L	0	0	0	0	0	0	0	NA	NA	0
1074	Q	0	0	0	0	0	0	0	NA	NA	0
1075	V	0	0	0	0	0	0	0	NA	NA	0
1076	A	0	0	0	0	0	0	0	NA	NA	0
1077	I	0	0	0	0	0	0	0	NA	NA	0
1078	T	0	0	0	0	0	0	0	NA	NA	0
1079	I	0	0	0	0	0	0	0	D	NA	0
1080	S	0	0	0	0	0	0	0	D	NA	0
1081	K	0	0	0	0	0	0	0	D	NA	0
1082	E	0	0	0	0	0	0	0	D	NA	0.125
1083	S	0	0	0	0	0	0	0	D	NA	0.125
1084	S	0	0	0	0	0	0	0	D	NA	0.125
1085	D	0	0	0	0	0	0	0	D	NA	0.25
1086	C	0	0	0	0	0	0	0	D	NA	0.5
1087	S	0	0	0	0	0	0	0	D	NA	0.375
1088	T	0	0	0	0	0	0	0	D	NA	0.5
1089	E	0	0	0	0	0	0	0	D	NA	0.375
1090	Q	0	0	0	0	0	0	0	D	NA	0.5
1091	W	0	0	0	0	0	0	0	D	NA	0.375
1092	P	0	0	0	0	0	0	0	D	NA	0.5
1093	G	0	0	0	0	0	0	0	D	NA	0.125
1094	H	0	0	0	0	0	0	0	D	NA	0.125
1095	P	0	0	0	0	0	0	0	D	NA	0.125
1096	K	0	0	0	0	0	0	0	D	NA	0.125
1097	E	0	0	0	0	0	0	0	D	NA	0.125
1098	L	0	0	0	0	0	0	0	D	NA	0.25
1099	R	0	0	0	0	0	0	0	D	NA	0.125
1100	L	0	0	0	0	0	0	0	D	NA	0.125
1101	D	0	0	0	0	0	0	0	D	NA	0.125
1102	F	0	0	0	0	0	0	0	D	NA	0.125
1103	G	0	0	0	0	0	0	0	D	NA	0.125
1104	S	0	0	0	0	0	0	0	D	NA	0.125
1105	A	0	0	0	0	0	0	0	D	NA	0.125
1106	V	0	0	0	0	0	0	0	D	NA	0.125
1107	P	0	0	0	0	0	0	0	D	NA	0.125
1108	L	0	0	0	0	0	0	0	D	NA	0.125
1109	R	0	0	0	0	0	0	0	D	NA	0.125
1110	T	0	0	0	0	0	0	0	D	NA	0.125
1111	R	0	0	0	0	0	0	0	D	NA	0.125
1112	V	0	0	0	0	0	0	0	D	NA	0.125
1113	T	0	0	0	0	0	0	0	D	NA	0.125
1114	R	0	0	0	0	0	0	0	D	NA	0.125
1115	Q	0	0	0	0	0	0	0	D	NA	0.125
1116	L	0	0	0	0	0	0	0	D	NA	0.125
1117	I	0	0	0	0	0	0	0	D	NA	0.125
1118	L	0	0	0	0	0	0	0	D	NA	0.125
1119	T	0	0	0	0	0	0	0	D	NA	0.125
1120	N	0	0	0	0	0	0	0	D	NA	0.125
1121	R	0	0	0	0	0	0	0	D	NA	0.125
1122	S	0	0	0	0	0	0	0	D	NA	0.125
1123	P	0	0	0	0	0	0	0	D	NA	0.125
1124	I	0	0	0	0	0	0	0	D	NA	0.125
1125	R	0	0	0	0	0	0	0	D	NA	0.125
1126	T	0	0	0	0	0	0	0	D	NA	0.125
1127	R	0	0	0	0	0	0	0	D	NA	0.125
1128	F	0	0	0	0	0	0	0	D	NA	0.125
1129	S	0	0	0	0	0	0	0	D	NA	0.125
1130	L	0	0	0	0	0	0	0	D	NA	0.125
1131	K	0	0	0	0	0	0	0	D	NA	0
1132	F	0	0	0	0	0	0	0	D	NA	0
1133	E	0	0	0	0	0	0	0	D	NA	0
1134	Y	Phosphotyrosine	RFSLKFEYFGSPQNS	EEEEEEEECCCCCCC	0	0	0	0	D	NA	0
1135	F	0	0	0	0	0	0	0	D	NA	0.125
1136	G	0	0	0	0	0	0	0	D	NA	0.125
1137	S	0	0	0	0	0	0	0	D	NA	0.375
1138	P	0	0	0	0	0	0	0	D	NA	0.375
1139	Q	0	0	0	0	0	0	0	D	NA	0.5
1140	N	0	0	0	0	0	0	0	D	NA	0.5
1141	S	Phosphoserine	YFGSPQNSLSKKTSL	ECCCCCCCCCCCCCC	0	0	0	0	D	NA	0.5
1142	L	0	0	0	0	0	0	0	D	NA	0.5
1143	S	0	0	0	0	0	0	0	D	NA	0.75
1144	K	0	0	0	0	0	0	0	D	NA	0.625
1145	K	0	0	0	0	0	0	0	D	NA	0.5
1146	T	0	0	0	0	0	0	0	D	NA	0.625
1147	S	Phosphoserine	NSLSKKTSLPNMPPA	CCCCCCCCCCCCCHH	0	0	0	0	D	NA	0.625
1148	L	0	0	0	0	0	0	0	D	NA	0.5
1149	P	0	0	0	0	0	0	0	D	NA	0.5
1150	N	0	0	0	0	0	0	0	D	NA	0.375
1151	M	0	0	0	0	0	0	0	D	NA	0.25
1152	P	0	0	0	0	0	0	0	D	NA	0
1153	P	0	0	0	0	0	0	0	D	NA	0.25
1154	A	0	0	0	0	0	0	0	D	NA	0.125
1155	L	0	0	0	0	0	0	0	D	NA	0.125
1156	L	0	0	0	0	0	0	0	D	NA	0
1157	K	0	0	0	0	0	0	0	D	NA	0
1158	T	0	0	0	0	0	0	0	D	NA	0
1159	V	0	0	0	0	0	0	0	D	NA	0.25
1160	R	0	0	0	0	0	0	0	D	NA	0.125
1161	M	0	0	0	0	0	0	0	D	NA	0.125
1162	Q	0	0	0	0	0	0	0	D	NA	0
1163	E	0	0	0	0	0	0	0	D	NA	0
1164	H	0	0	0	0	0	0	0	D	NA	0
1165	L	0	0	0	0	0	0	0	D	NA	0
1166	A	0	0	0	0	0	0	0	D	NA	0
1167	K	0	0	0	0	0	0	0	D	NA	0
1168	R	0	0	0	0	0	0	0	D	NA	0
1169	E	0	0	0	0	0	0	0	D	NA	0
1170	Q	0	0	0	0	0	0	0	D	NA	0
1171	L	0	0	0	0	0	0	0	D	NA	0
1172	D	0	0	0	0	0	0	0	D	NA	0
1173	F	0	0	0	0	0	0	0	D	NA	0
1174	M	0	0	0	0	0	0	0	D	NA	0
1175	E	0	0	0	0	0	0	0	D	NA	0
1176	S	0	0	0	0	0	0	0	D	NA	0
1177	M	0	0	0	0	0	0	0	D	NA	0
1178	L	0	0	0	0	0	0	0	D	NA	0.125
1179	S	0	0	0	0	0	0	0	D	NA	0.125
1180	H	0	0	0	0	0	0	0	D	NA	0.125
1181	G	0	0	0	0	0	0	0	D	NA	0.125
1182	K	0	0	0	0	0	0	0	D	NA	0.125
1183	G	0	0	0	0	0	0	0	D	NA	0.125
1184	A	0	0	0	0	0	0	0	D	NA	0.125
1185	A	0	0	0	0	0	0	0	D	NA	0.125
1186	F	0	0	0	0	0	0	0	D	NA	0.25
1187	F	0	0	0	0	0	0	0	D	NA	0.25
1188	P	0	0	0	0	0	0	0	D	NA	0.25
1189	H	0	0	0	0	0	0	0	D	NA	0.25
1190	F	0	0	0	0	0	0	0	D	NA	0.25
1191	S	0	0	0	0	0	0	0	D	NA	0.25
1192	Q	0	0	0	0	0	0	0	D	NA	0.125
1193	G	0	0	0	0	0	0	0	D	NA	0.125
1194	M	0	0	0	0	0	0	0	D	NA	0.125
1195	L	0	0	0	0	0	0	0	D	NA	0.125
1196	G	0	0	0	0	0	0	0	D	NA	0.125
1197	P	0	0	0	0	0	0	0	NA	NA	0
1198	Y	0	0	0	0	0	0	0	NA	NA	0
1199	Q	0	0	0	0	0	0	0	NA	NA	0
1200	Q	0	0	0	0	0	0	0	NA	NA	0
1201	L	0	0	0	0	0	0	0	NA	NA	0
1202	C	0	0	0	0	0	0	0	NA	NA	0
1203	I	0	0	0	0	0	0	0	NA	NA	0
1204	D	0	0	0	0	0	0	0	NA	NA	0
1205	I	0	0	0	0	0	0	0	NA	NA	0
1206	T	0	0	0	0	0	0	0	NA	NA	0
1207	G	0	0	0	0	0	0	0	NA	NA	0
1208	C	0	0	0	0	0	0	0	NA	NA	0
1209	A	0	0	0	0	0	0	0	NA	NA	0
1210	N	0	0	0	0	0	0	0	NA	NA	0
1211	M	0	0	0	0	0	0	0	NA	NA	0
1212	W	0	0	0	0	0	0	0	NA	NA	0
1213	G	0	0	0	0	0	0	0	NA	NA	0
1214	E	0	0	0	0	0	0	0	NA	NA	0
1215	Y	0	0	0	0	0	0	0	NA	NA	0
1216	W	0	0	0	0	0	0	0	NA	NA	0
1217	D	0	0	0	0	0	0	0	NA	NA	0
1218	N	0	0	0	0	0	0	0	NA	NA	0
1219	L	0	0	0	0	0	0	0	NA	NA	0
1220	I	0	0	0	0	0	0	0	NA	NA	0
1221	C	0	0	0	0	0	0	0	NA	NA	0
1222	T	0	0	0	0	0	0	0	NA	NA	0
1223	V	0	0	0	0	0	0	0	NA	NA	0
1224	G	0	0	0	0	0	0	0	NA	NA	0
1225	D	0	0	0	0	0	0	0	NA	NA	0
1226	L	0	0	0	0	0	0	0	NA	NA	0
1227	L	0	0	0	0	0	0	0	NA	NA	0
1228	P	0	0	0	0	0	0	0	NA	NA	0
1229	E	0	0	0	0	0	0	0	NA	NA	0
1230	V	0	0	0	0	0	0	0	NA	NA	0
1231	I	0	0	0	0	0	0	0	NA	NA	0
1232	P	0	0	0	0	0	0	0	NA	NA	0
1233	V	0	0	0	0	0	0	0	NA	NA	0
1234	H	0	0	0	0	0	0	0	NA	NA	0
1235	M	0	0	0	0	0	0	0	NA	NA	0
1236	A	0	0	0	0	0	0	0	NA	NA	0
1237	A	0	0	0	0	0	0	0	NA	NA	0
1238	V	0	0	0	0	0	0	0	NA	NA	0
1239	G	0	0	0	0	0	0	0	NA	NA	0
1240	C	0	0	0	0	0	0	0	NA	NA	0
1241	P	0	0	0	0	0	0	0	NA	NA	0
1242	I	0	0	0	0	0	0	0	NA	NA	0
1243	S	0	0	0	0	0	0	0	NA	NA	0
1244	S	0	0	0	0	0	0	0	NA	NA	0
1245	L	0	0	0	0	0	0	0	NA	NA	0
1246	R	0	0	0	0	0	0	0	NA	NA	0
1247	T	0	0	0	0	0	0	0	NA	NA	0
1248	T	0	0	0	0	0	0	0	NA	NA	0
1249	S	0	0	0	0	0	0	0	NA	NA	0
1250	Y	0	0	0	0	0	0	0	NA	NA	0
1251	T	0	0	0	0	0	0	0	NA	NA	0
1252	I	0	0	0	0	0	0	0	NA	NA	0
1253	D	0	0	0	0	0	0	0	NA	NA	0
1254	Q	0	0	0	0	0	0	0	NA	NA	0
1255	A	0	0	0	0	0	0	0	D	NA	0
1256	Q	0	0	0	0	0	0	0	D	NA	0.125
1257	K	0	0	0	0	0	0	0	D	NA	0.125
1258	E	0	0	0	0	0	0	0	D	NA	0.125
1259	P	0	0	0	0	0	0	0	D	NA	0.125
1260	A	0	0	0	0	0	0	0	D	NA	0.125
1261	M	0	0	0	0	0	0	0	D	NA	0.375
1262	R	0	0	0	0	0	0	0	D	NA	0.375
1263	F	0	0	0	0	0	0	0	D	NA	0.375
1264	G	0	0	0	0	0	0	0	D	NA	0.5
1265	T	0	0	0	0	0	0	0	D	NA	0.5
1266	Q	0	0	0	0	0	0	0	D	NA	0.625
1267	V	0	0	0	0	0	0	0	D	NA	0.625
1268	S	0	0	0	0	0	0	0	D	NA	0.375
1269	G	0	0	0	0	0	0	0	D	NA	0.25
1270	G	0	0	0	0	0	0	0	D	NA	0.25
1271	D	0	0	0	0	0	0	0	D	NA	0.25
1272	T	0	0	0	0	0	0	0	D	NA	0.25
1273	V	0	0	0	0	0	0	0	D	NA	0.125
1274	T	0	0	0	0	0	0	0	D	NA	0.25
1275	R	0	0	0	0	0	0	0	D	NA	0.5
1276	T	0	0	0	0	0	0	0	D	NA	0.25
1277	L	0	0	0	0	0	0	0	D	NA	0.25
1278	R	0	0	0	0	0	0	0	D	NA	0.25
1279	L	0	0	0	0	0	0	0	D	NA	0.125
1280	N	0	0	0	0	0	0	0	D	NA	0.25
1281	N	0	0	0	0	0	0	0	D	NA	0.25
1282	S	0	0	0	0	0	0	0	D	NA	0.25
1283	S	0	0	0	0	0	0	0	D	NA	0.25
1284	P	0	0	0	0	0	0	0	D	NA	0.125
1285	C	0	0	0	0	0	0	0	D	NA	0.125
1286	D	0	0	0	0	0	0	0	D	NA	0.125
1287	I	0	0	0	0	0	0	0	D	NA	0.125
1288	R	0	0	0	0	0	0	0	D	NA	0.125
1289	L	0	0	0	0	0	0	0	D	NA	0.125
1290	D	0	0	0	0	0	0	0	D	NA	0.125
1291	W	0	0	0	0	0	0	0	D	NA	0.125
1292	E	0	0	0	0	0	0	0	NA	NA	0
1293	T	0	0	0	0	0	0	0	D	NA	0.125
1294	Y	0	0	0	0	0	0	0	D	NA	0.125
1295	V	0	0	0	0	0	0	0	D	NA	0.125
1296	P	0	0	0	0	0	0	0	D	NA	0.125
1297	E	0	0	0	0	0	0	0	NA	NA	0
1298	D	0	0	0	0	0	0	0	NA	NA	0
1299	K	0	0	0	0	0	0	0	NA	NA	0
1300	E	0	0	0	0	0	0	0	NA	NA	0
1301	D	0	0	0	0	0	0	0	NA	NA	0
1302	R	0	0	0	0	0	0	0	NA	NA	0
1303	L	0	0	0	0	0	0	0	NA	NA	0
1304	V	0	0	0	0	0	0	0	NA	NA	0
1305	E	0	0	0	0	0	0	0	NA	NA	0
1306	L	0	0	0	0	0	0	0	NA	NA	0
1307	L	0	0	0	0	0	0	0	NA	NA	0
1308	V	0	0	0	0	0	0	0	NA	NA	0
1309	F	0	0	0	0	0	0	0	NA	NA	0
1310	Y	0	0	0	0	0	0	0	NA	NA	0
1311	G	0	0	0	0	0	0	0	NA	NA	0
1312	P	0	0	0	0	0	0	0	D	NA	0.25
1313	P	0	0	0	0	0	0	0	D	NA	0.25
1314	F	0	0	0	0	0	0	0	D	NA	0.25
1315	P	0	0	0	0	0	0	0	D	NA	0.25
1316	L	0	0	0	0	0	0	0	D	NA	0.25
1317	R	0	0	0	0	0	0	0	D	NA	0.25
1318	D	0	0	0	0	0	0	0	D	NA	0.25
1319	Q	0	0	0	0	0	0	0	D	NA	0.25
1320	A	0	0	0	0	0	0	0	D	NA	0.375
1321	G	0	0	0	0	0	0	0	D	NA	0.5
1322	N	0	0	0	0	0	0	0	D	NA	0.5
1323	E	0	0	0	0	0	0	0	D	NA	0.375
1324	L	0	0	0	0	0	0	0	D	NA	0.25
1325	V	0	0	0	0	0	0	0	D	NA	0.375
1326	C	0	0	0	0	0	0	0	D	NA	0.25
1327	P	0	0	0	0	0	0	0	D	NA	0.25
1328	D	0	0	0	0	0	0	0	D	NA	0.25
1329	T	0	0	0	0	0	0	0	D	NA	0.25
1330	P	0	0	0	0	0	0	0	D	NA	0.25
1331	E	0	0	0	0	0	0	0	D	NA	0.25
1332	G	0	0	0	0	0	0	0	D	NA	0.25
1333	G	0	0	0	0	0	0	0	D	NA	0.25
1334	C	0	0	0	0	0	0	0	D	NA	0.25
1335	L	0	0	0	0	0	0	0	D	NA	0.375
1336	L	0	0	0	0	0	0	0	D	NA	0.375
1337	W	0	0	0	0	0	0	0	D	NA	0.5
1338	S	0	0	0	0	0	0	0	D	NA	0.5
1339	P	0	0	0	0	0	0	0	D	D_WC	0.625
1340	G	0	0	0	0	0	0	0	D	D_WC	0.75
1341	P	0	0	0	0	0	0	0	D	D_WC	0.75
1342	S	0	0	0	0	0	0	0	D	D_WC	0.75
1343	S	0	0	0	0	0	0	0	D	D_WC	0.75
1344	S	0	0	0	0	0	0	0	D	D_WC	0.75
1345	S	0	0	0	0	0	0	0	D	D_WC	0.75
1346	E	0	0	0	0	0	0	0	D	D_WC	0.75
1347	F	0	0	0	0	0	0	0	D	D_WC	0.75
1348	S	0	0	0	0	0	0	0	D	D_WC	0.75
1349	H	0	0	0	0	0	0	0	D	D_WC	0.75
1350	E	0	0	0	0	0	0	0	D	D_WC	0.75
1351	T	0	0	0	0	0	0	0	D	D_WC	0.75
1352	D	0	0	0	0	0	0	0	D	D_WC	0.75
1353	S	0	0	0	0	0	0	0	D	D_WC	0.75
1354	S	Phosphoserine	FSHETDSSVEGSSSA	CCCCCCCCCCCCCHH	0	0	0	0	D	D_WC	0.875
1355	V	0	0	0	0	0	0	0	D	D_WC	0.875
1356	E	0	0	0	0	0	0	0	D	D_WC	0.875
1357	G	0	0	0	0	0	0	0	D	D_WC	0.875
1358	S	0	0	0	0	0	0	0	D	D_WC	0.875
1359	S	0	0	0	0	0	0	0	D	D_WC	0.75
1360	S	0	0	0	0	0	0	0	D	D_WC	0.75
1361	A	0	0	0	0	0	0	0	D	NA	0.5
1362	S	0	0	0	0	0	0	0	D	NA	0.5
1363	N	0	0	0	0	0	0	0	D	NA	0.125
1364	R	0	0	0	0	0	0	0	D	NA	0.125
1365	V	0	0	0	0	0	0	0	D	NA	0
1366	A	0	0	0	0	0	0	0	D	NA	0
1367	Q	0	0	0	0	0	0	0	D	NA	0
1368	K	0	0	0	0	0	0	0	D	NA	0
1369	L	0	0	0	0	0	0	0	D	NA	0
1370	I	0	0	0	0	0	0	0	NA	NA	0
1371	S	0	0	0	0	0	0	0	NA	NA	0
1372	V	0	0	0	0	0	0	0	NA	NA	0
1373	I	0	0	0	0	0	0	0	NA	NA	0
1374	L	0	0	0	0	0	0	0	NA	NA	0
1375	Q	0	0	0	0	0	0	0	NA	NA	0
1376	A	0	0	0	0	0	0	0	NA	NA	0
1377	H	0	0	0	0	0	0	0	NA	NA	0
1378	E	0	0	0	0	0	0	0	D	NA	0.125
1379	G	0	0	0	0	0	0	0	D	NA	0.125
1380	V	0	0	0	0	0	0	0	D	NA	0.125
1381	P	0	0	0	0	0	0	0	D	NA	0.125
1382	S	0	0	0	0	0	0	0	D	NA	0.125
1383	G	0	0	0	0	0	0	0	D	NA	0.125
1384	H	0	0	0	0	0	0	0	D	NA	0.125
1385	L	0	0	0	0	0	0	0	NA	NA	0
1386	Y	0	0	0	0	0	0	0	NA	NA	0
1387	C	0	0	0	0	0	0	0	NA	NA	0
1388	I	0	0	0	0	0	0	0	NA	NA	0
1389	S	0	0	0	0	0	0	0	NA	NA	0
1390	P	0	0	0	0	0	0	0	NA	NA	0
1391	K	0	0	0	0	0	0	0	NA	NA	0
1392	Q	0	0	0	0	0	0	0	NA	NA	0
1393	V	0	0	0	0	0	0	0	NA	NA	0
1394	V	0	0	0	0	0	0	0	NA	NA	0
1395	V	0	0	0	0	0	0	0	NA	NA	0
1396	P	0	0	0	0	0	0	0	D	NA	0.125
1397	A	0	0	0	0	0	0	0	D	NA	0.125
1398	G	0	0	0	0	0	0	0	D	NA	0.125
1399	G	0	0	0	0	0	0	0	D	NA	0.125
1400	S	0	0	0	0	0	0	0	D	NA	0.125
1401	S	0	0	0	0	0	0	0	NA	NA	0
1402	T	0	0	0	0	0	0	0	NA	NA	0
1403	I	0	0	0	0	0	0	0	NA	NA	0
1404	Y	0	0	0	0	0	0	0	NA	NA	0
1405	I	0	0	0	0	0	0	0	NA	NA	0
1406	S	0	0	0	0	0	0	0	NA	NA	0
1407	F	0	0	0	0	0	0	0	NA	NA	0
1408	T	0	0	0	0	0	0	0	NA	NA	0
1409	P	0	0	0	0	0	0	0	NA	NA	0
1410	M	0	0	0	0	0	0	0	NA	NA	0
1411	V	0	0	0	0	0	0	0	NA	NA	0
1412	L	0	0	0	0	0	0	0	NA	NA	0
1413	S	0	0	0	0	0	0	0	NA	NA	0
1414	P	0	0	0	0	0	0	0	NA	NA	0
1415	E	0	0	0	0	0	0	0	NA	NA	0
1416	I	0	0	0	0	0	0	0	NA	NA	0
1417	L	0	0	0	0	0	0	0	NA	NA	0
1418	H	0	0	0	0	0	0	0	NA	NA	0
1419	K	0	0	0	0	0	0	0	NA	NA	0
1420	V	0	0	0	0	0	0	0	NA	NA	0
1421	E	0	0	0	0	0	0	0	NA	NA	0
1422	C	0	0	0	0	0	0	0	NA	NA	0
1423	T	0	0	0	0	0	0	0	NA	NA	0
1424	G	0	0	0	0	0	0	0	NA	NA	0
1425	Y	0	0	0	0	0	0	0	NA	NA	0
1426	A	0	0	0	0	0	0	0	NA	NA	0
1427	L	0	0	0	0	0	0	0	NA	NA	0
1428	G	0	0	0	0	0	0	0	NA	NA	0
1429	F	0	0	0	0	0	0	0	NA	NA	0
1430	M	0	0	0	0	0	0	0	NA	NA	0
1431	S	0	0	0	0	0	0	0	NA	NA	0
1432	L	0	0	0	0	0	0	0	NA	NA	0
1433	D	0	0	0	0	0	0	0	NA	NA	0
1434	S	0	0	0	0	0	0	0	NA	NA	0
1435	K	0	0	0	0	0	0	0	NA	NA	0
1436	V	0	0	0	0	0	0	0	D	NA	0
1437	E	0	0	0	0	0	0	0	D	NA	0
1438	R	0	0	0	0	0	0	0	D	NA	0
1439	E	0	0	0	0	0	0	0	D	NA	0
1440	I	0	0	0	0	0	0	0	D	NA	0
1441	P	0	0	0	0	0	0	0	D	NA	0
1442	G	0	0	0	0	0	0	0	D	NA	0
1443	K	0	0	0	0	0	0	0	D	NA	0.25
1444	R	0	0	0	0	0	0	0	D	NA	0.125
1445	H	0	0	0	0	0	0	0	D	NA	0.125
1446	R	0	0	0	0	0	0	0	D	NA	0.125
1447	L	0	0	0	0	0	0	0	D	NA	0.125
1448	Q	0	0	0	0	0	0	0	D	NA	0.125
1449	D	0	0	0	0	0	0	0	D	NA	0.125
1450	F	0	0	0	0	0	0	0	D	NA	0.125
1451	A	0	0	0	0	0	0	0	D	NA	0.125
1452	V	0	0	0	0	0	0	0	NA	NA	0
1453	G	0	0	0	0	0	0	0	NA	NA	0
1454	P	0	0	0	0	0	0	0	D	NA	0.125
1455	L	0	0	0	0	0	0	0	NA	NA	0
1456	K	0	0	0	0	0	0	0	NA	NA	0
1457	L	0	0	0	0	0	0	0	NA	NA	0
1458	D	0	0	0	0	0	0	0	NA	NA	0
1459	L	0	0	0	0	0	0	0	NA	NA	0
1460	H	0	0	0	0	0	0	0	NA	NA	0
1461	S	0	0	0	0	0	0	0	NA	NA	0
1462	Y	0	0	0	0	0	0	0	NA	NA	0
1463	V	0	0	0	0	0	0	0	NA	NA	0
1464	R	0	0	0	0	0	0	0	NA	NA	0
1465	P	0	0	0	0	0	0	0	NA	NA	0
1466	A	0	0	0	0	0	0	0	NA	NA	0
1467	Q	0	0	0	0	0	0	0	NA	NA	0
1468	L	0	0	0	0	0	0	0	NA	NA	0
1469	S	0	0	0	0	0	0	0	NA	NA	0
1470	V	0	0	0	0	0	0	0	NA	NA	0
1471	E	0	0	0	0	0	0	0	NA	NA	0
1472	L	0	0	0	0	0	0	0	NA	NA	0
1473	D	0	0	0	0	0	0	0	NA	NA	0
1474	Y	0	0	0	0	0	0	0	D	NA	0.125
1475	G	0	0	0	0	0	0	0	D	NA	0.125
1476	G	0	0	0	0	0	0	0	D	NA	0.125
1477	S	0	0	0	0	0	0	0	NA	NA	0
1478	M	0	0	0	0	0	0	0	NA	NA	0
1479	E	0	0	0	0	0	0	0	NA	NA	0
1480	F	0	0	0	0	0	0	0	NA	NA	0
1481	Q	0	0	0	0	0	0	0	NA	NA	0
1482	C	0	0	0	0	0	0	0	NA	NA	0
1483	Q	0	0	0	0	0	0	0	NA	NA	0
1484	A	0	0	0	0	0	0	0	NA	NA	0
1485	S	0	0	0	0	0	0	0	NA	NA	0
1486	D	0	0	0	0	0	0	0	NA	NA	0
1487	L	0	0	0	0	0	0	0	NA	NA	0
1488	I	0	0	0	0	0	0	0	NA	NA	0
1489	P	0	0	0	0	0	0	0	NA	NA	0
1490	E	0	0	0	0	0	0	0	NA	NA	0
1491	Q	0	0	0	0	0	0	0	NA	NA	0
1492	P	0	0	0	0	0	0	0	NA	NA	0
1493	C	0	0	0	0	0	0	0	NA	NA	0
1494	S	0	0	0	0	0	0	0	NA	NA	0
1495	G	0	0	0	0	0	0	0	NA	NA	0
1496	V	0	0	0	0	0	0	0	NA	NA	0
1497	L	0	0	0	0	0	0	0	NA	NA	0
1498	S	0	0	0	0	0	0	0	NA	NA	0
1499	E	0	0	0	0	0	0	0	NA	NA	0
1500	L	0	0	0	0	0	0	0	NA	NA	0
1501	V	0	0	0	0	0	0	0	NA	NA	0
1502	T	0	0	0	0	0	0	0	NA	NA	0
1503	T	0	0	0	0	0	0	0	NA	NA	0
1504	H	0	0	0	0	0	0	0	NA	NA	0
1505	H	0	0	0	0	0	0	0	NA	NA	0
1506	L	0	0	0	0	0	0	0	NA	NA	0
1507	K	0	0	0	0	0	0	0	NA	NA	0
1508	L	0	0	0	0	0	0	0	NA	NA	0
1509	T	0	0	0	0	0	0	0	D	NA	0.25
1510	N	0	0	0	0	0	0	0	D	NA	0.25
1511	T	0	0	0	0	0	0	0	D	NA	0.25
1512	T	0	0	0	0	0	0	0	D	NA	0.25
1513	E	0	0	0	0	0	0	0	D	NA	0.25
1514	I	0	0	0	0	0	0	0	D	NA	0.25
1515	P	0	0	0	0	0	0	0	NA	NA	0
1516	H	0	0	0	0	0	0	0	NA	NA	0
1517	Y	0	0	0	0	0	0	0	NA	NA	0
1518	F	0	0	0	0	0	0	0	NA	NA	0
1519	R	0	0	0	0	0	0	0	NA	NA	0
1520	L	0	0	0	0	0	0	0	NA	NA	0
1521	M	0	0	0	0	0	0	0	NA	NA	0
1522	V	0	0	0	0	0	0	0	NA	NA	0
1523	S	0	0	0	0	0	0	0	D	NA	0.125
1524	R	0	0	0	0	0	0	0	D	NA	0.125
1525	P	0	0	0	0	0	0	0	D	NA	0.25
1526	F	0	0	0	0	0	0	0	D	NA	0.25
1527	S	0	0	0	0	0	0	0	D	NA	0.25
1528	V	0	0	0	0	0	0	0	D	NA	0.375
1529	S	0	0	0	0	0	0	0	D	D_PA	0.75
1530	Q	0	0	0	0	0	0	0	D	D_PA	0.75
1531	D	0	0	0	0	0	0	0	D	D_PA	0.75
1532	G	0	0	0	0	0	0	0	D	D_PA	0.75
1533	A	0	0	0	0	0	0	0	D	D_PA	0.75
1534	S	0	0	0	0	0	0	0	D	D_PA	0.75
1535	Q	0	0	0	0	0	0	0	D	D_PA	0.75
1536	D	0	0	0	0	0	0	0	D	D_PA	0.75
1537	H	0	0	0	0	0	0	0	D	D_PA	0.75
1538	R	0	0	0	0	0	0	0	D	D_PA	0.75
1539	A	0	0	0	0	0	0	0	D	D_PA	0.875
1540	P	0	0	0	0	0	0	0	D	D_PA	0.875
1541	G	0	0	0	0	0	0	0	D	D_PA	0.875
1542	P	0	0	0	0	0	0	0	D	D_PA	0.75
1543	G	0	0	0	0	0	0	0	D	D_PA	0.75
1544	Q	0	0	0	0	0	0	0	D	D_PA	0.75
1545	K	0	0	0	0	0	0	0	D	D_PA	0.75
1546	Q	0	0	0	0	0	0	0	D	D_PA	0.625
1547	E	0	0	0	0	0	0	0	D	D_PA	0.625
1548	C	0	0	0	0	0	0	0	D	D_PA	0.625
1549	E	0	0	0	0	0	0	0	D	D_PA	0.625
1550	E	0	0	0	0	0	0	0	D	D_PA	0.625
1551	E	0	0	0	0	0	0	0	D	D_PA	0.625
1552	T	0	0	0	0	0	0	0	D	D_PA	0.625
1553	A	0	0	0	0	0	0	0	D	D_PA	0.625
1554	S	0	0	0	0	0	0	0	D	NA	0.375
1555	A	0	0	0	0	0	0	0	D	NA	0.25
1556	D	0	0	0	0	0	0	0	D	NA	0.125
1557	K	0	0	0	0	0	0	0	D	NA	0
1558	Q	0	0	0	0	0	0	0	D	NA	0
1559	L	0	0	0	0	0	0	0	D	NA	0
1560	V	0	0	0	0	0	0	0	D	NA	0
1561	L	0	0	0	0	0	0	0	D	NA	0
1562	Q	0	0	0	0	0	0	0	D	NA	0
1563	A	0	0	0	0	0	0	0	D	NA	0
1564	Q	0	0	0	0	0	0	0	D	NA	0
1565	E	0	0	0	0	0	0	0	D	NA	0
1566	N	0	0	0	0	0	0	0	NA	NA	0
1567	M	0	0	0	0	0	0	0	NA	NA	0
1568	L	0	0	0	0	0	0	0	NA	NA	0
1569	V	0	0	0	0	0	0	0	D	NA	0
1570	N	0	0	0	0	0	0	0	D	NA	0
1571	V	0	0	0	0	0	0	0	NA	NA	0
1572	S	0	0	0	0	0	0	0	NA	NA	0
1573	F	0	0	0	0	0	0	0	NA	NA	0
1574	S	0	0	0	0	0	0	0	NA	NA	0
1575	L	0	0	0	0	0	0	0	NA	NA	0
1576	S	0	0	0	0	0	0	0	NA	NA	0
1577	L	0	0	0	0	0	0	0	NA	NA	0
1578	E	0	0	0	0	0	0	0	NA	NA	0
1579	L	0	0	0	0	0	0	0	NA	NA	0
1580	L	0	0	0	0	0	0	0	NA	NA	0
1581	S	0	0	0	0	0	0	0	NA	NA	0
1582	Y	0	0	0	0	0	0	0	NA	NA	0
1583	Q	0	0	0	0	0	0	0	NA	NA	0
1584	K	0	0	0	0	0	0	0	D	NA	0.25
1585	L	0	0	0	0	0	0	0	D	NA	0.25
1586	P	0	0	0	0	0	0	0	D	NA	0.25
1587	A	0	0	0	0	0	0	0	D	NA	0.25
1588	D	0	0	0	0	0	0	0	D	NA	0.25
1589	Q	0	0	0	0	0	0	0	D	NA	0.25
1590	T	0	0	0	0	0	0	0	D	NA	0.25
1591	L	0	0	0	0	0	0	0	D	NA	0.25
1592	P	0	0	0	0	0	0	0	D	NA	0.25
1593	G	0	0	0	0	0	0	0	D	NA	0.375
1594	V	0	0	0	0	0	0	0	D	NA	0.25
1595	D	0	0	0	0	0	0	0	D	NA	0.25
1596	I	0	0	0	0	0	0	0	D	NA	0.375
1597	Q	0	0	0	0	0	0	0	D	NA	0.25
1598	Q	0	0	0	0	0	0	0	D	NA	0.25
1599	S	0	0	0	0	0	0	0	D	NA	0.25
1600	A	0	0	0	0	0	0	0	D	NA	0.25
1601	S	0	0	0	0	0	0	0	D	NA	0.125
1602	G	0	0	0	0	0	0	0	D	NA	0
1603	E	0	0	0	0	0	0	0	D	NA	0
1604	R	0	0	0	0	0	0	0	NA	NA	0
1605	E	0	0	0	0	0	0	0	NA	NA	0
1606	M	0	0	0	0	0	0	0	NA	NA	0
1607	V	0	0	0	0	0	0	0	NA	NA	0
1608	F	0	0	0	0	0	0	0	NA	NA	0
1609	T	0	0	0	0	0	0	0	NA	NA	0
1610	Q	0	0	0	0	0	0	0	NA	NA	0
1611	N	0	0	0	0	0	0	0	NA	NA	0
1612	L	0	0	0	0	0	0	0	NA	NA	0
1613	L	0	0	0	0	0	0	0	NA	NA	0
1614	L	0	0	0	0	0	0	0	NA	NA	0
1615	E	0	0	0	0	0	0	0	NA	NA	0
1616	Y	0	0	0	0	0	0	0	NA	NA	0
1617	T	0	0	0	0	0	0	0	NA	NA	0
1618	N	0	0	0	0	0	0	0	NA	NA	0
1619	Q	0	0	0	0	0	0	0	NA	NA	0
1620	T	0	0	0	0	0	0	0	NA	NA	0
1621	T	0	0	0	0	0	0	0	NA	NA	0
1622	Q	0	0	0	0	0	0	0	NA	NA	0
1623	V	0	0	0	0	0	0	0	NA	NA	0
1624	V	0	0	0	0	0	0	0	NA	NA	0
1625	P	0	0	0	0	0	0	0	NA	NA	0
1626	L	0	0	0	0	0	0	0	NA	NA	0
1627	R	0	0	0	0	0	0	0	NA	NA	0
1628	A	0	0	0	0	0	0	0	NA	NA	0
1629	V	0	0	0	0	0	0	0	NA	NA	0
1630	V	0	0	0	0	0	0	0	NA	NA	0
1631	A	0	0	0	0	0	0	0	NA	NA	0
1632	V	0	0	0	0	0	0	0	NA	NA	0
1633	P	0	0	0	0	0	0	0	NA	NA	0
1634	E	0	0	0	0	0	0	0	NA	NA	0
1635	L	0	0	0	0	0	0	0	NA	NA	0
1636	Q	0	0	0	0	0	0	0	NA	NA	0
1637	L	0	0	0	0	0	0	0	D	NA	0.125
1638	S	0	0	0	0	0	0	0	D	NA	0.125
1639	T	0	0	0	0	0	0	0	D	NA	0.125
1640	S	0	0	0	0	0	0	0	D	NA	0.125
1641	W	0	0	0	0	0	0	0	D	NA	0.125
1642	V	0	0	0	0	0	0	0	NA	NA	0
1643	D	0	0	0	0	0	0	0	NA	NA	0
1644	F	0	0	0	0	0	0	0	NA	NA	0
1645	G	0	0	0	0	0	0	0	NA	NA	0
1646	T	0	0	0	0	0	0	0	NA	NA	0
1647	C	0	0	0	0	0	0	0	NA	NA	0
1648	F	0	0	0	0	0	0	0	NA	NA	0
1649	V	0	0	0	0	0	0	0	NA	NA	0
1650	S	0	0	0	0	0	0	0	NA	NA	0
1651	Q	0	0	0	0	0	0	0	D	NA	0.125
1652	Q	0	0	0	0	0	0	0	D	NA	0.125
1653	R	0	0	0	0	0	0	0	D	NA	0.125
1654	V	0	0	0	0	0	0	0	NA	NA	0
1655	R	0	0	0	0	0	0	0	NA	NA	0
1656	E	0	0	0	0	0	0	0	NA	NA	0
1657	V	0	0	0	0	0	0	0	NA	NA	0
1658	Y	0	0	0	0	0	0	0	NA	NA	0
1659	L	0	0	0	0	0	0	0	NA	NA	0
1660	M	0	0	0	0	0	0	0	NA	NA	0
1661	N	0	0	0	0	0	0	0	NA	NA	0
1662	L	0	0	0	0	0	0	0	NA	NA	0
1663	S	0	0	0	0	0	0	0	NA	NA	0
1664	G	0	0	0	0	0	0	0	NA	NA	0
1665	C	0	0	0	0	0	0	0	NA	NA	0
1666	R	0	0	0	0	0	0	0	NA	NA	0
1667	S	0	0	0	0	0	0	0	NA	NA	0
1668	Y	0	0	0	0	0	0	0	NA	NA	0
1669	W	0	0	0	0	0	0	0	NA	NA	0
1670	T	0	0	0	0	0	0	0	NA	NA	0
1671	M	0	0	0	0	0	0	0	NA	NA	0
1672	L	0	0	0	0	0	0	0	NA	NA	0
1673	M	0	0	0	0	0	0	0	NA	NA	0
1674	G	0	0	0	0	0	0	0	NA	NA	0
1675	Q	0	0	0	0	0	0	0	NA	NA	0
1676	Q	0	0	0	0	0	0	0	NA	NA	0
1677	E	0	0	0	0	0	0	0	NA	NA	0
1678	P	0	0	0	0	0	0	0	D	NA	0.125
1679	A	0	0	0	0	0	0	0	D	NA	0.125
1680	K	0	0	0	0	0	0	0	NA	NA	0
1681	A	0	0	0	0	0	0	0	NA	NA	0
1682	A	0	0	0	0	0	0	0	NA	NA	0
1683	V	0	0	0	0	0	0	0	NA	NA	0
1684	A	0	0	0	0	0	0	0	NA	NA	0
1685	F	0	0	0	0	0	0	0	NA	NA	0
1686	R	0	0	0	0	0	0	0	NA	NA	0
1687	V	0	0	0	0	0	0	0	NA	NA	0
1688	S	0	0	0	0	0	0	0	NA	NA	0
1689	P	0	0	0	0	0	0	0	NA	NA	0
1690	N	0	0	0	0	0	0	0	NA	NA	0
1691	S	0	0	0	0	0	0	0	D	NA	0
1692	G	0	0	0	0	0	0	0	D	NA	0
1693	L	0	0	0	0	0	0	0	D	NA	0.125
1694	L	0	0	0	0	0	0	0	D	NA	0.25
1695	E	0	0	0	0	0	0	0	D	NA	0.25
1696	A	0	0	0	0	0	0	0	D	NA	0.375
1697	R	0	0	0	0	0	0	0	D	NA	0.375
1698	S	0	0	0	0	0	0	0	D	NA	0.25
1699	A	0	0	0	0	0	0	0	D	NA	0.25
1700	N	0	0	0	0	0	0	0	D	NA	0.25
1701	A	0	0	0	0	0	0	0	D	NA	0.25
1702	P	0	0	0	0	0	0	0	D	NA	0.125
1703	P	0	0	0	0	0	0	0	D	NA	0.125
1704	T	0	0	0	0	0	0	0	D	NA	0.125
1705	S	0	0	0	0	0	0	0	NA	NA	0
1706	I	0	0	0	0	0	0	0	NA	NA	0
1707	A	0	0	0	0	0	0	0	NA	NA	0
1708	L	0	0	0	0	0	0	0	NA	NA	0
1709	Q	0	0	0	0	0	0	0	NA	NA	0
1710	V	0	0	0	0	0	0	0	NA	NA	0
1711	F	0	0	0	0	0	0	0	NA	NA	0
1712	F	0	0	0	0	0	0	0	NA	NA	0
1713	T	0	0	0	0	0	0	0	NA	NA	0
1714	A	0	0	0	0	0	0	0	NA	NA	0
1715	R	0	0	0	0	0	0	0	NA	NA	0
1716	S	0	0	0	0	0	0	0	NA	NA	0
1717	S	0	0	0	0	0	0	0	NA	NA	0
1718	E	0	0	0	0	0	0	0	NA	NA	0
1719	L	0	0	0	0	0	0	0	NA	NA	0
1720	Y	0	0	0	0	0	0	0	NA	NA	0
1721	E	0	0	0	0	0	0	0	NA	NA	0
1722	S	0	0	0	0	0	0	0	NA	NA	0
1723	T	0	0	0	0	0	0	0	NA	NA	0
1724	M	0	0	0	0	0	0	0	NA	NA	0
1725	V	0	0	0	0	0	0	0	NA	NA	0
1726	V	0	0	0	0	0	0	0	D	NA	0.125
1727	E	0	0	0	0	0	0	0	D	NA	0.125
1728	G	0	0	0	0	0	0	0	D	NA	0.125
1729	V	0	0	0	0	0	0	0	D	NA	0.125
1730	L	0	0	0	0	0	0	0	D	NA	0.125
1731	G	0	0	0	0	0	0	0	D	NA	0.125
1732	E	0	0	0	0	0	0	0	D	NA	0.125
1733	K	0	0	0	0	0	0	0	D	NA	0.125
1734	S	0	0	0	0	0	0	0	D	NA	0.125
1735	C	0	0	0	0	0	0	0	D	NA	0.125
1736	T	0	0	0	0	0	0	0	D	NA	0.125
1737	L	0	0	0	0	0	0	0	D	NA	0.125
1738	R	0	0	0	0	0	0	0	D	NA	0.125
1739	L	0	0	0	0	0	0	0	D	NA	0.125
1740	R	0	0	0	0	0	0	0	D	NA	0.125
1741	G	0	0	0	0	0	0	0	D	NA	0.125
1742	Q	0	0	0	0	0	0	0	D	NA	0.25
1743	G	0	0	0	0	0	0	0	D	NA	0.25
1744	S	0	0	0	0	0	0	0	D	NA	0.25
1745	Y	0	0	0	0	0	0	0	D	NA	0.25
1746	D	0	0	0	0	0	0	0	D	NA	0.25
1747	E	0	0	0	0	0	0	0	D	NA	0.25
1748	R	0	0	0	0	0	0	0	D	NA	0.375
1749	Y	0	0	0	0	0	0	0	D	NA	0.375
1750	M	0	0	0	0	0	0	0	D	NA	0.5
1751	L	0	0	0	0	0	0	0	D	NA	0.625
1752	P	0	0	0	0	0	0	0	D	NA	0.625
1753	H	0	0	0	0	0	0	0	D	NA	0.625
1754	Q	0	0	0	0	0	0	0	D	NA	0.75
1755	P	0	0	0	0	0	0	0	D	NA	0.75
