location	residue	Modification	seq	secStruc	RelatedDisease	VariantPosition	ResidueChange	DaPSbySAP	disorder.predictors.simple	disorder.predictors.mobidb-lite.regions	disorder.predictors.mobidb-lite.scores
1	M	0	0	0	0	0	0	0	D	NA	0.625
2	H	0	0	0	0	0	0	0	D	NA	0.625
3	V	0	0	0	0	0	0	0	D	NA	0.625
4	M	0	0	0	0	0	0	0	D	NA	0.75
5	N	0	0	0	0	0	0	0	D	NA	0.625
6	C	0	0	0	0	0	0	0	D	NA	0.5
7	V	0	0	0	0	0	0	0	D	NA	0.625
8	S	0	0	0	0	0	0	0	D	NA	0.5
9	L	0	0	0	0	0	0	0	D	NA	0.375
10	V	0	0	0	0	0	0	0	D	NA	0.375
11	S	0	0	0	0	0	0	0	D	NA	0.375
12	D	0	0	0	0	0	0	0	D	NA	0.375
13	K	0	0	0	0	0	0	0	D	NA	0.5
14	E	0	0	0	0	0	0	0	D	NA	0.5
15	N	0	0	0	0	0	0	0	D	NA	0.5
16	G	0	0	0	0	0	0	0	D	D_WC	0.625
17	N	0	0	0	0	0	0	0	D	D_WC	0.625
18	I	0	0	0	0	0	0	0	D	D_WC	0.75
19	A	0	0	0	0	0	0	0	D	D_WC	0.75
20	T	0	0	0	0	0	0	0	D	D_WC	0.75
21	A	0	0	0	0	0	0	0	D	D_WC	0.75
22	P	0	0	0	0	0	0	0	D	D_WC	0.75
23	G	0	0	0	0	0	0	0	D	D_WC	0.75
24	F	0	0	0	0	0	0	0	D	D_WC	0.75
25	M	0	0	0	0	0	0	0	D	D_WC	0.75
26	I	0	0	0	0	0	0	0	D	D_WC	0.75
27	G	0	0	0	0	0	0	0	D	D_WC	0.75
28	Q	0	0	0	0	0	0	0	D	D_WC	0.75
29	T	0	0	0	0	0	0	0	D	D_WC	0.75
30	P	0	0	0	0	0	0	0	D	D_WC	0.75
31	P	0	0	0	0	0	0	0	D	D_WC	0.75
32	P	0	0	0	0	0	0	0	D	D_WC	0.875
33	A	0	0	0	0	0	0	0	D	D_WC	0.875
34	P	0	0	0	0	0	0	0	D	D_WC	0.875
35	P	0	0	0	0	0	0	0	D	D_WC	0.875
36	P	0	0	0	0	0	0	0	D	D_WC	0.875
37	P	0	0	0	0	0	0	0	D	D_WC	0.875
38	P	0	0	0	0	0	0	0	D	D_WC	0.875
39	P	0	0	0	0	0	0	0	D	D_WC	0.875
40	P	0	0	0	0	0	0	0	D	D_WC	0.875
41	P	0	0	0	0	0	0	0	D	D_WC	0.875
42	P	0	0	0	0	0	0	0	D	D_WC	0.875
43	P	0	0	0	0	0	0	0	D	D_WC	0.875
44	S	0	0	0	0	0	0	0	D	D_WC	0.875
45	P	0	0	0	0	0	0	0	D	D_WC	0.875
46	P	0	0	0	0	0	0	0	D	D_WC	0.875
47	C	0	0	0	0	0	0	0	D	D_WC	0.875
48	S	0	0	0	0	0	0	0	D	D_WC	0.875
49	C	0	0	0	0	0	0	0	D	D_WC	0.875
50	S	0	0	0	0	0	0	0	D	D_WC	0.875
51	R	0	0	0	0	0	0	0	D	D_WC	0.875
52	E	0	0	0	0	0	0	0	D	D_WC	0.875
53	E	0	0	0	0	0	0	0	D	D_WC	0.75
54	C	0	0	0	0	0	0	0	D	D_WC	0.75
55	P	0	0	0	0	0	0	0	D	D_WC	0.75
56	S	0	0	0	0	0	0	0	D	D_WC	0.75
57	S	0	0	0	0	0	0	0	D	D_WC	0.75
58	P	0	0	0	0	0	0	0	D	D_WC	0.875
59	P	0	0	0	0	0	0	0	D	D_WC	0.875
60	P	0	0	0	0	0	0	0	D	D_WC	0.875
61	P	0	0	0	0	0	0	0	D	D_WC	0.875
62	P	0	0	0	0	0	0	0	D	D_WC	0.875
63	P	0	0	0	0	0	0	0	D	D_WC	0.875
64	P	0	0	0	0	0	0	0	D	D_WC	0.875
65	P	0	0	0	0	0	0	0	D	D_WC	0.75
66	L	0	0	0	0	0	0	0	D	D_WC	0.75
67	P	0	0	0	0	0	0	0	D	D_WC	0.625
68	G	0	0	0	0	0	0	0	D	D_WC	0.625
69	E	0	0	0	0	0	0	0	D	D_WC	0.625
70	P	0	0	0	0	0	0	0	D	D_WC	0.625
71	P	0	0	0	0	0	0	0	D	D_WC	0.625
72	I	0	0	0	0	0	0	0	D	D_WC	0.625
73	P	0	0	0	0	0	0	0	D	D_WC	0.625
74	P	0	0	0	0	0	0	0	D	D_WC	0.625
75	P	0	0	0	0	0	0	0	D	D_WC	0.625
76	P	0	0	0	0	0	0	0	D	D_WC	0.625
77	P	0	0	0	0	0	0	0	D	D_WC	0.625
78	G	0	0	0	0	0	0	0	D	D_WC	0.625
79	L	0	0	0	0	0	0	0	D	D_WC	0.625
80	P	0	0	0	0	0	0	0	D	D_WC	0.625
81	P	0	0	0	0	0	0	0	D	D_WC	0.625
82	T	0	0	0	0	0	0	0	D	D_WC	0.625
83	T	0	0	0	0	0	0	0	D	D_WC	0.625
84	H	0	0	0	0	0	0	0	D	D_WC	0.625
85	M	0	0	0	0	0	0	0	D	D_WC	0.625
86	N	0	0	0	0	0	0	0	D	D_WC	0.625
87	G	0	0	0	0	0	0	0	D	D_WC	0.625
88	Y	0	0	0	0	0	0	0	D	D_WC	0.625
89	S	0	0	0	0	0	0	0	D	D_WC	0.625
90	H	0	0	0	0	0	0	0	D	NA	0.5
91	L	0	0	0	0	0	0	0	D	NA	0.5
92	G	0	0	0	0	0	0	0	D	NA	0.375
93	K	0	0	0	0	0	0	0	D	NA	0.25
94	K	0	0	0	0	0	0	0	D	NA	0.25
95	K	0	0	0	0	0	0	0	D	NA	0.25
96	R	0	0	0	0	0	0	0	D	NA	0.25
97	M	0	0	0	0	0	0	0	D	NA	0.25
98	R	0	0	0	0	0	0	0	D	NA	0.125
99	S	0	0	0	0	0	0	0	D	NA	0.125
100	F	0	0	0	0	0	0	0	D	NA	0.125
101	F	0	0	0	0	0	0	0	D	NA	0.125
102	W	0	0	0	0	0	0	0	D	NA	0.125
103	K	0	0	0	0	0	0	0	D	NA	0.125
104	T	0	0	0	0	0	0	0	D	NA	0.25
105	I	0	0	0	0	0	0	0	D	NA	0.25
106	P	0	0	0	0	0	0	0	D	NA	0.25
107	E	0	0	0	0	0	0	0	D	NA	0.25
108	E	0	0	0	0	0	0	0	D	NA	0.25
109	Q	0	0	0	0	0	0	0	D	NA	0.25
110	V	0	0	0	0	0	0	0	D	NA	0.25
111	R	0	0	0	0	0	0	0	D	NA	0.25
112	G	0	0	0	0	0	0	0	D	NA	0.375
113	K	0	0	0	0	0	0	0	D	NA	0.375
114	T	0	0	0	0	0	0	0	D	NA	0.25
115	N	0	0	0	0	0	0	0	D	NA	0.25
116	I	0	0	0	0	0	0	0	D	NA	0.125
117	W	0	0	0	0	0	0	0	D	NA	0.125
118	T	0	0	0	0	0	0	0	D	NA	0.125
119	L	0	0	0	0	0	0	0	D	NA	0.125
120	A	0	0	0	0	0	0	0	D	NA	0.125
121	A	0	0	0	0	0	0	0	D	NA	0.125
122	R	0	0	0	0	0	0	0	D	NA	0.125
123	Q	0	0	0	0	0	0	0	D	NA	0.25
124	E	0	0	0	0	0	0	0	D	NA	0.25
125	H	0	0	0	0	0	0	0	D	NA	0.25
126	H	0	0	0	0	0	0	0	NA	NA	0
127	Y	0	0	0	0	0	0	0	NA	NA	0
128	Q	0	0	0	0	0	0	0	D	NA	0.125
129	I	0	0	0	0	0	0	0	D	NA	0.125
130	D	0	0	0	0	0	0	0	D	NA	0.125
131	T	0	0	0	0	0	0	0	D	NA	0.125
132	K	0	0	0	0	0	0	0	D	NA	0.125
133	T	Phosphothreonine	HYQIDTKTIEELFGQ	CEECCHHHHHHHHCC	0	0	0	0	D	NA	0.125
134	I	0	0	0	0	0	0	0	D	NA	0.125
135	E	0	0	0	0	0	0	0	D	NA	0.125
136	E	0	0	0	0	0	0	0	D	NA	0.125
137	L	0	0	0	0	0	0	0	D	NA	0.125
138	F	0	0	0	0	0	0	0	D	NA	0.375
139	G	0	0	0	0	0	0	0	D	NA	0.5
140	Q	0	0	0	0	0	0	0	D	NA	0.5
141	Q	0	0	0	0	0	0	0	D	NA	0.5
142	E	0	0	0	0	0	0	0	D	NA	0.75
143	D	0	0	0	0	0	0	0	D	NA	0.75
144	T	0	0	0	0	0	0	0	D	NA	0.75
145	T	0	0	0	0	0	0	0	D	NA	0.875
146	K	0	0	0	0	0	0	0	D	NA	0.875
147	S	0	0	0	0	0	0	0	D	NA	0.75
148	S	0	0	0	0	0	0	0	D	NA	0.75
149	L	0	0	0	0	0	0	0	D	NA	0.75
150	P	0	0	0	0	0	0	0	D	NA	0.75
151	R	0	0	0	0	0	0	0	D	NA	0.75
152	R	0	0	0	0	0	0	0	D	NA	0.75
153	G	0	0	0	0	0	0	0	D	NA	0.625
154	R	0	0	0	0	0	0	0	D	NA	0.5
155	T	0	0	0	0	0	0	0	D	NA	0.5
156	L	0	0	0	0	0	0	0	D	NA	0.5
157	N	0	0	0	0	0	0	0	D	NA	0.5
158	S	0	0	0	0	0	0	0	D	NA	0.375
159	S	0	0	0	0	0	0	0	D	NA	0.25
160	F	0	0	0	0	0	0	0	D	NA	0.125
161	R	0	0	0	0	0	0	0	D	NA	0.125
162	E	0	0	0	0	0	0	0	D	NA	0.125
163	A	0	0	0	0	0	0	0	D	NA	0.125
164	R	0	0	0	0	0	0	0	D	NA	0
165	E	0	0	0	0	0	0	0	D	NA	0
166	E	0	0	0	0	0	0	0	D	NA	0
167	I	0	0	0	0	0	0	0	D	NA	0
168	T	0	0	0	0	0	0	0	D	NA	0.125
169	I	0	0	0	0	0	0	0	D	NA	0.125
170	L	0	0	0	0	0	0	0	D	NA	0.125
171	D	0	0	0	0	0	0	0	D	NA	0.125
172	A	0	0	0	0	0	0	0	D	NA	0.125
173	K	0	0	0	0	0	0	0	D	NA	0.125
174	R	0	0	0	0	0	0	0	D	NA	0.125
175	S	0	0	0	0	0	0	0	D	NA	0.125
176	M	0	0	0	0	0	0	0	D	NA	0.125
177	N	0	0	0	0	0	0	0	D	NA	0.125
178	I	0	0	0	0	0	0	0	NA	NA	0
179	G	0	0	0	0	0	0	0	NA	NA	0
180	I	0	0	0	0	0	0	0	NA	NA	0
181	F	0	0	0	0	0	0	0	NA	NA	0
182	L	0	0	0	0	0	0	0	NA	NA	0
183	K	0	0	0	0	0	0	0	D	NA	0.125
184	Q	0	0	0	0	0	0	0	D	NA	0.125
185	F	0	0	0	0	0	0	0	D	NA	0.125
186	K	0	0	0	0	0	0	0	D	NA	0.125
187	K	0	0	0	0	0	0	0	D	NA	0.125
188	S	Phosphoserine	FLKQFKKSPRSIVED	HHHHHCCCCHHHHHH	0	0	0	0	D	NA	0.125
189	P	0	0	0	0	0	0	0	D	NA	0.125
190	R	0	0	0	0	0	0	0	D	NA	0.125
191	S	0	0	0	0	0	0	0	D	NA	0.125
192	I	0	0	0	0	0	0	0	D	NA	0
193	V	0	0	0	0	0	0	0	D	NA	0
194	E	0	0	0	0	0	0	0	D	NA	0
195	D	0	0	0	0	0	0	0	D	NA	0
196	I	0	0	0	0	0	0	0	D	NA	0.125
197	H	0	0	0	0	0	0	0	D	NA	0.125
198	Q	0	0	0	0	0	0	0	D	NA	0.125
199	G	0	0	0	0	0	0	0	D	NA	0.125
200	K	0	0	0	0	0	0	0	D	NA	0.125
201	S	0	0	0	0	0	0	0	D	NA	0.125
202	E	0	0	0	0	0	0	0	D	NA	0.125
203	H	0	0	0	0	0	0	0	D	NA	0.125
204	Y	0	0	0	0	0	0	0	D	NA	0.125
205	G	0	0	0	0	0	0	0	D	NA	0.125
206	S	0	0	0	0	0	0	0	D	NA	0.125
207	E	0	0	0	0	0	0	0	D	NA	0
208	T	0	0	0	0	0	0	0	D	NA	0
209	L	0	0	0	0	0	0	0	D	NA	0
210	R	0	0	0	0	0	0	0	D	NA	0
211	E	0	0	0	0	0	0	0	D	NA	0
212	F	0	0	0	0	0	0	0	D	NA	0
213	L	0	0	0	0	0	0	0	D	NA	0
214	K	0	0	0	0	0	0	0	D	NA	0
215	F	0	0	0	0	0	0	0	D	NA	0
216	L	0	0	0	0	0	0	0	D	NA	0
217	P	0	0	0	0	0	0	0	D	NA	0
218	E	0	0	0	0	0	0	0	D	NA	0
219	S	0	0	0	0	0	0	0	D	NA	0
220	E	0	0	0	0	0	0	0	D	NA	0
221	E	0	0	0	0	0	0	0	D	NA	0
222	V	0	0	0	0	0	0	0	D	NA	0
223	K	0	0	0	0	0	0	0	D	NA	0
224	K	0	0	0	0	0	0	0	D	NA	0
225	L	0	0	0	0	0	0	0	D	NA	0
226	K	0	0	0	0	0	0	0	D	NA	0
227	A	0	0	0	0	0	0	0	D	NA	0.125
228	F	0	0	0	0	0	0	0	D	NA	0.125
229	S	Phosphoserine	VKKLKAFSGDVSKLS	HHHHHHHCCCHHHHH	0	0	0	0	D	NA	0.125
230	G	0	0	0	0	0	0	0	D	NA	0.125
231	D	0	0	0	0	0	0	0	D	NA	0.125
232	V	0	0	0	0	0	0	0	D	NA	0.125
233	S	0	0	0	0	0	0	0	D	NA	0.125
234	K	0	0	0	0	0	0	0	D	NA	0.125
235	L	0	0	0	0	0	0	0	D	NA	0.125
236	S	0	0	0	0	0	0	0	D	NA	0.125
237	L	0	0	0	0	0	0	0	NA	NA	0
238	A	0	0	0	0	0	0	0	NA	NA	0
239	D	0	0	0	0	0	0	0	NA	NA	0
240	S	0	0	0	0	0	0	0	NA	NA	0
241	F	0	0	0	0	0	0	0	NA	NA	0
242	L	0	0	0	0	0	0	0	NA	NA	0
243	Y	0	0	0	0	0	0	0	NA	NA	0
244	G	0	0	0	0	0	0	0	NA	NA	0
245	L	0	0	0	0	0	0	0	NA	NA	0
246	I	0	0	0	0	0	0	0	NA	NA	0
247	Q	0	0	0	0	0	0	0	NA	NA	0
248	V	0	0	0	0	0	0	0	NA	NA	0
249	P	0	0	0	0	0	0	0	NA	NA	0
250	N	0	0	0	0	0	0	0	NA	NA	0
251	Y	0	0	0	0	0	0	0	NA	NA	0
252	S	0	0	0	0	0	0	0	NA	NA	0
253	L	0	0	0	0	0	0	0	NA	NA	0
254	R	0	0	0	0	0	0	0	NA	NA	0
255	I	0	0	0	0	0	0	0	NA	NA	0
256	E	0	0	0	0	0	0	0	NA	NA	0
257	A	0	0	0	0	0	0	0	NA	NA	0
258	M	0	0	0	0	0	0	0	NA	NA	0
259	V	0	0	0	0	0	0	0	NA	NA	0
260	L	0	0	0	0	0	0	0	NA	NA	0
261	K	0	0	0	0	0	0	0	NA	NA	0
262	K	0	0	0	0	0	0	0	NA	NA	0
263	E	0	0	0	0	0	0	0	NA	NA	0
264	F	0	0	0	0	0	0	0	NA	NA	0
265	L	0	0	0	0	0	0	0	D	NA	0.125
266	P	0	0	0	0	0	0	0	D	NA	0.125
267	S	0	0	0	0	0	0	0	D	NA	0.125
268	C	0	0	0	0	0	0	0	D	NA	0.125
269	S	0	0	0	0	0	0	0	D	NA	0.125
270	S	0	0	0	0	0	0	0	D	NA	0.125
271	L	0	0	0	0	0	0	0	D	NA	0.125
272	Y	0	0	0	0	0	0	0	NA	NA	0
273	T	0	0	0	0	0	0	0	NA	NA	0
274	D	0	0	0	0	0	0	0	NA	NA	0
275	I	0	0	0	0	0	0	0	NA	NA	0
276	T	0	0	0	0	0	0	0	NA	NA	0
277	V	0	0	0	0	0	0	0	NA	NA	0
278	L	0	0	0	0	0	0	0	NA	NA	0
279	R	0	0	0	0	0	0	0	NA	NA	0
280	T	0	0	0	0	0	0	0	NA	NA	0
281	A	0	0	0	0	0	0	0	NA	NA	0
282	I	0	0	0	0	0	0	0	NA	NA	0
283	K	0	0	0	0	0	0	0	NA	NA	0
284	E	0	0	0	0	0	0	0	NA	NA	0
285	L	0	0	0	0	0	0	0	NA	NA	0
286	M	0	0	0	0	0	0	0	NA	NA	0
287	S	0	0	0	0	0	0	0	NA	NA	0
288	C	0	0	0	0	0	0	0	NA	NA	0
289	E	0	0	0	0	0	0	0	NA	NA	0
290	E	0	0	0	0	0	0	0	NA	NA	0
291	L	0	0	0	0	0	0	0	NA	NA	0
292	H	0	0	0	0	0	0	0	NA	NA	0
293	S	0	0	0	0	0	0	0	NA	NA	0
294	I	0	0	0	0	0	0	0	NA	NA	0
295	L	0	0	0	0	0	0	0	NA	NA	0
296	H	0	0	0	0	0	0	0	NA	NA	0
297	L	0	0	0	0	0	0	0	NA	NA	0
298	V	0	0	0	0	0	0	0	NA	NA	0
299	L	0	0	0	0	0	0	0	NA	NA	0
300	Q	0	0	0	0	0	0	0	NA	NA	0
301	A	0	0	0	0	0	0	0	NA	NA	0
302	G	0	0	0	0	0	0	0	NA	NA	0
303	N	0	0	0	0	0	0	0	NA	NA	0
304	I	0	0	0	0	0	0	0	NA	NA	0
305	M	0	0	0	0	0	0	0	NA	NA	0
306	N	0	0	0	0	0	0	0	NA	NA	0
307	A	0	0	0	0	0	0	0	D	NA	0.125
308	G	0	0	0	0	0	0	0	D	NA	0.125
309	G	0	0	0	0	0	0	0	D	NA	0.125
310	Y	0	0	0	0	0	0	0	D	NA	0.125
311	A	0	0	0	0	0	0	0	D	NA	0.125
312	G	0	0	0	0	0	0	0	D	NA	0.125
313	N	0	0	0	0	0	0	0	NA	NA	0
314	A	0	0	0	0	0	0	0	NA	NA	0
315	V	0	0	0	0	0	0	0	NA	NA	0
316	G	0	0	0	0	0	0	0	NA	NA	0
317	F	0	0	0	0	0	0	0	NA	NA	0
318	K	0	0	0	0	0	0	0	NA	NA	0
319	L	0	0	0	0	0	0	0	NA	NA	0
320	S	0	0	0	0	0	0	0	NA	NA	0
321	S	0	0	0	0	0	0	0	NA	NA	0
322	L	0	0	0	0	0	0	0	NA	NA	0
323	L	0	0	0	0	0	0	0	NA	NA	0
324	K	0	0	0	0	0	0	0	NA	NA	0
325	L	0	0	0	0	0	0	0	NA	NA	0
326	A	0	0	0	0	0	0	0	NA	NA	0
327	D	0	0	0	0	0	0	0	D	NA	0
328	T	0	0	0	0	0	0	0	D	NA	0
329	K	0	0	0	0	0	0	0	D	NA	0
330	A	0	0	0	0	0	0	0	D	NA	0
331	N	0	0	0	0	0	0	0	D	NA	0
332	K	0	0	0	0	0	0	0	D	NA	0
333	P	0	0	0	0	0	0	0	NA	NA	0
334	G	0	0	0	0	0	0	0	NA	NA	0
335	M	0	0	0	0	0	0	0	NA	NA	0
336	N	0	0	0	0	0	0	0	NA	NA	0
337	L	0	0	0	0	0	0	0	NA	NA	0
338	L	0	0	0	0	0	0	0	NA	NA	0
339	H	0	0	0	0	0	0	0	NA	NA	0
340	F	0	0	0	0	0	0	0	NA	NA	0
341	V	0	0	0	0	0	0	0	NA	NA	0
342	A	0	0	0	0	0	0	0	NA	NA	0
343	Q	0	0	0	0	0	0	0	NA	NA	0
344	E	0	0	0	0	0	0	0	NA	NA	0
345	A	0	0	0	0	0	0	0	NA	NA	0
346	Q	0	0	0	0	0	0	0	NA	NA	0
347	K	0	0	0	0	0	0	0	NA	NA	0
348	K	0	0	0	0	0	0	0	NA	NA	0
349	D	0	0	0	0	0	0	0	NA	NA	0
350	T	Phosphothreonine	QEAQKKDTILLNFSE	HHHHHCCEEEEEHHH	0	0	0	0	NA	NA	0
351	I	0	0	0	0	0	0	0	NA	NA	0
352	L	0	0	0	0	0	0	0	NA	NA	0
353	L	0	0	0	0	0	0	0	NA	NA	0
354	N	0	0	0	0	0	0	0	NA	NA	0
355	F	0	0	0	0	0	0	0	NA	NA	0
356	S	Phosphoserine	DTILLNFSEKLHHVQ	CEEEEEHHHHHHHHH	0	0	0	0	NA	NA	0
357	E	0	0	0	0	0	0	0	NA	NA	0
358	K	0	0	0	0	0	0	0	NA	NA	0
359	L	0	0	0	0	0	0	0	NA	NA	0
360	H	0	0	0	0	0	0	0	NA	NA	0
361	H	0	0	0	0	0	0	0	NA	NA	0
362	V	0	0	0	0	0	0	0	D	NA	0.125
363	Q	0	0	0	0	0	0	0	D	NA	0.125
364	K	0	0	0	0	0	0	0	D	NA	0.125
365	T	0	0	0	0	0	0	0	D	NA	0
366	A	0	0	0	0	0	0	0	NA	NA	0
367	R	0	0	0	0	0	0	0	NA	NA	0
368	L	0	0	0	0	0	0	0	D	NA	0.125
369	S	0	0	0	0	0	0	0	D	NA	0.125
370	L	0	0	0	0	0	0	0	D	NA	0.125
371	E	0	0	0	0	0	0	0	D	NA	0.125
372	N	0	0	0	0	0	0	0	D	NA	0.125
373	T	0	0	0	0	0	0	0	D	NA	0
374	E	0	0	0	0	0	0	0	NA	NA	0
375	A	0	0	0	0	0	0	0	NA	NA	0
376	E	0	0	0	0	0	0	0	NA	NA	0
377	L	0	0	0	0	0	0	0	NA	NA	0
378	H	0	0	0	0	0	0	0	NA	NA	0
379	L	0	0	0	0	0	0	0	NA	NA	0
380	L	0	0	0	0	0	0	0	NA	NA	0
381	F	0	0	0	0	0	0	0	NA	NA	0
382	V	0	0	0	0	0	0	0	NA	NA	0
383	R	0	0	0	0	0	0	0	NA	NA	0
384	T	0	0	0	0	0	0	0	NA	NA	0
385	K	0	0	0	0	0	0	0	NA	NA	0
386	S	0	0	0	0	0	0	0	NA	NA	0
387	L	0	0	0	0	0	0	0	NA	NA	0
388	K	0	0	0	0	0	0	0	D	NA	0
389	E	0	0	0	0	0	0	0	D	NA	0
390	N	0	0	0	0	0	0	0	D	NA	0
391	I	0	0	0	0	0	0	0	D	NA	0
392	Q	0	0	0	0	0	0	0	D	NA	0
393	R	0	0	0	0	0	0	0	NA	NA	0
394	D	0	0	0	0	0	0	0	NA	NA	0
395	G	0	0	0	0	0	0	0	NA	NA	0
396	E	0	0	0	0	0	0	0	NA	NA	0
397	L	0	0	0	0	0	0	0	NA	NA	0
398	C	0	0	0	0	0	0	0	NA	NA	0
399	Q	0	0	0	0	0	0	0	NA	NA	0
400	Q	0	0	0	0	0	0	0	NA	NA	0
401	M	0	0	0	0	0	0	0	NA	NA	0
402	E	0	0	0	0	0	0	0	NA	NA	0
403	D	0	0	0	0	0	0	0	NA	NA	0
404	F	0	0	0	0	0	0	0	NA	NA	0
405	L	0	0	0	0	0	0	0	NA	NA	0
406	Q	0	0	0	0	0	0	0	NA	NA	0
407	F	0	0	0	0	0	0	0	NA	NA	0
408	A	0	0	0	0	0	0	0	NA	NA	0
409	I	0	0	0	0	0	0	0	NA	NA	0
410	E	0	0	0	0	0	0	0	NA	NA	0
411	K	0	0	0	0	0	0	0	NA	NA	0
412	L	0	0	0	0	0	0	0	NA	NA	0
413	R	0	0	0	0	0	0	0	NA	NA	0
414	E	0	0	0	0	0	0	0	NA	NA	0
415	L	0	0	0	0	0	0	0	NA	NA	0
416	E	0	0	0	0	0	0	0	NA	NA	0
417	C	0	0	0	0	0	0	0	NA	NA	0
418	W	0	0	0	0	0	0	0	NA	NA	0
419	K	0	0	0	0	0	0	0	NA	NA	0
420	Q	0	0	0	0	0	0	0	NA	NA	0
421	E	0	0	0	0	0	0	0	NA	NA	0
422	L	0	0	0	0	0	0	0	NA	NA	0
423	Q	0	0	0	0	0	0	0	NA	NA	0
424	D	0	0	0	0	0	0	0	NA	NA	0
425	E	0	0	0	0	0	0	0	NA	NA	0
426	A	0	0	0	0	0	0	0	NA	NA	0
427	Y	0	0	0	0	0	0	0	NA	NA	0
428	T	0	0	0	0	0	0	0	NA	NA	0
429	L	0	0	0	0	0	0	0	NA	NA	0
430	I	0	0	0	0	0	0	0	NA	NA	0
431	D	0	0	0	0	0	0	0	NA	NA	0
432	F	0	0	0	0	0	0	0	NA	NA	0
433	F	0	0	0	0	0	0	0	NA	NA	0
434	C	0	0	0	0	0	0	0	NA	NA	0
435	E	0	0	0	0	0	0	0	NA	NA	0
436	D	0	0	0	0	0	0	0	NA	NA	0
437	K	0	0	0	0	0	0	0	NA	NA	0
438	K	0	0	0	0	0	0	0	NA	NA	0
439	T	0	0	0	0	0	0	0	NA	NA	0
440	M	0	0	0	0	0	0	0	NA	NA	0
441	K	0	0	0	0	0	0	0	NA	NA	0
442	L	0	0	0	0	0	0	0	NA	NA	0
443	D	0	0	0	0	0	0	0	NA	NA	0
444	E	0	0	0	0	0	0	0	NA	NA	0
445	C	0	0	0	0	0	0	0	NA	NA	0
446	F	0	0	0	0	0	0	0	NA	NA	0
447	Q	0	0	0	0	0	0	0	NA	NA	0
448	I	0	0	0	0	0	0	0	NA	NA	0
449	F	0	0	0	0	0	0	0	NA	NA	0
450	R	0	0	0	0	0	0	0	NA	NA	0
451	D	0	0	0	0	0	0	0	NA	NA	0
452	F	0	0	0	0	0	0	0	NA	NA	0
453	C	0	0	0	0	0	0	0	D	NA	0
454	T	0	0	0	0	0	0	0	D	NA	0
455	K	0	0	0	0	0	0	0	D	NA	0
456	F	0	0	0	0	0	0	0	D	NA	0
457	N	0	0	0	0	0	0	0	D	NA	0
458	K	0	0	0	0	0	0	0	D	NA	0
459	A	0	0	0	0	0	0	0	D	NA	0
460	V	0	0	0	0	0	0	0	D	NA	0
461	K	0	0	0	0	0	0	0	D	NA	0.125
462	D	0	0	0	0	0	0	0	D	NA	0.125
463	N	0	0	0	0	0	0	0	D	NA	0.125
464	H	0	0	0	0	0	0	0	D	NA	0.25
465	D	0	0	0	0	0	0	0	D	NA	0.25
466	R	0	0	0	0	0	0	0	D	NA	0.125
467	E	0	0	0	0	0	0	0	D	NA	0.25
468	A	0	0	0	0	0	0	0	D	NA	0.25
469	Q	0	0	0	0	0	0	0	D	NA	0.25
470	E	0	0	0	0	0	0	0	D	NA	0.25
471	L	0	0	0	0	0	0	0	D	NA	0.375
472	R	0	0	0	0	0	0	0	D	NA	0.375
473	Q	0	0	0	0	0	0	0	D	NA	0.375
474	L	0	0	0	0	0	0	0	D	NA	0.375
475	Q	0	0	0	0	0	0	0	D	NA	0.375
476	R	0	0	0	0	0	0	0	D	NA	0.5
477	L	0	0	0	0	0	0	0	D	NA	0.5
478	K	0	0	0	0	0	0	0	D	NA	0.5
479	E	0	0	0	0	0	0	0	D	NA	0.625
480	Q	0	0	0	0	0	0	0	D	NA	0.625
481	E	0	0	0	0	0	0	0	D	NA	0.5
482	Q	0	0	0	0	0	0	0	D	NA	0.75
483	K	0	0	0	0	0	0	0	D	NA	0.625
484	Q	0	0	0	0	0	0	0	D	NA	0.625
485	R	0	0	0	0	0	0	0	D	NA	0.625
486	S	0	0	0	0	0	0	0	D	NA	0.5
487	W	0	0	0	0	0	0	0	D	NA	0.5
488	A	0	0	0	0	0	0	0	D	NA	0.625
489	T	0	0	0	0	0	0	0	D	NA	0.625
490	G	0	0	0	0	0	0	0	D	NA	0.625
491	E	0	0	0	0	0	0	0	D	NA	0.625
492	L	0	0	0	0	0	0	0	D	NA	0.625
493	G	0	0	0	0	0	0	0	D	NA	0.625
494	A	0	0	0	0	0	0	0	D	NA	0.75
495	F	0	0	0	0	0	0	0	D	NA	0.5
496	G	0	0	0	0	0	0	0	D	NA	0.625
497	R	0	0	0	0	0	0	0	D	NA	0.625
498	S	Phosphoserine	ELGAFGRSSSENDVE	CCCCCCCCCCHHHHH	0	0	0	0	D	NA	0.5
499	S	0	0	0	0	0	0	0	D	NA	0.5
500	S	Phosphoserine	GAFGRSSSENDVELL	CCCCCCCCHHHHHHH	0	0	0	0	D	NA	0.5
501	E	0	0	0	0	0	0	0	D	NA	0.375
502	N	0	0	0	0	0	0	0	D	NA	0.25
503	D	0	0	0	0	0	0	0	D	NA	0.5
504	V	0	0	0	0	0	0	0	D	NA	0.375
505	E	0	0	0	0	0	0	0	D	NA	0.375
506	L	0	0	0	0	0	0	0	D	NA	0.5
507	L	0	0	0	0	0	0	0	D	NA	0.375
508	T	0	0	0	0	0	0	0	D	NA	0.375
509	K	0	0	0	0	0	0	0	D	NA	0.25
510	K	0	0	0	0	0	0	0	D	NA	0.25
511	G	0	0	0	0	0	0	0	D	NA	0.25
512	A	0	0	0	0	0	0	0	D	NA	0.375
513	E	0	0	0	0	0	0	0	D	NA	0.375
514	G	0	0	0	0	0	0	0	D	NA	0.375
515	L	0	0	0	0	0	0	0	D	NA	0.5
516	L	0	0	0	0	0	0	0	D	NA	0.5
517	P	0	0	0	0	0	0	0	D	D_WC	0.75
518	F	0	0	0	0	0	0	0	D	D_WC	0.75
519	L	0	0	0	0	0	0	0	D	D_WC	0.75
520	H	0	0	0	0	0	0	0	D	D_WC	0.75
521	P	0	0	0	0	0	0	0	D	D_WC	0.75
522	R	0	0	0	0	0	0	0	D	D_WC	0.75
523	P	0	0	0	0	0	0	0	D	D_WC	0.75
524	I	0	0	0	0	0	0	0	D	D_WC	0.75
525	S	0	0	0	0	0	0	0	D	D_WC	0.75
526	P	0	0	0	0	0	0	0	D	D_WC	0.75
527	S	Phosphoserine	HPRPISPSSPSYRPP	CCCCCCCCCCCCCCC	0	0	0	0	D	D_WC	0.875
528	S	0	0	0	0	0	0	0	D	D_WC	0.875
529	P	0	0	0	0	0	0	0	D	D_WC	0.875
530	S	0	0	0	0	0	0	0	D	D_WC	0.875
531	Y	0	0	0	0	0	0	0	D	D_WC	0.875
532	R	0	0	0	0	0	0	0	D	D_WC	0.875
533	P	0	0	0	0	0	0	0	D	D_WC	0.875
534	P	0	0	0	0	0	0	0	D	D_WC	0.875
535	N	0	0	0	0	0	0	0	D	D_WC	0.875
536	T	0	0	0	0	0	0	0	D	D_WC	0.875
537	R	0	0	0	0	0	0	0	D	D_WC	0.875
538	R	0	0	0	0	0	0	0	D	D_WC	0.875
539	S	0	0	0	0	0	0	0	D	D_WC	0.875
540	R	0	0	0	0	0	0	0	D	D_WC	0.75
541	L	0	0	0	0	0	0	0	D	D_WC	0.75
542	S	0	0	0	0	0	0	0	D	D_WC	0.75
543	L	0	0	0	0	0	0	0	D	D_WC	0.625
544	G	0	0	0	0	0	0	0	D	D_WC	0.625
545	P	0	0	0	0	0	0	0	D	D_WC	0.625
546	S	0	0	0	0	0	0	0	D	D_WC	0.625
547	A	0	0	0	0	0	0	0	D	D_WC	0.625
548	D	0	0	0	0	0	0	0	D	D_WC	0.5
549	R	0	0	0	0	0	0	0	D	D_WC	0.5
550	E	0	0	0	0	0	0	0	D	D_WC	0.5
551	L	0	0	0	0	0	0	0	D	D_WC	0.5
552	L	0	0	0	0	0	0	0	D	D_WC	0.5
553	T	0	0	0	0	0	0	0	D	D_WC	0.5
554	F	0	0	0	0	0	0	0	D	D_WC	0.5
555	L	0	0	0	0	0	0	0	D	D_WC	0.625
556	E	0	0	0	0	0	0	0	D	D_WC	0.625
557	S	0	0	0	0	0	0	0	D	D_WC	0.75
558	S	0	0	0	0	0	0	0	D	D_WC	0.875
559	T	0	0	0	0	0	0	0	D	D_WC	0.875
560	G	0	0	0	0	0	0	0	D	D_WC	0.875
561	S	Phosphoserine	FLESSTGSPEEPNKF	HHHHCCCCCCCCCCC	0	0	0	0	D	D_WC	0.875
562	P	0	0	0	0	0	0	0	D	D_WC	0.875
563	E	0	0	0	0	0	0	0	D	D_WC	0.875
564	E	0	0	0	0	0	0	0	D	D_WC	0.875
565	P	0	0	0	0	0	0	0	D	D_WC	0.875
566	N	0	0	0	0	0	0	0	D	D_WC	0.875
567	K	0	0	0	0	0	0	0	D	D_WC	0.875
568	F	0	0	0	0	0	0	0	D	D_WC	0.75
569	H	0	0	0	0	0	0	0	D	D_WC	0.875
570	S	Phosphoserine	EEPNKFHSLPRSSPR	CCCCCCCCCCCCCCC	Obesity-related traits:IGFBP-3 measurement	573 (3)	0	0	D	D_WC	0.875
571	L	0	0	0	0	0	0	0	D	D_WC	0.875
572	P	0	0	0	0	0	0	0	D	D_WC	0.875
573	R	0	0	0	0	0	W	570	D	D_WC	0.875
574	S	0	0	0	0	0	0	0	D	D_WC	0.875
575	S	0	0	0	0	0	0	0	D	D_WC	0.875
576	P	0	0	0	0	0	0	0	D	D_WC	0.875
577	R	0	0	0	0	0	0	0	D	D_WC	0.75
578	Q	0	0	0	0	0	0	0	D	D_WC	0.75
579	A	0	0	0	0	0	0	0	D	D_WC	0.75
580	R	0	0	0	0	0	0	0	D	D_WC	0.625
581	P	0	0	0	0	0	0	0	D	D_WC	0.5
582	T	0	0	0	0	0	0	0	D	D_WC	0.5
583	I	0	0	0	0	0	0	0	D	D_WC	0.5
584	A	0	0	0	0	0	0	0	D	D_WC	0.5
585	C	0	0	0	0	0	0	0	D	D_WC	0.5
586	L	0	0	0	0	0	0	0	D	D_WC	0.5
587	E	0	0	0	0	0	0	0	D	D_WC	0.5
588	P	0	0	0	0	0	0	0	D	D_WC	0.5
589	A	0	0	0	0	0	0	0	D	D_WC	0.5
590	E	0	0	0	0	0	0	0	D	D_WC	0.5
591	V	0	0	0	0	0	0	0	D	D_WC	0.625
592	R	0	0	0	0	0	0	0	D	D_WC	0.625
593	H	0	0	0	0	0	0	0	D	D_WC	0.625
594	Q	0	0	0	0	0	0	0	D	D_WC	0.625
595	D	0	0	0	0	0	0	0	D	D_WC	0.625
596	S	0	0	0	0	0	0	0	D	D_WC	0.625
597	S	0	0	0	0	0	0	0	D	D_WC	0.625
598	F	0	0	0	0	0	0	0	D	D_WC	0.625
599	A	0	0	0	0	0	0	0	D	D_WC	0.75
600	H	0	0	0	0	0	0	0	D	D_WC	0.75
601	K	0	0	0	0	0	0	0	D	D_WC	0.75
602	P	0	0	0	0	0	0	0	D	D_WC	0.75
603	Q	0	0	0	0	0	0	0	D	D_WC	0.75
604	A	0	0	0	0	0	0	0	D	D_WC	0.75
605	S	0	0	0	0	0	0	0	D	D_WC	0.75
606	G	0	0	0	0	0	0	0	D	D_WC	0.75
607	G	0	0	0	0	0	0	0	D	D_WC	0.75
608	Q	0	0	0	0	0	0	0	D	D_WC	0.75
609	E	0	0	0	0	0	0	0	D	D_WC	0.75
610	E	0	0	0	0	0	0	0	D	D_WC	0.75
611	A	0	0	0	0	0	0	0	D	D_WC	0.75
612	P	0	0	0	0	0	0	0	D	D_WC	0.75
613	N	0	0	0	0	0	0	0	D	D_WC	0.75
614	P	0	0	0	0	0	0	0	D	D_WC	0.75
615	P	0	0	0	0	0	0	0	D	D_WC	0.75
616	S	0	0	0	0	0	0	0	D	D_WC	0.625
617	A	0	0	0	0	0	0	0	D	D_WC	0.625
618	Q	0	0	0	0	0	0	0	D	D_WC	0.625
619	A	0	0	0	0	0	0	0	D	D_WC	0.625
620	H	0	0	0	0	0	0	0	D	D_WC	0.625
621	Q	0	0	0	0	0	0	0	D	D_WC	0.625
622	L	0	0	0	0	0	0	0	D	D_WC	0.625
623	A	0	0	0	0	0	0	0	D	D_WC	0.625
624	A	0	0	0	0	0	0	0	D	D_WC	0.625
625	A	0	0	0	0	0	0	0	D	D_WC	0.625
626	Q	0	0	0	0	0	0	0	D	D_WC	0.625
627	P	0	0	0	0	0	0	0	D	D_WC	0.625
628	E	0	0	0	0	0	0	0	D	D_WC	0.75
629	N	0	0	0	0	0	0	0	D	D_WC	0.75
630	H	0	0	0	0	0	0	0	D	D_WC	0.75
631	A	0	0	0	0	0	0	0	D	D_WC	0.75
632	S	0	0	0	0	0	0	0	D	D_WC	0.75
633	A	0	0	0	0	0	0	0	D	D_WC	0.75
634	F	0	0	0	0	0	0	0	D	D_WC	0.75
635	P	0	0	0	0	0	0	0	D	D_WC	0.75
636	R	0	0	0	0	0	0	0	D	D_WC	0.75
637	A	0	0	0	0	0	0	0	D	D_WC	0.75
638	R	0	0	0	0	0	0	0	D	D_WC	0.625
639	R	0	0	0	0	0	0	0	D	NA	0.5
640	Q	0	0	0	0	0	0	0	D	NA	0.375
641	G	0	0	0	0	0	0	0	D	NA	0.375
642	V	0	0	0	0	0	0	0	D	NA	0.375
643	S	Phosphoserine	RARRQGVSVLRKRYS	HHHHHCHHHHHHHCC	0	0	0	0	D	NA	0.375
644	V	0	0	0	0	0	0	0	D	NA	0.375
645	L	0	0	0	0	0	0	0	D	NA	0.5
646	R	0	0	0	0	0	0	0	D	NA	0.375
647	K	0	0	0	0	0	0	0	D	NA	0.375
648	R	0	0	0	0	0	0	0	D	NA	0.375
649	Y	0	0	0	0	0	0	0	D	NA	0.375
650	S	Phosphoserine	SVLRKRYSEPVSLGS	HHHHHHCCCCCCCCC	0	0	0	0	D	NA	0.5
651	E	0	0	0	0	0	0	0	D	NA	0.625
652	P	0	0	0	0	0	0	0	D	NA	0.625
653	V	0	0	0	0	0	0	0	D	NA	0.75
654	S	0	0	0	0	0	0	0	D	NA	0.75
655	L	0	0	0	0	0	0	0	D	NA	0.75
656	G	0	0	0	0	0	0	0	D	NA	0.875
657	S	Phosphoserine	SEPVSLGSAQSPPLS	CCCCCCCCCCCCCCC	0	0	0	0	D	NA	0.75
658	A	0	0	0	0	0	0	0	D	NA	0.75
659	Q	0	0	0	0	0	0	0	D	NA	0.75
660	S	Phosphoserine	VSLGSAQSPPLSPLA	CCCCCCCCCCCCCCC	0	0	0	0	D	NA	0.75
661	P	0	0	0	0	0	0	0	D	NA	0.625
662	P	0	0	0	0	0	0	0	D	NA	0.625
663	L	0	0	0	0	0	0	0	D	NA	0.5
664	S	Phosphoserine	SAQSPPLSPLALGIK	CCCCCCCCCCCCCCC	0	0	0	0	D	NA	0.5
665	P	0	0	0	0	0	0	0	D	NA	0.375
666	L	0	0	0	0	0	0	0	D	NA	0.25
667	A	0	0	0	0	0	0	0	D	NA	0.25
668	L	0	0	0	0	0	0	0	D	NA	0.25
669	G	0	0	0	0	0	0	0	D	NA	0.25
670	I	0	0	0	0	0	0	0	D	NA	0.25
671	K	0	0	0	0	0	0	0	D	NA	0.25
672	E	0	0	0	0	0	0	0	D	NA	0.125
673	H	0	0	0	0	0	0	0	D	NA	0.125
674	E	0	0	0	0	0	0	0	D	NA	0
675	L	0	0	0	0	0	0	0	D	NA	0
676	V	0	0	0	0	0	0	0	D	NA	0
677	T	0	0	0	0	0	0	0	D	NA	0.125
678	G	0	0	0	0	0	0	0	D	NA	0.25
679	L	0	0	0	0	0	0	0	D	NA	0.375
680	A	0	0	0	0	0	0	0	D	NA	0.375
681	Q	0	0	0	0	0	0	0	D	NA	0.375
682	F	0	0	0	0	0	0	0	D	NA	0.375
683	N	0	0	0	0	0	0	0	D	NA	0.375
684	L	0	0	0	0	0	0	0	D	NA	0.375
685	Q	0	0	0	0	0	0	0	D	NA	0.375
686	G	0	0	0	0	0	0	0	D	NA	0.375
687	S	0	0	0	0	0	0	0	D	NA	0.5
688	Q	0	0	0	0	0	0	0	D	NA	0.5
689	G	0	0	0	0	0	0	0	D	NA	0.5
690	M	0	0	0	0	0	0	0	D	NA	0.5
691	E	0	0	0	0	0	0	0	D	NA	0.625
692	E	0	0	0	0	0	0	0	D	NA	0.5
693	T	0	0	0	0	0	0	0	D	NA	0.625
694	S	0	0	0	0	0	0	0	D	NA	0.625
695	Q	0	0	0	0	0	0	0	D	NA	0.625
696	L	0	0	0	0	0	0	0	D	NA	0.625
697	T	0	0	0	0	0	0	0	D	NA	0.5
698	L	0	0	0	0	0	0	0	D	NA	0.5
699	S	0	0	0	0	0	0	0	D	NA	0.5
700	D	0	0	0	0	0	0	0	D	NA	0.5
701	F	0	0	0	0	0	0	0	D	NA	0.5
702	S	0	0	0	0	0	0	0	D	NA	0.5
703	P	0	0	0	0	0	0	0	D	NA	0.5
704	M	0	0	0	0	0	0	0	D	NA	0.5
705	E	0	0	0	0	0	0	0	D	NA	0.5
706	L	0	0	0	0	0	0	0	D	D_WC	0.625
707	E	0	0	0	0	0	0	0	D	D_WC	0.625
708	S	0	0	0	0	0	0	0	D	D_WC	0.75
709	V	0	0	0	0	0	0	0	D	D_WC	0.75
710	G	0	0	0	0	0	0	0	D	D_WC	0.75
711	H	0	0	0	0	0	0	0	D	D_WC	0.875
712	R	0	0	0	0	0	0	0	D	D_WC	0.875
713	G	0	0	0	0	0	0	0	D	D_WC	0.875
714	P	0	0	0	0	0	0	0	D	D_WC	0.875
715	Q	0	0	0	0	0	0	0	D	D_WC	0.875
716	S	0	0	0	0	0	0	0	D	D_WC	0.875
717	L	0	0	0	0	0	0	0	D	D_WC	0.875
718	S	0	0	0	0	0	0	0	D	D_WC	1
719	A	0	0	0	0	0	0	0	D	D_WC	1
720	S	0	0	0	0	0	0	0	D	D_WC	1
721	S	0	0	0	0	0	0	0	D	D_WC	1
722	S	0	0	0	0	0	0	0	D	D_WC	1
723	S	0	0	0	0	0	0	0	D	D_WC	1
724	L	0	0	0	0	0	0	0	D	D_WC	1
725	T	0	0	0	0	0	0	0	D	D_WC	0.875
726	P	0	0	0	0	0	0	0	D	D_WC	0.75
727	M	0	0	0	0	0	0	0	D	D_WC	0.75
728	G	0	0	0	0	0	0	0	D	D_WC	0.75
729	R	0	0	0	0	0	0	0	D	D_WC	0.75
730	D	0	0	0	0	0	0	0	D	D_WC	0.75
731	A	0	0	0	0	0	0	0	D	D_WC	0.75
732	L	0	0	0	0	0	0	0	D	D_WC	0.75
733	G	0	0	0	0	0	0	0	D	D_WC	0.75
734	S	0	0	0	0	0	0	0	D	D_WC	0.75
735	L	0	0	0	0	0	0	0	D	D_WC	0.75
736	S	Phosphoserine	RDALGSLSPALEDGK	HHHHHCCCHHHHCCC	0	0	0	0	D	D_WC	0.75
737	P	0	0	0	0	0	0	0	D	D_WC	0.75
738	A	0	0	0	0	0	0	0	D	D_WC	0.75
739	L	0	0	0	0	0	0	0	D	D_WC	0.75
740	E	0	0	0	0	0	0	0	D	D_WC	0.875
741	D	0	0	0	0	0	0	0	D	D_WC	0.875
742	G	0	0	0	0	0	0	0	D	D_WC	0.875
743	K	0	0	0	0	0	0	0	D	D_WC	0.875
744	A	0	0	0	0	0	0	0	D	D_WC	0.875
745	A	0	0	0	0	0	0	0	D	D_WC	0.875
746	P	0	0	0	0	0	0	0	D	D_WC	0.875
747	D	0	0	0	0	0	0	0	D	D_WC	0.875
748	E	0	0	0	0	0	0	0	D	D_WC	0.875
749	P	0	0	0	0	0	0	0	D	D_WC	0.875
750	G	0	0	0	0	0	0	0	D	D_WC	0.875
751	S	Phosphoserine	AAPDEPGSAALGSVG	CCCCCCCCCCCCCCC	0	0	0	0	D	D_WC	0.875
752	A	0	0	0	0	0	0	0	D	D_WC	0.875
753	A	0	0	0	0	0	0	0	D	D_WC	0.875
754	L	0	0	0	0	0	0	0	D	D_WC	0.875
755	G	0	0	0	0	0	0	0	D	D_WC	1
756	S	0	0	0	0	0	0	0	D	D_WC	1
757	V	0	0	0	0	0	0	0	D	D_WC	1
758	G	0	0	0	0	0	0	0	D	D_WC	1
759	S	0	0	0	0	0	0	0	D	D_WC	1
760	S	0	0	0	0	0	0	0	D	D_WC	1
761	D	0	0	0	0	0	0	0	D	D_WC	1
762	P	0	0	0	0	0	0	0	D	D_WC	1
763	E	0	0	0	0	0	0	0	D	D_WC	1
764	N	0	0	0	0	0	0	0	D	D_WC	1
765	K	0	0	0	0	0	0	0	D	D_WC	0.75
766	D	0	0	0	0	0	0	0	D	D_WC	0.75
767	P	0	0	0	0	0	0	0	D	D_WC	0.75
768	R	0	0	0	0	0	0	0	D	D_WC	0.75
769	P	0	0	0	0	0	0	0	D	D_WC	0.75
770	L	0	0	0	0	0	0	0	D	D_WC	0.75
771	F	0	0	0	0	0	0	0	D	D_WC	0.75
772	C	0	0	0	0	0	0	0	D	D_WC	0.625
773	I	0	0	0	0	0	0	0	D	D_WC	0.625
774	S	0	0	0	0	0	0	0	D	NA	0.5
775	D	0	0	0	0	0	0	0	D	NA	0.625
776	T	0	0	0	0	0	0	0	D	NA	0.625
777	T	0	0	0	0	0	0	0	D	NA	0.5
778	D	0	0	0	0	0	0	0	D	NA	0.5
779	C	0	0	0	0	0	0	0	D	NA	0.5
780	S	0	0	0	0	0	0	0	D	NA	0.5
781	L	0	0	0	0	0	0	0	D	NA	0.5
782	T	0	0	0	0	0	0	0	D	D_WC	0.625
783	L	0	0	0	0	0	0	0	D	D_WC	0.625
784	D	0	0	0	0	0	0	0	D	D_WC	0.875
785	C	0	0	0	0	0	0	0	D	D_WC	0.875
786	S	0	0	0	0	0	0	0	D	D_WC	0.875
787	E	0	0	0	0	0	0	0	D	D_WC	1
788	G	0	0	0	0	0	0	0	D	D_WC	1
789	T	0	0	0	0	0	0	0	D	D_WC	1
790	D	0	0	0	0	0	0	0	D	D_WC	1
791	S	0	0	0	0	0	0	0	D	D_WC	1
792	R	0	0	0	0	0	0	0	D	D_WC	1
793	P	0	0	0	0	0	0	0	D	D_WC	1
794	R	0	0	0	0	0	0	0	D	D_WC	1
795	G	0	0	0	0	0	0	0	D	D_WC	1
796	G	0	0	0	0	0	0	0	D	D_WC	1
797	D	0	0	0	0	0	0	0	D	D_WC	1
798	P	0	0	0	0	0	0	0	D	D_WC	1
799	E	0	0	0	0	0	0	0	D	D_WC	1
800	E	0	0	0	0	0	0	0	D	D_WC	1
801	G	0	0	0	0	0	0	0	D	D_WC	1
802	G	0	0	0	0	0	0	0	D	D_WC	1
803	E	0	0	0	0	0	0	0	D	D_WC	1
804	G	0	0	0	0	0	0	0	D	D_WC	0.875
805	D	0	0	0	0	0	0	0	D	D_WC	0.875
806	G	0	0	0	0	0	0	0	D	D_WC	0.875
807	S	0	0	0	0	0	0	0	D	D_WC	0.875
808	M	0	0	0	0	0	0	0	D	D_WC	0.75
809	S	0	0	0	0	0	0	0	D	D_WC	0.75
810	S	0	0	0	0	0	0	0	D	D_WC	0.75
811	G	0	0	0	0	0	0	0	D	D_WC	0.75
812	V	0	0	0	0	0	0	0	D	D_WC	0.75
813	G	0	0	0	0	0	0	0	D	D_WC	0.75
814	E	0	0	0	0	0	0	0	D	D_WC	0.75
815	M	0	0	0	0	0	0	0	D	D_WC	0.875
816	G	0	0	0	0	0	0	0	D	D_WC	0.875
817	D	0	0	0	0	0	0	0	D	D_WC	0.875
818	S	0	0	0	0	0	0	0	D	D_WC	0.875
819	Q	0	0	0	0	0	0	0	D	D_WC	0.875
820	V	0	0	0	0	0	0	0	D	D_WC	0.875
821	S	0	0	0	0	0	0	0	D	D_WC	0.875
822	S	0	0	0	0	0	0	0	D	D_WC	0.875
823	N	0	0	0	0	0	0	0	D	D_WC	0.875
824	P	0	0	0	0	0	0	0	D	D_WC	0.875
825	T	0	0	0	0	0	0	0	D	D_WC	0.875
826	S	0	0	0	0	0	0	0	D	D_WC	0.875
827	S	0	0	0	0	0	0	0	D	D_WC	0.875
828	P	0	0	0	0	0	0	0	D	D_WC	1
829	P	0	0	0	0	0	0	0	D	D_WC	0.875
830	G	0	0	0	0	0	0	0	D	D_WC	0.875
831	E	0	0	0	0	0	0	0	D	D_WC	0.875
832	A	0	0	0	0	0	0	0	D	D_WC	1
833	P	0	0	0	0	0	0	0	D	D_WC	1
834	A	0	0	0	0	0	0	0	D	D_WC	1
835	P	0	0	0	0	0	0	0	D	D_WC	1
836	V	0	0	0	0	0	0	0	D	D_WC	1
837	S	0	0	0	0	0	0	0	D	D_WC	1
838	V	0	0	0	0	0	0	0	D	D_WC	1
839	D	0	0	0	0	0	0	0	D	D_WC	1
840	S	0	0	0	0	0	0	0	D	D_WC	1
841	E	0	0	0	0	0	0	0	D	D_WC	1
842	P	0	0	0	0	0	0	0	D	D_WC	1
843	S	0	0	0	0	0	0	0	D	D_WC	1
844	C	0	0	0	0	0	0	0	D	D_WC	1
845	K	0	0	0	0	0	0	0	D	D_WC	1
846	G	0	0	0	0	0	0	0	D	D_WC	1
847	G	0	0	0	0	0	0	0	D	D_WC	1
848	L	0	0	0	0	0	0	0	D	D_WC	1
849	P	0	0	0	0	0	0	0	D	D_WC	0.875
850	R	0	0	0	0	0	0	0	D	D_WC	1
851	D	0	0	0	0	0	0	0	D	D_WC	1
852	K	0	0	0	0	0	0	0	D	D_WC	1
853	P	0	0	0	0	0	0	0	D	D_WC	1
854	T	0	0	0	0	0	0	0	D	D_WC	1
855	K	0	0	0	0	0	0	0	D	D_WC	1
856	R	0	0	0	0	0	0	0	D	D_WC	1
857	K	0	0	0	0	0	0	0	D	D_WC	0.875
858	D	0	0	0	0	0	0	0	D	D_WC	0.875
859	V	0	0	0	0	0	0	0	D	D_WC	0.875
860	V	0	0	0	0	0	0	0	D	D_WC	0.875
861	A	0	0	0	0	0	0	0	D	D_WC	0.75
862	P	0	0	0	0	0	0	0	D	D_WC	0.875
863	K	0	0	0	0	0	0	0	D	D_WC	0.875
864	R	0	0	0	0	0	0	0	D	D_WC	0.875
865	G	0	0	0	0	0	0	0	D	D_WC	0.875
866	S	0	0	0	0	0	0	0	D	D_WC	1
867	L	0	0	0	0	0	0	0	D	D_WC	1
868	K	0	0	0	0	0	0	0	D	D_WC	1
869	E	0	0	0	0	0	0	0	D	D_WC	1
870	A	0	0	0	0	0	0	0	D	D_WC	1
871	S	0	0	0	0	0	0	0	D	D_WC	1
872	P	0	0	0	0	0	0	0	D	D_WC	1
873	G	0	0	0	0	0	0	0	D	D_WC	1
874	A	0	0	0	0	0	0	0	D	D_WC	1
875	S	0	0	0	0	0	0	0	D	D_WC	1
876	K	0	0	0	0	0	0	0	D	D_WC	1
877	P	0	0	0	0	0	0	0	D	D_WC	1
878	G	0	0	0	0	0	0	0	D	D_WC	1
879	S	Phosphoserine	PGASKPGSARRSQGA	CCCCCCCCHHHHHCC	0	0	0	0	D	D_WC	1
880	A	0	0	0	0	0	0	0	D	D_WC	1
881	R	0	0	0	0	0	0	0	D	D_WC	1
882	R	0	0	0	0	0	0	0	D	D_WC	0.875
883	S	0	0	0	0	0	0	0	D	D_WC	0.875
884	Q	0	0	0	0	0	0	0	D	D_WC	0.875
885	G	0	0	0	0	0	0	0	D	D_WC	0.875
886	A	0	0	0	0	0	0	0	D	D_WC	0.875
887	V	0	0	0	0	0	0	0	D	D_WC	0.875
888	A	0	0	0	0	0	0	0	D	D_WC	0.875
889	K	0	0	0	0	0	0	0	D	D_WC	0.875
890	S	0	0	0	0	0	0	0	D	D_WC	0.75
891	V	0	0	0	0	0	0	0	D	D_WC	0.75
892	R	0	0	0	0	0	0	0	D	D_WC	0.75
893	T	0	0	0	0	0	0	0	D	D_WC	0.875
894	L	0	0	0	0	0	0	0	D	D_WC	0.875
895	T	Phosphothreonine	AKSVRTLTASENESM	HHHHEEEECCCCHHH	0	0	0	0	D	D_WC	0.875
896	A	0	0	0	0	0	0	0	D	D_WC	0.875
897	S	0	0	0	0	0	0	0	D	D_WC	0.875
898	E	0	0	0	0	0	0	0	D	D_WC	0.875
899	N	0	0	0	0	0	0	0	D	D_WC	0.875
900	E	0	0	0	0	0	0	0	D	D_WC	0.875
901	S	0	0	0	0	0	0	0	D	D_WC	0.75
902	M	0	0	0	0	0	0	0	D	D_WC	0.75
903	R	0	0	0	0	0	0	0	D	D_WC	0.75
904	K	0	0	0	0	0	0	0	D	D_WC	0.75
905	V	0	0	0	0	0	0	0	D	D_WC	0.75
906	M	0	0	0	0	0	0	0	D	D_WC	0.75
907	P	0	0	0	0	0	0	0	D	D_WC	0.75
908	I	0	0	0	0	0	0	0	D	D_WC	0.75
909	T	0	0	0	0	0	0	0	D	D_WC	0.75
910	K	0	0	0	0	0	0	0	D	D_WC	0.875
911	S	0	0	0	0	0	0	0	D	D_WC	0.875
912	S	0	0	0	0	0	0	0	D	D_WC	0.875
913	R	0	0	0	0	0	0	0	D	D_WC	1
914	G	0	0	0	0	0	0	0	D	D_WC	1
915	A	0	0	0	0	0	0	0	D	D_WC	1
916	G	0	0	0	0	0	0	0	D	D_WC	1
917	W	0	0	0	0	0	0	0	D	D_WC	1
918	R	0	0	0	0	0	0	0	D	D_WC	1
919	R	0	0	0	0	0	0	0	D	D_WC	1
920	P	0	0	0	0	0	0	0	D	D_WC	1
921	E	0	0	0	0	0	0	0	D	D_WC	1
922	L	0	0	0	0	0	0	0	D	D_WC	1
923	S	0	0	0	0	0	0	0	D	D_WC	1
924	S	Phosphoserine	WRRPELSSRGPSQNP	CCCCHHHCCCCCCCC	0	0	0	0	D	D_WC	1
925	R	0	0	0	0	0	0	0	D	D_WC	1
926	G	0	0	0	0	0	0	0	D	D_WC	1
927	P	0	0	0	0	0	0	0	D	D_WC	1
928	S	0	0	0	0	0	0	0	D	D_WC	1
929	Q	0	0	0	0	0	0	0	D	D_WC	1
930	N	0	0	0	0	0	0	0	D	D_WC	1
931	P	0	0	0	0	0	0	0	D	D_WC	1
932	P	0	0	0	0	0	0	0	D	D_WC	1
933	S	0	0	0	0	0	0	0	D	D_WC	1
934	S	0	0	0	0	0	0	0	D	D_WC	1
935	T	0	0	0	0	0	0	0	D	D_WC	1
936	D	0	0	0	0	0	0	0	D	D_WC	1
937	T	0	0	0	0	0	0	0	D	D_WC	1
938	V	0	0	0	0	0	0	0	D	D_WC	1
939	W	0	0	0	0	0	0	0	D	D_WC	0.875
940	S	0	0	0	0	0	0	0	D	D_WC	0.875
941	R	0	0	0	0	0	0	0	D	D_WC	0.875
942	Q	0	0	0	0	0	0	0	D	D_WC	0.875
943	N	0	0	0	0	0	0	0	D	D_WC	0.75
944	S	0	0	0	0	0	0	0	D	D_WC	0.75
945	V	0	0	0	0	0	0	0	D	D_WC	0.75
946	R	0	0	0	0	0	0	0	D	D_WC	0.875
947	R	0	0	0	0	0	0	0	D	D_WC	0.875
948	A	0	0	0	0	0	0	0	D	D_WC	0.875
949	S	Phosphoserine	QNSVRRASTGAEEQR	HHHHHHHCCCCCCCC	0	0	0	0	D	D_WC	0.875
950	T	0	0	0	0	0	0	0	D	D_WC	0.875
951	G	0	0	0	0	0	0	0	D	D_WC	0.875
952	A	0	0	0	0	0	0	0	D	D_WC	0.875
953	E	0	0	0	0	0	0	0	D	D_WC	0.875
954	E	0	0	0	0	0	0	0	D	D_WC	0.875
955	Q	0	0	0	0	0	0	0	D	D_WC	1
956	R	0	0	0	0	0	0	0	D	D_WC	1
957	L	0	0	0	0	0	0	0	D	D_WC	1
958	P	0	0	0	0	0	0	0	D	D_WC	1
959	R	0	0	0	0	0	0	0	D	D_WC	1
960	G	0	0	0	0	0	0	0	D	D_WC	1
961	S	Phosphoserine	EQRLPRGSSGSSSTR	CCCCCCCCCCCCCCC	0	0	0	0	D	D_WC	1
962	S	0	0	0	0	0	0	0	D	D_WC	1
963	G	0	0	0	0	0	0	0	D	D_WC	1
964	S	0	0	0	0	0	0	0	D	D_WC	1
965	S	0	0	0	0	0	0	0	D	D_WC	1
966	S	Phosphoserine	RGSSGSSSTRPGRDV	CCCCCCCCCCCCCCC	0	0	0	0	D	D_WC	1
967	T	0	0	0	0	0	0	0	D	D_WC	1
968	R	0	0	0	0	0	0	0	D	D_WC	1
969	P	0	0	0	0	0	0	0	D	D_WC	1
970	G	0	0	0	0	0	0	0	D	D_WC	1
971	R	0	0	0	0	0	0	0	D	D_WC	1
972	D	0	0	0	0	0	0	0	D	D_WC	1
973	V	0	0	0	0	0	0	0	D	D_WC	1
974	P	0	0	0	0	0	0	0	D	D_WC	0.875
975	L	0	0	0	0	0	0	0	D	D_WC	0.875
976	Q	0	0	0	0	0	0	0	D	D_WC	0.875
977	P	0	0	0	0	0	0	0	D	D_WC	0.875
978	R	0	0	0	0	0	0	0	D	D_WC	0.875
979	G	0	0	0	0	0	0	0	D	D_WC	1
980	S	0	0	0	0	0	0	0	D	D_WC	1
981	F	0	0	0	0	0	0	0	D	D_WC	1
982	K	0	0	0	0	0	0	0	D	D_WC	1
983	K	0	0	0	0	0	0	0	D	D_WC	1
984	P	0	0	0	0	0	0	0	D	D_WC	1
985	S	0	0	0	0	0	0	0	D	D_WC	1
986	A	0	0	0	0	0	0	0	D	D_WC	0.875
987	K	0	0	0	0	0	0	0	D	D_WC	0.875
988	P	0	0	0	0	0	0	0	D	D_WC	0.875
989	L	0	0	0	0	0	0	0	D	D_WC	0.875
990	R	0	0	0	0	0	0	0	D	D_WC	0.875
991	N	0	0	0	0	0	0	0	D	D_WC	0.875
992	L	0	0	0	0	0	0	0	D	D_WC	0.875
993	P	0	0	0	0	0	0	0	D	D_WC	0.875
994	R	0	0	0	0	0	0	0	D	D_WC	0.875
995	Q	0	0	0	0	0	0	0	D	D_WC	0.875
996	K	0	0	0	0	0	0	0	D	D_WC	0.875
997	P	0	0	0	0	0	0	0	D	D_WC	0.875
998	E	0	0	0	0	0	0	0	D	D_WC	0.875
999	E	0	0	0	0	0	0	0	D	D_WC	0.875
1000	N	0	0	0	0	0	0	0	D	D_WC	0.875
1001	K	0	0	0	0	0	0	0	D	D_WC	0.875
1002	T	0	0	0	0	0	0	0	D	D_WC	1
1003	C	0	0	0	0	0	0	0	D	D_WC	1
1004	R	0	0	0	0	0	0	0	D	D_WC	1
1005	A	0	0	0	0	0	0	0	D	D_WC	1
1006	H	0	0	0	0	0	0	0	D	D_WC	1
1007	S	0	0	0	0	0	0	0	D	D_WC	1
1008	E	0	0	0	0	0	0	0	D	D_WC	1
1009	G	0	0	0	0	0	0	0	D	D_WC	1
1010	P	0	0	0	0	0	0	0	D	D_WC	1
1011	E	0	0	0	0	0	0	0	D	D_WC	1
1012	S	Phosphoserine	AHSEGPESPKEEPKT	CCCCCCCCCCCCCCC	0	0	0	0	D	D_WC	1
1013	P	0	0	0	0	0	0	0	D	D_WC	1
1014	K	0	0	0	0	0	0	0	D	D_WC	1
1015	E	0	0	0	0	0	0	0	D	D_WC	1
1016	E	0	0	0	0	0	0	0	D	D_WC	1
1017	P	0	0	0	0	0	0	0	D	D_WC	1
1018	K	0	0	0	0	0	0	0	D	D_WC	1
1019	T	0	0	0	0	0	0	0	D	D_WC	1
1020	P	0	0	0	0	0	0	0	D	D_WC	1
1021	S	0	0	0	0	0	0	0	D	D_WC	1
1022	V	0	0	0	0	0	0	0	D	D_WC	1
1023	P	0	0	0	0	0	0	0	D	D_WC	1
1024	S	0	0	0	0	0	0	0	D	D_WC	1
1025	V	0	0	0	0	0	0	0	D	D_WC	1
1026	P	0	0	0	0	0	0	0	D	D_WC	1
1027	H	0	0	0	0	0	0	0	D	D_WC	0.875
1028	E	0	0	0	0	0	0	0	D	D_WC	0.875
1029	L	0	0	0	0	0	0	0	D	D_WC	0.875
1030	P	0	0	0	0	0	0	0	D	D_WC	0.875
1031	R	0	0	0	0	0	0	0	D	D_WC	0.75
1032	V	0	0	0	0	0	0	0	D	D_WC	0.75
1033	P	0	0	0	0	0	0	0	D	D_WC	0.75
1034	S	0	0	0	0	0	0	0	D	D_WC	0.75
1035	F	0	0	0	0	0	0	0	D	D_WC	0.625
1036	A	0	0	0	0	0	0	0	D	D_WC	0.75
1037	R	0	0	0	0	0	0	0	D	D_WC	0.75
1038	N	0	0	0	0	0	0	0	D	D_WC	0.75
1039	T	0	0	0	0	0	0	0	D	D_WC	0.875
1040	V	0	0	0	0	0	0	0	D	D_WC	0.875
1041	A	0	0	0	0	0	0	0	D	D_WC	0.875
1042	S	0	0	0	0	0	0	0	D	D_WC	0.875
1043	S	0	0	0	0	0	0	0	D	D_WC	0.875
1044	S	0	0	0	0	0	0	0	D	D_WC	0.875
1045	R	0	0	0	0	0	0	0	D	D_WC	0.875
1046	S	Phosphoserine	TVASSSRSMRTDLPP	HHHCCCCCCCCCCCC	0	0	0	0	D	D_WC	0.875
1047	M	0	0	0	0	0	0	0	D	D_WC	0.875
1048	R	0	0	0	0	0	0	0	D	D_WC	0.875
1049	T	0	0	0	0	0	0	0	D	D_WC	0.875
1050	D	0	0	0	0	0	0	0	D	D_WC	0.875
1051	L	0	0	0	0	0	0	0	D	D_WC	0.875
1052	P	0	0	0	0	0	0	0	D	D_WC	0.875
1053	P	0	0	0	0	0	0	0	D	D_WC	0.875
1054	V	0	0	0	0	0	0	0	D	D_WC	0.875
1055	A	0	0	0	0	0	0	0	D	D_WC	0.875
1056	K	0	0	0	0	0	0	0	D	D_WC	0.875
1057	A	0	0	0	0	0	0	0	D	D_WC	0.75
1058	P	0	0	0	0	0	0	0	D	D_WC	0.75
1059	G	0	0	0	0	0	0	0	D	D_WC	0.75
1060	I	0	0	0	0	0	0	0	D	D_WC	0.75
1061	T	0	0	0	0	0	0	0	D	D_WC	0.75
1062	R	0	0	0	0	0	0	0	D	D_WC	0.75
1063	T	0	0	0	0	0	0	0	D	D_WC	0.75
1064	V	0	0	0	0	0	0	0	D	D_WC	0.75
1065	S	0	0	0	0	0	0	0	D	D_WC	0.75
1066	Q	0	0	0	0	0	0	0	D	D_WC	0.875
1067	R	0	0	0	0	0	0	0	D	D_WC	0.875
1068	Q	0	0	0	0	0	0	0	D	D_WC	0.875
1069	L	0	0	0	0	0	0	0	D	D_WC	0.875
1070	R	0	0	0	0	0	0	0	D	D_WC	0.875
1071	V	0	0	0	0	0	0	0	D	D_WC	0.875
1072	K	0	0	0	0	0	0	0	D	D_WC	0.875
1073	G	0	0	0	0	0	0	0	D	D_WC	0.875
1074	D	0	0	0	0	0	0	0	D	D_WC	1
1075	P	0	0	0	0	0	0	0	D	D_WC	1
1076	E	0	0	0	0	0	0	0	D	D_WC	1
1077	D	0	0	0	0	0	0	0	D	D_WC	1
1078	A	0	0	0	0	0	0	0	D	D_WC	1
1079	A	0	0	0	0	0	0	0	D	D_WC	1
1080	P	0	0	0	0	0	0	0	D	D_WC	1
1081	K	0	0	0	0	0	0	0	D	D_WC	1
1082	D	0	0	0	0	0	0	0	D	D_WC	1
1083	S	0	0	0	0	0	0	0	D	D_WC	1
1084	S	0	0	0	0	0	0	0	D	D_WC	0.875
1085	T	0	0	0	0	0	0	0	D	D_WC	0.875
1086	L	0	0	0	0	0	0	0	D	D_WC	0.875
1087	R	0	0	0	0	0	0	0	D	D_WC	0.875
1088	R	0	0	0	0	0	0	0	D	D_WC	0.875
1089	A	0	0	0	0	0	0	0	D	D_WC	0.875
1090	S	0	0	0	0	0	0	0	D	D_WC	0.875
1091	S	0	0	0	0	0	0	0	D	D_WC	0.875
1092	A	0	0	0	0	0	0	0	D	D_WC	0.875
1093	R	0	0	0	0	0	0	0	D	D_WC	0.875
1094	A	0	0	0	0	0	0	0	D	D_WC	0.875
1095	P	0	0	0	0	0	0	0	D	D_WC	0.875
1096	K	0	0	0	0	0	0	0	D	D_WC	1
1097	K	0	0	0	0	0	0	0	D	D_WC	1
1098	R	0	0	0	0	0	0	0	D	D_WC	1
1099	P	0	0	0	0	0	0	0	D	D_WC	1
1100	E	0	0	0	0	0	0	0	D	D_WC	1
1101	S	Phosphoserine	APKKRPESAEGPSAN	CCCCCCCCCCCCCCC	0	0	0	0	D	D_WC	1
1102	A	0	0	0	0	0	0	0	D	D_WC	1
1103	E	0	0	0	0	0	0	0	D	D_WC	1
1104	G	0	0	0	0	0	0	0	D	D_WC	1
1105	P	0	0	0	0	0	0	0	D	D_WC	1
1106	S	0	0	0	0	0	0	0	D	D_WC	1
1107	A	0	0	0	0	0	0	0	D	D_WC	1
1108	N	0	0	0	0	0	0	0	D	D_WC	1
1109	T	0	0	0	0	0	0	0	D	D_WC	1
1110	E	0	0	0	0	0	0	0	D	D_WC	1
1111	A	0	0	0	0	0	0	0	D	D_WC	1
1112	P	0	0	0	0	0	0	0	D	D_WC	0.875
1113	L	0	0	0	0	0	0	0	D	D_WC	0.875
1114	K	0	0	0	0	0	0	0	D	D_WC	0.875
1115	A	0	0	0	0	0	0	0	D	D_WC	0.875
1116	R	0	0	0	0	0	0	0	D	D_WC	0.875
1117	G	0	0	0	0	0	0	0	D	D_WC	0.875
1118	A	0	0	0	0	0	0	0	D	D_WC	0.875
1119	G	0	0	0	0	0	0	0	D	D_WC	0.875
1120	E	0	0	0	0	0	0	0	D	D_WC	0.875
1121	R	0	0	0	0	0	0	0	D	D_WC	0.875
1122	A	0	0	0	0	0	0	0	D	D_WC	0.875
1123	S	0	0	0	0	0	0	0	D	D_WC	0.875
1124	L	0	0	0	0	0	0	0	D	D_WC	0.875
1125	R	0	0	0	0	0	0	0	D	D_WC	0.875
1126	R	0	0	0	0	0	0	0	D	D_WC	0.875
1127	K	0	0	0	0	0	0	0	D	D_WC	0.875
1128	D	0	0	0	0	0	0	0	D	D_WC	0.875
1129	S	0	0	0	0	0	0	0	D	D_WC	0.875
1130	S	0	0	0	0	0	0	0	D	D_WC	0.875
1131	R	0	0	0	0	0	0	0	D	D_WC	0.75
1132	T	0	0	0	0	0	0	0	D	D_WC	0.75
1133	T	0	0	0	0	0	0	0	D	D_WC	0.75
1134	L	0	0	0	0	0	0	0	D	D_WC	0.875
1135	G	0	0	0	0	0	0	0	D	D_WC	0.75
1136	R	0	0	0	0	0	0	0	D	D_WC	0.75
1137	I	0	0	0	0	0	0	0	D	D_WC	0.75
1138	L	0	0	0	0	0	0	0	D	D_WC	0.875
1139	N	0	0	0	0	0	0	0	D	D_WC	0.875
1140	P	0	0	0	0	0	0	0	D	D_WC	0.875
1141	L	0	0	0	0	0	0	0	D	D_WC	0.875
1142	R	0	0	0	0	0	0	0	D	D_WC	0.875
1143	K	0	0	0	0	0	0	0	D	D_WC	0.875
