location	residue	Modification	seq	secStruc	RelatedDisease	VariantPosition	ResidueChange	DaPSbySAP	disorder.predictors.simple	disorder.predictors.mobidb-lite.regions	disorder.predictors.mobidb-lite.scores
1	M	0	0	0	0	0	0	0	D	NA	0.5
2	L	0	0	0	0	0	0	0	D	NA	0.5
3	K	0	0	0	0	0	0	0	D	NA	0.5
4	F	0	0	0	0	0	0	0	D	NA	0.375
5	Q	0	0	0	0	0	0	0	D	NA	0.5
6	E	0	0	0	0	0	0	0	D	NA	0.375
7	A	0	0	0	0	0	0	0	D	NA	0.25
8	A	0	0	0	0	0	0	0	D	NA	0.25
9	K	0	0	0	0	0	0	0	D	NA	0.25
10	C	0	0	0	0	0	0	0	D	NA	0.25
11	V	0	0	0	0	0	0	0	D	NA	0.25
12	S	0	0	0	0	0	0	0	D	NA	0.25
13	G	0	0	0	0	0	0	0	D	NA	0.375
14	S	0	0	0	0	0	0	0	D	NA	0.25
15	T	0	0	0	0	0	0	0	D	NA	0.25
16	A	0	0	0	0	0	0	0	D	NA	0.25
17	I	0	0	0	0	0	0	0	D	NA	0.25
18	S	0	0	0	0	0	0	0	D	NA	0.125
19	T	0	0	0	0	0	0	0	D	NA	0.125
20	Y	0	0	0	0	0	0	0	D	NA	0.125
21	P	0	0	0	0	0	0	0	D	NA	0.125
22	K	0	0	0	0	0	0	0	D	NA	0.125
23	T	0	0	0	0	0	0	0	NA	NA	0
24	L	0	0	0	0	0	0	0	NA	NA	0
25	I	0	0	0	0	0	0	0	NA	NA	0
26	A	0	0	0	0	0	0	0	NA	NA	0
27	R	0	0	0	0	0	0	0	NA	NA	0
28	R	0	0	0	0	0	0	0	NA	NA	0
29	Y	0	0	0	0	0	0	0	NA	NA	0
30	V	0	0	0	0	0	0	0	NA	NA	0
31	L	0	0	0	0	0	0	0	NA	NA	0
32	Q	0	0	0	0	0	0	0	NA	NA	0
33	Q	0	0	0	0	0	0	0	NA	NA	0
34	K	0	0	0	0	0	0	0	D	NA	0.125
35	L	0	0	0	0	0	0	0	D	NA	0.125
36	G	0	0	0	0	0	0	0	D	NA	0.125
37	S	0	0	0	0	0	0	0	D	NA	0.125
38	G	0	0	0	0	0	0	0	D	NA	0.125
39	S	0	0	0	0	0	0	0	D	NA	0.125
40	F	0	0	0	0	0	0	0	D	NA	0.125
41	G	0	0	0	0	0	0	0	D	NA	0.125
42	T	0	0	0	0	0	0	0	D	NA	0.125
43	V	0	0	0	0	0	0	0	D	NA	0.125
44	Y	Phosphotyrosine	SGSFGTVYLVSDKKA	CCCCCEEEEECCCCC	0	0	0	0	D	NA	0.125
45	L	0	0	0	0	0	0	0	D	NA	0.125
46	V	0	0	0	0	0	0	0	NA	NA	0
47	S	Phosphoserine	FGTVYLVSDKKAKRG	CCEEEEECCCCCCCC	0	0	0	0	D	NA	0.125
48	D	0	0	0	0	0	0	0	D	NA	0.125
49	K	0	0	0	0	0	0	0	D	NA	0.125
50	K	0	0	0	0	0	0	0	D	NA	0.125
51	A	0	0	0	0	0	0	0	D	NA	0.125
52	K	0	0	0	0	0	0	0	D	NA	0.125
53	R	0	0	0	0	0	0	0	D	NA	0.125
54	G	0	0	0	0	0	0	0	D	NA	0.125
55	E	0	0	0	0	0	0	0	D	NA	0.125
56	E	0	0	0	0	0	0	0	D	NA	0.125
57	L	0	0	0	0	0	0	0	D	NA	0.125
58	K	0	0	0	0	0	0	0	D	NA	0
59	V	0	0	0	0	0	0	0	NA	NA	0
60	L	0	0	0	0	0	0	0	D	NA	0.125
61	K	0	0	0	0	0	0	0	D	NA	0.125
62	E	0	0	0	0	0	0	0	D	NA	0.125
63	I	0	0	0	0	0	0	0	D	NA	0.125
64	S	0	0	0	0	0	0	0	D	NA	0.125
65	V	0	0	0	0	0	0	0	D	NA	0.125
66	G	0	0	0	0	0	0	0	D	NA	0.125
67	E	0	0	0	0	0	0	0	D	NA	0.125
68	L	0	0	0	0	0	0	0	D	NA	0.125
69	N	0	0	0	0	0	0	0	D	NA	0.125
70	P	0	0	0	0	0	0	0	D	NA	0.125
71	N	0	0	0	0	0	0	0	D	NA	0.125
72	E	0	0	0	0	0	0	0	D	NA	0
73	T	0	0	0	0	0	0	0	NA	NA	0
74	V	0	0	0	0	0	0	0	NA	NA	0
75	Q	0	0	0	0	0	0	0	NA	NA	0
76	A	0	0	0	0	0	0	0	NA	NA	0
77	N	0	0	0	0	0	0	0	NA	NA	0
78	L	0	0	0	0	0	0	0	NA	NA	0
79	E	0	0	0	0	0	0	0	NA	NA	0
80	A	0	0	0	0	0	0	0	NA	NA	0
81	Q	0	0	0	0	0	0	0	NA	NA	0
82	L	0	0	0	0	0	0	0	NA	NA	0
83	L	0	0	0	0	0	0	0	NA	NA	0
84	S	0	0	0	0	0	0	0	NA	NA	0
85	K	0	0	0	0	0	0	0	NA	NA	0
86	L	0	0	0	0	0	0	0	NA	NA	0
87	D	0	0	0	0	0	0	0	NA	NA	0
88	H	0	0	0	0	0	0	0	NA	NA	0
89	P	0	0	0	0	0	0	0	NA	NA	0
90	A	0	0	0	0	0	0	0	NA	NA	0
91	I	0	0	0	0	0	0	0	NA	NA	0
92	V	0	0	0	0	0	0	0	NA	NA	0
93	K	0	0	0	0	0	0	0	NA	NA	0
94	F	0	0	0	0	0	0	0	NA	NA	0
95	H	0	0	0	0	0	0	0	NA	NA	0
96	A	0	0	0	0	0	0	0	NA	NA	0
97	S	0	0	0	0	0	0	0	D	NA	0.125
98	F	0	0	0	0	0	0	0	D	NA	0.125
99	V	0	0	0	0	0	0	0	D	NA	0.125
100	E	0	0	0	0	0	0	0	D	NA	0.125
101	Q	0	0	0	0	0	0	0	D	NA	0.125
102	D	0	0	0	0	0	0	0	D	NA	0.125
103	N	0	0	0	0	0	0	0	D	NA	0.125
104	F	0	0	0	0	0	0	0	NA	NA	0
105	C	0	0	0	0	0	0	0	NA	NA	0
106	I	0	0	0	0	0	0	0	NA	NA	0
107	I	0	0	0	0	0	0	0	NA	NA	0
108	T	0	0	0	0	0	0	0	NA	NA	0
109	E	0	0	0	0	0	0	0	NA	NA	0
110	Y	0	0	0	0	0	0	0	NA	NA	0
111	C	0	0	0	0	0	0	0	NA	NA	0
112	E	0	0	0	0	0	0	0	NA	NA	0
113	G	0	0	0	0	0	0	0	NA	NA	0
114	R	0	0	0	0	0	0	0	NA	NA	0
115	D	0	0	0	0	0	0	0	NA	NA	0
116	L	0	0	0	0	0	0	0	NA	NA	0
117	D	0	0	0	0	0	0	0	D	NA	0
118	D	0	0	0	0	0	0	0	D	NA	0
119	K	0	0	0	0	0	0	0	D	NA	0
120	I	0	0	0	0	0	0	0	D	NA	0
121	Q	0	0	0	0	0	0	0	D	NA	0
122	E	0	0	0	0	0	0	0	NA	NA	0
123	Y	0	0	0	0	0	0	0	NA	NA	0
124	K	0	0	0	0	0	0	0	NA	NA	0
125	Q	0	0	0	0	0	0	0	NA	NA	0
126	A	0	0	0	0	0	0	0	NA	NA	0
127	G	0	0	0	0	0	0	0	D	NA	0.125
128	K	0	0	0	0	0	0	0	D	NA	0.125
129	I	0	0	0	0	0	0	0	D	NA	0.125
130	F	0	0	0	0	0	0	0	D	NA	0.125
131	P	0	0	0	0	0	0	0	D	NA	0.125
132	E	0	0	0	0	0	0	0	D	NA	0.125
133	N	0	0	0	0	0	0	0	D	NA	0.125
134	Q	0	0	0	0	0	0	0	D	NA	0.125
135	I	0	0	0	0	0	0	0	NA	NA	0
136	I	0	0	0	0	0	0	0	NA	NA	0
137	E	0	0	0	0	0	0	0	NA	NA	0
138	W	0	0	0	0	0	0	0	NA	NA	0
139	F	0	0	0	0	0	0	0	NA	NA	0
140	I	0	0	0	0	0	0	0	NA	NA	0
141	Q	0	0	0	0	0	0	0	NA	NA	0
142	L	0	0	0	0	0	0	0	NA	NA	0
143	L	0	0	0	0	0	0	0	NA	NA	0
144	L	0	0	0	0	0	0	0	NA	NA	0
145	G	0	0	0	0	0	0	0	NA	NA	0
146	V	0	0	0	0	0	0	0	NA	NA	0
147	D	0	0	0	0	0	0	0	NA	NA	0
148	Y	0	0	0	0	0	0	0	NA	NA	0
149	M	0	0	0	0	0	0	0	NA	NA	0
150	H	0	0	0	0	0	0	0	NA	NA	0
151	E	0	0	0	0	0	0	0	NA	NA	0
152	R	0	0	0	0	0	0	0	NA	NA	0
153	R	0	0	0	0	0	0	0	NA	NA	0
154	I	0	0	0	0	0	0	0	NA	NA	0
155	L	0	0	0	0	0	0	0	NA	NA	0
156	H	0	0	0	0	0	0	0	NA	NA	0
157	R	0	0	0	0	0	0	0	NA	NA	0
158	D	0	0	0	0	0	0	0	NA	NA	0
159	L	0	0	0	0	0	0	0	D	NA	0.125
160	K	0	0	0	0	0	0	0	D	NA	0.125
161	S	0	0	0	0	0	0	0	D	NA	0.125
162	K	0	0	0	0	0	0	0	D	NA	0.125
163	N	0	0	0	0	0	0	0	D	NA	0.125
164	V	0	0	0	0	0	0	0	D	NA	0.125
165	F	0	0	0	0	0	0	0	D	NA	0.125
166	L	0	0	0	0	0	0	0	D	NA	0.125
167	K	0	0	0	0	0	0	0	NA	NA	0
168	N	0	0	0	0	0	0	0	NA	NA	0
169	N	0	0	0	0	0	0	0	NA	NA	0
170	L	0	0	0	0	0	0	0	NA	NA	0
171	L	0	0	0	0	0	0	0	NA	NA	0
172	K	0	0	0	0	0	0	0	NA	NA	0
173	I	0	0	0	0	0	0	0	NA	NA	0
174	G	0	0	0	0	0	0	0	NA	NA	0
175	D	0	0	0	0	0	0	0	NA	NA	0
176	F	0	0	0	0	0	0	0	NA	NA	0
177	G	0	0	0	0	0	0	0	NA	NA	0
178	V	0	0	0	0	0	0	0	NA	NA	0
179	S	0	0	0	0	0	0	0	NA	NA	0
180	R	0	0	0	0	0	0	0	NA	NA	0
181	L	0	0	0	0	0	0	0	NA	NA	0
182	L	0	0	0	0	0	0	0	NA	NA	0
183	M	0	0	0	0	0	0	0	NA	NA	0
184	G	0	0	0	0	0	0	0	NA	NA	0
185	S	0	0	0	0	0	0	0	NA	NA	0
186	C	0	0	0	0	0	0	0	NA	NA	0
187	D	0	0	0	0	0	0	0	NA	NA	0
188	L	0	0	0	0	0	0	0	NA	NA	0
189	A	0	0	0	0	0	0	0	NA	NA	0
190	T	0	0	0	0	0	0	0	D	NA	0.125
191	T	0	0	0	0	0	0	0	D	NA	0.125
192	L	0	0	0	0	0	0	0	D	NA	0.125
193	T	0	0	0	0	0	0	0	D	NA	0.125
194	G	0	0	0	0	0	0	0	D	NA	0.125
195	T	0	0	0	0	0	0	0	D	NA	0.125
196	P	0	0	0	0	0	0	0	D	NA	0.125
197	H	0	0	0	0	0	0	0	D	NA	0.125
198	Y	0	0	0	0	0	0	0	D	NA	0.125
199	M	0	0	0	0	0	0	0	D	NA	0.125
200	S	0	0	0	0	0	0	0	D	NA	0.125
201	P	0	0	0	0	0	0	0	D	NA	0.125
202	E	0	0	0	0	0	0	0	D	NA	0.125
203	A	0	0	0	0	0	0	0	D	NA	0
204	L	0	0	0	0	0	0	0	D	NA	0
205	K	0	0	0	0	0	0	0	D	NA	0
206	H	0	0	0	0	0	0	0	D	NA	0.125
207	Q	0	0	0	0	0	0	0	D	NA	0.125
208	G	0	0	0	0	0	0	0	D	NA	0.125
209	Y	0	0	0	0	0	0	0	D	NA	0.125
210	D	0	0	0	0	0	0	0	D	NA	0.125
211	T	0	0	0	0	0	0	0	NA	NA	0
212	K	0	0	0	0	0	0	0	NA	NA	0
213	S	0	0	0	0	0	0	0	NA	NA	0
214	D	0	0	0	0	0	0	0	NA	NA	0
215	I	0	0	0	0	0	0	0	NA	NA	0
216	W	0	0	0	0	0	0	0	NA	NA	0
217	S	0	0	0	0	0	0	0	NA	NA	0
218	L	0	0	0	0	0	0	0	NA	NA	0
219	A	0	0	0	0	0	0	0	NA	NA	0
220	C	0	0	0	0	0	0	0	NA	NA	0
221	I	0	0	0	0	0	0	0	NA	NA	0
222	L	0	0	0	0	0	0	0	NA	NA	0
223	Y	0	0	0	0	0	0	0	NA	NA	0
224	E	0	0	0	0	0	0	0	NA	NA	0
225	M	0	0	0	0	0	0	0	NA	NA	0
226	C	0	0	0	0	0	0	0	NA	NA	0
227	C	0	0	0	0	0	0	0	NA	NA	0
228	M	0	0	0	0	0	0	0	NA	NA	0
229	N	0	0	0	0	0	0	0	NA	NA	0
230	H	0	0	0	0	0	0	0	NA	NA	0
231	A	0	0	0	0	0	0	0	NA	NA	0
232	F	0	0	0	0	0	0	0	NA	NA	0
233	A	0	0	0	0	0	0	0	NA	NA	0
234	G	0	0	0	0	0	0	0	NA	NA	0
235	S	0	0	0	0	0	0	0	NA	NA	0
236	N	0	0	0	0	0	0	0	NA	NA	0
237	F	0	0	0	0	0	0	0	NA	NA	0
238	L	0	0	0	0	0	0	0	NA	NA	0
239	S	0	0	0	0	0	0	0	NA	NA	0
240	I	0	0	0	0	0	0	0	NA	NA	0
241	V	0	0	0	0	0	0	0	NA	NA	0
242	L	0	0	0	0	0	0	0	NA	NA	0
243	K	0	0	0	0	0	0	0	NA	NA	0
244	I	0	0	0	0	0	0	0	NA	NA	0
245	V	0	0	0	0	0	0	0	NA	NA	0
246	E	0	0	0	0	0	0	0	NA	NA	0
247	G	0	0	0	0	0	0	0	NA	NA	0
248	D	0	0	0	0	0	0	0	D	NA	0.125
249	T	0	0	0	0	0	0	0	D	NA	0.375
250	P	0	0	0	0	0	0	0	D	NA	0.375
251	S	0	0	0	0	0	0	0	D	NA	0.375
252	L	0	0	0	0	0	0	0	D	NA	0.25
253	P	0	0	0	0	0	0	0	D	NA	0.25
254	E	0	0	0	0	0	0	0	D	NA	0.25
255	R	0	0	0	0	0	0	0	D	NA	0.125
256	Y	0	0	0	0	0	0	0	D	NA	0.125
257	P	0	0	0	0	0	0	0	D	NA	0
258	K	0	0	0	0	0	0	0	D	NA	0
259	E	0	0	0	0	0	0	0	D	NA	0
260	L	0	0	0	0	0	0	0	D	NA	0
261	N	0	0	0	0	0	0	0	D	NA	0
262	A	0	0	0	0	0	0	0	NA	NA	0
263	I	0	0	0	0	0	0	0	D	NA	0
264	M	0	0	0	0	0	0	0	D	NA	0
265	E	0	0	0	0	0	0	0	D	NA	0
266	S	0	0	0	0	0	0	0	D	NA	0
267	M	0	0	0	0	0	0	0	D	NA	0
268	L	0	0	0	0	0	0	0	D	NA	0
269	N	0	0	0	0	0	0	0	D	NA	0.25
270	K	0	0	0	0	0	0	0	D	NA	0.25
271	N	0	0	0	0	0	0	0	D	NA	0.25
272	P	0	0	0	0	0	0	0	D	NA	0.25
273	S	Phosphoserine	SMLNKNPSLRPSAIE	HHHCCCCCCCHHHHH	0	0	0	0	D	NA	0.25
274	L	0	0	0	0	0	0	0	D	NA	0.125
275	R	0	0	0	0	0	0	0	D	NA	0.125
276	P	0	0	0	0	0	0	0	D	NA	0
277	S	0	0	0	0	0	0	0	D	NA	0
278	A	0	0	0	0	0	0	0	D	NA	0
279	I	0	0	0	0	0	0	0	D	NA	0
280	E	0	0	0	0	0	0	0	D	NA	0
281	I	0	0	0	0	0	0	0	D	NA	0
282	L	0	0	0	0	0	0	0	D	NA	0
283	K	0	0	0	0	0	0	0	D	NA	0
284	I	0	0	0	0	0	0	0	D	NA	0
285	P	0	0	0	0	0	0	0	NA	NA	0
286	Y	0	0	0	0	0	0	0	NA	NA	0
287	L	0	0	0	0	0	0	0	NA	NA	0
288	D	0	0	0	0	0	0	0	NA	NA	0
289	E	0	0	0	0	0	0	0	NA	NA	0
290	Q	0	0	0	0	0	0	0	NA	NA	0
291	L	0	0	0	0	0	0	0	NA	NA	0
292	Q	0	0	0	0	0	0	0	NA	NA	0
293	N	0	0	0	0	0	0	0	NA	NA	0
294	L	0	0	0	0	0	0	0	NA	NA	0
295	M	0	0	0	0	0	0	0	NA	NA	0
296	C	0	0	0	0	0	0	0	NA	NA	0
297	R	0	0	0	0	0	0	0	NA	NA	0
298	Y	0	0	0	0	0	0	0	NA	NA	0
299	S	0	0	0	0	0	0	0	NA	NA	0
300	E	0	0	0	0	0	0	0	NA	NA	0
301	M	0	0	0	0	0	0	0	NA	NA	0
302	T	0	0	0	0	0	0	0	NA	NA	0
303	L	0	0	0	0	0	0	0	NA	NA	0
304	E	0	0	0	0	0	V	312	D	NA	0
305	D	0	0	0	0	0	0	0	D	NA	0
306	K	0	0	0	0	0	0	0	D	NA	0
307	N	0	0	0	0	0	0	0	D	NA	0
308	L	0	0	0	0	0	0	0	D	NA	0
309	D	0	0	0	0	0	0	0	NA	NA	0
310	C	0	0	0	0	0	0	0	NA	NA	0
311	Q	0	0	0	0	0	0	0	NA	NA	0
312	K	N-acetyllysine	DKNLDCQKEAAHIIN	CCCCCHHHHHHHHHH	Carotid intima media thickness:carotid artery intima media thickness	304 (8)	0	0	NA	NA	0
313	E	0	0	0	0	0	0	0	NA	NA	0
314	A	0	0	0	0	0	0	0	NA	NA	0
315	A	0	0	0	0	0	0	0	NA	NA	0
316	H	0	0	0	0	0	0	0	NA	NA	0
317	I	0	0	0	0	0	0	0	NA	NA	0
318	I	0	0	0	0	0	0	0	NA	NA	0
319	N	0	0	0	0	0	0	0	D	NA	0
320	A	0	0	0	0	0	0	0	D	NA	0
321	M	0	0	0	0	0	0	0	D	NA	0
322	Q	0	0	0	0	0	0	0	D	NA	0
323	K	0	0	0	0	0	0	0	D	NA	0
324	R	0	0	0	0	0	0	0	D	NA	0
325	I	0	0	0	0	0	0	0	D	NA	0
326	H	0	0	0	0	0	0	0	D	NA	0
327	L	0	0	0	0	0	0	0	D	NA	0
328	Q	0	0	0	0	0	0	0	D	NA	0
329	T	0	0	0	0	0	0	0	D	NA	0
330	L	0	0	0	0	0	0	0	D	NA	0
331	R	0	0	0	0	0	0	0	D	NA	0.125
332	A	0	0	0	0	0	0	0	D	NA	0.125
333	L	0	0	0	0	0	0	0	D	NA	0.125
334	S	0	0	0	0	0	0	0	D	NA	0.25
335	E	0	0	0	0	0	0	0	D	NA	0.25
336	V	0	0	0	0	0	0	0	D	NA	0.25
337	Q	0	0	0	0	0	0	0	D	NA	0.25
338	K	0	0	0	0	0	0	0	D	NA	0.25
339	M	0	0	0	0	0	0	0	D	NA	0.25
340	T	0	0	0	0	0	0	0	D	NA	0.25
341	P	0	0	0	0	0	0	0	D	NA	0.25
342	R	0	0	0	0	0	0	0	D	NA	0.25
343	E	0	0	0	0	0	0	0	D	NA	0.25
344	R	0	0	0	0	0	0	0	D	NA	0.375
345	M	0	0	0	0	0	0	0	D	NA	0.375
346	R	0	0	0	0	0	0	0	D	NA	0.375
347	L	0	0	0	0	0	0	0	D	NA	0.25
348	R	0	0	0	0	0	0	0	D	NA	0.375
349	K	0	0	0	0	0	0	0	D	NA	0.375
350	L	0	0	0	0	0	0	0	D	NA	0.5
351	Q	0	0	0	0	0	0	0	D	NA	0.625
352	A	0	0	0	0	0	0	0	D	NA	0.375
353	A	0	0	0	0	0	0	0	D	NA	0.375
354	D	0	0	0	0	0	0	0	D	NA	0.375
355	E	0	0	0	0	0	0	0	D	NA	0.375
356	K	0	0	0	0	0	0	0	D	NA	0.375
357	A	0	0	0	0	0	0	0	D	NA	0.375
358	R	0	0	0	0	0	0	0	D	NA	0.375
359	K	0	0	0	0	0	0	0	D	NA	0.25
360	L	0	0	0	0	0	0	0	D	NA	0.25
361	K	0	0	0	0	0	0	0	D	NA	0.25
362	K	0	0	0	0	0	0	0	D	NA	0.125
363	I	0	0	0	0	0	0	0	D	NA	0.125
364	V	0	0	0	0	0	0	0	D	NA	0.125
365	E	0	0	0	0	0	0	0	D	NA	0.25
366	E	0	0	0	0	0	0	0	D	NA	0.375
367	K	0	0	0	0	0	0	0	D	NA	0.5
368	Y	0	0	0	0	0	0	0	D	NA	0.625
369	E	0	0	0	0	0	0	0	D	NA	0.625
370	E	0	0	0	0	0	0	0	D	NA	0.625
371	N	0	0	0	0	0	0	0	D	NA	0.625
372	S	0	0	0	0	0	0	0	D	NA	0.625
373	K	0	0	0	0	0	0	0	D	NA	0.625
374	R	0	0	0	0	0	0	0	D	NA	0.625
375	M	0	0	0	0	0	0	0	D	NA	0.625
376	Q	0	0	0	0	0	0	0	D	NA	0.75
377	E	0	0	0	0	0	0	0	D	NA	0.5
378	L	0	0	0	0	0	0	0	D	NA	0.375
379	R	0	0	0	0	0	0	0	D	NA	0.5
380	S	0	0	0	0	0	0	0	D	NA	0.375
381	R	0	0	0	0	0	0	0	D	NA	0.25
382	N	0	0	0	0	0	0	0	D	NA	0.25
383	F	0	0	0	0	0	0	0	D	NA	0.25
384	Q	0	0	0	0	0	0	0	D	NA	0.25
385	Q	0	0	0	0	0	0	0	D	NA	0.375
386	L	0	0	0	0	0	0	0	D	NA	0.25
387	S	0	0	0	0	0	0	0	D	NA	0.25
388	V	0	0	0	0	0	0	0	D	NA	0.125
389	D	0	0	0	0	0	0	0	D	NA	0.125
390	V	0	0	0	0	0	0	0	D	NA	0.375
391	L	0	0	0	0	0	0	0	D	NA	0.25
392	H	0	0	0	0	0	0	0	D	NA	0.375
393	E	0	0	0	0	0	0	0	D	NA	0.5
394	K	0	0	0	0	0	0	0	D	NA	0.5
395	T	0	0	0	0	0	0	0	D	NA	0.5
396	H	0	0	0	0	0	0	0	D	NA	0.5
397	L	0	0	0	0	0	0	0	D	NA	0.5
398	K	0	0	0	0	0	0	0	D	NA	0.5
399	G	0	0	0	0	0	0	0	D	D_PA	0.75
400	M	0	0	0	0	0	0	0	D	D_PA	0.75
401	E	0	0	0	0	0	0	0	D	D_PA	0.75
402	E	0	0	0	0	0	0	0	D	D_PA	0.75
403	K	0	0	0	0	0	0	0	D	D_PA	0.75
404	E	0	0	0	0	0	0	0	D	D_PA	0.75
405	E	0	0	0	0	0	0	0	D	D_PA	0.75
406	Q	0	0	0	0	0	0	0	D	D_PA	0.75
407	P	0	0	0	0	0	0	0	D	D_PA	0.75
408	E	0	0	0	0	0	0	0	D	D_PA	0.75
409	G	0	0	0	0	0	0	0	D	D_PA	0.875
410	R	0	0	0	0	0	0	0	D	D_PA	0.875
411	L	0	0	0	0	0	0	0	D	D_PA	0.875
412	S	0	0	0	0	0	0	0	D	D_PA	0.875
413	C	0	0	0	0	0	0	0	D	D_PA	0.875
414	S	0	0	0	0	0	0	0	D	D_PA	0.875
415	P	0	0	0	0	0	0	0	D	D_PA	0.875
416	Q	0	0	0	0	0	0	0	D	D_PA	0.875
417	D	0	0	0	0	0	0	0	D	D_PA	0.75
418	E	0	0	0	0	0	0	0	D	D_PA	0.75
419	D	0	0	0	0	0	0	0	D	D_PA	0.75
420	E	0	0	0	0	0	0	0	D	D_PA	0.625
421	E	0	0	0	0	0	0	0	D	D_PA	0.625
422	R	0	0	0	0	0	0	0	D	D_PA	0.625
423	W	0	0	0	0	0	0	0	D	D_PA	0.625
424	Q	0	0	0	0	0	0	0	D	D_PA	0.625
425	G	0	0	0	0	0	0	0	D	D_PA	0.625
426	R	0	0	0	0	0	0	0	D	D_PA	0.75
427	E	0	0	0	0	0	0	0	D	D_PA	0.75
428	E	0	0	0	0	0	0	0	D	D_PA	0.75
429	E	0	0	0	0	0	0	0	D	D_PA	0.75
430	S	0	0	0	0	0	0	0	D	D_PA	0.75
431	D	0	0	0	0	0	0	0	D	D_PA	0.75
432	E	0	0	0	0	0	0	0	D	D_PA	0.75
433	P	0	0	0	0	0	0	0	D	D_PA	0.875
434	T	0	0	0	0	0	0	0	D	D_PA	0.875
435	L	0	0	0	0	0	0	0	D	D_PA	0.875
436	E	0	0	0	0	0	0	0	D	D_PA	0.875
437	N	0	0	0	0	0	0	0	D	D_PA	0.875
438	L	0	0	0	0	0	0	0	D	D_PA	0.75
439	P	0	0	0	0	0	0	0	D	D_PA	0.75
440	E	0	0	0	0	0	0	0	D	D_PA	0.75
441	S	0	0	0	0	0	0	0	D	D_PA	0.75
442	Q	0	0	0	0	0	0	0	D	D_PA	0.75
443	P	0	0	0	0	0	0	0	D	D_PA	0.75
444	I	0	0	0	0	0	0	0	D	D_PA	0.625
445	P	0	0	0	0	0	0	0	D	D_PA	0.625
446	S	0	0	0	0	0	0	0	D	NA	0.375
447	M	0	0	0	0	0	0	0	D	NA	0.375
448	D	0	0	0	0	0	0	0	D	NA	0.375
449	L	0	0	0	0	0	0	0	D	NA	0.375
450	H	0	0	0	0	0	0	0	D	NA	0.375
451	E	0	0	0	0	0	0	0	D	NA	0.375
452	L	0	0	0	0	0	0	0	D	NA	0.375
453	E	0	0	0	0	0	0	0	D	NA	0.375
454	S	0	0	0	0	0	0	0	D	NA	0.375
455	I	0	0	0	0	0	0	0	D	NA	0.375
456	V	0	0	0	0	0	0	0	D	NA	0.375
457	E	0	0	0	0	0	0	0	D	NA	0.25
458	D	0	0	0	0	0	0	0	D	NA	0.375
459	A	0	0	0	0	0	0	0	D	NA	0.25
460	T	0	0	0	0	0	0	0	D	NA	0.375
461	S	0	0	0	0	0	0	0	D	NA	0.375
462	D	0	0	0	0	0	0	0	D	NA	0.375
463	L	0	0	0	0	0	0	0	D	NA	0.375
464	G	0	0	0	0	0	0	0	D	NA	0.375
465	Y	0	0	0	0	0	0	0	D	NA	0.25
466	H	0	0	0	0	0	0	0	D	NA	0.375
467	E	0	0	0	0	0	0	0	D	NA	0.375
468	I	0	0	0	0	0	0	0	D	NA	0.375
469	P	0	0	0	0	0	0	0	D	NA	0.375
470	E	0	0	0	0	0	0	0	D	NA	0.375
471	D	0	0	0	0	0	0	0	D	NA	0.25
472	P	0	0	0	0	0	0	0	D	NA	0.375
473	L	0	0	0	0	0	0	0	D	NA	0.25
474	V	0	0	0	0	0	0	0	D	NA	0.25
475	A	0	0	0	0	0	0	0	D	NA	0.125
476	E	0	0	0	0	0	0	0	D	NA	0.125
477	E	0	0	0	0	0	0	0	D	NA	0.25
478	Y	0	0	0	0	0	0	0	D	NA	0.125
479	Y	0	0	0	0	0	0	0	D	NA	0.25
480	A	0	0	0	0	0	0	0	D	NA	0.25
481	D	0	0	0	0	0	0	0	D	NA	0.25
482	A	0	0	0	0	0	0	0	D	NA	0.25
483	F	0	0	0	0	0	0	0	D	NA	0.125
484	D	0	0	0	0	0	0	0	D	NA	0.25
485	S	0	0	0	0	0	0	0	D	NA	0.25
486	Y	0	0	0	0	0	0	0	D	NA	0.375
487	C	0	0	0	0	0	0	0	D	NA	0.375
488	E	0	0	0	0	0	0	0	D	NA	0.5
489	E	0	0	0	0	0	0	0	D	NA	0.5
490	S	0	0	0	0	0	0	0	D	NA	0.5
491	D	0	0	0	0	0	0	0	D	NA	0.5
492	E	0	0	0	0	0	0	0	D	NA	0.625
493	E	0	0	0	0	0	0	0	D	NA	0.625
494	E	0	0	0	0	0	0	0	D	NA	0.5
495	E	0	0	0	0	0	0	0	D	NA	0.5
496	E	0	0	0	0	0	0	0	D	NA	0.5
497	I	0	0	0	0	0	0	0	D	NA	0.5
498	A	0	0	0	0	0	0	0	D	NA	0.625
499	L	0	0	0	0	0	0	0	D	NA	0.5
500	E	0	0	0	0	0	0	0	D	NA	0.5
501	R	0	0	0	0	0	0	0	D	NA	0.5
502	P	0	0	0	0	0	0	0	D	NA	0.625
503	E	0	0	0	0	0	0	0	D	NA	0.625
504	K	0	0	0	0	0	0	0	D	NA	0.625
505	E	0	0	0	0	0	0	0	D	NA	0.625
506	I	0	0	0	0	0	0	0	D	NA	0.625
507	R	0	0	0	0	0	0	0	D	NA	0.75
508	N	0	0	0	0	0	0	0	D	NA	0.75
509	E	0	0	0	0	0	0	0	D	NA	0.75
510	G	0	0	0	0	0	0	0	D	NA	0.75
511	S	0	0	0	0	0	0	0	D	NA	0.75
512	Q	0	0	0	0	0	0	0	D	NA	0.75
513	P	0	0	0	0	0	0	0	D	NA	0.75
514	A	0	0	0	0	0	0	0	D	NA	0.875
515	Y	0	0	0	0	0	0	0	D	NA	0.875
516	R	0	0	0	0	0	0	0	D	NA	0.875
517	T	0	0	0	0	0	0	0	D	NA	0.75
518	N	0	0	0	0	0	0	0	D	NA	0.75
519	Q	0	0	0	0	0	0	0	D	NA	0.75
520	Q	0	0	0	0	0	0	0	D	NA	0.625
521	D	0	0	0	0	0	0	0	D	NA	0.375
522	S	0	0	0	0	0	0	0	D	NA	0.25
523	D	0	0	0	0	0	0	0	D	NA	0
524	I	0	0	0	0	0	0	0	D	NA	0
525	E	0	0	0	0	0	0	0	D	NA	0
526	A	0	0	0	0	0	0	0	D	NA	0
527	L	0	0	0	0	0	0	0	D	NA	0
528	A	0	0	0	0	0	0	0	NA	NA	0
529	R	0	0	0	0	0	0	0	NA	NA	0
530	C	0	0	0	0	0	0	0	NA	NA	0
531	L	0	0	0	0	0	0	0	NA	NA	0
532	E	0	0	0	0	0	0	0	NA	NA	0
533	N	0	0	0	0	0	0	0	NA	NA	0
534	V	0	0	0	0	0	0	0	NA	NA	0
535	L	0	0	0	0	0	0	0	NA	NA	0
536	G	0	0	0	0	0	0	0	NA	NA	0
537	C	0	0	0	0	0	0	0	NA	NA	0
538	T	0	0	0	0	0	0	0	NA	NA	0
539	S	0	0	0	0	0	0	0	NA	NA	0
540	L	0	0	0	0	0	0	0	NA	NA	0
541	D	0	0	0	0	0	0	0	NA	NA	0
542	T	0	0	0	0	0	0	0	D	NA	0
543	K	0	0	0	0	0	0	0	D	NA	0.125
544	T	0	0	0	0	0	0	0	D	NA	0
545	I	0	0	0	0	0	0	0	D	NA	0.125
546	T	0	0	0	0	0	0	0	D	NA	0.125
547	T	0	0	0	0	0	0	0	D	NA	0.125
548	M	0	0	0	0	0	0	0	D	NA	0.5
549	A	0	0	0	0	0	0	0	D	NA	0.5
550	E	0	0	0	0	0	0	0	D	NA	0.5
551	D	0	0	0	0	0	0	0	D	NA	0.625
552	M	0	0	0	0	0	0	0	D	NA	0.625
553	S	0	0	0	0	0	0	0	D	NA	0.5
554	P	0	0	0	0	0	0	0	D	NA	0.5
555	G	0	0	0	0	0	0	0	D	NA	0.5
556	P	0	0	0	0	0	0	0	D	NA	0.375
557	P	0	0	0	0	0	0	0	D	NA	0.5
558	I	0	0	0	0	0	0	0	D	NA	0.5
559	F	0	0	0	0	0	0	0	D	NA	0.375
560	N	0	0	0	0	0	0	0	D	NA	0.375
561	S	0	0	0	0	0	0	0	D	NA	0.25
562	V	0	0	0	0	0	0	0	D	NA	0.125
563	M	0	0	0	0	0	0	0	D	NA	0.25
564	A	0	0	0	0	0	0	0	D	NA	0.25
565	R	0	0	0	0	0	0	0	D	NA	0
566	T	0	0	0	0	0	0	0	D	NA	0
567	K	0	0	0	0	0	0	0	D	NA	0.125
568	M	0	0	0	0	0	0	0	D	NA	0.125
569	K	0	0	0	0	0	0	0	D	NA	0.125
570	R	0	0	0	0	0	0	0	D	NA	0.25
571	M	0	0	0	0	0	0	0	D	NA	0.25
572	R	0	0	0	0	0	0	0	D	NA	0.125
573	E	0	0	0	0	0	0	0	D	NA	0.25
574	S	0	0	0	0	0	0	0	D	NA	0.25
575	A	0	0	0	0	0	0	0	D	NA	0.25
576	M	0	0	0	0	0	0	0	D	NA	0
577	Q	0	0	0	0	0	0	0	D	NA	0
578	K	0	0	0	0	0	0	0	D	NA	0
579	L	0	0	0	0	0	0	0	D	NA	0
580	G	0	0	0	0	0	0	0	D	NA	0
581	T	0	0	0	0	0	0	0	D	NA	0
582	E	0	0	0	0	0	0	0	D	NA	0
583	V	0	0	0	0	0	0	0	NA	NA	0
584	F	0	0	0	0	0	0	0	NA	NA	0
585	E	0	0	0	0	0	0	0	NA	NA	0
586	E	0	0	0	0	0	0	0	NA	NA	0
587	V	0	0	0	0	0	0	0	NA	NA	0
588	Y	0	0	0	0	0	0	0	NA	NA	0
589	N	0	0	0	0	0	0	0	NA	NA	0
590	Y	0	0	0	0	0	0	0	NA	NA	0
591	L	0	0	0	0	0	0	0	NA	NA	0
592	K	0	0	0	0	0	0	0	NA	NA	0
593	R	0	0	0	0	0	0	0	NA	NA	0
594	A	0	0	0	0	0	0	0	NA	NA	0
595	R	0	0	0	0	0	0	0	NA	NA	0
596	H	0	0	0	0	0	0	0	D	NA	0.125
597	Q	0	0	0	0	0	0	0	D	NA	0.25
598	N	0	0	0	0	0	0	0	D	NA	0.25
599	A	0	0	0	0	0	0	0	D	NA	0.25
600	S	0	0	0	0	0	0	0	D	NA	0.25
601	E	0	0	0	0	0	0	0	D	NA	0
602	A	0	0	0	0	0	0	0	D	NA	0
603	E	0	0	0	0	0	0	0	NA	NA	0
604	I	0	0	0	0	0	0	0	NA	NA	0
605	R	0	0	0	0	0	0	0	NA	NA	0
606	E	0	0	0	0	0	0	0	D	NA	0.125
607	C	0	0	0	0	0	0	0	NA	NA	0
608	L	0	0	0	0	0	0	0	NA	NA	0
609	E	0	0	0	0	0	0	0	NA	NA	0
610	K	0	0	0	0	0	0	0	NA	NA	0
611	V	0	0	0	0	0	0	0	NA	NA	0
612	V	0	0	0	0	0	0	0	NA	NA	0
613	P	0	0	0	0	0	0	0	NA	NA	0
614	Q	0	0	0	0	0	0	0	NA	NA	0
615	A	0	0	0	0	0	0	0	NA	NA	0
616	S	0	0	0	0	0	0	0	NA	NA	0
617	D	0	0	0	0	0	0	0	NA	NA	0
618	C	0	0	0	0	0	0	0	NA	NA	0
619	F	0	0	0	0	0	0	0	NA	NA	0
620	E	0	0	0	0	0	0	0	NA	NA	0
621	V	0	0	0	0	0	0	0	NA	NA	0
622	D	0	0	0	0	0	0	0	NA	NA	0
623	Q	0	0	0	0	0	0	0	NA	NA	0
624	L	0	0	0	0	0	0	0	NA	NA	0
625	L	0	0	0	0	0	0	0	NA	NA	0
626	Y	0	0	0	0	0	0	0	NA	NA	0
627	F	0	0	0	0	0	0	0	NA	NA	0
628	E	0	0	0	0	0	0	0	NA	NA	0
629	E	0	0	0	0	0	0	0	NA	NA	0
630	Q	0	0	0	0	0	0	0	NA	NA	0
631	L	0	0	0	0	0	0	0	NA	NA	0
632	L	0	0	0	0	0	0	0	NA	NA	0
633	I	0	0	0	0	0	0	0	D	NA	0.125
634	T	0	0	0	0	0	0	0	D	NA	0.125
635	M	0	0	0	0	0	0	0	D	NA	0.25
636	G	0	0	0	0	0	0	0	D	NA	0.25
637	K	0	0	0	0	0	0	0	D	NA	0.25
638	E	0	0	0	0	0	0	0	D	NA	0.5
639	P	0	0	0	0	0	0	0	D	NA	0.625
640	T	0	0	0	0	0	0	0	D	NA	0.5
641	L	0	0	0	0	0	0	0	D	NA	0.375
642	Q	0	0	0	0	0	0	0	D	NA	0.75
643	N	0	0	0	0	0	0	0	D	NA	0.75
644	H	0	0	0	0	0	0	0	D	NA	0.75
645	L	0	0	0	0	0	0	0	D	NA	0.75
