location	residue	Modification	seq	secStruc	RelatedDisease	VariantPosition	ResidueChange	DaPSbySAP	disorder.predictors.simple
1	M	0	0	0	0	0	0	0	D
2	L	0	0	0	0	0	0	0	D
3	T	0	0	0	0	0	0	0	D
4	L	0	0	0	0	0	0	0	D
5	T	Phosphothreonine	---MLTLTRIRTVSY	---CCEEEEEEEEEH	0	0	0	0	D
6	R	0	0	0	0	0	0	0	D
7	I	0	0	0	0	0	0	0	D
8	R	0	0	0	0	0	0	0	D
9	T	0	0	0	0	0	0	0	D
10	V	0	0	0	0	0	0	0	D
11	S	0	0	0	0	0	0	0	D
12	Y	0	0	0	0	0	0	0	D
13	E	0	0	0	0	0	0	0	D
14	V	0	0	0	0	0	0	0	D
15	R	0	0	0	0	0	0	0	D
16	S	0	0	0	0	0	0	0	NA
17	T	0	0	0	0	0	0	0	NA
18	F	0	0	0	0	0	0	0	NA
19	L	0	0	0	0	0	0	0	NA
20	F	0	0	0	0	0	0	0	NA
21	I	0	0	0	0	0	0	0	NA
22	S	0	0	0	0	0	0	0	NA
23	V	0	0	0	0	0	0	0	NA
24	L	0	0	0	0	0	0	0	NA
25	E	0	0	0	0	0	0	0	NA
26	F	0	0	0	0	0	0	0	NA
27	A	0	0	0	0	0	0	0	NA
28	V	0	0	0	0	0	0	0	NA
29	G	0	0	0	0	0	0	0	NA
30	F	0	0	0	0	0	0	0	NA
31	L	0	0	0	0	0	0	0	NA
32	T	0	0	0	0	0	0	0	NA
33	N	0	0	0	0	0	0	0	NA
34	A	0	0	0	0	0	0	0	NA
35	F	0	0	0	0	0	0	0	NA
36	V	0	0	0	0	0	0	0	NA
37	F	0	0	0	0	0	0	0	NA
38	L	0	0	0	0	0	0	0	NA
39	V	0	0	0	0	0	0	0	NA
40	N	0	0	0	0	0	0	0	NA
41	F	0	0	0	0	0	0	0	NA
42	W	0	0	0	0	0	0	0	NA
43	D	0	0	0	0	0	0	0	NA
44	V	0	0	0	0	0	0	0	NA
45	V	0	0	0	0	0	0	0	NA
46	K	0	0	0	0	0	0	0	NA
47	R	0	0	0	0	0	0	0	NA
48	Q	0	0	0	0	0	0	0	NA
49	A	0	0	0	0	0	0	0	NA
50	L	0	0	0	0	0	0	0	NA
51	S	0	0	0	0	0	0	0	NA
52	N	0	0	0	0	0	0	0	NA
53	S	0	0	0	0	0	0	0	NA
54	D	0	0	0	0	0	0	0	NA
55	C	0	0	0	0	0	0	0	NA
56	V	0	0	0	0	0	0	0	NA
57	L	0	0	0	0	0	0	0	NA
58	L	0	0	0	0	0	0	0	NA
59	C	0	0	0	0	0	0	0	NA
60	L	0	0	0	0	0	0	0	NA
61	S	0	0	0	0	0	0	0	NA
62	I	0	0	0	0	0	0	0	NA
63	S	0	0	0	0	0	0	0	NA
64	R	0	0	0	0	0	0	0	NA
65	L	0	0	0	0	0	0	0	NA
66	F	0	0	0	0	0	0	0	NA
67	L	0	0	0	0	0	0	0	NA
68	H	0	0	0	0	0	0	0	NA
69	G	0	0	0	0	0	0	0	NA
70	L	0	0	0	0	0	0	0	NA
71	L	0	0	0	0	0	0	0	NA
72	F	0	0	0	0	0	0	0	NA
73	L	0	0	0	0	0	0	0	NA
74	S	0	0	0	0	0	0	0	NA
75	A	0	0	0	0	0	0	0	NA
76	I	0	0	0	0	0	0	0	NA
77	Q	0	0	0	0	0	0	0	NA
78	L	0	0	0	0	0	0	0	NA
79	T	0	0	0	0	0	0	0	NA
80	H	0	0	0	0	0	0	0	NA
81	F	0	0	0	0	0	0	0	NA
82	Q	0	0	0	0	0	0	0	NA
83	K	0	0	0	0	0	0	0	NA
84	L	0	0	0	0	0	0	0	D
85	S	0	0	0	0	0	0	0	D
86	E	0	0	0	0	0	0	0	D
87	P	0	0	0	0	0	0	0	D
88	L	0	0	0	0	0	0	0	NA
89	N	0	0	0	0	0	0	0	NA
90	H	0	0	0	0	0	0	0	NA
91	S	0	0	0	0	0	0	0	NA
92	Y	0	0	0	0	0	0	0	NA
93	Q	0	0	0	0	0	0	0	NA
94	A	0	0	0	0	0	0	0	NA
95	I	0	0	0	0	0	0	0	NA
96	I	0	0	0	0	0	0	0	NA
97	M	0	0	0	0	0	0	0	NA
98	L	0	0	0	0	0	0	0	NA
99	W	0	0	0	0	0	0	0	NA
100	M	0	0	0	0	0	0	0	NA
101	I	0	0	0	0	0	0	0	NA
102	A	0	0	0	0	0	0	0	NA
103	N	0	0	0	0	0	0	0	NA
104	Q	0	0	0	0	0	0	0	NA
105	A	0	0	0	0	0	0	0	NA
106	N	0	0	0	0	0	0	0	NA
107	L	0	0	0	0	0	0	0	NA
108	W	0	0	0	0	0	0	0	NA
109	L	0	0	0	0	0	0	0	NA
110	A	0	0	0	0	0	0	0	NA
111	A	0	0	0	0	0	0	0	NA
112	C	0	0	0	0	0	0	0	NA
113	L	0	0	0	0	0	0	0	NA
114	S	0	0	0	0	0	0	0	NA
115	L	0	0	0	0	0	0	0	NA
116	L	0	0	0	0	0	0	0	NA
117	Y	0	0	0	0	0	0	0	NA
118	C	0	0	0	0	0	0	0	NA
119	S	0	0	0	0	0	0	0	NA
120	K	0	0	0	0	0	0	0	NA
121	L	0	0	0	0	0	0	0	NA
122	I	0	0	0	0	0	0	0	NA
123	R	0	0	0	0	0	0	0	NA
124	F	0	0	0	0	0	0	0	NA
125	S	0	0	0	0	0	0	0	NA
126	H	0	0	0	0	0	0	0	NA
127	T	0	0	0	0	0	0	0	NA
128	F	0	0	0	0	0	0	0	NA
129	L	0	0	0	0	0	0	0	NA
130	I	0	0	0	0	0	0	0	NA
131	C	0	0	0	0	0	0	0	NA
132	L	0	0	0	0	0	0	0	NA
133	A	0	0	0	0	0	0	0	NA
134	S	0	0	0	0	0	0	0	NA
135	W	0	0	0	0	0	0	0	NA
136	V	0	0	0	0	0	0	0	NA
137	S	0	0	0	0	0	0	0	NA
138	R	0	0	0	0	0	0	0	NA
139	K	0	0	0	0	0	0	0	NA
140	I	0	0	0	0	0	0	0	NA
141	S	0	0	0	0	0	0	0	NA
142	Q	0	0	0	0	0	0	0	NA
143	M	0	0	0	0	0	0	0	NA
144	L	0	0	0	0	0	0	0	NA
145	L	0	0	0	0	0	0	0	NA
146	G	0	0	0	0	0	0	0	NA
147	I	0	0	0	0	0	0	0	NA
148	I	0	0	0	0	0	0	0	NA
149	L	0	0	0	0	0	0	0	NA
150	C	0	0	0	0	0	0	0	NA
151	S	0	0	0	0	0	0	0	NA
152	C	0	0	0	0	0	0	0	NA
153	I	0	0	0	0	0	0	0	NA
154	C	0	0	0	0	0	0	0	NA
155	T	0	0	0	0	0	0	0	NA
156	V	0	0	0	0	0	0	0	NA
157	L	0	0	0	0	0	0	0	NA
158	C	0	0	0	0	0	0	0	NA
159	V	0	0	0	0	0	0	0	NA
160	W	0	0	0	0	0	0	0	NA
161	C	0	0	0	0	0	0	0	NA
162	F	0	0	0	0	0	0	0	NA
163	F	0	0	0	0	0	0	0	NA
164	S	0	0	0	0	0	0	0	NA
165	R	0	0	0	0	0	0	0	NA
166	P	0	0	0	0	0	0	0	NA
167	H	0	0	0	0	0	0	0	NA
168	F	0	0	0	0	0	0	0	NA
169	T	0	0	0	0	0	0	0	NA
170	V	0	0	0	0	0	0	0	NA
171	T	0	0	0	0	0	0	0	NA
172	T	0	0	0	0	0	0	0	NA
173	V	0	0	0	0	0	0	0	NA
174	L	0	0	0	0	0	0	0	NA
175	F	0	0	0	0	0	0	0	NA
176	M	0	0	0	0	0	0	0	NA
177	N	0	0	0	0	0	0	0	NA
178	N	0	0	0	0	0	0	0	NA
179	N	0	0	0	0	0	0	0	NA
180	T	0	0	0	0	0	0	0	NA
181	R	0	0	0	0	0	0	0	NA
182	L	0	0	0	0	0	0	0	NA
183	N	0	0	0	0	0	0	0	NA
184	W	0	0	0	0	0	0	0	NA
185	Q	0	0	0	0	0	0	0	NA
186	I	0	0	0	0	0	0	0	NA
187	K	0	0	0	0	0	0	0	NA
188	D	0	0	0	0	0	0	0	NA
189	L	0	0	0	0	0	0	0	NA
190	N	0	0	0	0	0	0	0	NA
191	L	0	0	0	0	0	0	0	NA
192	F	0	0	0	0	0	0	0	NA
193	Y	0	0	0	0	0	0	0	NA
194	S	0	0	0	0	0	0	0	NA
195	F	0	0	0	0	0	0	0	NA
196	L	0	0	0	0	0	0	0	NA
197	F	0	0	0	0	0	0	0	NA
198	C	0	0	0	0	0	0	0	NA
199	Y	0	0	0	0	0	0	0	NA
200	L	0	0	0	0	0	0	0	NA
201	W	0	0	0	0	0	0	0	NA
202	S	0	0	0	0	0	0	0	NA
203	V	0	0	0	0	0	0	0	NA
204	P	0	0	0	0	0	0	0	NA
205	P	0	0	0	0	0	0	0	NA
206	F	0	0	0	0	0	0	0	NA
207	L	0	0	0	0	0	0	0	NA
208	L	0	0	0	0	0	0	0	NA
209	F	0	0	0	0	0	0	0	NA
210	L	0	0	0	0	0	0	0	NA
211	V	0	0	0	0	0	0	0	NA
212	S	0	0	0	0	0	0	0	NA
213	S	0	0	0	0	0	0	0	NA
214	G	0	0	0	0	0	0	0	NA
215	M	0	0	0	0	0	0	0	NA
216	L	0	0	0	0	0	0	0	NA
217	T	0	0	0	0	0	0	0	NA
218	V	0	0	0	0	0	0	0	NA
219	S	0	0	0	0	0	0	0	NA
220	L	0	0	0	0	0	0	0	NA
221	G	0	0	0	0	0	0	0	NA
222	R	0	0	0	0	0	0	0	NA
223	H	0	0	0	0	0	0	0	NA
224	M	0	0	0	0	0	0	0	NA
225	R	0	0	0	0	0	0	0	NA
226	T	0	0	0	0	0	0	0	NA
227	M	0	0	0	0	0	0	0	NA
228	K	0	0	0	0	0	0	0	D
229	V	0	0	0	0	0	0	0	D
230	Y	0	0	0	0	0	0	0	D
231	T	0	0	0	0	0	0	0	D
232	R	0	0	0	0	0	0	0	D
233	N	0	0	0	0	0	0	0	D
234	S	0	0	0	0	0	0	0	D
235	R	0	0	0	0	0	0	0	D
236	D	0	0	0	0	0	0	0	D
237	P	0	0	0	0	0	0	0	D
238	S	0	0	0	0	0	0	0	D
239	L	0	0	0	0	0	0	0	D
240	E	0	0	0	0	0	0	0	D
241	A	0	0	0	0	0	0	0	NA
242	H	0	0	0	0	0	0	0	NA
243	I	0	0	0	0	0	0	0	NA
244	K	0	0	0	0	0	0	0	NA
245	A	0	0	0	0	0	0	0	NA
246	L	0	0	0	0	0	0	0	NA
247	K	0	0	0	0	0	0	0	NA
248	S	0	0	0	0	0	0	0	NA
249	L	0	0	0	0	0	0	0	NA
250	V	0	0	0	0	0	0	0	NA
251	S	0	0	0	0	0	0	0	NA
252	F	0	0	0	0	0	0	0	NA
253	F	0	0	0	0	0	0	0	NA
254	C	0	0	0	0	0	0	0	NA
255	F	0	0	0	0	0	0	0	NA
256	F	0	0	0	0	0	0	0	NA
257	V	0	0	0	0	0	0	0	NA
258	I	0	0	0	0	0	0	0	NA
259	S	0	0	0	0	0	0	0	NA
260	S	0	0	0	0	0	0	0	NA
261	C	0	0	0	0	0	0	0	NA
262	A	0	0	0	0	0	0	0	NA
263	A	0	0	0	0	0	0	0	NA
264	F	0	0	0	0	0	0	0	NA
265	I	0	0	0	0	0	0	0	NA
266	S	0	0	0	0	0	0	0	NA
267	V	0	0	0	0	0	0	0	NA
268	P	0	0	0	0	0	0	0	NA
269	L	0	0	0	0	0	0	0	NA
270	L	0	0	0	0	0	0	0	NA
271	I	0	0	0	0	0	0	0	NA
272	L	0	0	0	0	0	0	0	NA
273	W	0	0	0	0	0	0	0	NA
274	R	0	0	0	0	0	0	0	NA
275	D	0	0	0	0	0	0	0	NA
276	K	0	0	0	0	0	0	0	NA
277	I	0	0	0	0	0	0	0	NA
278	G	0	0	0	0	0	0	0	NA
279	V	0	0	0	0	0	0	0	NA
280	M	0	0	0	0	0	0	0	NA
281	V	0	0	0	0	0	0	0	NA
282	C	0	0	0	0	0	0	0	NA
283	V	0	0	0	0	0	0	0	NA
284	G	0	0	0	0	0	0	0	NA
285	I	0	0	0	0	0	0	0	NA
286	M	0	0	0	0	0	0	0	NA
287	A	0	0	0	0	0	0	0	NA
288	A	0	0	0	0	0	0	0	NA
289	C	0	0	0	0	0	0	0	NA
290	P	0	0	0	0	0	0	0	NA
291	S	Phosphoserine	GIMAACPSGHAAILI	HHHHHCCCCCEEEEE	Bitter taste perception:sensory perception of bitter taste	296 (5)	0	0	NA
292	G	0	0	0	0	0	0	0	NA
293	H	0	0	0	0	0	0	0	NA
294	A	0	0	0	0	0	0	0	NA
295	A	0	0	0	0	0	0	0	NA
296	I	0	0	0	0	0	V	291	NA
297	L	0	0	0	0	0	0	0	NA
298	I	0	0	0	0	0	0	0	NA
299	S	0	0	0	0	0	0	0	NA
300	G	0	0	0	0	0	0	0	NA
301	N	0	0	0	0	0	0	0	NA
302	A	0	0	0	0	0	0	0	NA
303	K	0	0	0	0	0	0	0	NA
304	L	0	0	0	0	0	0	0	NA
305	R	0	0	0	0	0	0	0	NA
306	R	0	0	0	0	0	0	0	NA
307	A	0	0	0	0	0	0	0	NA
308	V	0	0	0	0	0	0	0	NA
309	M	0	0	0	0	0	0	0	NA
310	T	0	0	0	0	0	0	0	NA
311	I	0	0	0	0	0	0	0	NA
312	L	0	0	0	0	0	0	0	NA
313	L	0	0	0	0	0	0	0	NA
314	W	0	0	0	0	0	0	0	NA
315	A	0	0	0	0	0	0	0	D
316	Q	0	0	0	0	0	0	0	D
317	S	0	0	0	0	0	0	0	D
318	S	0	0	0	0	0	0	0	D
319	L	0	0	0	0	0	0	0	D
320	K	0	0	0	0	0	0	0	D
321	V	0	0	0	0	0	0	0	D
322	R	0	0	0	0	0	0	0	D
323	A	0	0	0	0	0	0	0	D
324	D	0	0	0	0	0	0	0	D
325	H	0	0	0	0	0	0	0	D
326	K	0	0	0	0	0	0	0	D
327	A	0	0	0	0	0	0	0	D
328	D	0	0	0	0	0	0	0	D
329	S	0	0	0	0	0	0	0	D
330	R	0	0	0	0	0	0	0	D
331	T	0	0	0	0	0	0	0	D
332	L	0	0	0	0	0	0	0	D
333	C	0	0	0	0	0	0	0	D
