location	residue	Modification	seq	secStruc	RelatedDisease	VariantPosition	ResidueChange	DaPSbySAP
1	M	0	0	0	0	0	0	0
2	A	0	0	0	0	0	0	0
3	C	S-palmitoyl cysteine	-----MACWPQLRLL	-----CCHHHHHHHH	0	0	0	0
4	W	0	0	0	0	0	0	0
5	P	0	0	0	0	0	0	0
6	Q	0	0	0	0	0	0	0
7	L	0	0	0	0	0	0	0
8	R	0	0	0	0	0	0	0
9	L	0	0	0	0	0	0	0
10	L	0	0	0	0	0	0	0
11	L	0	0	0	0	0	0	0
12	W	0	0	0	0	0	0	0
13	K	0	0	0	0	0	0	0
14	N	0	0	0	0	0	0	0
15	L	0	0	0	0	0	0	0
16	T	0	0	0	0	0	0	0
17	F	0	0	0	0	0	0	0
18	R	0	0	0	0	0	0	0
19	R	0	0	0	0	0	0	0
20	R	0	0	0	0	0	0	0
21	Q	0	0	0	0	0	0	0
22	T	0	0	0	0	0	0	0
23	C	S-palmitoyl cysteine	TFRRRQTCQLLLEVA	HHHCHHHHHHHHHHH	0	0	0	0
24	Q	0	0	0	0	0	0	0
25	L	0	0	0	0	0	0	0
26	L	0	0	0	0	0	0	0
27	L	0	0	0	0	0	0	0
28	E	0	0	0	0	0	0	0
29	V	0	0	0	0	0	0	0
30	A	0	0	0	0	0	0	0
31	W	0	0	0	0	0	0	0
32	P	0	0	0	0	0	0	0
33	L	0	0	0	0	0	0	0
34	F	0	0	0	0	0	0	0
35	I	0	0	0	0	0	0	0
36	F	0	0	0	0	0	0	0
37	L	0	0	0	0	0	0	0
38	I	0	0	0	0	0	0	0
39	L	0	0	0	0	0	0	0
40	I	0	0	0	0	0	0	0
41	S	0	0	0	0	0	0	0
42	V	0	0	0	0	0	0	0
43	R	0	0	0	0	0	0	0
44	L	0	0	0	0	0	0	0
45	S	0	0	0	0	0	0	0
46	Y	0	0	0	0	0	0	0
47	P	0	0	0	0	0	0	0
48	P	0	0	0	0	0	0	0
49	Y	0	0	0	0	0	0	0
50	E	0	0	0	0	0	0	0
51	Q	0	0	0	0	0	0	0
52	H	0	0	0	0	0	0	0
53	E	0	0	0	0	0	0	0
54	C	0	0	0	0	0	0	0
55	H	0	0	0	0	0	0	0
56	F	0	0	0	0	0	0	0
57	P	0	0	0	0	0	0	0
58	N	0	0	0	0	0	0	0
59	K	0	0	0	0	0	0	0
60	A	0	0	0	0	0	0	0
61	M	0	0	0	0	0	0	0
62	P	0	0	0	0	0	0	0
63	S	0	0	0	0	0	0	0
64	A	0	0	0	0	0	0	0
65	G	0	0	0	0	0	0	0
66	T	0	0	0	0	0	0	0
67	L	0	0	0	0	0	0	0
68	P	0	0	0	0	0	0	0
69	W	0	0	0	0	0	0	0
70	V	0	0	0	0	0	0	0
71	Q	0	0	0	0	0	0	0
72	G	0	0	0	0	0	0	0
73	I	0	0	0	0	0	0	0
74	I	0	0	0	0	0	0	0
75	C	0	0	0	0	0	0	0
76	N	0	0	0	0	0	0	0
77	A	0	0	0	0	0	0	0
78	N	0	0	0	0	0	0	0
79	N	0	0	0	0	0	0	0
80	P	0	0	0	0	0	0	0
81	C	0	0	0	0	0	0	0
82	F	0	0	0	0	0	0	0
83	R	0	0	0	0	0	0	0
84	Y	0	0	0	0	0	0	0
85	P	0	0	0	0	0	0	0
86	T	0	0	0	0	0	0	0
87	P	0	0	0	0	0	0	0
88	G	0	0	0	0	0	0	0
89	E	0	0	0	0	0	0	0
90	A	0	0	0	0	0	0	0
91	P	0	0	0	0	0	0	0
92	G	0	0	0	0	0	0	0
93	V	0	0	0	0	0	0	0
94	V	0	0	0	0	0	0	0
95	G	0	0	0	0	0	0	0
96	N	0	0	0	0	0	0	0
97	F	0	0	0	0	0	0	0
98	N	N-linked (GlcNAc)	PGVVGNFNKSIVARL	CCCCCCCCHHHHHHH	0	0	0	0
99	K	0	0	0	0	0	0	0
100	S	0	0	0	0	0	0	0
101	I	0	0	0	0	0	0	0
102	V	0	0	0	0	0	0	0
103	A	0	0	0	0	0	0	0
104	R	0	0	0	0	0	0	0
105	L	0	0	0	0	0	0	0
106	F	0	0	0	0	0	0	0
107	S	0	0	0	0	0	0	0
108	D	0	0	0	0	0	0	0
109	A	0	0	0	0	0	0	0
110	R	0	0	0	0	0	0	0
111	R	0	0	0	0	0	0	0
112	L	0	0	0	0	0	0	0
113	L	0	0	0	0	0	0	0
114	L	0	0	0	0	0	0	0
115	Y	0	0	0	0	0	0	0
116	S	Phosphoserine	ARRLLLYSQKDTSMK	HHHHHHHHCCCCCHH	0	0	0	0
117	Q	0	0	0	0	0	0	0
118	K	0	0	0	0	0	0	0
119	D	0	0	0	0	0	0	0
120	T	0	0	0	0	0	0	0
121	S	0	0	0	0	0	0	0
122	M	0	0	0	0	0	0	0
123	K	0	0	0	0	0	0	0
124	D	0	0	0	0	0	0	0
125	M	0	0	0	0	0	0	0
126	R	0	0	0	0	0	0	0
127	K	0	0	0	0	0	0	0
128	V	0	0	0	0	0	0	0
129	L	0	0	0	0	0	0	0
130	R	0	0	0	0	0	0	0
131	T	0	0	0	0	0	0	0
132	L	0	0	0	0	0	0	0
133	Q	0	0	0	0	0	0	0
134	Q	0	0	0	0	0	0	0
135	I	0	0	0	0	0	0	0
136	K	0	0	0	0	0	0	0
137	K	0	0	0	0	0	0	0
138	S	0	0	0	0	0	0	0
139	S	0	0	0	0	0	0	0
140	S	0	0	0	0	0	0	0
141	N	0	0	0	0	0	0	0
142	L	0	0	0	0	0	0	0
143	K	0	0	0	0	0	0	0
144	L	0	0	0	0	0	0	0
145	Q	0	0	0	0	0	0	0
146	D	0	0	0	0	0	0	0
147	F	0	0	0	0	0	0	0
148	L	0	0	0	0	0	0	0
149	V	0	0	0	0	0	0	0
150	D	0	0	0	0	0	0	0
151	N	0	0	0	0	0	0	0
152	E	0	0	0	0	0	0	0
153	T	0	0	0	0	0	0	0
154	F	0	0	0	0	0	0	0
155	S	0	0	0	0	0	0	0
156	G	0	0	0	0	0	0	0
157	F	0	0	0	0	0	0	0
158	L	0	0	0	0	0	0	0
159	Y	0	0	0	0	0	0	0
160	H	0	0	0	0	0	0	0
161	N	0	0	0	0	0	0	0
162	L	0	0	0	0	0	0	0
163	S	0	0	0	0	0	0	0
164	L	0	0	0	0	0	0	0
165	P	0	0	0	0	0	0	0
166	K	0	0	0	0	0	0	0
167	S	0	0	0	0	0	0	0
168	T	0	0	0	0	0	0	0
169	V	0	0	0	0	0	0	0
170	D	0	0	0	0	0	0	0
171	K	0	0	0	0	0	0	0
172	M	0	0	0	0	0	0	0
173	L	0	0	0	0	0	0	0
174	R	0	0	0	0	0	0	0
175	A	0	0	0	0	0	0	0
176	D	0	0	0	0	0	0	0
177	V	0	0	0	0	0	0	0
178	I	0	0	0	0	0	0	0
179	L	0	0	0	0	0	0	0
180	H	0	0	0	0	0	0	0
181	K	0	0	0	0	0	0	0
182	V	0	0	0	0	0	0	0
183	F	0	0	0	0	0	0	0
184	L	0	0	0	0	0	0	0
185	Q	0	0	0	0	0	0	0
186	G	0	0	0	0	0	0	0
187	Y	0	0	0	0	0	0	0
188	Q	0	0	0	0	0	0	0
189	L	0	0	0	0	0	0	0
190	H	0	0	0	0	0	0	0
191	L	0	0	0	0	0	0	0
192	T	0	0	0	0	0	0	0
193	S	0	0	0	0	0	0	0
194	L	0	0	0	0	0	0	0
195	C	0	0	0	0	0	0	0
196	N	0	0	0	0	0	0	0
197	G	0	0	0	0	0	0	0
198	S	0	0	0	0	0	0	0
199	K	0	0	0	0	0	0	0
200	S	0	0	0	0	0	0	0
201	E	0	0	0	0	0	0	0
202	E	0	0	0	0	0	0	0
203	M	0	0	0	0	0	0	0
204	I	0	0	0	0	0	0	0
205	Q	0	0	0	0	0	0	0
206	L	0	0	0	0	0	0	0
207	G	0	0	0	0	0	0	0
208	D	0	0	0	0	0	0	0
209	Q	0	0	0	0	0	0	0
210	E	0	0	0	0	0	0	0
211	V	0	0	0	0	0	0	0
212	S	0	0	0	0	0	0	0
213	E	0	0	0	0	0	0	0
214	L	0	0	0	0	0	0	0
215	C	0	0	0	0	0	0	0
216	G	0	0	0	0	0	0	0
217	L	0	0	0	0	0	0	0
218	P	0	0	0	0	0	0	0
219	R	0	0	0	0	0	0	0
220	E	0	0	0	0	0	0	0
221	K	0	0	0	0	0	0	0
222	L	0	0	0	0	0	0	0
223	A	0	0	0	0	0	0	0
224	A	0	0	0	0	0	0	0
225	A	0	0	0	0	0	0	0
226	E	0	0	0	0	0	0	0
227	R	0	0	0	0	0	0	0
228	V	0	0	0	0	0	0	0
229	L	0	0	0	0	0	0	0
230	R	0	0	0	0	0	C	231
231	S	Phosphoserine	AAERVLRSNMDILKP	HHHHHHHHCHHHHHH	HDL cholesterol:high density lipoprotein cholesterol measurement	230 (1)	0	0
232	N	0	0	0	0	0	0	0
233	M	0	0	0	0	0	0	0
234	D	0	0	0	0	0	0	0
235	I	0	0	0	0	0	0	0
236	L	0	0	0	0	0	0	0
237	K	0	0	0	0	0	0	0
238	P	0	0	0	0	0	0	0
239	I	0	0	0	0	0	0	0
240	L	0	0	0	0	0	0	0
241	R	0	0	0	0	0	0	0
242	T	0	0	0	0	0	0	0
243	L	0	0	0	0	0	0	0
244	N	N-linked (GlcNAc)	KPILRTLNSTSPFPS	HHHHHHCCCCCCCCC	0	0	0	0
245	S	0	0	0	0	0	0	0
246	T	0	0	0	0	0	0	0
247	S	0	0	0	0	0	0	0
248	P	0	0	0	0	0	0	0
249	F	0	0	0	0	0	0	0
250	P	0	0	0	0	0	0	0
251	S	0	0	0	0	0	0	0
252	K	0	0	0	0	0	0	0
253	E	0	0	0	0	0	0	0
254	L	0	0	0	0	0	0	0
255	A	0	0	0	0	0	0	0
256	E	0	0	0	0	0	0	0
257	A	0	0	0	0	0	0	0
258	T	0	0	0	0	0	0	0
259	K	0	0	0	0	0	0	0
260	T	0	0	0	0	0	0	0
261	L	0	0	0	0	0	0	0
262	L	0	0	0	0	0	0	0
263	H	0	0	0	0	0	0	0
264	S	0	0	0	0	0	0	0
265	L	0	0	0	0	0	0	0
266	G	0	0	0	0	0	0	0
267	T	0	0	0	0	0	0	0
268	L	0	0	0	0	0	0	0
269	A	0	0	0	0	0	0	0
270	Q	0	0	0	0	0	0	0
271	E	0	0	0	0	0	0	0
272	L	0	0	0	0	0	0	0
273	F	0	0	0	0	0	0	0
274	S	0	0	0	0	0	0	0
275	M	0	0	0	0	0	0	0
276	R	0	0	0	0	0	0	0
277	S	0	0	0	0	0	0	0
278	W	0	0	0	0	0	0	0
279	S	0	0	0	0	0	0	0
280	D	0	0	0	0	0	0	0
281	M	0	0	0	0	0	0	0
282	R	0	0	0	0	0	0	0
283	Q	0	0	0	0	0	0	0
284	E	0	0	0	0	0	0	0
285	V	0	0	0	0	0	0	0
286	M	0	0	0	0	0	0	0
287	F	0	0	0	0	0	0	0
288	L	0	0	0	0	0	0	0
289	T	0	0	0	0	0	0	0
290	N	0	0	0	0	0	0	0
291	V	0	0	0	0	0	0	0
292	N	0	0	0	0	0	0	0
293	S	0	0	0	0	0	0	0
294	S	0	0	0	0	0	0	0
295	S	0	0	0	0	0	0	0
296	S	0	0	0	0	0	0	0
297	S	0	0	0	0	0	0	0
298	T	0	0	0	0	0	0	0
299	Q	0	0	0	0	0	0	0
300	I	0	0	0	0	0	0	0
301	Y	0	0	0	0	0	0	0
302	Q	0	0	0	0	0	0	0
303	A	0	0	0	0	0	0	0
304	V	0	0	0	0	0	0	0
305	S	0	0	0	0	0	0	0
306	R	0	0	0	0	0	0	0
307	I	0	0	0	0	0	0	0
308	V	0	0	0	0	0	0	0
309	C	0	0	0	0	0	0	0
310	G	0	0	0	0	0	0	0
311	H	0	0	0	0	0	0	0
312	P	0	0	0	0	0	0	0
313	E	0	0	0	0	0	0	0
314	G	0	0	0	0	0	0	0
315	G	0	0	0	0	0	0	0
316	G	0	0	0	0	0	0	0
317	L	0	0	0	0	0	0	0
318	K	0	0	0	0	0	0	0
319	I	0	0	0	0	0	0	0
320	K	0	0	0	0	0	0	0
321	S	0	0	0	0	0	0	0
322	L	0	0	0	0	0	0	0
323	N	0	0	0	0	0	0	0
324	W	0	0	0	0	0	0	0
325	Y	Phosphotyrosine	KIKSLNWYEDNNYKA	EEEECCEEECCCEEE	0	0	0	0
326	E	0	0	0	0	0	0	0
327	D	0	0	0	0	0	0	0
328	N	0	0	0	0	0	0	0
329	N	0	0	0	0	0	0	0
330	Y	0	0	0	0	0	0	0
331	K	0	0	0	0	0	0	0
332	A	0	0	0	0	0	0	0
333	L	0	0	0	0	0	0	0
334	F	0	0	0	0	0	0	0
335	G	0	0	0	0	0	0	0
336	G	0	0	0	0	0	0	0
337	N	0	0	0	0	0	0	0
338	G	0	0	0	0	0	0	0
339	T	0	0	0	0	0	0	0
340	E	0	0	0	0	0	0	0
341	E	0	0	0	0	0	0	0
342	D	0	0	0	0	0	0	0
343	A	0	0	0	0	0	0	0
344	E	0	0	0	0	0	0	0
345	T	0	0	0	0	0	0	0
346	F	0	0	0	0	0	0	0
347	Y	0	0	0	0	0	0	0
348	D	0	0	0	0	0	0	0
349	N	0	0	0	0	0	0	0
350	S	0	0	0	0	0	0	0
351	T	0	0	0	0	0	0	0
352	T	0	0	0	0	0	0	0
353	P	0	0	0	0	0	0	0
354	Y	0	0	0	0	0	0	0
355	C	0	0	0	0	0	0	0
356	N	0	0	0	0	0	0	0
357	D	0	0	0	0	0	0	0
358	L	0	0	0	0	0	0	0
359	M	0	0	0	0	0	0	0
360	K	0	0	0	0	0	0	0
361	N	0	0	0	0	0	0	0
362	L	0	0	0	0	0	0	0
363	E	0	0	0	0	0	0	0
364	S	0	0	0	0	0	0	0
365	S	0	0	0	0	0	0	0
366	P	0	0	0	0	0	0	0
367	L	0	0	0	0	0	0	0
368	S	0	0	0	0	0	0	0
369	R	0	0	0	0	0	0	0
370	I	0	0	0	0	0	0	0
371	I	0	0	0	0	0	0	0
372	W	0	0	0	0	0	0	0
373	K	0	0	0	0	0	0	0
374	A	0	0	0	0	0	0	0
375	L	0	0	0	0	0	0	0
376	K	0	0	0	0	0	0	0
377	P	0	0	0	0	0	0	0
378	L	0	0	0	0	0	0	0
379	L	0	0	0	0	0	0	0
380	V	0	0	0	0	0	0	0
381	G	0	0	0	0	0	0	0
382	K	0	0	0	0	0	0	0
383	I	0	0	0	0	0	0	0
384	L	0	0	0	0	0	0	0
385	Y	0	0	0	0	0	0	0
386	T	0	0	0	0	0	0	0
387	P	0	0	0	0	0	0	0
388	D	0	0	0	0	0	0	0
389	T	0	0	0	0	0	0	0
390	P	0	0	0	0	0	0	0
391	A	0	0	0	0	0	0	0
392	T	0	0	0	0	0	0	0
393	R	0	0	0	0	0	0	0
394	Q	0	0	0	0	0	0	0
395	V	0	0	0	0	0	0	0
396	M	0	0	0	0	0	0	0
397	A	0	0	0	0	0	0	0
398	E	0	0	0	0	0	0	0
399	V	0	0	0	0	0	0	0
400	N	0	0	0	0	0	0	0
401	K	0	0	0	0	0	0	0
402	T	0	0	0	0	0	0	0
403	F	0	0	0	0	0	0	0
404	Q	0	0	0	0	0	0	0
405	E	0	0	0	0	0	0	0
406	L	0	0	0	0	0	0	0
407	A	0	0	0	0	0	0	0
408	V	0	0	0	0	0	0	0
409	F	0	0	0	0	0	0	0
410	H	0	0	0	0	0	0	0
411	D	0	0	0	0	0	0	0
412	L	0	0	0	0	0	0	0
413	E	0	0	0	0	0	0	0
414	G	0	0	0	0	0	0	0
415	M	0	0	0	0	0	0	0
416	W	0	0	0	0	0	0	0
417	E	0	0	0	0	0	0	0
418	E	0	0	0	0	0	0	0
419	L	0	0	0	0	0	0	0
420	S	0	0	0	0	0	0	0
421	P	0	0	0	0	0	0	0
422	K	0	0	0	0	0	0	0
423	I	0	0	0	0	0	0	0
424	W	0	0	0	0	0	0	0
425	T	0	0	0	0	0	0	0
426	F	0	0	0	0	0	0	0
427	M	0	0	0	0	0	0	0
428	E	0	0	0	0	0	0	0
429	N	0	0	0	0	0	0	0
430	S	0	0	0	0	0	0	0
431	Q	0	0	0	0	0	0	0
432	E	0	0	0	0	0	0	0
433	M	0	0	0	0	0	0	0
434	D	0	0	0	0	0	0	0
435	L	0	0	0	0	0	0	0
436	V	0	0	0	0	0	0	0
437	R	0	0	0	0	0	0	0
438	M	0	0	0	0	0	0	0
439	L	0	0	0	0	0	0	0
440	L	0	0	0	0	0	0	0
441	D	0	0	0	0	0	0	0
442	S	0	0	0	0	0	0	0
443	R	0	0	0	0	0	0	0
444	D	0	0	0	0	0	0	0
445	N	0	0	0	0	0	0	0
446	D	0	0	0	0	0	0	0
447	H	0	0	0	0	0	0	0
448	F	0	0	0	0	0	0	0
449	W	0	0	0	0	0	0	0
450	E	0	0	0	0	0	0	0
451	Q	0	0	0	0	0	0	0
452	Q	0	0	0	0	0	0	0
453	L	0	0	0	0	0	0	0
454	D	0	0	0	0	0	0	0
455	G	0	0	0	0	0	0	0
456	L	0	0	0	0	0	0	0
457	D	0	0	0	0	0	0	0
458	W	0	0	0	0	0	0	0
459	T	0	0	0	0	0	0	0
460	A	0	0	0	0	0	0	0
461	Q	0	0	0	0	0	0	0
462	D	0	0	0	0	0	0	0
463	I	0	0	0	0	0	0	0
464	V	0	0	0	0	0	0	0
465	A	0	0	0	0	0	0	0
466	F	0	0	0	0	0	0	0
467	L	0	0	0	0	0	0	0
468	A	0	0	0	0	0	0	0
469	K	0	0	0	0	0	0	0
470	H	0	0	0	0	0	0	0
471	P	0	0	0	0	0	0	0
472	E	0	0	0	0	0	0	0
473	D	0	0	0	0	0	0	0
474	V	0	0	0	0	0	0	0
475	Q	0	0	0	0	0	0	0
476	S	0	0	0	0	0	0	0
477	S	0	0	0	0	0	0	0
478	N	0	0	0	0	0	0	0
479	G	0	0	0	0	0	0	0
480	S	0	0	0	0	0	0	0
481	V	0	0	0	0	0	0	0
482	Y	0	0	0	0	0	0	0
483	T	0	0	0	0	0	0	0
484	W	0	0	0	0	0	0	0
485	R	0	0	0	0	0	0	0
486	E	0	0	0	0	0	0	0
487	A	0	0	0	0	0	0	0
488	F	0	0	0	0	0	0	0
489	N	0	0	0	0	0	0	0
490	E	0	0	0	0	0	0	0
491	T	0	0	0	0	0	0	0
492	N	0	0	0	0	0	0	0
493	Q	0	0	0	0	0	0	0
494	A	0	0	0	0	0	0	0
495	I	0	0	0	0	0	0	0
496	R	0	0	0	0	0	0	0
497	T	0	0	0	0	0	0	0
498	I	0	0	0	0	0	0	0
499	S	0	0	0	0	0	0	0
500	R	0	0	0	0	0	0	0
501	F	0	0	0	0	0	0	0
502	M	0	0	0	0	0	0	0
503	E	0	0	0	0	0	0	0
504	C	0	0	0	0	0	0	0
505	V	0	0	0	0	0	0	0
506	N	0	0	0	0	0	0	0
507	L	0	0	0	0	0	0	0
508	N	0	0	0	0	0	0	0
509	K	0	0	0	0	0	0	0
510	L	0	0	0	0	0	0	0
511	E	0	0	0	0	0	0	0
512	P	0	0	0	0	0	0	0
513	I	0	0	0	0	0	0	0
514	A	0	0	0	0	0	0	0
515	T	0	0	0	0	0	0	0
516	E	0	0	0	0	0	0	0
517	V	0	0	0	0	0	0	0
518	W	0	0	0	0	0	0	0
519	L	0	0	0	0	0	0	0
520	I	0	0	0	0	0	0	0
521	N	0	0	0	0	0	0	0
522	K	0	0	0	0	0	0	0
523	S	0	0	0	0	0	0	0
524	M	0	0	0	0	0	0	0
525	E	0	0	0	0	0	0	0
526	L	0	0	0	0	0	0	0
527	L	0	0	0	0	0	0	0
528	D	0	0	0	0	0	0	0
529	E	0	0	0	0	0	0	0
530	R	0	0	0	0	0	0	0
531	K	0	0	0	0	0	0	0
532	F	0	0	0	0	0	0	0
533	W	0	0	0	0	0	0	0
534	A	0	0	0	0	0	0	0
535	G	0	0	0	0	0	0	0
536	I	0	0	0	0	0	0	0
537	V	0	0	0	0	0	0	0
538	F	0	0	0	0	0	0	0
539	T	0	0	0	0	0	0	0
540	G	0	0	0	0	0	0	0
541	I	0	0	0	0	0	0	0
542	T	0	0	0	0	0	0	0
543	P	0	0	0	0	0	0	0
544	G	0	0	0	0	0	0	0
545	S	0	0	0	0	0	0	0
546	I	0	0	0	0	0	0	0
547	E	0	0	0	0	0	0	0
548	L	0	0	0	0	0	0	0
549	P	0	0	0	0	0	0	0
550	H	0	0	0	0	0	0	0
551	H	0	0	0	0	0	0	0
552	V	0	0	0	0	0	0	0
553	K	0	0	0	0	0	0	0
554	Y	0	0	0	0	0	0	0
555	K	0	0	0	0	0	0	0
556	I	0	0	0	0	0	0	0
557	R	0	0	0	0	0	0	0
558	M	0	0	0	0	0	0	0
559	D	0	0	0	0	0	0	0
560	I	0	0	0	0	0	0	0
561	D	0	0	0	0	0	0	0
562	N	0	0	0	0	0	0	0
563	V	0	0	0	0	0	0	0
564	E	0	0	0	0	0	0	0
565	R	0	0	0	0	0	0	0
566	T	0	0	0	0	0	0	0
567	N	0	0	0	0	0	0	0
568	K	0	0	0	0	0	0	0
569	I	0	0	0	0	0	0	0
570	K	0	0	0	0	0	0	0
571	D	0	0	0	0	0	0	0
572	G	0	0	0	0	0	0	0
573	Y	0	0	0	0	0	0	0
574	W	0	0	0	0	0	0	0
575	D	0	0	0	0	0	0	0
576	P	0	0	0	0	0	0	0
577	G	0	0	0	0	0	0	0
578	P	0	0	0	0	0	0	0
579	R	0	0	0	0	0	0	0
580	A	0	0	0	0	0	0	0
581	D	0	0	0	0	0	0	0
582	P	0	0	0	0	0	0	0
583	F	0	0	0	0	0	0	0
584	E	0	0	0	0	0	0	0
585	D	0	0	0	0	0	0	0
586	M	0	0	0	0	0	0	0
587	R	0	0	0	0	0	0	0
588	Y	0	0	0	0	0	0	0
589	V	0	0	0	0	0	0	0
590	W	0	0	0	0	0	0	0
591	G	0	0	0	0	0	0	0
592	G	0	0	0	0	0	0	0
593	F	0	0	0	0	0	0	0
594	A	0	0	0	0	0	0	0
595	Y	0	0	0	0	0	0	0
596	L	0	0	0	0	0	0	0
597	Q	0	0	0	0	0	0	0
598	D	0	0	0	0	0	0	0
599	V	0	0	0	0	0	0	0
600	V	0	0	0	0	0	0	0
601	E	0	0	0	0	0	0	0
602	Q	0	0	0	0	0	0	0
603	A	0	0	0	0	0	0	0
604	I	0	0	0	0	0	0	0
605	I	0	0	0	0	0	0	0
606	R	0	0	0	0	0	0	0
607	V	0	0	0	0	0	0	0
608	L	0	0	0	0	0	0	0
609	T	0	0	0	0	0	0	0
610	G	0	0	0	0	0	0	0
611	T	0	0	0	0	0	0	0
612	E	0	0	0	0	0	0	0
613	K	0	0	0	0	0	0	0
614	K	0	0	0	0	0	0	0
615	T	0	0	0	0	0	0	0
616	G	0	0	0	0	0	0	0
617	V	0	0	0	0	0	0	0
618	Y	0	0	0	0	0	0	0
619	M	0	0	0	0	0	0	0
620	Q	0	0	0	0	0	0	0
621	Q	0	0	0	0	0	0	0
622	M	0	0	0	0	0	0	0
623	P	0	0	0	0	0	0	0
624	Y	0	0	0	0	0	0	0
625	P	0	0	0	0	0	0	0
626	C	0	0	0	0	0	0	0
627	Y	0	0	0	0	0	0	0
628	V	0	0	0	0	0	0	0
629	D	0	0	0	0	0	0	0
630	D	0	0	0	0	0	0	0
631	I	0	0	0	0	0	0	0
632	F	0	0	0	0	0	0	0
633	L	0	0	0	0	0	0	0
634	R	0	0	0	0	0	0	0
635	V	0	0	0	0	0	0	0
636	M	0	0	0	0	0	0	0
637	S	0	0	0	0	0	0	0
638	R	0	0	0	0	0	0	0
639	S	0	0	0	0	0	0	0
640	M	0	0	0	0	0	0	0
641	P	0	0	0	0	0	0	0
642	L	0	0	0	0	0	0	0
643	F	0	0	0	0	0	0	0
644	M	0	0	0	0	0	0	0
645	T	0	0	0	0	0	0	0
646	L	0	0	0	0	0	0	0
647	A	0	0	0	0	0	0	0
648	W	0	0	0	0	0	0	0
649	I	0	0	0	0	0	0	0
650	Y	0	0	0	0	0	0	0
651	S	0	0	0	0	0	0	0
652	V	0	0	0	0	0	0	0
653	A	0	0	0	0	0	0	0
654	V	0	0	0	0	0	0	0
655	I	0	0	0	0	0	0	0
656	I	0	0	0	0	0	0	0
657	K	0	0	0	0	0	0	0
658	G	0	0	0	0	0	0	0
659	I	0	0	0	0	0	0	0
660	V	0	0	0	0	0	0	0
661	Y	0	0	0	0	0	0	0
662	E	0	0	0	0	0	0	0
663	K	0	0	0	0	0	0	0
664	E	0	0	0	0	0	0	0
665	A	0	0	0	0	0	0	0
666	R	0	0	0	0	0	0	0
667	L	0	0	0	0	0	0	0
668	K	0	0	0	0	0	0	0
669	E	0	0	0	0	0	0	0
670	T	0	0	0	0	0	0	0
671	M	0	0	0	0	0	0	0
672	R	0	0	0	0	0	0	0
673	I	0	0	0	0	0	0	0
674	M	0	0	0	0	0	0	0
675	G	0	0	0	0	0	0	0
676	L	0	0	0	0	0	0	0
677	D	0	0	0	0	0	0	0
678	N	0	0	0	0	0	0	0
679	S	0	0	0	0	0	0	0
680	I	0	0	0	0	0	0	0
681	L	0	0	0	0	0	0	0
682	W	0	0	0	0	0	0	0
683	F	0	0	0	0	0	0	0
684	S	0	0	0	0	0	0	0
685	W	0	0	0	0	0	0	0
686	F	0	0	0	0	0	0	0
687	I	0	0	0	0	0	0	0
688	S	0	0	0	0	0	0	0
689	S	0	0	0	0	0	0	0
690	L	0	0	0	0	0	0	0
691	I	0	0	0	0	0	0	0
692	P	0	0	0	0	0	0	0
693	L	0	0	0	0	0	0	0
694	L	0	0	0	0	0	0	0
695	V	0	0	0	0	0	0	0
696	S	0	0	0	0	0	0	0
697	A	0	0	0	0	0	0	0
698	G	0	0	0	0	0	0	0
699	L	0	0	0	0	0	0	0
700	L	0	0	0	0	0	0	0
701	V	0	0	0	0	0	0	0
702	V	0	0	0	0	0	0	0
703	I	0	0	0	0	0	0	0
704	L	0	0	0	0	0	0	0
705	K	0	0	0	0	0	0	0
706	L	0	0	0	0	0	0	0
707	G	0	0	0	0	0	0	0
708	N	0	0	0	0	0	0	0
709	L	0	0	0	0	0	0	0
710	L	0	0	0	0	0	0	0
711	P	0	0	0	0	0	0	0
712	Y	0	0	0	0	0	0	0
713	S	0	0	0	0	0	0	0
714	D	0	0	0	0	0	0	0
715	P	0	0	0	0	0	0	0
716	S	0	0	0	0	0	0	0
717	V	0	0	0	0	0	0	0
718	V	0	0	0	0	0	0	0
719	F	0	0	0	0	0	0	0
720	V	0	0	0	0	0	0	0
721	F	0	0	0	0	0	0	0
722	L	0	0	0	0	0	0	0
723	S	0	0	0	0	0	0	0
724	V	0	0	0	0	0	0	0
725	F	0	0	0	0	0	0	0
726	A	0	0	0	0	0	0	0
727	V	0	0	0	0	0	0	0
728	V	0	0	0	0	0	0	0
729	T	0	0	0	0	0	0	0
730	I	0	0	0	0	0	0	0
731	L	0	0	0	0	0	0	0
732	Q	0	0	0	0	0	0	0
733	C	0	0	0	0	0	0	0
734	F	0	0	0	0	0	0	0
735	L	0	0	0	0	0	0	0
736	I	0	0	0	0	0	0	0
737	S	0	0	0	0	0	0	0
738	T	0	0	0	0	0	0	0
739	L	0	0	0	0	0	0	0
740	F	0	0	0	0	0	0	0
741	S	0	0	0	0	0	0	0
742	R	0	0	0	0	0	0	0
743	A	0	0	0	0	0	0	0
744	N	0	0	0	0	0	0	0
745	L	0	0	0	0	0	0	0
746	A	0	0	0	0	0	0	0
747	A	0	0	0	0	0	0	0
748	A	0	0	0	0	0	0	0
749	C	0	0	0	0	0	0	0
750	G	0	0	0	0	0	0	0
751	G	0	0	0	0	0	0	0
752	I	0	0	0	0	0	0	0
753	I	0	0	0	0	0	0	0
754	Y	0	0	0	0	0	0	0
755	F	0	0	0	0	0	0	0
756	T	0	0	0	0	0	0	0
757	L	0	0	0	0	0	0	0
758	Y	0	0	0	0	0	0	0
759	L	0	0	0	0	0	0	0
760	P	0	0	0	0	0	0	0
761	Y	0	0	0	0	0	0	0
762	V	0	0	0	0	0	0	0
763	L	0	0	0	0	0	0	0
764	C	0	0	0	0	0	0	0
765	V	0	0	0	0	0	0	0
766	A	0	0	0	0	0	0	0
767	W	0	0	0	0	0	0	0
768	Q	0	0	0	0	0	0	0
769	D	0	0	0	0	0	0	0
770	Y	0	0	0	0	0	0	0
771	V	0	0	0	0	0	0	0
772	G	0	0	0	0	0	0	0
773	F	0	0	0	0	0	0	0
774	T	0	0	0	0	0	0	0
775	L	0	0	0	0	0	0	0
776	K	0	0	0	0	0	0	0
777	I	0	0	0	0	0	0	0
778	F	0	0	0	0	0	0	0
779	A	0	0	0	0	0	0	0
780	S	0	0	0	0	0	0	0
781	L	0	0	0	0	0	0	0
782	L	0	0	0	0	0	0	0
783	S	0	0	0	0	0	0	0
784	P	0	0	0	0	0	0	0
785	V	0	0	0	0	0	0	0
786	A	0	0	0	0	0	0	0
787	F	0	0	0	0	0	0	0
788	G	0	0	0	0	0	0	0
789	F	0	0	0	0	0	0	0
790	G	0	0	0	0	0	0	0
791	C	0	0	0	0	0	0	0
792	E	0	0	0	0	0	0	0
793	Y	0	0	0	0	0	0	0
794	F	0	0	0	0	0	0	0
795	A	0	0	0	0	0	0	0
796	L	0	0	0	0	0	0	0
797	F	0	0	0	0	0	0	0
798	E	0	0	0	0	0	0	0
799	E	0	0	0	0	0	0	0
800	Q	0	0	0	0	0	0	0
801	G	0	0	0	0	0	0	0
802	I	0	0	0	0	0	0	0
803	G	0	0	0	0	0	0	0
804	V	0	0	0	0	0	0	0
805	Q	0	0	0	0	0	0	0
806	W	0	0	0	0	0	0	0
807	D	0	0	0	0	0	0	0
808	N	0	0	0	0	0	0	0
809	L	0	0	0	0	0	0	0
810	F	0	0	0	0	0	0	0
811	E	0	0	0	0	0	0	0
812	S	0	0	0	0	0	0	0
813	P	0	0	0	0	0	0	0
814	V	0	0	0	0	0	0	0
815	E	0	0	0	0	0	0	0
816	E	0	0	0	0	0	0	0
817	D	0	0	0	0	0	0	0
818	G	0	0	0	0	0	0	0
819	F	0	0	0	0	0	0	0
820	N	0	0	0	0	0	0	0
821	L	0	0	0	0	0	0	0
822	T	0	0	0	0	0	0	0
823	T	0	0	0	0	0	0	0
824	S	0	0	0	0	0	0	0
825	V	0	0	0	0	0	0	0
826	S	0	0	0	0	0	0	0
827	M	0	0	0	0	0	0	0
828	M	0	0	0	0	0	0	0
829	L	0	0	0	0	0	0	0
830	F	0	0	0	0	0	0	0
831	D	0	0	0	0	0	0	0
832	T	0	0	0	0	0	0	0
833	F	0	0	0	0	0	0	0
834	L	0	0	0	0	0	0	0
835	Y	0	0	0	0	0	0	0
836	G	0	0	0	0	0	0	0
837	V	0	0	0	0	0	0	0
838	M	0	0	0	0	0	0	0
839	T	0	0	0	0	0	0	0
840	W	0	0	0	0	0	0	0
841	Y	0	0	0	0	0	0	0
842	I	0	0	0	0	0	0	0
843	E	0	0	0	0	0	0	0
844	A	0	0	0	0	0	0	0
845	V	0	0	0	0	0	0	0
846	F	0	0	0	0	0	0	0
847	P	0	0	0	0	0	0	0
848	G	0	0	0	0	0	0	0
849	Q	0	0	0	0	0	0	0
850	Y	0	0	0	0	0	0	0
851	G	0	0	0	0	0	0	0
852	I	0	0	0	0	0	0	0
853	P	0	0	0	0	0	0	0
854	R	0	0	0	0	0	0	0
855	P	0	0	0	0	0	0	0
856	W	0	0	0	0	0	0	0
857	Y	0	0	0	0	0	0	0
858	F	0	0	0	0	0	0	0
859	P	0	0	0	0	0	0	0
860	C	0	0	0	0	0	0	0
861	T	0	0	0	0	0	0	0
862	K	0	0	0	0	0	0	0
863	S	0	0	0	0	0	0	0
864	Y	0	0	0	0	0	0	0
865	W	0	0	0	0	0	0	0
866	F	0	0	0	0	0	0	0
867	G	0	0	0	0	0	0	0
868	E	0	0	0	0	0	0	0
869	E	0	0	0	0	0	0	0
870	S	0	0	0	0	0	0	0
871	D	0	0	0	0	0	0	0
872	E	0	0	0	0	0	0	0
873	K	0	0	0	0	0	0	0
874	S	0	0	0	0	0	0	0
875	H	0	0	0	0	0	0	0
876	P	0	0	0	0	0	0	0
877	G	0	0	0	0	0	0	0
878	S	0	0	0	0	0	0	0
879	N	0	0	0	0	0	0	0
880	Q	0	0	0	0	0	0	0
881	K	0	0	0	0	0	0	0
882	R	0	0	0	0	0	0	0
883	I	0	0	0	0	0	0	0
884	S	Phosphoserine	GSNQKRISEICMEEE	CCCCHHHHHHHCCCC	0	0	0	0
885	E	0	0	0	0	0	0	0
886	I	0	0	0	0	0	0	0
887	C	0	0	0	0	0	0	0
888	M	0	0	0	0	0	0	0
889	E	0	0	0	0	0	0	0
890	E	0	0	0	0	0	0	0
891	E	0	0	0	0	0	0	0
892	P	0	0	0	0	0	0	0
893	T	0	0	0	0	0	0	0
894	H	0	0	0	0	0	0	0
895	L	0	0	0	0	0	0	0
896	K	0	0	0	0	0	0	0
897	L	0	0	0	0	0	0	0
898	G	0	0	0	0	0	0	0
899	V	0	0	0	0	0	0	0
900	S	0	0	0	0	0	0	0
901	I	0	0	0	0	0	0	0
902	Q	0	0	0	0	0	0	0
903	N	0	0	0	0	0	0	0
904	L	0	0	0	0	0	0	0
905	V	0	0	0	0	0	0	0
906	K	0	0	0	0	0	0	0
907	V	0	0	0	0	0	0	0
908	Y	0	0	0	0	0	0	0
909	R	0	0	0	0	0	0	0
910	D	0	0	0	0	0	0	0
911	G	0	0	0	0	0	0	0
912	M	0	0	0	0	0	0	0
913	K	0	0	0	0	0	0	0
914	V	0	0	0	0	0	0	0
915	A	0	0	0	0	0	0	0
916	V	0	0	0	0	0	0	0
917	D	0	0	0	0	0	0	0
918	G	0	0	0	0	0	0	0
919	L	0	0	0	0	0	0	0
920	A	0	0	0	0	0	0	0
921	L	0	0	0	0	0	0	0
922	N	0	0	0	0	0	0	0
923	F	0	0	0	0	0	0	0
924	Y	0	0	0	0	0	0	0
925	E	0	0	0	0	0	0	0
926	G	0	0	0	0	0	0	0
927	Q	0	0	0	0	0	0	0
928	I	0	0	0	0	0	0	0
929	T	0	0	0	0	0	0	0
930	S	0	0	0	0	0	0	0
931	F	0	0	0	0	0	0	0
932	L	0	0	0	0	0	0	0
933	G	0	0	0	0	0	0	0
934	H	0	0	0	0	0	0	0
935	N	0	0	0	0	0	0	0
936	G	0	0	0	0	0	0	0
937	A	0	0	0	0	0	0	0
938	G	0	0	0	0	0	0	0
939	K	0	0	0	0	0	0	0
940	T	0	0	0	0	0	0	0
941	T	0	0	0	0	0	0	0
942	T	0	0	0	0	0	0	0
943	M	0	0	0	0	0	0	0
944	S	0	0	0	0	0	0	0
945	I	0	0	0	0	0	0	0
946	L	0	0	0	0	0	0	0
947	T	0	0	0	0	0	0	0
948	G	0	0	0	0	0	0	0
949	L	0	0	0	0	0	0	0
950	F	0	0	0	0	0	0	0
951	P	0	0	0	0	0	0	0
952	P	0	0	0	0	0	0	0
953	T	0	0	0	0	0	0	0
954	S	0	0	0	0	0	0	0
955	G	0	0	0	0	0	0	0
956	T	0	0	0	0	0	0	0
957	A	0	0	0	0	0	0	0
958	Y	0	0	0	0	0	0	0
959	I	0	0	0	0	0	0	0
960	L	0	0	0	0	0	0	0
961	G	0	0	0	0	0	0	0
962	K	0	0	0	0	0	0	0
963	D	0	0	0	0	0	0	0
964	I	0	0	0	0	0	0	0
965	R	0	0	0	0	0	0	0
966	S	0	0	0	0	0	0	0
967	E	0	0	0	0	0	0	0
968	M	0	0	0	0	0	0	0
969	S	0	0	0	0	0	0	0
970	T	0	0	0	0	0	0	0
971	I	0	0	0	0	0	0	0
972	R	0	0	0	0	0	0	0
973	Q	0	0	0	0	0	0	0
974	N	0	0	0	0	0	0	0
975	L	0	0	0	0	0	0	0
976	G	0	0	0	0	0	0	0
977	V	0	0	0	0	0	0	0
978	C	0	0	0	0	0	0	0
979	P	0	0	0	0	0	0	0
980	Q	0	0	0	0	0	0	0
981	H	0	0	0	0	0	0	0
982	N	0	0	0	0	0	0	0
983	V	0	0	0	0	0	0	0
984	L	0	0	0	0	0	0	0
985	F	0	0	0	0	0	0	0
986	D	0	0	0	0	0	0	0
987	M	0	0	0	0	0	0	0
988	L	0	0	0	0	0	0	0
989	T	0	0	0	0	0	0	0
990	V	0	0	0	0	0	0	0
991	E	0	0	0	0	0	0	0
992	E	0	0	0	0	0	0	0
993	H	0	0	0	0	0	0	0
994	I	0	0	0	0	0	0	0
995	W	0	0	0	0	0	0	0
996	F	0	0	0	0	0	0	0
997	Y	0	0	0	0	0	0	0
998	A	0	0	0	0	0	0	0
999	R	0	0	0	0	0	0	0
1000	L	0	0	0	0	0	0	0
1001	K	0	0	0	0	0	0	0
1002	G	0	0	0	0	0	0	0
1003	L	0	0	0	0	0	0	0
1004	S	0	0	0	0	0	0	0
1005	E	0	0	0	0	0	0	0
1006	K	0	0	0	0	0	0	0
1007	H	0	0	0	0	0	0	0
1008	V	0	0	0	0	0	0	0
1009	K	0	0	0	0	0	0	0
1010	A	0	0	0	0	0	0	0
1011	E	0	0	0	0	0	0	0
1012	M	0	0	0	0	0	0	0
1013	E	0	0	0	0	0	0	0
1014	Q	0	0	0	0	0	0	0
1015	M	0	0	0	0	0	0	0
1016	A	0	0	0	0	0	0	0
1017	L	0	0	0	0	0	0	0
1018	D	0	0	0	0	0	0	0
1019	V	0	0	0	0	0	0	0
1020	G	0	0	0	0	0	0	0
1021	L	0	0	0	0	0	0	0
1022	P	0	0	0	0	0	0	0
1023	S	0	0	0	0	0	0	0
1024	S	0	0	0	0	0	0	0
1025	K	0	0	0	0	0	0	0
1026	L	0	0	0	0	0	0	0
1027	K	0	0	0	0	0	0	0
1028	S	0	0	0	0	0	0	0
1029	K	0	0	0	0	0	0	0
1030	T	0	0	0	0	0	0	0
1031	S	Phosphoserine	SKLKSKTSQLSGGMQ	HHHCCCHHHCCHHHH	0	0	0	0
1032	Q	0	0	0	0	0	0	0
1033	L	0	0	0	0	0	0	0
1034	S	0	0	0	0	0	0	0
1035	G	0	0	0	0	0	0	0
1036	G	0	0	0	0	0	0	0
1037	M	0	0	0	0	0	0	0
1038	Q	0	0	0	0	0	0	0
1039	R	0	0	0	0	0	0	0
1040	K	0	0	0	0	0	0	0
1041	L	0	0	0	0	0	0	0
1042	S	Phosphoserine	GGMQRKLSVALAFVG	HHHHHHHHHHEEECC	0	0	0	0
1043	V	0	0	0	0	0	0	0
1044	A	0	0	0	0	0	0	0
1045	L	0	0	0	0	0	0	0
1046	A	0	0	0	0	0	0	0
1047	F	0	0	0	0	0	0	0
1048	V	0	0	0	0	0	0	0
1049	G	0	0	0	0	0	0	0
1050	G	0	0	0	0	0	0	0
1051	S	0	0	0	0	0	0	0
1052	K	0	0	0	0	0	0	0
1053	V	0	0	0	0	0	0	0
1054	V	0	0	0	0	0	0	0
1055	I	0	0	0	0	0	0	0
1056	L	0	0	0	0	0	0	0
1057	D	0	0	0	0	0	0	0
1058	E	0	0	0	0	0	0	0
1059	P	0	0	0	0	0	0	0
1060	T	0	0	0	0	0	0	0
1061	A	0	0	0	0	0	0	0
1062	G	0	0	0	0	0	0	0
1063	V	0	0	0	0	0	0	0
1064	D	0	0	0	0	0	0	0
1065	P	0	0	0	0	0	0	0
1066	Y	0	0	0	0	0	0	0
1067	S	0	0	0	0	0	0	0
1068	R	0	0	0	0	0	0	0
1069	R	0	0	0	0	0	0	0
1070	G	0	0	0	0	0	0	0
1071	I	0	0	0	0	0	0	0
1072	W	0	0	0	0	0	0	0
1073	E	0	0	0	0	0	0	0
1074	L	0	0	0	0	0	0	0
1075	L	0	0	0	0	0	0	0
1076	L	0	0	0	0	0	0	0
1077	K	0	0	0	0	0	0	0
1078	Y	0	0	0	0	0	0	0
1079	R	0	0	0	0	0	0	0
1080	Q	0	0	0	0	0	0	0
1081	G	0	0	0	0	0	0	0
1082	R	0	0	0	0	0	0	0
1083	T	0	0	0	0	0	0	0
1084	I	0	0	0	0	0	0	0
1085	I	0	0	0	0	0	0	0
1086	L	0	0	0	0	0	0	0
1087	S	0	0	0	0	0	0	0
1088	T	0	0	0	0	0	0	0
1089	H	0	0	0	0	0	0	0
1090	H	0	0	0	0	0	0	0
1091	M	0	0	0	0	0	0	0
1092	D	0	0	0	0	0	0	0
1093	E	0	0	0	0	0	0	0
1094	A	0	0	0	0	0	0	0
1095	D	0	0	0	0	0	0	0
1096	V	0	0	0	0	0	0	0
1097	L	0	0	0	0	0	0	0
1098	G	0	0	0	0	0	0	0
1099	D	0	0	0	0	0	0	0
1100	R	0	0	0	0	0	0	0
1101	I	0	0	0	0	0	0	0
1102	A	0	0	0	0	0	0	0
1103	I	0	0	0	0	0	0	0
1104	I	0	0	0	0	0	0	0
1105	S	0	0	0	0	0	0	0
1106	H	0	0	0	0	0	0	0
1107	G	0	0	0	0	0	0	0
1108	K	0	0	0	0	0	0	0
1109	L	0	0	0	0	0	0	0
1110	C	S-palmitoyl cysteine	IISHGKLCCVGSSLF	EEECCCEEEECCCEE	0	0	0	0
1111	C	S-palmitoyl cysteine	ISHGKLCCVGSSLFL	EECCCEEEECCCEEE	0	0	0	0
1112	V	0	0	0	0	0	0	0
1113	G	0	0	0	0	0	0	0
1114	S	0	0	0	0	0	0	0
1115	S	0	0	0	0	0	0	0
1116	L	0	0	0	0	0	0	0
1117	F	0	0	0	0	0	0	0
1118	L	0	0	0	0	0	0	0
1119	K	0	0	0	0	0	0	0
1120	N	0	0	0	0	0	0	0
1121	Q	0	0	0	0	0	0	0
1122	L	0	0	0	0	0	0	0
1123	G	0	0	0	0	0	0	0
1124	T	0	0	0	0	0	0	0
1125	G	0	0	0	0	0	0	0
1126	Y	0	0	0	0	0	0	0
1127	Y	0	0	0	0	0	0	0
1128	L	0	0	0	0	0	0	0
1129	T	0	0	0	0	0	0	0
1130	L	0	0	0	0	0	0	0
1131	V	0	0	0	0	0	0	0
1132	K	0	0	0	0	0	0	0
1133	K	0	0	0	0	0	0	0
1134	D	0	0	0	0	0	0	0
1135	V	0	0	0	0	0	0	0
1136	E	0	0	0	0	0	0	0
1137	S	0	0	0	0	0	0	0
1138	S	0	0	0	0	0	0	0
1139	L	0	0	0	0	0	0	0
1140	S	0	0	0	0	0	0	0
1141	S	0	0	0	0	0	0	0
1142	C	0	0	0	0	0	0	0
1143	R	0	0	0	0	0	0	0
1144	N	0	0	0	0	0	0	0
1145	S	Phosphoserine	SLSSCRNSSSTVSYL	HHHHHCCCCCHHHEE	0	0	0	0
1146	S	0	0	0	0	0	0	0
1147	S	0	0	0	0	0	0	0
1148	T	0	0	0	0	0	0	0
1149	V	0	0	0	0	0	0	0
1150	S	0	0	0	0	0	0	0
1151	Y	0	0	0	0	0	0	0
1152	L	0	0	0	0	0	0	0
1153	K	0	0	0	0	0	0	0
1154	K	0	0	0	0	0	0	0
1155	E	0	0	0	0	0	0	0
1156	D	0	0	0	0	0	0	0
1157	S	0	0	0	0	0	0	0
1158	V	0	0	0	0	0	0	0
1159	S	0	0	0	0	0	0	0
1160	Q	0	0	0	0	0	0	0
1161	S	0	0	0	0	0	0	0
1162	S	0	0	0	0	0	0	0
1163	S	0	0	0	0	0	0	0
1164	D	0	0	0	0	0	0	0
1165	A	0	0	0	0	0	0	0
1166	G	0	0	0	0	0	0	0
1167	L	0	0	0	0	0	0	0
1168	G	0	0	0	0	0	0	0
1169	S	0	0	0	0	0	0	0
1170	D	0	0	0	0	0	0	0
1171	H	0	0	0	0	0	0	0
1172	E	0	0	0	0	0	0	0
1173	S	0	0	0	0	0	0	0
1174	D	0	0	0	0	0	0	0
1175	T	0	0	0	0	0	0	0
1176	L	0	0	0	0	0	0	0
1177	T	0	0	0	0	0	0	0
1178	I	0	0	0	0	0	0	0
1179	D	0	0	0	0	0	0	0
1180	V	0	0	0	0	0	0	0
1181	S	0	0	0	0	0	0	0
1182	A	0	0	0	0	0	0	0
1183	I	0	0	0	0	0	0	0
1184	S	0	0	0	0	0	0	0
1185	N	0	0	0	0	0	0	0
1186	L	0	0	0	0	0	0	0
1187	I	0	0	0	0	0	0	0
1188	R	0	0	0	0	0	0	0
1189	K	0	0	0	0	0	0	0
1190	H	0	0	0	0	0	0	0
1191	V	0	0	0	0	0	0	0
1192	S	0	0	0	0	0	0	0
1193	E	0	0	0	0	0	0	0
1194	A	0	0	0	0	0	0	0
1195	R	0	0	0	0	0	0	0
1196	L	0	0	0	0	0	0	0
1197	V	0	0	0	0	0	0	0
1198	E	0	0	0	0	0	0	0
1199	D	0	0	0	0	0	0	0
1200	I	0	0	0	0	0	0	0
1201	G	0	0	0	0	0	0	0
1202	H	0	0	0	0	0	0	0
1203	E	0	0	0	0	0	0	0
1204	L	0	0	0	0	0	0	0
1205	T	0	0	0	0	0	0	0
1206	Y	Phosphotyrosine	DIGHELTYVLPYEAA	HHCCCEEEECCHHHH	0	0	0	0
1207	V	0	0	0	0	0	0	0
1208	L	0	0	0	0	0	0	0
1209	P	0	0	0	0	0	0	0
1210	Y	0	0	0	0	0	0	0
1211	E	0	0	0	0	0	0	0
1212	A	0	0	0	0	0	0	0
1213	A	0	0	0	0	0	0	0
1214	K	0	0	0	0	0	0	0
1215	E	0	0	0	0	0	0	0
1216	G	0	0	0	0	0	0	0
1217	A	0	0	0	0	0	0	0
1218	F	0	0	0	0	0	0	0
1219	V	0	0	0	0	0	0	0
1220	E	0	0	0	0	0	0	0
1221	L	0	0	0	0	0	0	0
1222	F	0	0	0	0	0	0	0
1223	H	0	0	0	0	0	0	0
1224	E	0	0	0	0	0	0	0
1225	I	0	0	0	0	0	0	0
1226	D	0	0	0	0	0	0	0
1227	D	0	0	0	0	0	0	0
1228	R	0	0	0	0	0	0	0
1229	L	0	0	0	0	0	0	0
1230	S	0	0	0	0	0	0	0
1231	D	0	0	0	0	0	0	0
1232	L	0	0	0	0	0	0	0
1233	G	0	0	0	0	0	0	0
1234	I	0	0	0	0	0	0	0
1235	S	0	0	0	0	0	0	0
1236	S	0	0	0	0	0	0	0
1237	Y	0	0	0	0	0	0	0
1238	G	0	0	0	0	0	0	0
1239	I	0	0	0	0	0	0	0
1240	S	0	0	0	0	0	0	0
1241	E	0	0	0	0	0	0	0
1242	T	Phosphothreonine	SSYGISETTLEEIFL	CCCCCCCCCHHHHHH	0	0	0	0
1243	T	Phosphothreonine	SYGISETTLEEIFLK	CCCCCCCCHHHHHHH	0	0	0	0
1244	L	0	0	0	0	0	0	0
1245	E	0	0	0	0	0	0	0
1246	E	0	0	0	0	0	0	0
1247	I	0	0	0	0	0	0	0
1248	F	0	0	0	0	0	0	0
1249	L	0	0	0	0	0	0	0
1250	K	0	0	0	0	0	0	0
1251	V	0	0	0	0	0	0	0
1252	A	0	0	0	0	0	0	0
1253	E	0	0	0	0	0	0	0
1254	E	0	0	0	0	0	0	0
1255	S	Phosphoserine	FLKVAEESGVDAETS	HHHHHHHHCCCCCCC	0	0	0	0
1256	G	0	0	0	0	0	0	0
1257	V	0	0	0	0	0	0	0
1258	D	0	0	0	0	0	0	0
1259	A	0	0	0	0	0	0	0
1260	E	0	0	0	0	0	0	0
1261	T	0	0	0	0	0	0	0
1262	S	Phosphoserine	SGVDAETSDGTLPAR	HCCCCCCCCCCCCCH	0	0	0	0
1263	D	0	0	0	0	0	0	0
1264	G	0	0	0	0	0	0	0
1265	T	0	0	0	0	0	0	0
1266	L	0	0	0	0	0	0	0
1267	P	0	0	0	0	0	0	0
1268	A	0	0	0	0	0	0	0
1269	R	0	0	0	0	0	0	0
1270	R	0	0	0	0	0	0	0
1271	N	0	0	0	0	0	0	0
1272	R	0	0	0	0	0	0	0
1273	R	0	0	0	0	0	0	0
1274	A	0	0	0	0	0	0	0
1275	F	0	0	0	0	0	0	0
1276	G	0	0	0	0	0	0	0
1277	D	0	0	0	0	0	0	0
1278	K	0	0	0	0	0	0	0
1279	Q	0	0	0	0	0	0	0
1280	S	0	0	0	0	0	0	0
1281	C	0	0	0	0	0	0	0
1282	L	0	0	0	0	0	0	0
1283	R	0	0	0	0	0	0	0
1284	P	0	0	0	0	0	0	0
1285	F	0	0	0	0	0	0	0
1286	T	Phosphothreonine	QSCLRPFTEDDAADP	CCCCCCCCCCCCCCC	0	0	0	0
1287	E	0	0	0	0	0	0	0
1288	D	0	0	0	0	0	0	0
1289	D	0	0	0	0	0	0	0
1290	A	0	0	0	0	0	0	0
1291	A	0	0	0	0	0	0	0
1292	D	0	0	0	0	0	0	0
1293	P	0	0	0	0	0	0	0
1294	N	0	0	0	0	0	0	0
1295	D	0	0	0	0	0	0	0
1296	S	Phosphoserine	DAADPNDSDIDPESR	CCCCCCCCCCCHHHH	0	0	0	0
1297	D	0	0	0	0	0	0	0
1298	I	0	0	0	0	0	0	0
1299	D	0	0	0	0	0	0	0
1300	P	0	0	0	0	0	0	0
1301	E	0	0	0	0	0	0	0
1302	S	0	0	0	0	0	0	0
1303	R	0	0	0	0	0	0	0
1304	E	0	0	0	0	0	0	0
1305	T	Phosphothreonine	IDPESRETDLLSGMD	CCHHHHHHCCCCCCC	0	0	0	0
1306	D	0	0	0	0	0	0	0
1307	L	0	0	0	0	0	0	0
1308	L	0	0	0	0	0	0	0
1309	S	0	0	0	0	0	0	0
1310	G	0	0	0	0	0	0	0
1311	M	0	0	0	0	0	0	0
1312	D	0	0	0	0	0	0	0
1313	G	0	0	0	0	0	0	0
1314	K	0	0	0	0	0	0	0
1315	G	0	0	0	0	0	0	0
1316	S	0	0	0	0	0	0	0
1317	Y	0	0	0	0	0	0	0
1318	Q	0	0	0	0	0	0	0
1319	V	0	0	0	0	0	0	0
1320	K	0	0	0	0	0	0	0
1321	G	0	0	0	0	0	0	0
1322	W	0	0	0	0	0	0	0
1323	K	0	0	0	0	0	0	0
1324	L	0	0	0	0	0	0	0
1325	T	0	0	0	0	0	0	0
1326	Q	0	0	0	0	0	0	0
1327	Q	0	0	0	0	0	0	0
1328	Q	0	0	0	0	0	0	0
1329	F	0	0	0	0	0	0	0
1330	V	0	0	0	0	0	0	0
1331	A	0	0	0	0	0	0	0
1332	L	0	0	0	0	0	0	0
1333	L	0	0	0	0	0	0	0
1334	W	0	0	0	0	0	0	0
1335	K	0	0	0	0	0	0	0
1336	R	0	0	0	0	0	0	0
1337	L	0	0	0	0	0	0	0
1338	L	0	0	0	0	0	0	0
1339	I	0	0	0	0	0	0	0
1340	A	0	0	0	0	0	0	0
1341	R	0	0	0	0	0	0	0
1342	R	0	0	0	0	0	0	0
1343	S	0	0	0	0	0	0	0
1344	R	0	0	0	0	0	0	0
1345	K	0	0	0	0	0	0	0
1346	G	0	0	0	0	0	0	0
1347	F	0	0	0	0	0	0	0
1348	F	0	0	0	0	0	0	0
1349	A	0	0	0	0	0	0	0
1350	Q	0	0	0	0	0	0	0
1351	I	0	0	0	0	0	0	0
1352	V	0	0	0	0	0	0	0
1353	L	0	0	0	0	0	0	0
1354	P	0	0	0	0	0	0	0
1355	A	0	0	0	0	0	0	0
1356	V	0	0	0	0	0	0	0
1357	F	0	0	0	0	0	0	0
1358	V	0	0	0	0	0	0	0
1359	C	0	0	0	0	0	0	0
1360	I	0	0	0	0	0	0	0
1361	A	0	0	0	0	0	0	0
1362	L	0	0	0	0	0	0	0
1363	V	0	0	0	0	0	0	0
1364	F	0	0	0	0	0	0	0
1365	S	0	0	0	0	0	0	0
1366	L	0	0	0	0	0	0	0
1367	I	0	0	0	0	0	0	0
1368	V	0	0	0	0	0	0	0
1369	P	0	0	0	0	0	0	0
1370	P	0	0	0	0	0	0	0
1371	F	0	0	0	0	0	0	0
1372	G	0	0	0	0	0	0	0
1373	K	0	0	0	0	0	0	0
1374	Y	0	0	0	0	0	0	0
1375	P	0	0	0	0	0	0	0
1376	S	0	0	0	0	0	0	0
1377	L	0	0	0	0	0	0	0
1378	E	0	0	0	0	0	0	0
1379	L	0	0	0	0	0	0	0
1380	Q	0	0	0	0	0	0	0
1381	P	0	0	0	0	0	0	0
1382	W	0	0	0	0	0	0	0
1383	M	0	0	0	0	0	0	0
1384	Y	0	0	0	0	0	0	0
1385	N	0	0	0	0	0	0	0
1386	E	0	0	0	0	0	0	0
1387	Q	0	0	0	0	0	0	0
1388	Y	0	0	0	0	0	0	0
1389	T	0	0	0	0	0	0	0
1390	F	0	0	0	0	0	0	0
1391	V	0	0	0	0	0	0	0
1392	S	0	0	0	0	0	0	0
1393	N	0	0	0	0	0	0	0
1394	D	0	0	0	0	0	0	0
1395	A	0	0	0	0	0	0	0
1396	P	0	0	0	0	0	0	0
1397	E	0	0	0	0	0	0	0
1398	D	0	0	0	0	0	0	0
1399	T	0	0	0	0	0	0	0
1400	G	0	0	0	0	0	0	0
1401	T	0	0	0	0	0	0	0
1402	L	0	0	0	0	0	0	0
1403	E	0	0	0	0	0	0	0
1404	L	0	0	0	0	0	0	0
1405	L	0	0	0	0	0	0	0
1406	N	0	0	0	0	0	0	0
1407	A	0	0	0	0	0	0	0
1408	L	0	0	0	0	0	0	0
1409	T	0	0	0	0	0	0	0
1410	K	0	0	0	0	0	0	0
1411	D	0	0	0	0	0	0	0
1412	P	0	0	0	0	0	0	0
1413	G	0	0	0	0	0	0	0
1414	F	0	0	0	0	0	0	0
1415	G	0	0	0	0	0	0	0
1416	T	0	0	0	0	0	0	0
1417	R	0	0	0	0	0	0	0
1418	C	0	0	0	0	0	0	0
1419	M	0	0	0	0	0	0	0
1420	E	0	0	0	0	0	0	0
1421	G	0	0	0	0	0	0	0
1422	N	0	0	0	0	0	0	0
1423	P	0	0	0	0	0	0	0
1424	I	0	0	0	0	0	0	0
1425	P	0	0	0	0	0	0	0
1426	D	0	0	0	0	0	0	0
1427	T	0	0	0	0	0	0	0
1428	P	0	0	0	0	0	0	0
1429	C	0	0	0	0	0	0	0
1430	Q	0	0	0	0	0	0	0
1431	A	0	0	0	0	0	0	0
1432	G	0	0	0	0	0	0	0
1433	E	0	0	0	0	0	0	0
1434	E	0	0	0	0	0	0	0
1435	E	0	0	0	0	0	0	0
1436	W	0	0	0	0	0	0	0
1437	T	0	0	0	0	0	0	0
1438	T	0	0	0	0	0	0	0
1439	A	0	0	0	0	0	0	0
1440	P	0	0	0	0	0	0	0
1441	V	0	0	0	0	0	0	0
1442	P	0	0	0	0	0	0	0
1443	Q	0	0	0	0	0	0	0
1444	T	0	0	0	0	0	0	0
1445	I	0	0	0	0	0	0	0
1446	M	0	0	0	0	0	0	0
1447	D	0	0	0	0	0	0	0
1448	L	0	0	0	0	0	0	0
1449	F	0	0	0	0	0	0	0
1450	Q	0	0	0	0	0	0	0
1451	N	0	0	0	0	0	0	0
1452	G	0	0	0	0	0	0	0
1453	N	0	0	0	0	0	0	0
1454	W	0	0	0	0	0	0	0
1455	T	0	0	0	0	0	0	0
1456	M	0	0	0	0	0	0	0
1457	Q	0	0	0	0	0	0	0
1458	N	0	0	0	0	0	0	0
1459	P	0	0	0	0	0	0	0
1460	S	0	0	0	0	0	0	0
1461	P	0	0	0	0	0	0	0
1462	A	0	0	0	0	0	0	0
1463	C	0	0	0	0	0	0	0
1464	Q	0	0	0	0	0	0	0
1465	C	0	0	0	0	0	0	0
1466	S	0	0	0	0	0	0	0
1467	S	0	0	0	0	0	0	0
1468	D	0	0	0	0	0	0	0
1469	K	0	0	0	0	0	0	0
1470	I	0	0	0	0	0	0	0
1471	K	0	0	0	0	0	0	0
1472	K	0	0	0	0	0	0	0
1473	M	0	0	0	0	0	0	0
1474	L	0	0	0	0	0	0	0
1475	P	0	0	0	0	0	0	0
1476	V	0	0	0	0	0	0	0
1477	C	0	0	0	0	0	0	0
1478	P	0	0	0	0	0	0	0
1479	P	0	0	0	0	0	0	0
1480	G	0	0	0	0	0	0	0
1481	A	0	0	0	0	0	0	0
1482	G	0	0	0	0	0	0	0
1483	G	0	0	0	0	0	0	0
1484	L	0	0	0	0	0	0	0
1485	P	0	0	0	0	0	0	0
1486	P	0	0	0	0	0	0	0
1487	P	0	0	0	0	0	0	0
1488	Q	0	0	0	0	0	0	0
1489	R	0	0	0	0	0	0	0
1490	K	0	0	0	0	0	0	0
1491	Q	0	0	0	0	0	0	0
1492	N	0	0	0	0	0	0	0
1493	T	0	0	0	0	0	0	0
1494	A	0	0	0	0	0	0	0
1495	D	0	0	0	0	0	0	0
1496	I	0	0	0	0	0	0	0
1497	L	0	0	0	0	0	0	0
1498	Q	0	0	0	0	0	0	0
1499	D	0	0	0	0	0	0	0
1500	L	0	0	0	0	0	0	0
1501	T	0	0	0	0	0	0	0
1502	G	0	0	0	0	0	0	0
1503	R	0	0	0	0	0	0	0
1504	N	0	0	0	0	0	0	0
1505	I	0	0	0	0	0	0	0
1506	S	0	0	0	0	0	0	0
1507	D	0	0	0	0	0	0	0
1508	Y	0	0	0	0	0	0	0
1509	L	0	0	0	0	0	0	0
1510	V	0	0	0	0	0	0	0
1511	K	0	0	0	0	0	0	0
1512	T	0	0	0	0	0	0	0
1513	Y	0	0	0	0	0	0	0
1514	V	0	0	0	0	0	0	0
1515	Q	0	0	0	0	0	0	0
1516	I	0	0	0	0	0	0	0
1517	I	0	0	0	0	0	0	0
1518	A	0	0	0	0	0	0	0
1519	K	0	0	0	0	0	0	0
1520	S	0	0	0	0	0	0	0
1521	L	0	0	0	0	0	0	0
1522	K	0	0	0	0	0	0	0
1523	N	0	0	0	0	0	0	0
1524	K	0	0	0	0	0	0	0
1525	I	0	0	0	0	0	0	0
1526	W	0	0	0	0	0	0	0
1527	V	0	0	0	0	0	0	0
1528	N	0	0	0	0	0	0	0
1529	E	0	0	0	0	0	0	0
1530	F	0	0	0	0	0	0	0
1531	R	0	0	0	0	0	0	0
1532	Y	0	0	0	0	0	0	0
1533	G	0	0	0	0	0	0	0
1534	G	0	0	0	0	0	0	0
1535	F	0	0	0	0	0	0	0
1536	S	Phosphoserine	EFRYGGFSLGVSNTQ	EEECCCEECCCCCCC	0	0	0	0
1537	L	0	0	0	0	0	0	0
1538	G	0	0	0	0	0	0	0
1539	V	0	0	0	0	0	0	0
1540	S	Phosphoserine	GGFSLGVSNTQALPP	CCEECCCCCCCCCCC	0	0	0	0
1541	N	0	0	0	0	0	0	0
1542	T	0	0	0	0	0	0	0
1543	Q	0	0	0	0	0	0	0
1544	A	0	0	0	0	0	0	0
1545	L	0	0	0	0	0	0	0
1546	P	0	0	0	0	0	0	0
1547	P	0	0	0	0	0	0	0
1548	S	Phosphoserine	NTQALPPSQEVNDAI	CCCCCCCCHHHHHHH	0	0	0	0
1549	Q	0	0	0	0	0	0	0
1550	E	0	0	0	0	0	0	0
1551	V	0	0	0	0	0	0	0
1552	N	0	0	0	0	0	0	0
1553	D	0	0	0	0	0	0	0
1554	A	0	0	0	0	0	0	0
1555	I	0	0	0	0	0	0	0
1556	K	0	0	0	0	0	0	0
1557	Q	0	0	0	0	0	0	0
1558	M	0	0	0	0	0	0	0
1559	K	0	0	0	0	0	0	0
1560	K	0	0	0	0	0	0	0
1561	H	0	0	0	0	0	0	0
1562	L	0	0	0	0	0	0	0
1563	K	0	0	0	0	0	0	0
1564	L	0	0	0	0	0	0	0
1565	A	0	0	0	0	0	0	0
1566	K	0	0	0	0	0	0	0
1567	D	0	0	0	0	0	0	0
1568	S	0	0	0	0	0	0	0
1569	S	0	0	0	0	0	0	0
1570	A	0	0	0	0	0	0	0
1571	D	0	0	0	0	0	0	0
1572	R	0	0	0	0	0	0	0
1573	F	0	0	0	0	0	0	0
1574	L	0	0	0	0	0	0	0
1575	N	0	0	0	0	0	0	0
1576	S	0	0	0	0	0	0	0
1577	L	0	0	0	0	0	0	0
1578	G	0	0	0	0	0	0	0
1579	R	0	0	0	0	0	0	0
1580	F	0	0	0	0	0	0	0
1581	M	0	0	0	0	0	0	0
1582	T	Phosphothreonine	NSLGRFMTGLDTKNN	HHHHHHHCCCCCCCC	0	0	0	0
1583	G	0	0	0	0	0	0	0
1584	L	0	0	0	0	0	0	0
1585	D	0	0	0	0	0	0	0
1586	T	Phosphothreonine	RFMTGLDTKNNVKVW	HHHCCCCCCCCEEEE	0	0	0	0
1587	K	0	0	0	0	0	0	0
1588	N	0	0	0	0	0	0	0
1589	N	0	0	0	0	0	0	0
1590	V	0	0	0	0	0	0	0
1591	K	0	0	0	0	0	0	0
1592	V	0	0	0	0	0	0	0
1593	W	0	0	0	0	0	0	0
1594	F	0	0	0	0	0	0	0
1595	N	0	0	0	0	0	0	0
1596	N	0	0	0	0	0	0	0
1597	K	0	0	0	0	0	0	0
1598	G	0	0	0	0	0	0	0
1599	W	0	0	0	0	0	0	0
1600	H	0	0	0	0	0	0	0
1601	A	0	0	0	0	0	0	0
1602	I	0	0	0	0	0	0	0
1603	S	0	0	0	0	0	0	0
1604	S	0	0	0	0	0	0	0
1605	F	0	0	0	0	0	0	0
1606	L	0	0	0	0	0	0	0
1607	N	0	0	0	0	0	0	0
1608	V	0	0	0	0	0	0	0
1609	I	0	0	0	0	0	0	0
1610	N	0	0	0	0	0	0	0
1611	N	0	0	0	0	0	0	0
1612	A	0	0	0	0	0	0	0
1613	I	0	0	0	0	0	0	0
1614	L	0	0	0	0	0	0	0
1615	R	0	0	0	0	0	0	0
1616	A	0	0	0	0	0	0	0
1617	N	0	0	0	0	0	0	0
1618	L	0	0	0	0	0	0	0
1619	Q	0	0	0	0	0	0	0
1620	K	0	0	0	0	0	0	0
1621	G	0	0	0	0	0	0	0
1622	E	0	0	0	0	0	0	0
1623	N	0	0	0	0	0	0	0
1624	P	0	0	0	0	0	0	0
1625	S	0	0	0	0	0	0	0
1626	H	0	0	0	0	0	0	0
1627	Y	0	0	0	0	0	0	0
1628	G	0	0	0	0	0	0	0
1629	I	0	0	0	0	0	0	0
1630	T	0	0	0	0	0	0	0
1631	A	0	0	0	0	0	0	0
1632	F	0	0	0	0	0	0	0
1633	N	0	0	0	0	0	0	0
1634	H	0	0	0	0	0	0	0
1635	P	0	0	0	0	0	0	0
1636	L	0	0	0	0	0	0	0
1637	N	0	0	0	0	0	0	0
1638	L	0	0	0	0	0	0	0
1639	T	0	0	0	0	0	0	0
1640	K	0	0	0	0	0	0	0
1641	Q	0	0	0	0	0	0	0
1642	Q	0	0	0	0	0	0	0
1643	L	0	0	0	0	0	0	0
1644	S	0	0	0	0	0	0	0
1645	E	0	0	0	0	0	0	0
1646	V	0	0	0	0	0	0	0
1647	A	0	0	0	0	0	0	0
1648	L	0	0	0	0	0	0	0
1649	M	0	0	0	0	0	0	0
1650	T	0	0	0	0	0	0	0
1651	T	0	0	0	0	0	0	0
1652	S	0	0	0	0	0	0	0
1653	V	0	0	0	0	0	0	0
1654	D	0	0	0	0	0	0	0
1655	V	0	0	0	0	0	0	0
1656	L	0	0	0	0	0	0	0
1657	V	0	0	0	0	0	0	0
1658	S	0	0	0	0	0	0	0
1659	I	0	0	0	0	0	0	0
1660	C	0	0	0	0	0	0	0
1661	V	0	0	0	0	0	0	0
1662	I	0	0	0	0	0	0	0
1663	F	0	0	0	0	0	0	0
1664	A	0	0	0	0	0	0	0
1665	M	0	0	0	0	0	0	0
1666	S	0	0	0	0	0	0	0
1667	F	0	0	0	0	0	0	0
1668	V	0	0	0	0	0	0	0
1669	P	0	0	0	0	0	0	0
1670	A	0	0	0	0	0	0	0
1671	S	0	0	0	0	0	0	0
1672	F	0	0	0	0	0	0	0
1673	V	0	0	0	0	0	0	0
1674	V	0	0	0	0	0	0	0
1675	F	0	0	0	0	0	0	0
1676	L	0	0	0	0	0	0	0
1677	I	0	0	0	0	0	0	0
1678	Q	0	0	0	0	0	0	0
1679	E	0	0	0	0	0	0	0
1680	R	0	0	0	0	0	0	0
1681	V	0	0	0	0	0	0	0
1682	S	0	0	0	0	0	0	0
1683	K	0	0	0	0	0	0	0
1684	A	0	0	0	0	0	0	0
1685	K	0	0	0	0	0	0	0
1686	H	0	0	0	0	0	0	0
1687	L	0	0	0	0	0	0	0
1688	Q	0	0	0	0	0	0	0
1689	F	0	0	0	0	0	0	0
1690	I	0	0	0	0	0	0	0
1691	S	0	0	0	0	0	0	0
1692	G	0	0	0	0	0	0	0
1693	V	0	0	0	0	0	0	0
1694	K	0	0	0	0	0	0	0
1695	P	0	0	0	0	0	0	0
1696	V	0	0	0	0	0	0	0
1697	I	0	0	0	0	0	0	0
1698	Y	0	0	0	0	0	0	0
1699	W	0	0	0	0	0	0	0
1700	L	0	0	0	0	0	0	0
1701	S	0	0	0	0	0	0	0
1702	N	0	0	0	0	0	0	0
1703	F	0	0	0	0	0	0	0
1704	V	0	0	0	0	0	0	0
1705	W	0	0	0	0	0	0	0
1706	D	0	0	0	0	0	0	0
1707	M	0	0	0	0	0	0	0
1708	C	0	0	0	0	0	0	0
1709	N	0	0	0	0	0	0	0
1710	Y	0	0	0	0	0	0	0
1711	V	0	0	0	0	0	0	0
1712	V	0	0	0	0	0	0	0
1713	P	0	0	0	0	0	0	0
1714	A	0	0	0	0	0	0	0
1715	T	0	0	0	0	0	0	0
1716	L	0	0	0	0	0	0	0
1717	V	0	0	0	0	0	0	0
1718	I	0	0	0	0	0	0	0
1719	I	0	0	0	0	0	0	0
1720	I	0	0	0	0	0	0	0
1721	F	0	0	0	0	0	0	0
1722	I	0	0	0	0	0	0	0
1723	C	0	0	0	0	0	0	0
1724	F	0	0	0	0	0	0	0
1725	Q	0	0	0	0	0	0	0
1726	Q	0	0	0	0	0	0	0
1727	K	0	0	0	0	0	0	0
1728	S	0	0	0	0	0	0	0
1729	Y	0	0	0	0	0	0	0
1730	V	0	0	0	0	0	0	0
1731	S	0	0	0	0	0	0	0
1732	S	0	0	0	0	0	0	0
1733	T	0	0	0	0	0	0	0
1734	N	0	0	0	0	0	0	0
1735	L	0	0	0	0	0	0	0
1736	P	0	0	0	0	0	0	0
1737	V	0	0	0	0	0	0	0
1738	L	0	0	0	0	0	0	0
1739	A	0	0	0	0	0	0	0
1740	L	0	0	0	0	0	0	0
1741	L	0	0	0	0	0	0	0
1742	L	0	0	0	0	0	0	0
1743	L	0	0	0	0	0	0	0
1744	L	0	0	0	0	0	0	0
1745	Y	0	0	0	0	0	0	0
1746	G	0	0	0	0	0	0	0
1747	W	0	0	0	0	0	0	0
1748	S	0	0	0	0	0	0	0
1749	I	0	0	0	0	0	0	0
1750	T	0	0	0	0	0	0	0
1751	P	0	0	0	0	0	0	0
1752	L	0	0	0	0	0	0	0
1753	M	0	0	0	0	0	0	0
1754	Y	0	0	0	0	0	0	0
1755	P	0	0	0	0	0	0	0
1756	A	0	0	0	0	0	0	0
1757	S	0	0	0	0	0	0	0
1758	F	0	0	0	0	0	0	0
1759	V	0	0	0	0	0	0	0
1760	F	0	0	0	0	0	0	0
1761	K	0	0	0	0	0	0	0
1762	I	0	0	0	0	0	0	0
1763	P	0	0	0	0	0	0	0
1764	S	0	0	0	0	0	0	0
1765	T	0	0	0	0	0	0	0
1766	A	0	0	0	0	0	0	0
1767	Y	0	0	0	0	0	0	0
1768	V	0	0	0	0	0	0	0
1769	V	0	0	0	0	0	0	0
1770	L	0	0	0	0	0	0	0
1771	T	0	0	0	0	0	0	0
1772	S	0	0	0	0	0	0	0
1773	V	0	0	0	0	0	0	0
1774	N	0	0	0	0	0	0	0
1775	L	0	0	0	0	0	0	0
1776	F	0	0	0	0	0	0	0
1777	I	0	0	0	0	0	0	0
1778	G	0	0	0	0	0	0	0
1779	I	0	0	0	0	0	0	0
1780	N	0	0	0	0	0	0	0
1781	G	0	0	0	0	0	0	0
1782	S	0	0	0	0	0	0	0
1783	V	0	0	0	0	0	0	0
1784	A	0	0	0	0	0	0	0
1785	T	0	0	0	0	0	0	0
1786	F	0	0	0	0	0	0	0
1787	V	0	0	0	0	0	0	0
1788	L	0	0	0	0	0	0	0
1789	E	0	0	0	0	0	0	0
1790	L	0	0	0	0	0	0	0
1791	F	0	0	0	0	0	0	0
1792	T	0	0	0	0	0	0	0
1793	D	0	0	0	0	0	0	0
1794	N	0	0	0	0	0	0	0
1795	K	0	0	0	0	0	0	0
1796	L	0	0	0	0	0	0	0
1797	N	0	0	0	0	0	0	0
1798	N	0	0	0	0	0	0	0
1799	I	0	0	0	0	0	0	0
1800	N	0	0	0	0	0	0	0
1801	D	0	0	0	0	0	0	0
1802	I	0	0	0	0	0	0	0
1803	L	0	0	0	0	0	0	0
1804	K	0	0	0	0	0	0	0
1805	S	0	0	0	0	0	0	0
1806	V	0	0	0	0	0	0	0
1807	F	0	0	0	0	0	0	0
1808	L	0	0	0	0	0	0	0
1809	I	0	0	0	0	0	0	0
1810	F	0	0	0	0	0	0	0
1811	P	0	0	0	0	0	0	0
1812	H	0	0	0	0	0	0	0
1813	F	0	0	0	0	0	0	0
1814	C	0	0	0	0	0	0	0
1815	L	0	0	0	0	0	0	0
1816	G	0	0	0	0	0	0	0
1817	R	0	0	0	0	0	0	0
1818	G	0	0	0	0	0	0	0
1819	L	0	0	0	0	0	0	0
1820	I	0	0	0	0	0	0	0
1821	D	0	0	0	0	0	0	0
1822	M	0	0	0	0	0	0	0
1823	V	0	0	0	0	0	0	0
1824	K	0	0	0	0	0	0	0
1825	N	0	0	0	0	0	0	0
1826	Q	0	0	0	0	0	0	0
1827	A	0	0	0	0	0	0	0
1828	M	0	0	0	0	0	0	0
1829	A	0	0	0	0	0	0	0
1830	D	0	0	0	0	0	0	0
1831	A	0	0	0	0	0	0	0
1832	L	0	0	0	0	0	0	0
1833	E	0	0	0	0	0	0	0
1834	R	0	0	0	0	0	0	0
1835	F	0	0	0	0	0	0	0
1836	G	0	0	0	0	0	0	0
1837	E	0	0	0	0	0	0	0
1838	N	0	0	0	0	0	0	0
1839	R	0	0	0	0	0	0	0
1840	F	0	0	0	0	0	0	0
1841	V	0	0	0	0	0	0	0
1842	S	0	0	0	0	0	0	0
1843	P	0	0	0	0	0	0	0
1844	L	0	0	0	0	0	0	0
1845	S	0	0	0	0	0	0	0
1846	W	0	0	0	0	0	0	0
1847	D	0	0	0	0	0	0	0
1848	L	0	0	0	0	0	0	0
1849	V	0	0	0	0	0	0	0
1850	G	0	0	0	0	0	0	0
1851	R	0	0	0	0	0	0	0
1852	N	0	0	0	0	0	0	0
1853	L	0	0	0	0	0	0	0
1854	F	0	0	0	0	0	0	0
1855	A	0	0	0	0	0	0	0
1856	M	0	0	0	0	0	0	0
1857	A	0	0	0	0	0	0	0
1858	V	0	0	0	0	0	0	0
1859	E	0	0	0	0	0	0	0
1860	G	0	0	0	0	0	0	0
1861	V	0	0	0	0	0	0	0
1862	V	0	0	0	0	0	0	0
1863	F	0	0	0	0	0	0	0
1864	F	0	0	0	0	0	0	0
1865	L	0	0	0	0	0	0	0
1866	I	0	0	0	0	0	0	0
1867	T	0	0	0	0	0	0	0
1868	V	0	0	0	0	0	0	0
1869	L	0	0	0	0	0	0	0
1870	I	0	0	0	0	0	0	0
1871	Q	0	0	0	0	0	0	0
1872	Y	0	0	0	0	0	0	0
1873	R	0	0	0	0	0	0	0
1874	F	0	0	0	0	0	0	0
1875	F	0	0	0	0	0	0	0
1876	I	0	0	0	0	0	0	0
1877	R	0	0	0	0	0	0	0
1878	P	0	0	0	0	0	0	0
1879	R	0	0	0	0	0	0	0
1880	P	0	0	0	0	0	0	0
1881	V	0	0	0	0	0	0	0
1882	N	0	0	0	0	0	0	0
1883	A	0	0	0	0	0	0	0
1884	K	0	0	0	0	0	0	0
1885	L	0	0	0	0	0	0	0
1886	S	0	0	0	0	0	0	0
1887	P	0	0	0	0	0	0	0
1888	L	0	0	0	0	0	0	0
1889	N	0	0	0	0	0	0	0
1890	D	0	0	0	0	0	0	0
1891	E	0	0	0	0	0	0	0
1892	D	0	0	0	0	0	0	0
1893	E	0	0	0	0	0	0	0
1894	D	0	0	0	0	0	0	0
1895	V	0	0	0	0	0	0	0
1896	R	0	0	0	0	0	0	0
1897	R	0	0	0	0	0	0	0
1898	E	0	0	0	0	0	0	0
1899	R	0	0	0	0	0	0	0
1900	Q	0	0	0	0	0	0	0
1901	R	0	0	0	0	0	0	0
1902	I	0	0	0	0	0	0	0
1903	L	0	0	0	0	0	0	0
1904	D	0	0	0	0	0	0	0
1905	G	0	0	0	0	0	0	0
1906	G	0	0	0	0	0	0	0
1907	G	0	0	0	0	0	0	0
1908	Q	0	0	0	0	0	0	0
1909	N	0	0	0	0	0	0	0
1910	D	0	0	0	0	0	0	0
1911	I	0	0	0	0	0	0	0
1912	L	0	0	0	0	0	0	0
1913	E	0	0	0	0	0	0	0
1914	I	0	0	0	0	0	0	0
1915	K	0	0	0	0	0	0	0
1916	E	0	0	0	0	0	0	0
1917	L	0	0	0	0	0	0	0
1918	T	0	0	0	0	0	0	0
1919	K	0	0	0	0	0	0	0
1920	I	0	0	0	0	0	0	0
1921	Y	0	0	0	0	0	0	0
1922	R	0	0	0	0	0	0	0
1923	R	0	0	0	0	0	0	0
1924	K	0	0	0	0	0	0	0
1925	R	0	0	0	0	0	0	0
1926	K	0	0	0	0	0	0	0
1927	P	0	0	0	0	0	0	0
1928	A	0	0	0	0	0	0	0
1929	V	0	0	0	0	0	0	0
1930	D	0	0	0	0	0	0	0
1931	R	0	0	0	0	0	0	0
1932	I	0	0	0	0	0	0	0
1933	C	0	0	0	0	0	0	0
1934	V	0	0	0	0	0	0	0
1935	G	0	0	0	0	0	0	0
1936	I	0	0	0	0	0	0	0
1937	P	0	0	0	0	0	0	0
1938	P	0	0	0	0	0	0	0
1939	G	0	0	0	0	0	0	0
1940	E	0	0	0	0	0	0	0
1941	C	0	0	0	0	0	0	0
1942	F	0	0	0	0	0	0	0
1943	G	0	0	0	0	0	0	0
1944	L	0	0	0	0	0	0	0
1945	L	0	0	0	0	0	0	0
1946	G	0	0	0	0	0	0	0
1947	V	0	0	0	0	0	0	0
1948	N	0	0	0	0	0	0	0
1949	G	0	0	0	0	0	0	0
1950	A	0	0	0	0	0	0	0
1951	G	0	0	0	0	0	0	0
1952	K	0	0	0	0	0	0	0
1953	S	0	0	0	0	0	0	0
1954	S	0	0	0	0	0	0	0
1955	T	0	0	0	0	0	0	0
1956	F	0	0	0	0	0	0	0
1957	K	0	0	0	0	0	0	0
1958	M	0	0	0	0	0	0	0
1959	L	0	0	0	0	0	0	0
1960	T	0	0	0	0	0	0	0
1961	G	0	0	0	0	0	0	0
1962	D	0	0	0	0	0	0	0
1963	T	0	0	0	0	0	0	0
1964	T	0	0	0	0	0	0	0
1965	V	0	0	0	0	0	0	0
1966	T	0	0	0	0	0	0	0
1967	R	0	0	0	0	0	0	0
1968	G	0	0	0	0	0	0	0
1969	D	0	0	0	0	0	0	0
1970	A	0	0	0	0	0	0	0
1971	F	0	0	0	0	0	0	0
1972	L	0	0	0	0	0	0	0
1973	N	0	0	0	0	0	0	0
1974	K	0	0	0	0	0	0	0
1975	N	0	0	0	0	0	0	0
1976	S	0	0	0	0	0	0	0
1977	I	0	0	0	0	0	0	0
1978	L	0	0	0	0	0	0	0
1979	S	0	0	0	0	0	0	0
1980	N	0	0	0	0	0	0	0
1981	I	0	0	0	0	0	0	0
1982	H	0	0	0	0	0	0	0
1983	E	0	0	0	0	0	0	0
1984	V	0	0	0	0	0	0	0
1985	H	0	0	0	0	0	0	0
1986	Q	0	0	0	0	0	0	0
1987	N	0	0	0	0	0	0	0
1988	M	0	0	0	0	0	0	0
1989	G	0	0	0	0	0	0	0
1990	Y	0	0	0	0	0	0	0
1991	C	0	0	0	0	0	0	0
1992	P	0	0	0	0	0	0	0
1993	Q	0	0	0	0	0	0	0
1994	F	0	0	0	0	0	0	0
1995	D	0	0	0	0	0	0	0
1996	A	0	0	0	0	0	0	0
1997	I	0	0	0	0	0	0	0
1998	T	0	0	0	0	0	0	0
1999	E	0	0	0	0	0	0	0
2000	L	0	0	0	0	0	0	0
2001	L	0	0	0	0	0	0	0
2002	T	0	0	0	0	0	0	0
2003	G	0	0	0	0	0	0	0
2004	R	0	0	0	0	0	0	0
2005	E	0	0	0	0	0	0	0
2006	H	0	0	0	0	0	0	0
2007	V	0	0	0	0	0	0	0
2008	E	0	0	0	0	0	0	0
2009	F	0	0	0	0	0	0	0
2010	F	0	0	0	0	0	0	0
2011	A	0	0	0	0	0	0	0
2012	L	0	0	0	0	0	0	0
2013	L	0	0	0	0	0	0	0
2014	R	0	0	0	0	0	0	0
2015	G	0	0	0	0	0	0	0
2016	V	0	0	0	0	0	0	0
2017	P	0	0	0	0	0	0	0
2018	E	0	0	0	0	0	0	0
2019	K	0	0	0	0	0	0	0
2020	E	0	0	0	0	0	0	0
2021	V	0	0	0	0	0	0	0
2022	G	0	0	0	0	0	0	0
2023	K	0	0	0	0	0	0	0
2024	V	0	0	0	0	0	0	0
2025	G	0	0	0	0	0	0	0
2026	E	0	0	0	0	0	0	0
2027	W	0	0	0	0	0	0	0
2028	A	0	0	0	0	0	0	0
2029	I	0	0	0	0	0	0	0
2030	R	0	0	0	0	0	0	0
2031	K	0	0	0	0	0	0	0
2032	L	0	0	0	0	0	0	0
2033	G	0	0	0	0	0	0	0
2034	L	0	0	0	0	0	0	0
2035	V	0	0	0	0	0	0	0
2036	K	0	0	0	0	0	0	0
2037	Y	0	0	0	0	0	0	0
2038	G	0	0	0	0	0	0	0
2039	E	0	0	0	0	0	0	0
2040	K	0	0	0	0	0	0	0
2041	Y	0	0	0	0	0	0	0
2042	A	0	0	0	0	0	0	0
2043	G	0	0	0	0	0	0	0
2044	N	0	0	0	0	0	0	0
2045	Y	0	0	0	0	0	0	0
2046	S	0	0	0	0	0	0	0
2047	G	0	0	0	0	0	0	0
2048	G	0	0	0	0	0	0	0
2049	N	0	0	0	0	0	0	0
2050	K	N-acetyllysine	GNYSGGNKRKLSTAM	CCCCCCCHHHHHHHH	0	0	0	0
2051	R	0	0	0	0	0	0	0
2052	K	0	0	0	0	0	0	0
2053	L	0	0	0	0	0	0	0
2054	S	Phosphoserine	GGNKRKLSTAMALIG	CCCHHHHHHHHHHHC	0	0	0	0
2055	T	0	0	0	0	0	0	0
2056	A	0	0	0	0	0	0	0
2057	M	0	0	0	0	0	0	0
2058	A	0	0	0	0	0	0	0
2059	L	0	0	0	0	0	0	0
2060	I	0	0	0	0	0	0	0
2061	G	0	0	0	0	0	0	0
2062	G	0	0	0	0	0	0	0
2063	P	0	0	0	0	0	0	0
2064	P	0	0	0	0	0	0	0
2065	V	0	0	0	0	0	0	0
2066	V	0	0	0	0	0	0	0
2067	F	0	0	0	0	0	0	0
2068	L	0	0	0	0	0	0	0
2069	D	0	0	0	0	0	0	0
2070	E	0	0	0	0	0	0	0
2071	P	0	0	0	0	0	0	0
2072	T	0	0	0	0	0	0	0
2073	T	0	0	0	0	0	0	0
2074	G	0	0	0	0	0	0	0
2075	M	0	0	0	0	0	0	0
2076	D	0	0	0	0	0	0	0
2077	P	0	0	0	0	0	0	0
2078	K	0	0	0	0	0	0	0
2079	A	0	0	0	0	0	0	0
2080	R	0	0	0	0	0	0	0
2081	R	0	0	0	0	0	0	0
2082	F	0	0	0	0	0	0	0
2083	L	0	0	0	0	0	0	0
2084	W	0	0	0	0	0	0	0
2085	N	0	0	0	0	0	0	0
2086	C	0	0	0	0	0	0	0
2087	A	0	0	0	0	0	0	0
2088	L	0	0	0	0	0	0	0
2089	S	0	0	0	0	0	0	0
2090	V	0	0	0	0	0	0	0
2091	V	0	0	0	0	0	0	0
2092	K	0	0	0	0	0	0	0
2093	E	0	0	0	0	0	0	0
2094	G	0	0	0	0	0	0	0
2095	R	0	0	0	0	0	0	0
2096	S	0	0	0	0	0	0	0
2097	V	0	0	0	0	0	0	0
2098	V	0	0	0	0	0	0	0
2099	L	0	0	0	0	0	0	0
2100	T	0	0	0	0	0	0	0
2101	S	Phosphoserine	GRSVVLTSHSMEECE	CCEEEEECCCHHHHH	0	0	0	0
2102	H	0	0	0	0	0	0	0
2103	S	0	0	0	0	0	0	0
2104	M	0	0	0	0	0	0	0
2105	E	0	0	0	0	0	0	0
2106	E	0	0	0	0	0	0	0
2107	C	0	0	0	0	0	0	0
2108	E	0	0	0	0	0	0	0
2109	A	0	0	0	0	0	0	0
2110	L	0	0	0	0	0	0	0
2111	C	0	0	0	0	0	0	0
2112	T	0	0	0	0	0	0	0
2113	R	0	0	0	0	0	0	0
2114	M	0	0	0	0	0	0	0
2115	A	0	0	0	0	0	0	0
2116	I	0	0	0	0	0	0	0
2117	M	0	0	0	0	0	0	0
2118	V	0	0	0	0	0	0	0
2119	N	0	0	0	0	0	0	0
2120	G	0	0	0	0	0	0	0
2121	R	0	0	0	0	0	0	0
2122	F	0	0	0	0	0	0	0
2123	R	0	0	0	0	0	0	0
2124	C	0	0	0	0	0	0	0
2125	L	0	0	0	0	0	0	0
2126	G	0	0	0	0	0	0	0
2127	S	0	0	0	0	0	0	0
2128	V	0	0	0	0	0	0	0
2129	Q	0	0	0	0	0	0	0
2130	H	0	0	0	0	0	0	0
2131	L	0	0	0	0	0	0	0
2132	K	0	0	0	0	0	0	0
2133	N	0	0	0	0	0	0	0
2134	R	0	0	0	0	0	0	0
2135	F	0	0	0	0	0	0	0
2136	G	0	0	0	0	0	0	0
2137	D	0	0	0	0	0	0	0
2138	G	0	0	0	0	0	0	0
2139	Y	0	0	0	0	0	0	0
2140	T	0	0	0	0	0	0	0
2141	I	0	0	0	0	0	0	0
2142	V	0	0	0	0	0	0	0
2143	V	0	0	0	0	0	0	0
2144	R	0	0	0	0	0	0	0
2145	I	0	0	0	0	0	0	0
2146	A	0	0	0	0	0	0	0
2147	G	0	0	0	0	0	0	0
2148	S	0	0	0	0	0	0	0
2149	N	0	0	0	0	0	0	0
2150	P	0	0	0	0	0	0	0
2151	D	0	0	0	0	0	0	0
2152	L	0	0	0	0	0	0	0
2153	K	0	0	0	0	0	0	0
2154	P	0	0	0	0	0	0	0
2155	V	0	0	0	0	0	0	0
2156	Q	0	0	0	0	0	0	0
2157	D	0	0	0	0	0	0	0
2158	F	0	0	0	0	0	0	0
2159	F	0	0	0	0	0	0	0
2160	G	0	0	0	0	0	0	0
2161	L	0	0	0	0	0	0	0
2162	A	0	0	0	0	0	0	0
2163	F	0	0	0	0	0	0	0
2164	P	0	0	0	0	0	0	0
2165	G	0	0	0	0	0	0	0
2166	S	0	0	0	0	0	0	0
2167	V	0	0	0	0	0	0	0
2168	L	0	0	0	0	0	0	0
2169	K	0	0	0	0	0	0	0
2170	E	0	0	0	0	0	0	0
2171	K	0	0	0	0	0	0	0
2172	H	0	0	0	0	0	0	0
2173	R	0	0	0	0	0	0	0
2174	N	0	0	0	0	0	0	0
2175	M	0	0	0	0	0	0	0
2176	L	0	0	0	0	0	0	0
2177	Q	0	0	0	0	0	0	0
2178	Y	0	0	0	0	0	0	0
2179	Q	0	0	0	0	0	0	0
2180	L	0	0	0	0	0	0	0
2181	P	0	0	0	0	0	0	0
2182	S	0	0	0	0	0	0	0
2183	S	0	0	0	0	0	0	0
2184	L	0	0	0	0	0	0	0
2185	S	0	0	0	0	0	0	0
2186	S	0	0	0	0	0	0	0
2187	L	0	0	0	0	0	0	0
2188	A	0	0	0	0	0	0	0
2189	R	0	0	0	0	0	0	0
2190	I	0	0	0	0	0	0	0
2191	F	0	0	0	0	0	0	0
2192	S	0	0	0	0	0	0	0
2193	I	0	0	0	0	0	0	0
2194	L	0	0	0	0	0	0	0
2195	S	0	0	0	0	0	0	0
2196	Q	0	0	0	0	0	0	0
2197	S	0	0	0	0	0	0	0
2198	K	0	0	0	0	0	0	0
2199	K	0	0	0	0	0	0	0
2200	R	0	0	0	0	0	0	0
2201	L	0	0	0	0	0	0	0
2202	H	0	0	0	0	0	0	0
2203	I	0	0	0	0	0	0	0
2204	E	0	0	0	0	0	0	0
2205	D	0	0	0	0	0	0	0
2206	Y	0	0	0	0	0	0	0
2207	S	0	0	0	0	0	0	0
2208	V	0	0	0	0	0	0	0
2209	S	0	0	0	0	0	0	0
2210	Q	0	0	0	0	0	0	0
2211	T	0	0	0	0	0	0	0
2212	T	0	0	0	0	0	0	0
2213	L	0	0	0	0	0	0	0
2214	D	0	0	0	0	0	0	0
2215	Q	0	0	0	0	0	0	0
2216	V	0	0	0	0	0	0	0
2217	F	0	0	0	0	0	0	0
2218	V	0	0	0	0	0	0	0
2219	N	0	0	0	0	0	0	0
2220	F	0	0	0	0	0	0	0
2221	A	0	0	0	0	0	0	0
2222	K	0	0	0	0	0	0	0
2223	D	0	0	0	0	0	0	0
2224	Q	0	0	0	0	0	0	0
2225	S	0	0	0	0	0	0	0
2226	D	0	0	0	0	0	0	0
2227	D	0	0	0	0	0	0	0
2228	D	0	0	0	0	0	0	0
2229	H	0	0	0	0	0	0	0
2230	L	0	0	0	0	0	0	0
2231	K	0	0	0	0	0	0	0
2232	D	0	0	0	0	0	0	0
2233	L	0	0	0	0	0	0	0
2234	S	Phosphoserine	DDHLKDLSLHKNQTV	CCHHHHHHHCCCCCH	0	0	0	0
2235	L	0	0	0	0	0	0	0
2236	H	0	0	0	0	0	0	0
2237	K	0	0	0	0	0	0	0
2238	N	0	0	0	0	0	0	0
2239	Q	0	0	0	0	0	0	0
2240	T	0	0	0	0	0	0	0
2241	V	0	0	0	0	0	0	0
2242	V	0	0	0	0	0	0	0
2243	D	0	0	0	0	0	0	0
2244	V	0	0	0	0	0	0	0
2245	A	0	0	0	0	0	0	0
2246	V	0	0	0	0	0	0	0
2247	L	0	0	0	0	0	0	0
2248	T	0	0	0	0	0	0	0
2249	S	0	0	0	0	0	0	0
2250	F	0	0	0	0	0	0	0
2251	L	0	0	0	0	0	0	0
2252	Q	0	0	0	0	0	0	0
2253	D	0	0	0	0	0	0	0
2254	E	0	0	0	0	0	0	0
2255	K	0	0	0	0	0	0	0
2256	V	0	0	0	0	0	0	0
2257	K	0	0	0	0	0	0	0
2258	E	0	0	0	0	0	0	0
2259	S	0	0	0	0	0	0	0
2260	Y	0	0	0	0	0	0	0
2261	V	0	0	0	0	0	0	0
