location	residue	Modification	seq	secStruc	RelatedDisease	VariantPosition	ResidueChange	DaPSbySAP
1	M	0	0	0	0	0	0	0
2	A	0	0	0	0	0	0	0
3	A	0	0	0	0	0	0	0
4	R	0	0	0	0	0	0	0
5	L	0	0	0	0	0	0	0
6	L	0	0	0	0	0	0	0
7	R	0	0	0	0	0	0	0
8	G	0	0	0	0	0	0	0
9	S	0	0	0	0	0	0	0
10	L	0	0	0	0	0	0	0
11	R	0	0	0	0	0	0	0
12	V	0	0	0	0	0	0	0
13	L	0	0	0	0	0	0	0
14	G	0	0	0	0	0	0	0
15	G	0	0	0	0	0	0	0
16	H	0	0	0	0	0	0	0
17	R	0	0	0	0	0	0	0
18	A	0	0	0	0	0	0	0
19	P	0	0	0	0	0	0	0
20	R	0	0	0	0	0	0	0
21	Q	0	0	0	0	0	0	0
22	L	0	0	0	0	0	0	0
23	P	0	0	0	0	0	0	0
24	A	0	0	0	0	0	0	0
25	A	0	0	0	0	0	0	0
26	R	0	0	0	0	0	0	0
27	C	0	0	0	0	0	0	0
28	S	Phosphoserine	QLPAARCSHSGGEER	CCCCCCCCCCCCCCC	0	0	0	0
29	H	0	0	0	0	0	0	0
30	S	Phosphoserine	PAARCSHSGGEERLE	CCCCCCCCCCCCCCC	0	0	0	0
31	G	0	0	0	0	0	0	0
32	G	0	0	0	0	0	0	0
33	E	0	0	0	0	0	0	0
34	E	0	0	0	0	0	0	0
35	R	0	0	0	0	0	0	0
36	L	0	0	0	0	0	0	0
37	E	0	0	0	0	0	0	0
38	T	0	0	0	0	0	0	0
39	P	0	0	0	0	0	0	0
40	S	0	0	0	0	0	0	0
41	A	0	0	0	0	0	0	0
42	K	N6-acetyllysine	RLETPSAKKLTDIGI	CCCCCCCCCCCHHCH	0	0	0	0
43	K	0	0	0	0	0	0	0
44	L	0	0	0	0	0	0	0
45	T	0	0	0	0	0	0	0
46	D	0	0	0	0	0	0	0
47	I	0	0	0	0	0	0	0
48	G	0	0	0	0	0	0	0
49	I	0	0	0	0	0	0	0
50	R	0	0	0	0	0	0	0
51	R	0	0	0	0	0	0	0
52	I	0	0	0	0	0	0	0
53	F	0	0	0	0	0	0	0
54	S	0	0	0	0	0	0	0
55	P	0	0	0	0	0	0	0
56	E	0	0	0	0	0	0	0
57	H	0	0	0	0	0	0	0
58	D	0	0	0	0	0	0	0
59	I	0	0	0	0	0	0	0
60	F	0	0	0	0	0	0	0
61	R	0	0	0	0	0	0	0
62	K	0	0	0	0	0	0	0
63	S	0	0	0	0	0	0	0
64	V	0	0	0	0	0	0	0
65	R	0	0	0	0	0	0	0
66	K	0	0	0	0	0	0	0
67	F	0	0	0	0	0	0	0
68	F	0	0	0	0	0	0	0
69	Q	0	0	0	0	0	0	0
70	E	0	0	0	0	0	0	0
71	E	0	0	0	0	0	0	0
72	V	0	0	0	0	0	0	0
73	I	0	0	0	0	0	0	0
74	P	0	0	0	0	0	0	0
75	H	0	0	0	0	0	0	0
76	H	0	0	0	0	0	0	0
77	S	0	0	0	0	0	0	0
78	E	0	0	0	0	0	0	0
79	W	0	0	0	0	0	0	0
80	E	0	0	0	0	0	0	0
81	K	0	0	0	0	0	0	0
82	A	0	0	0	0	0	0	0
83	G	0	0	0	0	0	0	0
84	E	0	0	0	0	0	0	0
85	V	0	0	0	0	0	0	0
86	S	0	0	0	0	0	0	0
87	R	0	0	0	0	0	0	0
88	E	0	0	0	0	0	0	0
89	V	0	0	0	0	0	0	0
90	W	0	0	0	0	0	0	0
91	E	0	0	0	0	0	0	0
92	K	0	0	0	0	0	0	0
93	A	0	0	0	0	0	0	0
94	G	0	0	0	0	0	0	0
95	K	0	0	0	0	0	0	0
96	Q	0	0	0	0	0	0	0
97	G	0	0	0	0	0	0	0
98	L	0	0	0	0	0	0	0
99	L	0	0	0	0	0	0	0
100	G	0	0	0	0	0	0	0
101	V	0	0	0	0	0	0	0
102	N	0	0	0	0	0	0	0
103	I	0	0	0	0	0	0	0
104	A	0	0	0	0	0	0	0
105	E	0	0	0	0	0	0	0
106	H	0	0	0	0	0	0	0
107	L	0	0	0	0	0	0	0
108	G	0	0	0	0	0	0	0
109	G	0	0	0	0	0	0	0
110	I	0	0	0	0	0	0	0
111	G	0	0	0	0	0	0	0
112	G	0	0	0	0	0	0	0
113	D	0	0	0	0	0	0	0
114	L	0	0	0	0	0	0	0
115	Y	0	0	0	0	0	0	0
116	S	0	0	0	0	0	0	0
117	A	0	0	0	0	0	0	0
118	A	0	0	0	0	0	0	0
119	I	0	0	0	0	0	0	0
120	V	0	0	0	0	0	0	0
121	W	0	0	0	0	0	0	0
122	E	0	0	0	0	0	0	0
123	E	0	0	0	0	0	0	0
124	Q	0	0	0	0	0	0	0
125	A	0	0	0	0	0	0	0
126	Y	0	0	0	0	0	0	0
127	S	0	0	0	0	0	0	0
128	N	0	0	0	0	0	0	0
129	C	0	0	0	0	0	0	0
130	S	0	0	0	0	0	0	0
131	G	0	0	0	0	0	0	0
132	P	0	0	0	0	0	0	0
133	G	0	0	0	0	0	0	0
134	F	0	0	0	0	0	0	0
135	S	0	0	0	0	0	0	0
136	I	0	0	0	0	0	0	0
137	H	0	0	0	0	0	0	0
138	S	0	0	0	0	0	0	0
139	G	0	0	0	0	0	0	0
140	I	0	0	0	0	0	0	0
141	V	0	0	0	0	0	0	0
142	M	0	0	0	0	0	0	0
143	S	0	0	0	0	0	0	0
144	Y	0	0	0	0	0	0	0
145	I	0	0	0	0	0	0	0
146	T	0	0	0	0	0	0	0
147	N	0	0	0	0	0	0	0
148	H	0	0	0	0	0	0	0
149	G	0	0	0	0	0	0	0
150	S	0	0	0	0	0	0	0
151	E	0	0	0	0	0	0	0
152	E	0	0	0	0	0	0	0
153	Q	0	0	0	0	0	0	0
154	I	0	0	0	0	0	0	0
155	K	N6-acetyllysine	HGSEEQIKHFIPQMT	CCCHHHHHHHHHHCC	0	0	0	0
156	H	0	0	0	0	0	0	0
157	F	0	0	0	0	0	0	0
158	I	0	0	0	0	0	0	0
159	P	0	0	0	0	0	0	0
160	Q	0	0	0	0	0	0	0
161	M	0	0	0	0	0	0	0
162	T	Phosphothreonine	KHFIPQMTAGKCIGA	HHHHHHCCCCCEEEE	0	0	0	0
163	A	0	0	0	0	0	0	0
164	G	0	0	0	0	0	0	0
165	K	0	0	0	0	0	0	0
166	C	0	0	0	0	0	0	0
167	I	0	0	0	0	0	0	0
168	G	0	0	0	0	0	0	0
169	A	0	0	0	0	0	0	0
170	I	0	0	0	0	0	0	0
171	A	0	0	0	0	0	0	0
172	M	0	0	0	0	0	0	0
173	T	0	0	0	0	0	0	0
174	E	0	0	0	0	0	0	0
175	P	0	0	0	0	0	0	0
176	G	0	0	0	0	0	0	0
177	A	0	0	0	0	0	0	0
178	G	0	0	0	0	0	0	0
179	S	0	0	0	0	0	0	0
180	D	0	0	0	0	0	0	0
181	L	0	0	0	0	0	0	0
182	Q	0	0	0	0	0	0	0
183	G	0	0	0	0	0	0	0
184	I	0	0	0	0	0	0	0
185	K	0	0	0	0	0	0	0
186	T	0	0	0	0	0	0	0
187	N	0	0	0	0	0	0	0
188	A	0	0	0	0	0	0	0
189	K	N6-acetyllysine	QGIKTNAKKDGSDWI	CCCCCCCCCCCCCEE	0	0	0	0
190	K	0	0	0	0	0	0	0
191	D	0	0	0	0	0	0	0
192	G	0	0	0	0	0	0	0
193	S	0	0	0	0	0	0	0
194	D	0	0	0	0	0	0	0
195	W	0	0	0	0	0	0	0
196	I	0	0	0	0	0	0	0
197	L	0	0	0	0	0	0	0
198	N	0	0	0	0	0	0	0
199	G	0	0	0	0	0	0	0
200	S	0	0	0	0	0	0	0
201	K	0	0	0	0	0	0	0
202	V	0	0	0	0	0	0	0
203	F	0	0	0	0	0	0	0
204	I	0	0	0	0	0	0	0
205	S	0	0	0	0	0	0	0
206	N	0	0	0	0	0	0	0
207	G	0	0	0	0	0	0	0
208	S	0	0	0	0	0	0	0
209	L	0	0	0	0	0	0	0
210	S	0	0	0	0	0	0	0
211	D	0	0	0	0	0	0	0
212	V	0	0	0	0	0	0	0
213	V	0	0	0	0	0	0	0
214	I	0	0	0	0	0	0	0
215	V	0	0	0	0	0	0	0
216	V	0	0	0	0	0	0	0
217	A	0	0	0	0	0	0	0
218	V	0	0	0	0	0	0	0
219	T	0	0	0	0	0	0	0
220	N	0	0	0	0	0	0	0
221	H	0	0	0	0	0	0	0
222	E	0	0	0	0	0	0	0
223	A	0	0	0	0	0	0	0
224	P	0	0	0	0	0	0	0
225	S	0	0	0	0	0	0	0
226	P	0	0	0	0	0	0	0
227	A	0	0	0	0	0	0	0
228	H	0	0	0	0	0	0	0
229	G	0	0	0	0	0	0	0
230	I	0	0	0	0	0	0	0
231	S	0	0	0	0	0	0	0
232	L	0	0	0	0	0	0	0
233	F	0	0	0	0	0	0	0
234	L	0	0	0	0	0	0	0
235	V	0	0	0	0	0	0	0
236	E	0	0	0	0	0	0	0
237	N	0	0	0	0	0	0	0
238	G	0	0	0	0	0	0	0
239	M	0	0	0	0	0	0	0
240	K	N6-acetyllysine	FLVENGMKGFIKGRK	EEEECCCCCEECCCH	0	0	0	0
241	G	0	0	0	0	0	0	0
242	F	0	0	0	0	0	0	0
243	I	0	0	0	0	0	0	0
244	K	0	0	0	0	0	0	0
245	G	0	0	0	0	0	0	0
246	R	0	0	0	0	0	0	0
247	K	0	0	0	0	0	0	0
248	L	0	0	0	0	0	0	0
249	H	0	0	0	0	0	0	0
250	K	0	0	0	0	0	0	0
251	M	0	0	0	0	0	0	0
252	G	0	0	0	0	0	0	0
253	L	0	0	0	0	0	0	0
254	K	N6-acetyllysine	KLHKMGLKAQDTAEL	HHHHCCCCCHHHHHH	0	0	0	0
255	A	0	0	0	0	0	0	0
256	Q	0	0	0	0	0	0	0
257	D	0	0	0	0	0	0	0
258	T	0	0	0	0	0	0	0
259	A	0	0	0	0	0	0	0
260	E	0	0	0	0	0	0	0
261	L	0	0	0	0	0	0	0
262	F	0	0	0	0	0	0	0
263	F	0	0	0	0	0	0	0
264	E	0	0	0	0	0	0	0
265	D	0	0	0	0	0	0	0
266	I	0	0	0	0	0	0	0
267	R	0	0	0	0	0	0	0
268	L	0	0	0	0	0	0	0
269	P	0	0	0	0	0	0	0
270	A	0	0	0	0	0	0	0
271	S	Phosphoserine	EDIRLPASALLGEEN	HHCCCCHHHHHCCCC	0	0	0	0
272	A	0	0	0	0	0	0	0
273	L	0	0	0	0	0	0	0
274	L	0	0	0	0	0	0	0
275	G	0	0	0	0	0	0	0
276	E	0	0	0	0	0	0	0
277	E	0	0	0	0	0	0	0
278	N	0	0	0	0	0	0	0
279	K	0	0	0	0	0	0	0
280	G	0	0	0	0	0	0	0
281	F	0	0	0	0	0	0	0
282	Y	0	0	0	0	0	0	0
283	Y	0	0	0	0	0	0	0
284	I	0	0	0	0	0	0	0
285	M	0	0	0	0	0	0	0
286	K	0	0	0	0	0	0	0
287	E	0	0	0	0	0	0	0
288	L	0	0	0	0	0	0	0
289	P	0	0	0	0	0	0	0
290	Q	0	0	0	0	0	0	0
291	E	0	0	0	0	0	0	0
292	R	0	0	0	0	0	0	0
293	L	0	0	0	0	0	0	0
294	L	0	0	0	0	0	0	0
295	I	0	0	0	0	0	0	0
296	A	0	0	0	0	0	0	0
297	D	0	0	0	0	0	0	0
298	V	0	0	0	0	0	0	0
299	A	0	0	0	0	0	0	0
300	I	0	0	0	0	0	0	0
301	S	0	0	0	0	0	0	0
302	A	0	0	0	0	0	0	0
303	S	0	0	0	0	0	0	0
304	E	0	0	0	0	0	0	0
305	F	0	0	0	0	0	0	0
306	M	0	0	0	0	0	0	0
307	F	0	0	0	0	0	0	0
308	E	0	0	0	0	0	0	0
309	E	0	0	0	0	0	0	0
310	T	0	0	0	0	0	0	0
311	R	0	0	0	0	0	0	0
312	N	0	0	0	0	0	0	0
313	Y	0	0	0	0	0	0	0
314	V	0	0	0	0	0	0	0
315	K	0	0	0	0	0	0	0
316	Q	0	0	0	0	0	0	0
317	R	0	0	0	0	0	0	0
318	K	N6-acetyllysine	RNYVKQRKAFGKTVA	HHHHHHHHHHCHHHH	0	0	0	0
319	A	0	0	0	0	0	0	0
320	F	0	0	0	0	0	0	0
321	G	0	0	0	0	0	0	0
322	K	N6-acetyllysine	KQRKAFGKTVAHLQT	HHHHHHCHHHHHHHH	0	0	0	0
323	T	0	0	0	0	0	0	0
324	V	0	0	0	0	0	0	0
325	A	0	0	0	0	0	0	0
326	H	0	0	0	0	0	0	0
327	L	0	0	0	0	0	0	0
328	Q	0	0	0	0	0	0	0
329	T	Phosphothreonine	KTVAHLQTVQHKLAE	HHHHHHHHHHHHHHH	Metabolite levels:metabolite measurement;Acylcarnitine levels:acylcarnitine measurement, blood metabolite measurement	333 (4)	0	0
330	V	0	0	0	0	0	0	0
331	Q	0	0	0	0	0	0	0
332	H	0	0	0	0	0	0	0
333	K	0	0	0	0	0	Q	329
334	L	0	0	0	0	0	0	0
335	A	0	0	0	0	0	0	0
336	E	0	0	0	0	0	0	0
337	L	0	0	0	0	0	0	0
338	K	0	0	0	0	0	0	0
339	T	0	0	0	0	0	0	0
340	H	0	0	0	0	0	0	0
341	I	0	0	0	0	0	0	0
342	C	0	0	0	0	0	0	0
343	V	0	0	0	0	0	0	0
344	T	0	0	0	0	0	0	0
345	R	0	0	0	0	0	0	0
346	A	0	0	0	0	0	0	0
347	F	0	0	0	0	0	0	0
348	V	0	0	0	0	0	0	0
349	D	0	0	0	0	0	0	0
350	N	0	0	0	0	0	0	0
351	C	0	0	0	0	0	0	0
352	L	0	0	0	0	0	0	0
353	Q	0	0	0	0	0	0	0
354	L	0	0	0	0	0	0	0
355	H	0	0	0	0	0	0	0
356	E	0	0	0	0	0	0	0
357	A	0	0	0	0	0	0	0
358	K	N6-acetyllysine	CLQLHEAKRLDSATA	HHHHHHHHHHHHHHH	0	0	0	0
359	R	0	0	0	0	0	0	0
360	L	0	0	0	0	0	0	0
361	D	0	0	0	0	0	0	0
362	S	0	0	0	0	0	0	0
363	A	0	0	0	0	0	0	0
364	T	0	0	0	0	0	0	0
365	A	0	0	0	0	0	0	0
366	C	0	0	0	0	0	0	0
367	M	0	0	0	0	0	0	0
368	A	0	0	0	0	0	0	0
369	K	0	0	0	0	0	0	0
370	Y	0	0	0	0	0	0	0
371	W	0	0	0	0	0	0	0
372	A	0	0	0	0	0	0	0
373	S	0	0	0	0	0	0	0
374	E	0	0	0	0	0	0	0
375	L	0	0	0	0	0	0	0
376	Q	0	0	0	0	0	0	0
377	N	0	0	0	0	0	0	0
378	S	0	0	0	0	0	0	0
379	V	0	0	0	0	0	0	0
380	A	0	0	0	0	0	0	0
381	Y	0	0	0	0	0	0	0
382	D	0	0	0	0	0	0	0
383	C	0	0	0	0	0	0	0
384	V	0	0	0	0	0	0	0
385	Q	0	0	0	0	0	0	0
386	L	0	0	0	0	0	0	0
387	H	0	0	0	0	0	0	0
388	G	0	0	0	0	0	0	0
389	G	0	0	0	0	0	0	0
390	W	0	0	0	0	0	0	0
391	G	0	0	0	0	0	0	0
392	Y	0	0	0	0	0	0	0
393	M	0	0	0	0	0	0	0
394	W	0	0	0	0	0	0	0
395	E	0	0	0	0	0	0	0
396	Y	0	0	0	0	0	0	0
397	P	0	0	0	0	0	0	0
398	I	0	0	0	0	0	0	0
399	A	0	0	0	0	0	0	0
400	K	0	0	0	0	0	0	0
401	A	0	0	0	0	0	0	0
402	Y	Phosphotyrosine	EYPIAKAYVDARVQP	CCCCCCHHHCCCCCC	0	0	0	0
403	V	0	0	0	0	0	0	0
404	D	0	0	0	0	0	0	0
405	A	0	0	0	0	0	0	0
406	R	0	0	0	0	0	0	0
407	V	0	0	0	0	0	0	0
408	Q	0	0	0	0	0	0	0
409	P	0	0	0	0	0	0	0
410	I	0	0	0	0	0	0	0
411	Y	Phosphotyrosine	DARVQPIYGGTNEIM	CCCCCCCCCCHHHHH	0	0	0	0
412	G	0	0	0	0	0	0	0
413	G	0	0	0	0	0	0	0
414	T	0	0	0	0	0	0	0
415	N	0	0	0	0	0	0	0
416	E	0	0	0	0	0	0	0
417	I	0	0	0	0	0	0	0
418	M	0	0	0	0	0	0	0
419	K	0	0	0	0	0	0	0
420	E	0	0	0	0	0	0	0
421	L	0	0	0	0	0	0	0
422	I	0	0	0	0	0	0	0
423	A	0	0	0	0	0	0	0
424	R	0	0	0	0	0	0	0
425	E	0	0	0	0	0	0	0
426	I	0	0	0	0	0	0	0
427	V	0	0	0	0	0	0	0
428	F	0	0	0	0	0	0	0
429	D	0	0	0	0	0	0	0
430	K	0	0	0	0	0	0	0
