location	residue	Modification	seq	secStruc	RelatedDisease	VariantPosition	ResidueChange	DaPSbySAP
1	M	0	0	0	0	0	0	0
2	A	0	0	0	0	0	0	0
3	A	0	0	0	0	0	0	0
4	A	0	0	0	0	0	0	0
5	L	0	0	0	0	0	0	0
6	L	0	0	0	0	0	0	0
7	A	0	0	0	0	0	0	0
8	R	0	0	0	0	0	0	0
9	A	0	0	0	0	0	0	0
10	S	Phosphoserine	AALLARASGPARRAL	HHHHHHHHCHHHHHH	0	0	0	0
11	G	0	0	0	0	0	0	0
12	P	0	0	0	0	0	0	0
13	A	0	0	0	0	0	0	0
14	R	0	0	0	0	0	0	0
15	R	0	0	0	0	0	0	0
16	A	0	0	0	0	0	0	0
17	L	0	0	0	0	0	0	0
18	C	0	0	0	0	0	0	0
19	P	0	0	0	0	0	0	0
20	R	0	0	0	0	0	0	0
21	A	0	0	0	0	0	0	0
22	W	0	0	0	0	0	0	0
23	R	0	0	0	0	0	0	0
24	Q	0	0	0	0	0	0	0
25	L	0	0	0	0	0	0	0
26	H	0	0	0	0	0	0	0
27	T	0	0	0	0	0	0	0
28	I	0	0	0	0	0	0	0
29	Y	0	0	0	0	0	0	0
30	Q	0	0	0	0	0	0	0
31	S	0	0	0	0	0	0	0
32	V	0	0	0	0	0	0	0
33	E	0	0	0	0	0	0	0
34	L	0	0	0	0	0	0	0
35	P	0	0	0	0	0	0	0
36	E	0	0	0	0	0	0	0
37	T	0	0	0	0	0	0	0
38	H	0	0	0	0	0	0	0
39	Q	0	0	0	0	0	0	0
40	M	0	0	0	0	0	0	0
41	L	0	0	0	0	0	0	0
42	L	0	0	0	0	0	0	0
43	Q	0	0	0	0	0	0	0
44	T	0	0	0	0	0	0	0
45	C	0	0	0	0	0	0	0
46	R	0	0	0	0	0	0	0
47	D	0	0	0	0	0	0	0
48	F	0	0	0	0	0	0	0
49	A	0	0	0	0	0	0	0
50	E	0	0	0	0	0	0	0
51	K	N6-acetyllysine	TCRDFAEKELFPIAA	HHHHHHHHCHHCHHH	0	0	0	0
52	E	0	0	0	0	0	0	0
53	L	0	0	0	0	0	0	0
54	F	0	0	0	0	0	0	0
55	P	0	0	0	0	0	0	0
56	I	0	0	0	0	0	0	0
57	A	0	0	0	0	0	0	0
58	A	0	0	0	0	0	0	0
59	Q	0	0	0	0	0	0	0
60	V	0	0	0	0	0	0	0
61	D	0	0	0	0	0	0	0
62	K	0	0	0	0	0	0	0
63	E	0	0	0	0	0	0	0
64	H	0	0	0	0	0	0	0
65	L	0	0	0	0	0	0	0
66	F	0	0	0	0	0	0	0
67	P	0	0	0	0	0	0	0
68	A	0	0	0	0	0	0	0
69	A	0	0	0	0	0	0	0
70	Q	0	0	0	0	0	0	0
71	V	0	0	0	0	0	0	0
72	K	N6-acetyllysine	LFPAAQVKKMGGLGL	CCCHHHHHHCCCCCE	0	0	0	0
73	K	0	0	0	0	0	0	0
74	M	0	0	0	0	0	0	0
75	G	0	0	0	0	0	0	0
76	G	0	0	0	0	0	0	0
77	L	0	0	0	0	0	0	0
78	G	0	0	0	0	0	0	0
79	L	0	0	0	0	0	0	0
80	L	0	0	0	0	0	0	0
81	A	0	0	0	0	0	0	0
82	M	0	0	0	0	0	0	0
83	D	0	0	0	0	0	0	0
84	V	0	0	0	0	0	0	0
85	P	0	0	0	0	0	0	0
86	E	0	0	0	0	0	0	0
87	E	0	0	0	0	0	0	0
88	L	0	0	0	0	0	0	0
89	G	0	0	0	0	0	0	0
90	G	0	0	0	0	0	0	0
91	A	0	0	0	0	0	0	0
92	G	0	0	0	0	0	0	0
93	L	0	0	0	0	0	0	0
94	D	0	0	0	0	0	0	0
95	Y	0	0	0	0	0	0	0
96	L	0	0	0	0	0	0	0
97	A	0	0	0	0	0	0	0
98	Y	0	0	0	0	0	0	0
99	A	0	0	0	0	0	0	0
100	I	0	0	0	0	0	0	0
101	A	0	0	0	0	0	0	0
102	M	0	0	0	0	0	0	0
103	E	0	0	0	0	0	0	0
104	E	0	0	0	0	0	0	0
105	I	0	0	0	0	0	0	0
106	S	0	0	0	0	0	0	0
107	R	0	0	0	0	0	0	0
108	G	0	0	0	0	0	0	0
109	C	0	0	0	0	0	0	0
110	A	0	0	0	0	0	0	0
111	S	0	0	0	0	0	0	0
112	T	0	0	0	0	0	0	0
113	G	0	0	0	0	0	0	0
114	V	0	0	0	0	0	0	0
115	I	0	0	0	0	0	0	0
116	M	0	0	0	0	0	0	0
117	S	0	0	0	0	0	0	0
118	V	0	0	0	0	0	0	0
119	N	0	0	0	0	0	0	0
120	N	0	0	0	0	0	0	0
121	S	Phosphoserine	VIMSVNNSLYLGPIL	EEEEECCEEECCCCC	0	0	0	0
122	L	0	0	0	0	0	0	0
123	Y	0	0	0	0	0	0	0
124	L	0	0	0	0	0	0	0
125	G	0	0	0	0	0	0	0
126	P	0	0	0	0	0	0	0
127	I	0	0	0	0	0	0	0
128	L	0	0	0	0	0	0	0
129	K	N6-acetyllysine	LYLGPILKFGSKEQK	EECCCCCCCCCHHHH	0	0	0	0
130	F	0	0	0	0	0	0	0
131	G	0	0	0	0	0	0	0
132	S	0	0	0	0	0	0	0
133	K	0	0	0	0	0	0	0
134	E	0	0	0	0	0	0	0
135	Q	0	0	0	0	0	0	0
136	K	N6-acetyllysine	KFGSKEQKQAWVTPF	CCCCHHHHHEEEECC	0	0	0	0
137	Q	0	0	0	0	0	0	0
138	A	0	0	0	0	0	0	0
139	W	0	0	0	0	0	0	0
140	V	0	0	0	0	0	0	0
141	T	0	0	0	0	0	0	0
142	P	0	0	0	0	0	0	0
143	F	0	0	0	0	0	0	0
144	T	0	0	0	0	0	0	0
145	S	0	0	0	0	0	0	0
146	G	0	0	0	0	0	0	0
147	D	0	0	0	0	0	0	0
148	K	N6-acetyllysine	TPFTSGDKIGCFALS	ECCCCCCEEEEEEEC	0	0	0	0
149	I	0	0	0	0	0	0	0
150	G	0	0	0	0	0	0	0
151	C	0	0	0	0	0	0	0
152	F	0	0	0	0	0	0	0
153	A	0	0	0	0	0	0	0
154	L	0	0	0	0	0	0	0
155	S	0	0	0	0	0	0	0
156	E	0	0	0	0	0	0	0
157	P	0	0	0	0	0	0	0
158	G	0	0	0	0	0	0	0
159	N	0	0	0	0	0	0	0
160	G	0	0	0	0	0	0	0
161	S	0	0	0	0	0	0	0
162	D	0	0	0	0	0	0	0
163	A	0	0	0	0	0	0	0
164	G	0	0	0	0	0	0	0
165	A	0	0	0	0	0	0	0
166	A	0	0	0	0	0	0	0
167	S	0	0	0	0	0	0	0
168	T	0	0	0	0	0	0	0
169	T	0	0	0	0	0	0	0
170	A	0	0	0	0	0	0	0
171	R	0	0	0	0	0	0	0
172	A	0	0	0	0	0	0	0
173	E	0	0	0	0	0	0	0
174	G	0	0	0	0	0	0	0
175	D	0	0	0	0	0	0	0
176	S	0	0	0	0	0	0	0
177	W	0	0	0	0	0	0	0
178	V	0	0	0	0	0	0	0
179	L	0	0	0	0	0	0	0
180	N	0	0	0	0	0	0	0
181	G	0	0	0	0	0	0	0
182	T	0	0	0	0	0	0	0
183	K	0	0	0	0	0	0	0
184	A	0	0	0	0	0	0	0
185	W	0	0	0	0	0	0	0
186	I	0	0	0	0	0	0	0
187	T	0	0	0	0	0	0	0
188	N	0	0	0	0	0	0	0
189	A	0	0	0	0	0	0	0
190	W	0	0	0	0	0	0	0
191	E	0	0	0	0	0	0	0
192	A	0	0	0	0	0	0	0
193	S	0	0	0	0	0	0	0
194	A	0	0	0	0	0	0	0
195	A	0	0	0	0	0	0	0
196	V	0	0	0	0	0	0	0
197	V	0	0	0	0	0	0	0
198	F	0	0	0	0	0	0	0
199	A	0	0	0	0	0	0	0
200	S	0	0	0	0	0	0	0
201	T	0	0	0	0	0	0	0
202	D	0	0	0	0	0	0	0
203	R	0	0	0	0	0	0	0
204	A	0	0	0	0	0	0	0
205	L	0	0	0	0	0	0	0
206	Q	0	0	0	0	0	0	0
207	N	0	0	0	0	0	0	0
208	K	0	0	0	0	0	0	0
209	G	0	0	0	0	0	S	219
210	I	0	0	0	0	0	0	0
211	S	0	0	0	0	0	0	0
212	A	0	0	0	0	0	0	0
213	F	0	0	0	0	0	0	0
214	L	0	0	0	0	0	0	0
215	V	0	0	0	0	0	0	0
216	P	0	0	0	0	0	0	0
217	M	0	0	0	0	0	0	0
218	P	0	0	0	0	0	0	0
219	T	Phosphothreonine	AFLVPMPTPGLTLGK	EEEEECCCCCCCCCC	Serum metabolite ratios in chronic kidney disease:chronic kidney disease, serum metabolite measurement	209 (10)	0	0
220	P	0	0	0	0	0	0	0
221	G	0	0	0	0	0	0	0
222	L	0	0	0	0	0	0	0
223	T	0	0	0	0	0	0	0
224	L	0	0	0	0	0	0	0
225	G	0	0	0	0	0	0	0
226	K	0	0	0	0	0	0	0
227	K	0	0	0	0	0	0	0
228	E	0	0	0	0	0	0	0
229	D	0	0	0	0	0	0	0
230	K	0	0	0	0	0	0	0
231	L	0	0	0	0	0	0	0
232	G	0	0	0	0	0	0	0
233	I	0	0	0	0	0	0	0
234	R	0	0	0	0	0	0	0
235	G	0	0	0	0	0	0	0
236	S	0	0	0	0	0	0	0
237	S	0	0	0	0	0	0	0
238	T	0	0	0	0	0	0	0
239	A	0	0	0	0	0	0	0
240	N	0	0	0	0	0	0	0
241	L	0	0	0	0	0	0	0
242	I	0	0	0	0	0	0	0
243	F	0	0	0	0	0	0	0
244	E	0	0	0	0	0	0	0
245	D	0	0	0	0	0	0	0
246	C	0	0	0	0	0	0	0
247	R	0	0	0	0	0	0	0
248	I	0	0	0	0	0	0	0
249	P	0	0	0	0	0	0	0
250	K	0	0	0	0	0	0	0
251	D	0	0	0	0	0	0	0
252	S	0	0	0	0	0	0	0
253	I	0	0	0	0	0	0	0
254	L	0	0	0	0	0	0	0
255	G	0	0	0	0	0	0	0
256	E	0	0	0	0	0	0	0
257	P	0	0	0	0	0	0	0
258	G	0	0	0	0	0	0	0
259	M	0	0	0	0	0	0	0
260	G	0	0	0	0	0	0	0
261	F	0	0	0	0	0	0	0
262	K	N6-acetyllysine	GEPGMGFKIAMQTLD	CCCCCCHHHEEECCC	0	0	0	0
263	I	0	0	0	0	0	0	0
264	A	0	0	0	0	0	0	0
265	M	0	0	0	0	0	0	0
266	Q	0	0	0	0	0	0	0
267	T	0	0	0	0	0	0	0
268	L	0	0	0	0	0	0	0
269	D	0	0	0	0	0	0	0
270	M	0	0	0	0	0	0	0
271	G	0	0	0	0	0	0	0
272	R	0	0	0	0	0	0	0
273	I	0	0	0	0	0	0	0
274	G	0	0	0	0	0	0	0
275	I	0	0	0	0	0	0	0
276	A	0	0	0	0	0	0	0
277	S	0	0	0	0	0	0	0
278	Q	0	0	0	0	0	0	0
279	A	0	0	0	0	0	0	0
280	L	0	0	0	0	0	0	0
281	G	0	0	0	0	0	0	0
282	I	0	0	0	0	0	0	0
283	A	0	0	0	0	0	0	0
284	Q	0	0	0	0	0	0	0
285	T	0	0	0	0	0	0	0
286	A	0	0	0	0	0	0	0
287	L	0	0	0	0	0	0	0
288	D	0	0	0	0	0	0	0
289	C	0	0	0	0	0	0	0
290	A	0	0	0	0	0	0	0
291	V	0	0	0	0	0	0	0
292	N	0	0	0	0	0	0	0
293	Y	0	0	0	0	0	0	0
294	A	0	0	0	0	0	0	0
295	E	0	0	0	0	0	0	0
296	N	0	0	0	0	0	0	0
297	R	0	0	0	0	0	0	0
298	M	0	0	0	0	0	0	0
299	A	0	0	0	0	0	0	0
300	F	0	0	0	0	0	0	0
301	G	0	0	0	0	0	0	0
302	A	0	0	0	0	0	0	0
303	P	0	0	0	0	0	0	0
304	L	0	0	0	0	0	0	0
305	T	Phosphothreonine	MAFGAPLTKLQVIQF	CCCCCCCCHHHHHHH	0	0	0	0
306	K	N6-acetyllysine	AFGAPLTKLQVIQFK	CCCCCCCHHHHHHHH	0	0	0	0
307	L	0	0	0	0	0	0	0
308	Q	0	0	0	0	0	0	0
309	V	0	0	0	0	0	0	0
310	I	0	0	0	0	0	0	0
311	Q	0	0	0	0	0	0	0
312	F	0	0	0	0	0	0	0
313	K	0	0	0	0	0	0	0
314	L	0	0	0	0	0	0	0
315	A	0	0	0	0	0	0	0
316	D	0	0	0	0	0	0	0
317	M	0	0	0	0	0	0	0
318	A	0	0	0	0	0	0	0
319	L	0	0	0	0	0	0	0
320	A	0	0	0	0	0	0	0
321	L	0	0	0	0	0	0	0
322	E	0	0	0	0	0	0	0
323	S	0	0	0	0	0	0	0
324	A	0	0	0	0	0	0	0
325	R	0	0	0	0	0	0	0
326	L	0	0	0	0	0	0	0
327	L	0	0	0	0	0	0	0
328	T	0	0	0	0	0	0	0
329	W	0	0	0	0	0	0	0
330	R	0	0	0	0	0	0	0
331	A	0	0	0	0	0	0	0
332	A	0	0	0	0	0	0	0
333	M	0	0	0	0	0	0	0
334	L	0	0	0	0	0	0	0
335	K	0	0	0	0	0	0	0
336	D	0	0	0	0	0	0	0
337	N	0	0	0	0	0	0	0
338	K	0	0	0	0	0	0	0
339	K	0	0	0	0	0	0	0
340	P	0	0	0	0	0	0	0
341	F	0	0	0	0	0	0	0
342	I	0	0	0	0	0	0	0
343	K	0	0	0	0	0	0	0
344	E	0	0	0	0	0	0	0
345	A	0	0	0	0	0	0	0
346	A	0	0	0	0	0	0	0
347	M	0	0	0	0	0	0	0
348	A	0	0	0	0	0	0	0
349	K	0	0	0	0	0	0	0
350	L	0	0	0	0	0	0	0
351	A	0	0	0	0	0	0	0
352	A	0	0	0	0	0	0	0
353	S	0	0	0	0	0	0	0
354	E	0	0	0	0	0	0	0
355	A	0	0	0	0	0	0	0
356	A	0	0	0	0	0	0	0
357	T	0	0	0	0	0	0	0
358	A	0	0	0	0	0	0	0
359	I	0	0	0	0	0	0	0
360	S	0	0	0	0	0	0	0
361	H	0	0	0	0	0	0	0
362	Q	0	0	0	0	0	0	0
363	A	0	0	0	0	0	0	0
364	I	0	0	0	0	0	0	0
365	Q	0	0	0	0	0	0	0
366	I	0	0	0	0	0	0	0
367	L	0	0	0	0	0	0	0
368	G	0	0	0	0	0	0	0
369	G	0	0	0	0	0	0	0
370	M	0	0	0	0	0	0	0
371	G	0	0	0	0	0	0	0
372	Y	0	0	0	0	0	0	0
373	V	0	0	0	0	0	0	0
374	T	0	0	0	0	0	0	0
375	E	0	0	0	0	0	0	0
376	M	0	0	0	0	0	0	0
377	P	0	0	0	0	0	0	0
378	A	0	0	0	0	0	0	0
379	E	0	0	0	0	0	0	0
380	R	0	0	0	0	0	0	0
381	H	0	0	0	0	0	0	0
382	Y	0	0	0	0	0	0	0
383	R	0	0	0	0	0	0	0
384	D	0	0	0	0	0	0	0
385	A	0	0	0	0	0	0	0
386	R	0	0	0	0	0	0	0
387	I	0	0	0	0	0	0	0
388	T	0	0	0	0	0	0	0
389	E	0	0	0	0	0	0	0
390	I	0	0	0	0	0	0	0
391	Y	0	0	0	0	0	0	0
392	E	0	0	0	0	0	0	0
393	G	0	0	0	0	0	0	0
394	T	0	0	0	0	0	0	0
395	S	0	0	0	0	0	0	0
396	E	0	0	0	0	0	0	0
397	I	0	0	0	0	0	0	0
398	Q	0	0	0	0	0	0	0
399	R	0	0	0	0	0	0	0
400	L	0	0	0	0	0	0	0
401	V	0	0	0	0	0	0	0
402	I	0	0	0	0	0	0	0
403	A	0	0	0	0	0	0	0
404	G	0	0	0	0	0	0	0
405	H	0	0	0	0	0	0	0
406	L	0	0	0	0	0	0	0
407	L	0	0	0	0	0	0	0
408	R	0	0	0	0	0	0	0
409	S	0	0	0	0	0	0	0
410	Y	0	0	0	0	0	0	0
411	R	0	0	0	0	0	0	0
412	S	0	0	0	0	0	0	0
