location	residue	Modification	seq	secStruc	RelatedDisease	VariantPosition	ResidueChange	DaPSbySAP
1	M	0	0	0	0	0	0	0
2	K	0	0	0	0	0	0	0
3	L	0	0	0	0	0	0	0
4	L	0	0	0	0	0	0	0
5	K	0	0	0	0	0	0	0
6	L	0	0	0	0	0	0	0
7	T	0	0	0	0	0	0	0
8	G	0	0	0	0	0	0	0
9	F	0	0	0	0	0	0	0
10	I	0	0	0	0	0	0	0
11	F	0	0	0	0	0	0	0
12	F	0	0	0	0	0	0	0
13	L	0	0	0	0	0	0	0
14	F	0	0	0	0	0	0	0
15	F	0	0	0	0	0	0	0
16	L	0	0	0	0	0	0	0
17	T	0	0	0	0	0	0	0
18	E	0	0	0	0	0	0	0
19	S	0	0	0	0	0	0	0
20	L	0	0	0	0	0	0	0
21	T	0	0	0	0	0	0	0
22	L	0	0	0	0	0	0	0
23	P	0	0	0	0	0	0	0
24	T	0	0	0	0	0	0	0
25	Q	0	0	0	0	0	0	0
26	P	0	0	0	0	0	0	0
27	R	0	0	0	0	0	0	0
28	D	0	0	0	0	0	0	0
29	I	0	0	0	0	0	0	0
30	E	0	0	0	0	0	0	0
31	N	0	0	0	0	0	0	0
32	F	0	0	0	0	0	0	0
33	N	N-linked Glycosylation	PRDIENFNSTQKFIE	CCCCCCCCHHHHHHH	0	0	0	0
34	S	0	0	0	0	0	0	0
35	T	0	0	0	0	0	0	0
36	Q	0	0	0	0	0	0	0
37	K	0	0	0	0	0	0	0
38	F	0	0	0	0	0	0	0
39	I	0	0	0	0	0	0	0
40	E	0	0	0	0	0	0	0
41	D	0	0	0	0	0	0	0
42	N	0	0	0	0	0	0	0
43	I	0	0	0	0	0	0	0
44	E	0	0	0	0	0	0	0
45	Y	0	0	0	0	0	0	0
46	I	0	0	0	0	0	0	0
47	T	0	0	0	0	0	0	0
48	I	0	0	0	0	0	0	0
49	I	0	0	0	0	0	0	0
50	A	0	0	0	0	0	0	0
51	F	0	0	0	0	0	0	0
52	A	0	0	0	0	0	0	0
53	Q	0	0	0	0	0	0	0
54	Y	0	0	0	0	0	0	0
55	V	0	0	0	0	0	0	0
56	Q	0	0	0	0	0	0	0
57	E	0	0	0	0	0	0	0
58	A	0	0	0	0	0	0	0
59	T	0	0	0	0	0	0	0
60	F	0	0	0	0	0	0	0
61	E	0	0	0	0	0	0	0
62	E	0	0	0	0	0	0	0
63	M	0	0	0	0	0	0	0
64	E	0	0	0	0	0	0	0
65	K	0	0	0	0	0	0	0
66	L	0	0	0	0	0	0	0
67	V	0	0	0	0	0	0	0
68	K	0	0	0	0	0	0	0
69	D	0	0	0	0	0	0	0
70	M	0	0	0	0	0	0	0
71	V	0	0	0	0	0	0	0
72	E	0	0	0	0	0	0	0
73	Y	0	0	0	0	0	0	0
74	K	0	0	0	0	0	0	0
75	D	0	0	0	0	0	0	0
76	R	0	0	0	0	0	0	0
77	C	0	0	0	0	0	0	0
78	M	0	0	0	0	0	0	0
79	A	0	0	0	0	0	0	0
80	D	0	0	0	0	0	0	0
81	K	0	0	0	0	0	0	0
82	T	0	0	0	0	0	0	0
83	L	0	0	0	0	0	0	0
84	P	0	0	0	0	0	0	0
85	E	0	0	0	0	0	0	0
86	C	0	0	0	0	0	0	0
87	S	0	0	0	0	0	0	0
88	K	0	0	0	0	0	0	0
89	L	0	0	0	0	0	0	0
90	P	0	0	0	0	0	0	0
91	N	0	0	0	0	0	0	0
92	N	0	0	0	0	0	0	0
93	V	0	0	0	0	0	0	0
94	L	0	0	0	0	0	0	0
95	Q	0	0	0	0	0	0	0
96	E	0	0	0	0	0	0	0
97	K	0	0	0	0	0	0	0
98	I	0	0	0	0	0	0	0
99	C	0	0	0	0	0	0	0
100	A	0	0	0	0	0	0	0
101	M	0	0	0	0	0	0	0
102	E	0	0	0	0	0	0	0
103	G	0	0	0	0	0	0	0
104	L	0	0	0	0	0	0	0
105	P	0	0	0	0	0	0	0
106	Q	0	0	0	0	0	0	0
107	K	0	0	0	0	0	0	0
108	H	0	0	0	0	0	0	0
109	N	N-linked (GlcNAc)	EGLPQKHNFSHCCSK	CCCCCCCCCCHHCCH	0	0	0	0
110	F	0	0	0	0	0	0	0
111	S	0	0	0	0	0	0	0
112	H	0	0	0	0	0	0	0
113	C	0	0	0	0	0	0	0
114	C	0	0	0	0	0	0	0
115	S	0	0	0	0	0	0	0
116	K	0	0	0	0	0	0	0
117	V	0	0	0	0	0	0	0
118	D	0	0	0	0	0	0	0
119	A	0	0	0	0	0	0	0
120	Q	0	0	0	0	0	0	0
121	R	0	0	0	0	0	0	0
122	R	0	0	0	0	0	0	0
123	L	0	0	0	0	0	0	0
124	C	0	0	0	0	0	0	0
125	F	0	0	0	0	0	0	0
126	F	0	0	0	0	0	0	0
127	Y	0	0	0	0	0	0	0
128	N	0	0	0	0	0	0	0
129	K	0	0	0	0	0	0	0
130	K	0	0	0	0	0	0	0
131	S	0	0	0	0	0	0	0
132	D	0	0	0	0	0	0	0
133	V	0	0	0	0	0	0	0
134	G	0	0	0	0	0	0	0
135	F	0	0	0	0	0	0	0
136	L	0	0	0	0	0	0	0
137	P	0	0	0	0	0	0	0
138	P	0	0	0	0	0	0	0
139	F	0	0	0	0	0	0	0
140	P	0	0	0	0	0	0	0
141	T	0	0	0	0	0	0	0
142	L	0	0	0	0	0	0	0
143	D	0	0	0	0	0	0	0
144	P	0	0	0	0	0	0	0
145	E	0	0	0	0	0	0	0
146	E	0	0	0	0	0	0	0
147	K	0	0	0	0	0	0	0
148	C	0	0	0	0	0	0	0
149	Q	0	0	0	0	0	0	0
150	A	0	0	0	0	0	0	0
151	Y	0	0	0	0	0	0	0
152	E	0	0	0	0	0	0	0
153	S	0	0	0	0	0	0	0
154	N	0	0	0	0	0	0	0
155	R	0	0	0	0	0	0	0
156	E	0	0	0	0	0	0	0
157	S	0	0	0	0	0	0	0
158	L	0	0	0	0	0	0	0
159	L	0	0	0	0	0	0	0
160	N	0	0	0	0	0	0	0
161	H	0	0	0	0	0	0	0
162	F	0	0	0	0	0	0	0
163	L	0	0	0	0	0	0	0
164	Y	0	0	0	0	0	0	0
165	E	0	0	0	0	0	0	0
166	V	0	0	0	0	0	0	0
167	A	0	0	0	0	0	0	0
168	R	0	0	0	0	0	0	0
169	R	0	0	0	0	0	0	0
170	N	0	0	0	0	0	0	0
171	P	0	0	0	0	0	0	0
172	F	0	0	0	0	0	0	0
173	V	0	0	0	0	0	0	0
174	F	0	0	0	0	0	0	0
175	A	0	0	0	0	0	0	0
176	P	0	0	0	0	0	0	0
177	T	0	0	0	0	0	0	0
178	L	0	0	0	0	0	0	0
179	L	0	0	0	0	0	0	0
180	T	0	0	0	0	0	0	0
181	V	0	0	0	0	0	0	0
182	A	0	0	0	0	0	0	0
183	V	0	0	0	0	0	0	0
184	H	0	0	0	0	0	0	0
185	F	0	0	0	0	0	0	0
186	E	0	0	0	0	0	0	0
187	E	0	0	0	0	0	0	0
188	V	0	0	0	0	0	0	0
189	A	0	0	0	0	0	0	0
190	K	0	0	0	0	0	0	0
191	S	0	0	0	0	0	0	0
192	C	0	0	0	0	0	0	0
193	C	0	0	0	0	0	0	0
194	E	0	0	0	0	0	0	0
195	E	0	0	0	0	0	0	0
196	Q	0	0	0	0	0	0	0
197	N	0	0	0	0	0	0	0
198	K	0	0	0	0	0	0	0
199	V	0	0	0	0	0	0	0
200	N	0	0	0	0	0	0	0
201	C	0	0	0	0	0	0	0
202	L	0	0	0	0	0	0	0
203	Q	0	0	0	0	0	0	0
204	T	0	0	0	0	0	0	0
205	R	0	0	0	0	0	0	0
206	A	0	0	0	0	0	0	0
207	I	0	0	0	0	0	0	0
208	P	0	0	0	0	0	0	0
209	V	0	0	0	0	0	0	0
210	T	0	0	0	0	0	0	0
211	Q	0	0	0	0	0	0	0
212	Y	Phosphotyrosine	RAIPVTQYLKAFSSY	CCCCHHHHHHHHHHH	0	0	0	0
213	L	0	0	0	0	0	0	0
214	K	0	0	0	0	0	0	0
215	A	0	0	0	0	0	0	0
216	F	0	0	0	0	0	0	0
217	S	0	0	0	0	0	0	0
218	S	0	0	0	0	0	0	0
219	Y	Phosphotyrosine	YLKAFSSYQKHVCGA	HHHHHHHHHHHHHHH	0	0	0	0
220	Q	0	0	0	0	0	0	0
221	K	0	0	0	0	0	0	0
222	H	0	0	0	0	0	0	0
223	V	0	0	0	0	0	0	0
224	C	0	0	0	0	0	0	0
225	G	0	0	0	0	0	0	0
226	A	0	0	0	0	0	0	0
227	L	0	0	0	0	0	0	0
228	L	0	0	0	0	0	0	0
229	K	0	0	0	0	0	0	0
230	F	0	0	0	0	0	0	0
231	G	0	0	0	0	0	0	0
232	T	0	0	0	0	0	0	0
233	K	0	0	0	0	0	0	0
234	V	0	0	0	0	0	0	0
235	V	0	0	0	0	0	0	0
236	H	0	0	0	0	0	0	0
237	F	0	0	0	0	0	0	0
238	I	0	0	0	0	0	0	0
239	Y	0	0	0	0	0	0	0
240	I	0	0	0	0	0	0	0
241	A	0	0	0	0	0	0	0
242	I	0	0	0	0	0	0	0
243	L	0	0	0	0	0	0	0
244	S	0	0	0	0	0	0	0
245	Q	0	0	0	0	0	0	0
246	K	N-acetyllysine	YIAILSQKFPKIEFK	HHHHHCCCCCCCCHH	0	0	0	0
247	F	0	0	0	0	0	0	0
248	P	0	0	0	0	0	0	0
249	K	0	0	0	0	0	0	0
250	I	0	0	0	0	0	0	0
251	E	0	0	0	0	0	0	0
252	F	0	0	0	0	0	0	0
253	K	0	0	0	0	0	0	0
254	E	0	0	0	0	0	0	0
255	L	0	0	0	0	0	0	0
256	I	0	0	0	0	0	0	0
257	S	0	0	0	0	0	0	0
258	L	0	0	0	0	0	0	0
259	V	0	0	0	0	0	0	0
260	E	0	0	0	0	0	0	0
261	D	0	0	0	0	0	0	0
262	V	0	0	0	0	0	0	0
263	S	0	0	0	0	0	0	0
264	S	0	0	0	0	0	0	0
265	N	0	0	0	0	0	0	0
266	Y	0	0	0	0	0	0	0
267	D	0	0	0	0	0	0	0
268	G	0	0	0	0	0	0	0
269	C	0	0	0	0	0	0	0
270	C	0	0	0	0	0	0	0
271	E	0	0	0	0	0	0	0
272	G	0	0	0	0	0	0	0
273	D	0	0	0	0	0	0	0
274	V	0	0	0	0	0	0	0
275	V	0	0	0	0	0	0	0
276	Q	0	0	0	0	0	0	0
277	C	0	0	0	0	0	0	0
278	I	0	0	0	0	0	0	0
279	R	0	0	0	0	0	0	0
280	D	0	0	0	0	0	0	0
281	T	0	0	0	0	0	0	0
282	S	0	0	0	0	0	0	0
283	K	0	0	0	0	0	0	0
284	V	0	0	0	0	0	0	0
285	M	0	0	0	0	0	0	0
286	N	0	0	0	0	0	0	0
287	H	0	0	0	0	0	0	0
288	I	0	0	0	0	0	0	0
289	C	0	0	0	0	0	0	0
290	S	0	0	0	0	0	0	0
291	K	0	0	0	0	0	0	0
292	Q	0	0	0	0	0	0	0
293	D	0	0	0	0	0	0	0
294	S	0	0	0	0	0	0	0
295	I	0	0	0	0	0	0	0
296	S	0	0	0	0	0	0	0
297	S	0	0	0	0	0	0	0
298	K	0	0	0	0	0	0	0
299	I	0	0	0	0	0	0	0
300	K	0	0	0	0	0	0	0
301	E	0	0	0	0	0	0	0
302	C	0	0	0	0	0	0	0
303	C	0	0	0	0	0	0	0
304	E	0	0	0	0	0	0	0
305	K	0	0	0	0	0	0	0
306	K	0	0	0	0	0	0	0
307	I	0	0	0	0	0	0	0
308	P	0	0	0	0	0	0	0
309	E	0	0	0	0	0	0	0
310	R	0	0	0	0	0	0	0
311	G	0	0	0	0	0	0	0
312	Q	0	0	0	0	0	0	0
313	C	0	0	0	0	0	0	0
314	I	0	0	0	0	0	0	0
315	I	0	0	0	0	0	0	0
316	N	0	0	0	0	0	0	0
317	S	Phosphoserine	RGQCIINSNKDDRPK	CCCEEECCCCCCCCC	0	0	0	0
318	N	0	0	0	0	0	0	0
319	K	0	0	0	0	0	0	0
320	D	0	0	0	0	0	0	0
321	D	0	0	0	0	0	0	0
322	R	0	0	0	0	0	0	0
323	P	0	0	0	0	0	0	0
324	K	0	0	0	0	0	0	0
325	D	0	0	0	0	0	0	0
326	L	0	0	0	0	0	0	0
327	S	0	0	0	0	0	0	0
328	L	0	0	0	0	0	0	0
329	R	0	0	0	0	0	0	0
330	E	0	0	0	0	0	0	0
331	G	0	0	0	0	0	0	0
332	K	0	0	0	0	0	0	0
333	F	0	0	0	0	0	0	0
334	T	0	0	0	0	0	0	0
335	D	0	0	0	0	0	0	0
336	S	0	0	0	0	0	0	0
337	E	0	0	0	0	0	0	0
338	N	0	0	0	0	0	0	0
339	V	0	0	0	0	0	0	0
340	C	0	0	0	0	0	0	0
341	Q	0	0	0	0	0	0	0
342	E	0	0	0	0	0	0	0
343	R	0	0	0	0	0	0	0
344	D	0	0	0	0	0	0	0
345	A	0	0	0	0	0	0	0
346	D	0	0	0	0	0	0	0
347	P	0	0	0	0	0	0	0
348	D	0	0	0	0	0	0	0
349	T	0	0	0	0	0	0	0
350	F	0	0	0	0	0	0	0
351	F	0	0	0	0	0	0	0
352	A	0	0	0	0	0	0	0
353	K	0	0	0	0	0	0	0
354	F	0	0	0	0	0	0	0
355	T	0	0	0	0	0	0	0
356	F	0	0	0	0	0	0	0
357	E	0	0	0	0	0	0	0
358	Y	0	0	0	0	0	0	0
359	S	0	0	0	0	0	0	0
360	R	0	0	0	0	0	0	0
361	R	0	0	0	0	0	0	0
362	H	0	0	0	0	0	0	0
363	P	0	0	0	0	0	0	0
364	D	0	0	0	0	0	0	0
365	L	0	0	0	0	0	0	0
366	S	0	0	0	0	0	0	0
367	I	0	0	0	0	0	0	0
368	P	0	0	0	0	0	0	0
369	E	0	0	0	0	0	0	0
370	L	0	0	0	0	0	0	0
371	L	0	0	0	0	0	0	0
372	R	0	0	0	0	0	0	0
373	I	0	0	0	0	0	0	0
374	V	0	0	0	0	0	0	0
375	Q	0	0	0	0	0	0	0
376	I	0	0	0	0	0	0	0
377	Y	0	0	0	0	0	0	0
378	K	0	0	0	0	0	0	0
379	D	0	0	0	0	0	0	0
380	L	0	0	0	0	0	0	0
381	L	0	0	0	0	0	0	0
382	R	0	0	0	0	0	0	0
383	N	N-linked (GlcNAc)	IYKDLLRNCCNTENP	HHHHHHHHHCCCCCC	0	0	0	0
384	C	0	0	0	0	0	0	0
385	C	0	0	0	0	0	0	0
386	N	0	0	0	0	0	0	0
387	T	0	0	0	0	0	0	0
388	E	0	0	0	0	0	0	0
389	N	0	0	0	0	0	0	0
390	P	0	0	0	0	0	0	0
391	P	0	0	0	0	0	0	0
392	G	0	0	0	0	0	0	0
393	C	0	0	0	0	0	0	0
394	Y	0	0	0	0	0	0	0
395	R	0	0	0	0	0	H	402,402
396	Y	0	0	0	0	0	0	0
397	A	0	0	0	0	0	0	0
398	E	0	0	0	0	0	0	0
399	D	0	0	0	0	0	0	0
400	K	0	0	0	0	0	0	0
401	F	0	0	0	0	0	0	0
402	N	N-linked Glycosylation	RYAEDKFNETTEKSL	HHHHHHCCHHHHHHH	Blood protein levels:afamin measurement	395 (7)	0	0
403	E	0	0	0	0	0	0	0
404	T	0	0	0	0	0	0	0
405	T	0	0	0	0	0	0	0
406	E	0	0	0	0	0	0	0
407	K	0	0	0	0	0	0	0
408	S	0	0	0	0	0	0	0
409	L	0	0	0	0	0	0	0
410	K	N-linked Glycosylation	ETTEKSLKMVQQECK	HHHHHHHHHHHHHHH	0	0	0	0
411	M	0	0	0	0	0	0	0
412	V	0	0	0	0	0	0	0
413	Q	0	0	0	0	0	0	0
414	Q	0	0	0	0	0	0	0
415	E	0	0	0	0	0	0	0
416	C	0	0	0	0	0	0	0
417	K	0	0	0	0	0	0	0
418	H	0	0	0	0	0	0	0
419	F	0	0	0	0	0	0	0
420	Q	0	0	0	0	0	0	0
421	N	0	0	0	0	0	0	0
422	L	0	0	0	0	0	0	0
423	G	0	0	0	0	0	0	0
424	K	0	0	0	0	0	0	0
425	D	0	0	0	0	0	0	0
426	G	0	0	0	0	0	0	0
427	L	0	0	0	0	0	0	0
428	K	0	0	0	0	0	0	0
429	Y	0	0	0	0	0	0	0
430	H	0	0	0	0	0	0	0
431	Y	0	0	0	0	0	0	0
432	L	0	0	0	0	0	0	0
433	I	0	0	0	0	0	0	0
434	R	0	0	0	0	0	0	0
435	L	0	0	0	0	0	0	0
436	T	0	0	0	0	0	0	0
437	K	0	0	0	0	0	0	0
438	I	0	0	0	0	0	0	0
439	A	0	0	0	0	0	0	0
440	P	0	0	0	0	0	0	0
441	Q	0	0	0	0	0	0	0
442	L	0	0	0	0	0	0	0
443	S	0	0	0	0	0	0	0
444	T	0	0	0	0	0	0	0
445	E	0	0	0	0	0	0	0
446	E	0	0	0	0	0	0	0
447	L	0	0	0	0	0	0	0
448	V	0	0	0	0	0	0	0
449	S	0	0	0	0	0	0	0
450	L	0	0	0	0	0	0	0
451	G	0	0	0	0	0	0	0
452	E	0	0	0	0	0	0	0
453	K	0	0	0	0	0	0	0
454	M	0	0	0	0	0	0	0
455	V	0	0	0	0	0	0	0
456	T	0	0	0	0	0	0	0
457	A	0	0	0	0	0	0	0
458	F	0	0	0	0	0	0	0
459	T	0	0	0	0	0	0	0
460	T	0	0	0	0	0	0	0
461	C	0	0	0	0	0	0	0
462	C	0	0	0	0	0	0	0
463	T	0	0	0	0	0	0	0
464	L	0	0	0	0	0	0	0
465	S	0	0	0	0	0	0	0
466	E	0	0	0	0	0	0	0
467	E	0	0	0	0	0	0	0
468	F	0	0	0	0	0	0	0
469	A	0	0	0	0	0	0	0
470	C	0	0	0	0	0	0	0
471	V	0	0	0	0	0	0	0
472	D	0	0	0	0	0	0	0
473	N	0	0	0	0	0	0	0
474	L	0	0	0	0	0	0	0
475	A	0	0	0	0	0	0	0
476	D	0	0	0	0	0	0	0
477	L	0	0	0	0	0	0	0
478	V	0	0	0	0	0	0	0
479	F	0	0	0	0	0	0	0
480	G	0	0	0	0	0	0	0
481	E	0	0	0	0	0	0	0
482	L	0	0	0	0	0	0	0
483	C	0	0	0	0	0	0	0
484	G	0	0	0	0	0	0	0
485	V	0	0	0	0	0	0	0
486	N	0	0	0	0	0	0	0
487	E	0	0	0	0	0	0	0
488	N	N-linked (GlcNAc)	ELCGVNENRTINPAV	HHCCCCCCCCCCHHH	0	0	0	0
489	R	0	0	0	0	0	0	0
490	T	0	0	0	0	0	0	0
491	I	0	0	0	0	0	0	0
492	N	0	0	0	0	0	0	0
493	P	0	0	0	0	0	0	0
494	A	0	0	0	0	0	0	0
495	V	0	0	0	0	0	0	0
496	D	0	0	0	0	0	0	0
497	H	0	0	0	0	0	0	0
498	C	0	0	0	0	0	0	0
499	C	0	0	0	0	0	0	0
500	K	0	0	0	0	0	0	0
501	T	0	0	0	0	0	0	0
502	N	0	0	0	0	0	0	0
503	F	0	0	0	0	0	0	0
504	A	0	0	0	0	0	0	0
505	F	0	0	0	0	0	0	0
506	R	0	0	0	0	0	0	0
507	R	0	0	0	0	0	0	0
508	P	0	0	0	0	0	0	0
509	C	0	0	0	0	0	0	0
510	F	0	0	0	0	0	0	0
511	E	0	0	0	0	0	0	0
512	S	0	0	0	0	0	0	0
513	L	0	0	0	0	0	0	0
514	K	0	0	0	0	0	0	0
515	A	0	0	0	0	0	0	0
516	D	0	0	0	0	0	0	0
517	K	0	0	0	0	0	0	0
518	T	0	0	0	0	0	0	0
519	Y	0	0	0	0	0	0	0
520	V	0	0	0	0	0	0	0
521	P	0	0	0	0	0	0	0
522	P	0	0	0	0	0	0	0
523	P	0	0	0	0	0	0	0
524	F	0	0	0	0	0	0	0
525	S	0	0	0	0	0	0	0
526	Q	0	0	0	0	0	0	0
527	D	0	0	0	0	0	0	0
528	L	0	0	0	0	0	0	0
529	F	0	0	0	0	0	0	0
530	T	0	0	0	0	0	0	0
531	F	0	0	0	0	0	0	0
532	H	0	0	0	0	0	0	0
533	A	0	0	0	0	0	0	0
534	D	0	0	0	0	0	0	0
535	M	0	0	0	0	0	0	0
536	C	0	0	0	0	0	0	0
537	Q	0	0	0	0	0	0	0
538	S	0	0	0	0	0	0	0
539	Q	0	0	0	0	0	0	0
540	N	0	0	0	0	0	0	0
541	E	0	0	0	0	0	0	0
542	E	0	0	0	0	0	0	0
543	L	0	0	0	0	0	0	0
544	Q	0	0	0	0	0	0	0
545	R	0	0	0	0	0	0	0
546	K	0	0	0	0	0	0	0
547	T	0	0	0	0	0	0	0
548	D	0	0	0	0	0	0	0
549	R	0	0	0	0	0	0	0
550	F	0	0	0	0	0	0	0
551	L	0	0	0	0	0	0	0
552	V	0	0	0	0	0	0	0
553	N	0	0	0	0	0	0	0
554	L	0	0	0	0	0	0	0
555	V	0	0	0	0	0	0	0
556	K	0	0	0	0	0	0	0
557	L	0	0	0	0	0	0	0
558	K	0	0	0	0	0	0	0
559	H	0	0	0	0	0	0	0
560	E	0	0	0	0	0	0	0
561	L	0	0	0	0	0	0	0
562	T	0	0	0	0	0	0	0
563	D	0	0	0	0	0	0	0
564	E	0	0	0	0	0	0	0
565	E	0	0	0	0	0	0	0
566	L	0	0	0	0	0	0	0
567	Q	0	0	0	0	0	0	0
568	S	0	0	0	0	0	0	0
569	L	0	0	0	0	0	0	0
570	F	0	0	0	0	0	0	0
571	T	0	0	0	0	0	0	0
572	N	0	0	0	0	0	0	0
573	F	0	0	0	0	0	0	0
574	A	0	0	0	0	0	0	0
575	N	0	0	0	0	0	0	0
576	V	0	0	0	0	0	0	0
577	V	0	0	0	0	0	0	0
578	D	0	0	0	0	0	0	0
579	K	0	0	0	0	0	0	0
580	C	0	0	0	0	0	0	0
581	C	0	0	0	0	0	0	0
582	K	0	0	0	0	0	0	0
583	A	0	0	0	0	0	0	0
584	E	0	0	0	0	0	0	0
585	S	0	0	0	0	0	0	0
586	P	0	0	0	0	0	0	0
587	E	0	0	0	0	0	0	0
588	V	0	0	0	0	0	0	0
589	C	0	0	0	0	0	0	0
590	F	0	0	0	0	0	0	0
591	N	0	0	0	0	0	0	0
592	E	0	0	0	0	0	0	0
593	E	0	0	0	0	0	0	0
594	S	0	0	0	0	0	0	0
595	P	0	0	0	0	0	0	0
596	K	0	0	0	0	0	0	0
597	I	0	0	0	0	0	0	0
598	G	0	0	0	0	0	0	0
599	N	0	0	0	0	0	0	0
