location	residue	Modification	seq	secStruc	RelatedDisease	VariantPosition	ResidueChange	DaPSbySAP
1	M	0	0	0	0	0	0	0
2	A	N-acetylalanine	------MASSTGDRS	------CCCCCCCHH	GLP-1 levels in response to oral glucose tolerance test (fasting):glucagon-like peptide-1 measurement, glucose tolerance test	11 (9)	0	0
3	S	0	0	0	0	0	0	0
4	S	0	0	0	0	0	0	0
5	T	0	0	0	0	0	0	0
6	G	0	0	0	0	0	0	0
7	D	0	0	0	0	0	0	0
8	R	0	0	0	0	0	0	0
9	S	0	0	0	0	0	0	0
10	Q	0	0	0	0	0	0	0
11	A	0	0	0	0	0	E;V	2
12	V	0	0	0	0	0	0	0
13	R	0	0	0	0	0	0	0
14	H	0	0	0	0	0	0	0
15	G	0	0	0	0	0	0	0
16	L	0	0	0	0	0	0	0
17	R	0	0	0	0	0	0	0
18	A	0	0	0	0	0	0	0
19	K	0	0	0	0	0	0	0
20	V	0	0	0	0	0	0	0
21	L	0	0	0	0	0	0	0
22	T	Phosphothreonine	GLRAKVLTLDGMNPR	CHHEEEEEECCCCHH	0	0	0	0
23	L	0	0	0	0	0	0	0
24	D	0	0	0	0	0	0	0
25	G	0	0	0	0	0	0	0
26	M	0	0	0	0	0	0	0
27	N	0	0	0	0	0	0	0
28	P	0	0	0	0	0	0	0
29	R	0	0	0	0	0	0	0
30	V	0	0	0	0	0	0	0
31	R	0	0	0	0	0	0	0
32	R	0	0	0	0	0	0	0
33	V	0	0	0	0	0	0	0
34	E	0	0	0	0	0	0	0
35	Y	Phosphotyrosine	PRVRRVEYAVRGPIV	HHHHEHHHHHHCHHH	0	0	0	0
36	A	0	0	0	0	0	0	0
37	V	0	0	0	0	0	0	0
38	R	0	0	0	0	0	0	0
39	G	0	0	0	0	0	0	0
40	P	0	0	0	0	0	0	0
41	I	0	0	0	0	0	0	0
42	V	0	0	0	0	0	0	0
43	Q	0	0	0	0	0	0	0
44	R	0	0	0	0	0	0	0
45	A	0	0	0	0	0	0	0
46	L	0	0	0	0	0	0	0
47	E	0	0	0	0	0	0	0
48	L	0	0	0	0	0	0	0
49	E	0	0	0	0	0	0	0
50	Q	0	0	0	0	0	0	0
51	E	0	0	0	0	0	0	0
52	L	0	0	0	0	0	0	0
53	R	0	0	0	0	0	0	0
54	Q	0	0	0	0	0	0	0
55	G	0	0	0	0	0	0	0
56	V	0	0	0	0	0	0	0
57	K	0	0	0	0	0	0	0
58	K	0	0	0	0	0	0	0
59	P	0	0	0	0	0	0	0
60	F	0	0	0	0	0	0	0
61	T	Phosphothreonine	QGVKKPFTEVIRANI	HCCCCCHHHHHHHHC	0	0	0	0
62	E	0	0	0	0	0	0	0
63	V	0	0	0	0	0	0	0
64	I	0	0	0	0	0	0	0
65	R	0	0	0	0	0	0	0
66	A	0	0	0	0	0	0	0
67	N	0	0	0	0	0	0	0
68	I	0	0	0	0	0	0	0
69	G	0	0	0	0	0	0	0
70	D	0	0	0	0	0	0	0
71	A	0	0	0	0	0	0	0
72	Q	0	0	0	0	0	0	0
73	A	0	0	0	0	0	0	0
74	M	0	0	0	0	0	0	0
75	G	0	0	0	0	0	0	0
76	Q	0	0	0	0	0	0	0
77	R	0	0	0	0	0	0	0
78	P	0	0	0	0	0	0	0
79	I	0	0	0	0	0	0	0
80	T	0	0	0	0	0	0	0
81	F	0	0	0	0	0	0	0
82	L	0	0	0	0	0	0	0
83	R	0	0	0	0	0	0	0
84	Q	0	0	0	0	0	0	0
85	V	0	0	0	0	0	0	0
86	L	0	0	0	0	0	0	0
87	A	0	0	0	0	0	0	0
88	L	0	0	0	0	0	0	0
89	C	0	0	0	0	0	0	0
90	V	0	0	0	0	0	0	0
91	N	0	0	0	0	0	0	0
92	P	0	0	0	0	0	0	0
93	D	0	0	0	0	0	0	0
94	L	0	0	0	0	0	0	0
95	L	0	0	0	0	0	0	0
96	S	0	0	0	0	0	0	0
97	S	0	0	0	0	0	0	0
98	P	0	0	0	0	0	0	0
99	N	0	0	0	0	0	0	0
100	F	0	0	0	0	0	0	0
101	P	0	0	0	0	0	0	0
102	D	0	0	0	0	0	0	0
103	D	0	0	0	0	0	0	0
104	A	0	0	0	0	0	0	0
105	K	0	0	0	0	0	0	0
106	K	0	0	0	0	0	0	0
107	R	0	0	0	0	0	0	0
108	A	0	0	0	0	0	0	0
109	E	0	0	0	0	0	0	0
110	R	0	0	0	0	0	0	0
111	I	0	0	0	0	0	0	0
112	L	0	0	0	0	0	0	0
113	Q	0	0	0	0	0	0	0
114	A	0	0	0	0	0	0	0
115	C	0	0	0	0	0	0	0
116	G	0	0	0	0	0	0	0
117	G	0	0	0	0	0	0	0
118	H	0	0	0	0	0	0	0
119	S	0	0	0	0	0	0	0
120	L	0	0	0	0	0	0	0
121	G	0	0	0	0	0	0	0
122	A	0	0	0	0	0	0	0
123	Y	0	0	0	0	0	0	0
124	S	0	0	0	0	0	0	0
125	V	0	0	0	0	0	0	0
126	S	0	0	0	0	0	0	0
127	S	0	0	0	0	0	0	0
128	G	0	0	0	0	0	0	0
129	I	0	0	0	0	0	0	0
130	Q	0	0	0	0	0	0	0
131	L	0	0	0	0	0	0	0
132	I	0	0	0	0	0	0	0
133	R	0	0	0	0	0	0	0
134	E	0	0	0	0	0	0	0
135	D	0	0	0	0	0	0	0
136	V	0	0	0	0	0	0	0
137	A	0	0	0	0	0	0	0
138	R	0	0	0	0	0	0	0
139	Y	0	0	0	0	0	0	0
140	I	0	0	0	0	0	0	0
141	E	0	0	0	0	0	0	0
142	R	0	0	0	0	0	0	0
143	R	0	0	0	0	0	0	0
144	D	0	0	0	0	0	0	0
145	G	0	0	0	0	0	0	0
146	G	0	0	0	0	0	0	0
147	I	0	0	0	0	0	0	0
148	P	0	0	0	0	0	0	0
149	A	0	0	0	0	0	0	0
150	D	0	0	0	0	0	0	0
151	P	0	0	0	0	0	0	0
152	N	0	0	0	0	0	0	0
153	N	0	0	0	0	0	0	0
154	V	0	0	0	0	0	0	0
155	F	0	0	0	0	0	0	0
156	L	0	0	0	0	0	0	0
157	S	0	0	0	0	0	0	0
158	T	0	0	0	0	0	0	0
159	G	0	0	0	0	0	0	0
160	A	0	0	0	0	0	0	0
161	S	0	0	0	0	0	0	0
162	D	0	0	0	0	0	0	0
163	A	0	0	0	0	0	0	0
164	I	0	0	0	0	0	0	0
165	V	0	0	0	0	0	0	0
166	T	0	0	0	0	0	0	0
167	V	0	0	0	0	0	0	0
168	L	0	0	0	0	0	0	0
169	K	0	0	0	0	0	0	0
170	L	0	0	0	0	0	0	0
171	L	0	0	0	0	0	0	0
172	V	0	0	0	0	0	0	0
173	A	0	0	0	0	0	0	0
174	G	0	0	0	0	0	0	0
175	E	0	0	0	0	0	0	0
176	G	0	0	0	0	0	0	0
177	H	0	0	0	0	0	0	0
178	T	Phosphothreonine	LVAGEGHTRTGVLIP	HHCCCCCCCCEEEEE	0	0	0	0
179	R	0	0	0	0	0	0	0
180	T	0	0	0	0	0	0	0
181	G	0	0	0	0	0	0	0
182	V	0	0	0	0	0	0	0
183	L	0	0	0	0	0	0	0
184	I	0	0	0	0	0	0	0
185	P	0	0	0	0	0	0	0
186	I	0	0	0	0	0	0	0
187	P	0	0	0	0	0	0	0
188	Q	0	0	0	0	0	0	0
189	Y	Phosphotyrosine	VLIPIPQYPLYSATL	EEEECCCCCCCCCHH	0	0	0	0
190	P	0	0	0	0	0	0	0
191	L	0	0	0	0	0	0	0
192	Y	0	0	0	0	0	0	0
193	S	0	0	0	0	0	0	0
194	A	0	0	0	0	0	0	0
195	T	0	0	0	0	0	0	0
196	L	0	0	0	0	0	0	0
197	A	0	0	0	0	0	0	0
198	E	0	0	0	0	0	0	0
199	L	0	0	0	0	0	0	0
200	G	0	0	0	0	0	0	0
201	A	0	0	0	0	0	0	0
202	V	0	0	0	0	0	0	0
203	Q	0	0	0	0	0	0	0
204	V	0	0	0	0	0	0	0
205	D	0	0	0	0	0	0	0
206	Y	0	0	0	0	0	0	0
207	Y	0	0	0	0	0	0	0
208	L	0	0	0	0	0	0	0
209	D	0	0	0	0	0	0	0
210	E	0	0	0	0	0	0	0
211	E	0	0	0	0	0	0	0
212	R	0	0	0	0	0	0	0
213	A	0	0	0	0	0	0	0
214	W	0	0	0	0	0	0	0
215	A	0	0	0	0	0	0	0
216	L	0	0	0	0	0	0	0
217	D	0	0	0	0	0	0	0
218	V	0	0	0	0	0	0	0
219	A	0	0	0	0	0	0	0
220	E	0	0	0	0	0	0	0
221	L	0	0	0	0	0	0	0
222	H	0	0	0	0	0	0	0
223	R	0	0	0	0	0	0	0
224	A	0	0	0	0	0	0	0
225	L	0	0	0	0	0	0	0
226	G	0	0	0	0	0	0	0
227	Q	0	0	0	0	0	0	0
228	A	0	0	0	0	0	0	0
229	R	0	0	0	0	0	0	0
230	D	0	0	0	0	0	0	0
231	H	0	0	0	0	0	0	0
232	C	0	0	0	0	0	0	0
233	R	0	0	0	0	0	0	0
234	P	0	0	0	0	0	0	0
235	R	0	0	0	0	0	0	0
236	A	0	0	0	0	0	0	0
237	L	0	0	0	0	0	0	0
238	C	0	0	0	0	0	0	0
239	V	0	0	0	0	0	0	0
240	I	0	0	0	0	0	0	0
241	N	0	0	0	0	0	0	0
242	P	0	0	0	0	0	0	0
243	G	0	0	0	0	0	0	0
244	N	0	0	0	0	0	0	0
245	P	0	0	0	0	0	0	0
246	T	0	0	0	0	0	0	0
247	G	0	0	0	0	0	0	0
248	Q	0	0	0	0	0	0	0
249	V	0	0	0	0	0	0	0
250	Q	0	0	0	0	0	0	0
251	T	0	0	0	0	0	0	0
252	R	0	0	0	0	0	0	0
253	E	0	0	0	0	0	0	0
254	C	0	0	0	0	0	0	0
255	I	0	0	0	0	0	0	0
256	E	0	0	0	0	0	0	0
257	A	0	0	0	0	0	0	0
258	V	0	0	0	0	0	0	0
259	I	0	0	0	0	0	0	0
260	R	0	0	0	0	0	0	0
261	F	0	0	0	0	0	0	0
262	A	0	0	0	0	0	0	0
263	F	0	0	0	0	0	0	0
264	E	0	0	0	0	0	0	0
265	E	0	0	0	0	0	0	0
266	R	0	0	0	0	0	0	0
267	L	0	0	0	0	0	0	0
268	F	0	0	0	0	0	0	0
269	L	0	0	0	0	0	0	0
270	L	0	0	0	0	0	0	0
271	A	0	0	0	0	0	0	0
272	D	0	0	0	0	0	0	0
273	E	0	0	0	0	0	0	0
274	V	0	0	0	0	0	0	0
275	Y	0	0	0	0	0	0	0
276	Q	0	0	0	0	0	0	0
277	D	0	0	0	0	0	0	0
278	N	0	0	0	0	0	0	0
279	V	0	0	0	0	0	0	0
280	Y	0	0	0	0	0	0	0
281	A	0	0	0	0	0	0	0
282	A	0	0	0	0	0	0	0
283	G	0	0	0	0	0	0	0
284	S	0	0	0	0	0	0	0
285	Q	0	0	0	0	0	0	0
286	F	0	0	0	0	0	0	0
287	H	0	0	0	0	0	0	0
288	S	0	0	0	0	0	0	0
289	F	0	0	0	0	0	0	0
290	K	N-acetyllysine	GSQFHSFKKVLMEMG	CCCHHHHHHHHHHHC	0	0	0	0
291	K	0	0	0	0	0	0	0
292	V	0	0	0	0	0	0	0
293	L	0	0	0	0	0	0	0
294	M	0	0	0	0	0	0	0
295	E	0	0	0	0	0	0	0
296	M	0	0	0	0	0	0	0
297	G	0	0	0	0	0	0	0
298	P	0	0	0	0	0	0	0
299	P	0	0	0	0	0	0	0
300	Y	Phosphotyrosine	LMEMGPPYAGQQELA	HHHHCCCCCCHHHHH	0	0	0	0
301	A	0	0	0	0	0	0	0
302	G	0	0	0	0	0	0	0
303	Q	0	0	0	0	0	0	0
304	Q	0	0	0	0	0	0	0
305	E	0	0	0	0	0	0	0
306	L	0	0	0	0	0	0	0
307	A	0	0	0	0	0	0	0
308	S	0	0	0	0	0	0	0
309	F	0	0	0	0	0	0	0
310	H	0	0	0	0	0	0	0
311	S	Phosphoserine	QELASFHSTSKGYMG	HHHHHHCCCCCCCCC	0	0	0	0
312	T	Phosphothreonine	ELASFHSTSKGYMGE	HHHHHCCCCCCCCCC	0	0	0	0
313	S	Phosphoserine	LASFHSTSKGYMGEC	HHHHCCCCCCCCCCC	0	0	0	0
314	K	0	0	0	0	0	0	0
315	G	0	0	0	0	0	0	0
316	Y	Phosphotyrosine	FHSTSKGYMGECGFR	HCCCCCCCCCCCCCC	0	0	0	0
317	M	0	0	0	0	0	0	0
318	G	0	0	0	0	0	0	0
319	E	0	0	0	0	0	0	0
320	C	0	0	0	0	0	0	0
321	G	0	0	0	0	0	0	0
322	F	0	0	0	0	0	0	0
323	R	0	0	0	0	0	0	0
324	G	0	0	0	0	0	0	0
325	G	0	0	0	0	0	0	0
326	Y	0	0	0	0	0	0	0
327	V	0	0	0	0	0	0	0
328	E	0	0	0	0	0	0	0
329	V	0	0	0	0	0	0	0
330	V	0	0	0	0	0	0	0
331	N	0	0	0	0	0	0	0
332	M	0	0	0	0	0	0	0
333	D	0	0	0	0	0	0	0
334	A	0	0	0	0	0	0	0
335	A	0	0	0	0	0	0	0
336	V	0	0	0	0	0	0	0
337	Q	0	0	0	0	0	0	0
338	Q	0	0	0	0	0	0	0
339	Q	0	0	0	0	0	0	0
340	M	0	0	0	0	0	0	0
341	L	0	0	0	0	0	0	0
342	K	0	0	0	0	0	0	0
343	L	0	0	0	0	0	0	0
344	M	0	0	0	0	0	0	0
345	S	0	0	0	0	0	0	0
346	V	0	0	0	0	0	0	0
347	R	0	0	0	0	0	0	0
348	L	0	0	0	0	0	0	0
349	C	0	0	0	0	0	0	0
350	P	0	0	0	0	0	0	0
351	P	0	0	0	0	0	0	0
352	V	0	0	0	0	0	0	0
353	P	0	0	0	0	0	0	0
354	G	0	0	0	0	0	0	0
355	Q	0	0	0	0	0	0	0
356	A	0	0	0	0	0	0	0
357	L	0	0	0	0	0	0	0
358	L	0	0	0	0	0	0	0
359	D	0	0	0	0	0	0	0
360	L	0	0	0	0	0	0	0
361	V	0	0	0	0	0	0	0
362	V	0	0	0	0	0	0	0
363	S	0	0	0	0	0	0	0
364	P	0	0	0	0	0	0	0
365	P	0	0	0	0	0	0	0
366	A	0	0	0	0	0	0	0
367	P	0	0	0	0	0	0	0
368	T	0	0	0	0	0	0	0
369	D	0	0	0	0	0	0	0
370	P	0	0	0	0	0	0	0
371	S	0	0	0	0	0	0	0
372	F	0	0	0	0	0	0	0
373	A	0	0	0	0	0	0	0
374	Q	0	0	0	0	0	0	0
375	F	0	0	0	0	0	0	0
376	Q	0	0	0	0	0	0	0
377	A	0	0	0	0	0	0	0
378	E	0	0	0	0	0	0	0
379	K	0	0	0	0	0	0	0
380	Q	0	0	0	0	0	0	0
381	A	0	0	0	0	0	0	0
382	V	0	0	0	0	0	0	0
383	L	0	0	0	0	0	0	0
384	A	0	0	0	0	0	0	0
385	E	0	0	0	0	0	0	0
386	L	0	0	0	0	0	0	0
387	A	0	0	0	0	0	0	0
388	A	0	0	0	0	0	0	0
389	K	0	0	0	0	0	0	0
390	A	0	0	0	0	0	0	0
391	K	0	0	0	0	0	0	0
392	L	0	0	0	0	0	0	0
393	T	0	0	0	0	0	0	0
394	E	0	0	0	0	0	0	0
395	Q	0	0	0	0	0	0	0
396	V	0	0	0	0	0	0	0
397	F	0	0	0	0	0	0	0
398	N	0	0	0	0	0	0	0
399	E	0	0	0	0	0	0	0
400	A	0	0	0	0	0	0	0
401	P	0	0	0	0	0	0	0
402	G	0	0	0	0	0	0	0
403	I	0	0	0	0	0	0	0
404	S	0	0	0	0	0	0	0
405	C	0	0	0	0	0	0	0
406	N	0	0	0	0	0	0	0
407	P	0	0	0	0	0	0	0
408	V	0	0	0	0	0	0	0
409	Q	0	0	0	0	0	0	0
410	G	0	0	0	0	0	0	0
411	A	0	0	0	0	0	0	0
412	M	0	0	0	0	0	0	0
413	Y	Phosphotyrosine	NPVQGAMYSFPRVQL	CCCCCCCCCCCCCCC	0	0	0	0
414	S	Phosphoserine	PVQGAMYSFPRVQLP	CCCCCCCCCCCCCCC	0	0	0	0
415	F	0	0	0	0	0	0	0
416	P	0	0	0	0	0	0	0
417	R	0	0	0	0	0	0	0
418	V	0	0	0	0	0	0	0
419	Q	0	0	0	0	0	0	0
420	L	0	0	0	0	0	0	0
421	P	0	0	0	0	0	0	0
422	P	0	0	0	0	0	0	0
423	R	0	0	0	0	0	0	0
424	A	0	0	0	0	0	0	0
425	V	0	0	0	0	0	0	0
426	E	0	0	0	0	0	0	0
427	R	0	0	0	0	0	0	0
428	A	0	0	0	0	0	0	0
429	Q	0	0	0	0	0	0	0
430	E	0	0	0	0	0	0	0
431	L	0	0	0	0	0	0	0
432	G	0	0	0	0	0	0	0
433	L	0	0	0	0	0	0	0
434	A	0	0	0	0	0	0	0
435	P	0	0	0	0	0	0	0
436	D	0	0	0	0	0	0	0
437	M	0	0	0	0	0	0	0
438	F	0	0	0	0	0	0	0
439	F	0	0	0	0	0	0	0
440	C	0	0	0	0	0	0	0
441	L	0	0	0	0	0	0	0
442	R	0	0	0	0	0	0	0
443	L	0	0	0	0	0	0	0
444	L	0	0	0	0	0	0	0
445	E	0	0	0	0	0	0	0
446	E	0	0	0	0	0	0	0
447	T	0	0	0	0	0	0	0
448	G	0	0	0	0	0	0	0
449	I	0	0	0	0	0	0	0
450	C	0	0	0	0	0	0	0
451	V	0	0	0	0	0	0	0
452	V	0	0	0	0	0	0	0
453	P	0	0	0	0	0	0	0
454	G	0	0	0	0	0	0	0
455	S	0	0	0	0	0	0	0
456	G	0	0	0	0	0	0	0
457	F	0	0	0	0	0	0	0
458	G	0	0	0	0	0	0	0
459	Q	0	0	0	0	0	0	0
460	R	0	0	0	0	0	0	0
461	E	0	0	0	0	0	0	0
462	G	0	0	0	0	0	0	0
463	T	0	0	0	0	0	0	0
464	Y	0	0	0	0	0	0	0
465	H	0	0	0	0	0	0	0
466	F	0	0	0	0	0	0	0
467	R	0	0	0	0	0	0	0
468	M	0	0	0	0	0	0	0
469	T	0	0	0	0	0	0	0
470	I	0	0	0	0	0	0	0
471	L	0	0	0	0	0	0	0
472	P	0	0	0	0	0	0	0
473	P	0	0	0	0	0	0	0
474	L	0	0	0	0	0	0	0
475	E	0	0	0	0	0	0	0
476	K	0	0	0	0	0	0	0
477	L	0	0	0	0	0	0	0
478	R	0	0	0	0	0	0	0
479	L	0	0	0	0	0	0	0
480	L	0	0	0	0	0	0	0
481	L	0	0	0	0	0	0	0
482	E	0	0	0	0	0	0	0
483	K	0	0	0	0	0	0	0
484	L	0	0	0	0	0	0	0
485	S	Phosphoserine	RLLLEKLSRFHAKFT	HHHHHHHHHHHHHEE	0	0	0	0
486	R	0	0	0	0	0	0	0
487	F	0	0	0	0	0	0	0
488	H	0	0	0	0	0	0	0
489	A	0	0	0	0	0	0	0
490	K	0	0	0	0	0	0	0
491	F	0	0	0	0	0	0	0
492	T	0	0	0	0	0	0	0
493	L	0	0	0	0	0	0	0
494	E	0	0	0	0	0	0	0
495	Y	0	0	0	0	0	0	0
496	S	Phosphoserine	AKFTLEYS-------	HHEEEECC-------	0	0	0	0
