location	residue	Modification	seq	secStruc	RelatedDisease	VariantPosition	ResidueChange	DaPSbySAP
1	M	0	0	0	0	0	0	0
2	I	0	0	0	0	0	0	0
3	S	0	0	0	0	0	0	0
4	P	0	0	0	0	0	0	0
5	V	0	0	0	0	0	0	0
6	L	0	0	0	0	0	0	0
7	I	0	0	0	0	0	0	0
8	L	0	0	0	0	0	0	0
9	F	0	0	0	0	0	0	0
10	S	0	0	0	0	0	0	0
11	S	0	0	0	0	0	0	0
12	F	0	0	0	0	0	0	0
13	L	0	0	0	0	0	0	0
14	C	0	0	0	0	0	0	0
15	H	0	0	0	0	0	0	0
16	V	0	0	0	0	0	0	0
17	A	0	0	0	0	0	0	0
18	I	0	0	0	0	0	0	0
19	A	0	0	0	0	0	0	0
20	G	0	0	0	0	0	0	0
21	R	0	0	0	0	0	0	0
22	T	0	0	0	0	0	0	0
23	C	0	0	0	0	0	0	0
24	P	0	0	0	0	0	0	0
25	K	0	0	0	0	0	0	0
26	P	0	0	0	0	0	0	0
27	D	0	0	0	0	0	0	0
28	D	0	0	0	0	0	0	0
29	L	0	0	0	0	0	0	0
30	P	0	0	0	0	0	0	0
31	F	0	0	0	0	0	0	0
32	S	0	0	0	0	0	0	0
33	T	0	0	0	0	0	0	0
34	V	0	0	0	0	0	0	0
35	V	0	0	0	0	0	0	0
36	P	0	0	0	0	0	0	0
37	L	0	0	0	0	0	0	0
38	K	0	0	0	0	0	0	0
39	T	0	0	0	0	0	0	0
40	F	0	0	0	0	0	0	0
41	Y	0	0	0	0	0	0	0
42	E	0	0	0	0	0	0	0
43	P	0	0	0	0	0	0	0
44	G	0	0	0	0	0	0	0
45	E	0	0	0	0	0	0	0
46	E	0	0	0	0	0	0	0
47	I	0	0	0	0	0	0	0
48	T	0	0	0	0	0	0	0
49	Y	0	0	0	0	0	0	0
50	S	0	0	0	0	0	0	0
51	C	0	0	0	0	0	0	0
52	K	0	0	0	0	0	0	0
53	P	0	0	0	0	0	0	0
54	G	0	0	0	0	0	0	0
55	Y	0	0	0	0	0	0	0
56	V	0	0	0	0	0	0	0
57	S	0	0	0	0	0	0	0
58	R	0	0	0	0	0	0	0
59	G	0	0	0	0	0	0	0
60	G	0	0	0	0	0	0	0
61	M	0	0	0	0	0	0	0
62	R	0	0	0	0	0	0	0
63	K	0	0	0	0	0	0	0
64	F	0	0	0	0	0	0	0
65	I	0	0	0	0	0	0	0
66	C	0	0	0	0	0	0	0
67	P	0	0	0	0	0	0	0
68	L	0	0	0	0	0	0	0
69	T	0	0	0	0	0	0	0
70	G	0	0	0	0	0	0	0
71	L	0	0	0	0	0	0	0
72	W	0	0	0	0	0	0	0
73	P	0	0	0	0	0	0	0
74	I	0	0	0	0	0	0	0
75	N	0	0	0	0	0	0	0
76	T	0	0	0	0	0	0	0
77	L	0	0	0	0	0	0	0
78	K	0	0	0	0	0	0	0
79	C	0	0	0	0	0	0	0
80	T	0	0	0	0	0	0	0
81	P	0	0	0	0	0	0	0
82	R	0	0	0	0	0	0	0
83	V	0	0	0	0	0	0	0
84	C	0	0	0	0	0	0	0
85	P	0	0	0	0	0	0	0
86	F	0	0	0	0	0	0	0
87	A	0	0	0	0	0	0	0
88	G	0	0	0	0	0	0	0
89	I	0	0	0	0	0	0	0
90	L	0	0	0	0	0	0	0
91	E	0	0	0	0	0	0	0
92	N	0	0	0	0	0	0	0
93	G	0	0	0	0	0	0	0
94	A	0	0	0	0	0	0	0
95	V	0	0	0	0	0	0	0
96	R	0	0	0	0	0	0	0
97	Y	0	0	0	0	0	0	0
98	T	0	0	0	0	0	0	0
99	T	0	0	0	0	0	0	0
100	F	0	0	0	0	0	0	0
101	E	0	0	0	0	0	0	0
102	Y	0	0	0	0	0	0	0
103	P	0	0	0	0	0	0	0
104	N	0	0	0	0	0	0	0
105	T	0	0	0	0	0	0	0
106	I	0	0	0	0	0	0	0
107	S	0	0	0	0	0	0	0
108	F	0	0	0	0	0	0	0
109	S	0	0	0	0	0	0	0
110	C	0	0	0	0	0	0	0
111	N	0	0	0	0	0	0	0
112	T	0	0	0	0	0	0	0
113	G	0	0	0	0	0	0	0
114	F	0	0	0	0	0	0	0
115	Y	0	0	0	0	0	0	0
116	L	0	0	0	0	0	0	0
117	N	0	0	0	0	0	0	0
118	G	0	0	0	0	0	0	0
119	A	0	0	0	0	0	0	0
120	D	0	0	0	0	0	0	0
121	S	0	0	0	0	0	0	0
122	A	0	0	0	0	0	0	0
123	K	0	0	0	0	0	0	0
124	C	0	0	0	0	0	0	0
125	T	0	0	0	0	0	0	0
126	E	N-linked Glycosylation	ADSAKCTEEGKWSPE	CCCCCCCCCCCCCCC	0	0	0	0
127	E	0	0	0	0	0	0	0
128	G	0	0	0	0	0	0	0
129	K	0	0	0	0	0	0	0
130	W	0	0	0	0	0	0	0
131	S	0	0	0	0	0	0	0
132	P	0	0	0	0	0	0	0
133	E	0	0	0	0	0	0	0
134	L	0	0	0	0	0	0	0
135	P	0	0	0	0	0	0	0
136	V	0	0	0	0	0	0	0
137	C	0	0	0	0	0	0	0
138	A	0	0	0	0	0	0	0
139	P	0	0	0	0	0	0	0
140	I	0	0	0	0	0	0	0
141	I	0	0	0	0	0	0	0
142	C	0	0	0	0	0	0	0
143	P	0	0	0	0	0	0	0
144	P	0	0	0	0	0	0	0
145	P	0	0	0	0	0	0	0
146	S	0	0	0	0	0	0	0
147	I	0	0	0	0	0	0	0
148	P	0	0	0	0	0	0	0
149	T	O-linked (HexNAc)	CPPPSIPTFATLRVY	CCCCCCCCEEEEEEE	Blood protein levels:Dickkopf-related protein 4 measurement;Blood protein levels:NAD-dependent protein deacetylase sirtuin-2 measurement	154 (5)	0	0
150	F	0	0	0	0	0	0	0
151	A	0	0	0	0	0	0	0
152	T	0	0	0	0	0	0	0
153	L	0	0	0	0	0	0	0
154	R	0	0	0	0	0	H	149,156,162
155	V	0	0	0	0	0	0	0
156	Y	N-linked Glycosylation	TFATLRVYKPSAGNN	CEEEEEEECCCCCCC	Blood protein levels:Dickkopf-related protein 4 measurement;Blood protein levels:NAD-dependent protein deacetylase sirtuin-2 measurement	154 (2)	0	0
157	K	0	0	0	0	0	0	0
158	P	0	0	0	0	0	0	0
159	S	0	0	0	0	0	0	0
160	A	0	0	0	0	0	0	0
161	G	0	0	0	0	0	0	0
162	N	N-linked Glycosylation	VYKPSAGNNSLYRDT	EECCCCCCCCCCCCE	Blood protein levels:Dickkopf-related protein 4 measurement;Blood protein levels:NAD-dependent protein deacetylase sirtuin-2 measurement	154 (8)	0	0
163	N	0	0	0	0	0	0	0
164	S	0	0	0	0	0	0	0
165	L	0	0	0	0	0	0	0
166	Y	0	0	0	0	0	0	0
167	R	0	0	0	0	0	0	0
168	D	0	0	0	0	0	0	0
169	T	0	0	0	0	0	0	0
170	A	0	0	0	0	0	0	0
171	V	0	0	0	0	0	0	0
172	F	0	0	0	0	0	0	0
173	E	0	0	0	0	0	0	0
174	C	0	0	0	0	0	0	0
175	L	0	0	0	0	0	0	0
176	P	0	0	0	0	0	0	0
177	Q	0	0	0	0	0	0	0
178	H	0	0	0	0	0	0	0
179	A	0	0	0	0	0	0	0
180	M	0	0	0	0	0	0	0
181	F	0	0	0	0	0	0	0
182	G	0	0	0	0	0	0	0
183	N	N-linked Glycosylation	PQHAMFGNDTITCTT	CCHHCCCCCEEEEEC	0	0	0	0
184	D	0	0	0	0	0	0	0
185	T	0	0	0	0	0	0	0
186	I	0	0	0	0	0	0	0
187	T	0	0	0	0	0	0	0
188	C	0	0	0	0	0	0	0
189	T	0	0	0	0	0	0	0
190	T	0	0	0	0	0	0	0
191	H	0	0	0	0	0	0	0
192	G	0	0	0	0	0	0	0
193	N	N-linked Glycosylation	ITCTTHGNWTKLPEC	EEEECCCCCCCCCCC	0	0	0	0
194	W	0	0	0	0	0	0	0
195	T	0	0	0	0	0	0	0
196	K	0	0	0	0	0	0	0
197	L	0	0	0	0	0	0	0
198	P	0	0	0	0	0	0	0
199	E	0	0	0	0	0	0	0
200	C	0	0	0	0	0	0	0
201	R	0	0	0	0	0	0	0
202	E	0	0	0	0	0	0	0
203	V	0	0	0	0	0	0	0
204	K	0	0	0	0	0	0	0
205	C	0	0	0	0	0	0	0
206	P	0	0	0	0	0	0	0
207	F	0	0	0	0	0	0	0
208	P	0	0	0	0	0	0	0
209	S	0	0	0	0	0	0	0
210	R	0	0	0	0	0	0	0
211	P	0	0	0	0	0	0	0
212	D	0	0	0	0	0	0	0
213	N	0	0	0	0	0	0	0
214	G	0	0	0	0	0	0	0
215	F	0	0	0	0	0	0	0
216	V	0	0	0	0	0	0	0
217	N	0	0	0	0	0	0	0
218	Y	0	0	0	0	0	0	0
219	P	0	0	0	0	0	0	0
220	A	0	0	0	0	0	0	0
221	K	0	0	0	0	0	0	0
222	P	0	0	0	0	0	0	0
223	T	0	0	0	0	0	0	0
224	L	0	0	0	0	0	0	0
225	Y	0	0	0	0	0	0	0
226	Y	0	0	0	0	0	0	0
227	K	0	0	0	0	0	0	0
228	D	0	0	0	0	0	0	0
229	K	0	0	0	0	0	0	0
230	A	0	0	0	0	0	0	0
231	T	0	0	0	0	0	0	0
232	F	0	0	0	0	0	0	0
233	G	0	0	0	0	0	0	0
234	C	0	0	0	0	0	0	0
235	H	0	0	0	0	0	0	0
236	D	0	0	0	0	0	0	0
237	G	0	0	0	0	0	0	0
238	Y	0	0	0	0	0	0	0
239	S	0	0	0	0	0	0	0
240	L	0	0	0	0	0	0	0
241	D	0	0	0	0	0	0	0
242	G	0	0	0	0	0	0	0
243	P	0	0	0	0	0	0	0
244	E	0	0	0	0	0	0	0
245	E	0	0	0	0	0	0	0
246	I	0	0	0	0	0	0	0
247	E	0	0	0	0	0	0	0
248	C	0	0	0	0	0	0	0
249	T	0	0	0	0	0	0	0
250	K	0	0	0	0	0	0	0
251	L	0	0	0	0	0	0	0
252	G	0	0	0	0	0	0	0
253	N	N-linked Glycosylation	IECTKLGNWSAMPSC	EEEEECCCCCCCCCC	0	0	0	0
254	W	0	0	0	0	0	0	0
255	S	0	0	0	0	0	0	0
256	A	0	0	0	0	0	0	0
257	M	0	0	0	0	0	0	0
258	P	0	0	0	0	0	0	0
259	S	0	0	0	0	0	0	0
260	C	0	0	0	0	0	0	0
261	K	0	0	0	0	0	0	0
262	A	0	0	0	0	0	0	0
263	S	0	0	0	0	0	0	0
264	C	0	0	0	0	0	0	0
265	K	0	0	0	0	0	0	0
266	V	0	0	0	0	0	0	0
267	P	0	0	0	0	0	0	0
268	V	0	0	0	0	0	0	0
269	K	0	0	0	0	0	0	0
270	K	0	0	0	0	0	0	0
271	A	0	0	0	0	0	0	0
272	T	Phosphothreonine	KVPVKKATVVYQGER	CCCCCEEEEEECCCE	0	0	0	0
273	V	0	0	0	0	0	0	0
274	V	0	0	0	0	0	0	0
275	Y	0	0	0	0	0	0	0
276	Q	0	0	0	0	0	0	0
277	G	0	0	0	0	0	0	0
278	E	0	0	0	0	0	0	0
279	R	0	0	0	0	0	0	0
280	V	0	0	0	0	0	0	0
281	K	0	0	0	0	0	0	0
282	I	0	0	0	0	0	0	0
283	Q	0	0	0	0	0	0	0
284	E	0	0	0	0	0	0	0
285	K	0	0	0	0	0	0	0
286	F	0	0	0	0	0	0	0
287	K	0	0	0	0	0	0	0
288	N	0	0	0	0	0	0	0
289	G	0	0	0	0	0	0	0
290	M	0	0	0	0	0	0	0
291	L	0	0	0	0	0	0	0
292	H	0	0	0	0	0	0	0
293	G	0	0	0	0	0	0	0
294	D	0	0	0	0	0	0	0
295	K	0	0	0	0	0	0	0
296	V	0	0	0	0	0	0	0
297	S	0	0	0	0	0	0	0
298	F	0	0	0	0	0	0	0
299	F	0	0	0	0	0	0	0
300	C	S-nitrosocysteine	GDKVSFFCKNKEKKC	CCEEEEEECCCCCCC	0	0	0	0
301	K	0	0	0	0	0	0	0
302	N	0	0	0	0	0	0	0
303	K	0	0	0	0	0	0	0
304	E	0	0	0	0	0	0	0
305	K	0	0	0	0	0	0	0
306	K	0	0	0	0	0	0	0
307	C	0	0	0	0	0	0	0
308	S	0	0	0	0	0	0	0
309	Y	0	0	0	0	0	0	0
310	T	0	0	0	0	0	0	0
311	E	0	0	0	0	0	0	0
312	D	0	0	0	0	0	0	0
313	A	0	0	0	0	0	0	0
314	Q	0	0	0	0	0	0	0
315	C	0	0	0	0	0	0	0
316	I	0	0	0	0	0	0	0
317	D	0	0	0	0	0	0	0
318	G	0	0	0	0	0	0	0
319	T	0	0	0	0	0	0	0
320	I	0	0	0	0	0	0	0
321	E	0	0	0	0	0	0	0
322	V	0	0	0	0	0	0	0
323	P	0	0	0	0	0	0	0
324	K	0	0	0	0	0	0	0
325	C	0	0	0	0	0	0	0
326	F	0	0	0	0	0	0	0
327	K	0	0	0	0	0	0	0
328	E	0	0	0	0	0	0	0
329	H	0	0	0	0	0	0	0
330	S	0	0	0	0	0	0	0
331	S	0	0	0	0	0	0	0
332	L	0	0	0	0	0	0	0
333	A	0	0	0	0	0	0	0
334	F	0	0	0	0	0	0	0
335	W	0	0	0	0	0	0	0
336	K	0	0	0	0	0	0	0
337	T	0	0	0	0	0	0	0
338	D	0	0	0	0	0	0	0
339	A	0	0	0	0	0	0	0
340	S	0	0	0	0	0	0	0
341	D	0	0	0	0	0	0	0
342	V	0	0	0	0	0	0	0
343	K	0	0	0	0	0	0	0
344	P	0	0	0	0	0	0	0
345	C	0	0	0	0	0	0	0
