location	residue	Modification	seq	secStruc	RelatedDisease	VariantPosition	ResidueChange	DaPSbySAP
1	M	0	0	0	0	0	0	0
2	A	0	0	0	0	0	0	0
3	D	0	0	0	0	0	0	0
4	G	0	0	0	0	0	0	0
5	A	0	0	0	0	0	0	0
6	P	0	0	0	0	0	0	0
7	R	0	0	0	0	0	0	0
8	P	0	0	0	0	0	0	0
9	Q	0	0	0	0	0	0	0
10	L	0	0	0	0	0	0	0
11	Y	0	0	0	0	0	0	0
12	R	0	0	0	0	0	0	0
13	S	0	0	0	0	0	0	0
14	V	0	0	0	0	0	0	0
15	S	Phosphoserine	PQLYRSVSFKLLERW	CHHHHHHHHHHHHHC	0	0	0	0
16	F	0	0	0	0	0	0	0
17	K	N6-acetyllysine	LYRSVSFKLLERWSG	HHHHHHHHHHHHCCC	0	0	0	0
18	L	0	0	0	0	0	0	0
19	L	0	0	0	0	0	0	0
20	E	0	0	0	0	0	0	0
21	R	0	0	0	0	0	0	0
22	W	0	0	0	0	0	0	0
23	S	0	0	0	0	0	0	0
24	G	0	0	0	0	0	0	0
25	G	0	0	0	0	0	0	0
26	P	0	0	0	0	0	0	0
27	G	0	0	0	0	0	0	0
28	L	0	0	0	0	0	0	0
29	R	0	0	0	0	0	0	0
30	E	0	0	0	0	0	0	0
31	E	0	0	0	0	0	0	0
32	D	0	0	0	0	0	0	0
33	T	Phosphothreonine	PGLREEDTDTPGLRR	CCCCCCCCCCCCCCC	0	0	0	0
34	D	0	0	0	0	0	0	0
35	T	0	0	0	0	0	0	0
36	P	0	0	0	0	0	0	0
37	G	0	0	0	0	0	0	0
38	L	0	0	0	0	0	0	0
39	R	0	0	0	0	0	0	0
40	R	0	0	0	0	0	0	0
41	R	0	0	0	0	0	0	0
42	A	0	0	0	0	0	0	0
43	S	0	0	0	0	0	0	0
44	C	0	0	0	0	0	0	0
45	R	0	0	0	0	0	0	0
46	P	0	0	0	0	0	0	0
47	T	0	0	0	0	0	0	0
48	T	0	0	0	0	0	0	0
49	A	0	0	0	0	0	0	0
50	A	0	0	0	0	0	0	0
51	R	0	0	0	0	0	0	0
52	G	0	0	0	0	0	0	0
53	Q	0	0	0	0	0	0	0
54	P	0	0	0	0	0	0	0
55	S	0	0	0	0	0	0	0
56	R	0	0	0	0	0	0	0
57	R	0	0	0	0	0	0	0
58	V	0	0	0	0	0	0	0
59	S	0	0	0	0	0	0	0
60	K	0	0	0	0	0	0	0
61	L	0	0	0	0	0	0	0
62	A	0	0	0	0	0	0	0
63	S	Phosphoserine	RRVSKLASGPLAAPA	CCHHHHHCCCCCCCC	0	0	0	0
64	G	0	0	0	0	0	0	0
65	P	0	0	0	0	0	0	0
66	L	0	0	0	0	0	0	0
67	A	0	0	0	0	0	0	0
68	A	0	0	0	0	0	0	0
69	P	0	0	0	0	0	0	0
70	A	0	0	0	0	0	0	0
71	Q	0	0	0	0	0	0	0
72	P	0	0	0	0	0	0	0
73	R	0	0	0	0	0	0	0
74	P	0	0	0	0	0	0	0
75	L	0	0	0	0	0	0	0
76	R	0	0	0	0	0	0	0
77	S	Phosphoserine	AQPRPLRSLSPSVRQ	CCCCCCCCCCHHHHH	0	0	0	0
78	L	0	0	0	0	0	0	0
79	S	Phosphoserine	PRPLRSLSPSVRQLS	CCCCCCCCHHHHHHH	0	0	0	0
80	P	0	0	0	0	0	0	0
81	S	0	0	0	0	0	0	0
82	V	0	0	0	0	0	0	0
83	R	0	0	0	0	0	0	0
84	Q	0	0	0	0	0	0	0
85	L	0	0	0	0	0	0	0
86	S	0	0	0	0	0	0	0
87	R	0	0	0	0	0	0	0
88	R	0	0	0	0	0	0	0
89	F	0	0	0	0	0	0	0
90	D	0	0	0	0	0	0	0
91	A	0	0	0	0	0	0	0
92	P	0	0	0	0	0	0	0
93	R	0	0	0	0	0	0	0
94	L	0	0	0	0	0	0	0
95	D	0	0	0	0	0	0	0
96	D	0	0	0	0	0	0	0
97	G	0	0	0	0	0	0	0
98	S	0	0	0	0	0	0	0
99	A	0	0	0	0	0	0	0
100	G	0	0	0	0	0	0	0
101	T	0	0	0	0	0	0	0
102	R	0	0	0	0	0	0	0
103	D	0	0	0	0	0	0	0
104	G	0	0	0	0	0	0	0
105	G	0	0	0	0	0	0	0
106	V	0	0	0	0	0	0	0
107	L	0	0	0	0	0	0	0
108	P	0	0	0	0	0	0	0
109	A	0	0	0	0	0	0	0
110	A	0	0	0	0	0	0	0
111	A	0	0	0	0	0	0	0
112	E	0	0	0	0	0	0	0
113	E	0	0	0	0	0	0	0
114	A	0	0	0	0	0	0	0
115	A	0	0	0	0	0	0	0
116	E	0	0	0	0	0	0	0
117	G	0	0	0	0	0	0	0
118	P	0	0	0	0	0	0	0
119	A	0	0	0	0	0	0	0
120	R	0	0	0	0	0	0	0
121	G	0	0	0	0	0	0	0
122	A	0	0	0	0	0	0	0
123	W	0	0	0	0	0	0	0
124	P	0	0	0	0	0	0	0
125	S	0	0	0	0	0	0	0
126	V	0	0	0	0	0	0	0
127	T	0	0	0	0	0	0	0
128	E	0	0	0	0	0	0	0
129	M	0	0	0	0	0	0	0
130	R	0	0	0	0	0	0	0
131	K	0	0	0	0	0	0	0
132	L	0	0	0	0	0	0	0
133	F	0	0	0	0	0	0	0
134	G	0	0	0	0	0	0	0
135	G	0	0	0	0	0	0	0
136	P	0	0	0	0	0	0	0
137	G	0	0	0	0	0	0	0
138	S	Phosphoserine	KLFGGPGSRRPSADS	HHHCCCCCCCCCCCC	0	0	0	0
139	R	0	0	0	0	0	0	0
140	R	0	0	0	0	0	0	0
141	P	0	0	0	0	0	0	0
142	S	Phosphoserine	GPGSRRPSADSESPG	CCCCCCCCCCCCCCC	0	0	0	0
143	A	0	0	0	0	0	0	0
144	D	0	0	0	0	0	0	0
145	S	Phosphoserine	SRRPSADSESPGTPS	CCCCCCCCCCCCCCC	0	0	0	0
146	E	0	0	0	0	0	0	0
147	S	0	0	0	0	0	0	0
148	P	0	0	0	0	0	0	0
149	G	0	0	0	0	0	0	0
150	T	0	0	0	0	0	0	0
151	P	0	0	0	0	0	0	0
152	S	0	0	0	0	0	0	0
153	P	0	0	0	0	0	0	0
154	D	0	0	0	0	0	0	0
155	G	0	0	0	0	0	0	0
156	A	0	0	0	0	0	0	0
157	A	0	0	0	0	0	0	0
158	W	0	0	0	0	0	0	0
159	E	0	0	0	0	0	0	0
160	P	0	0	0	0	0	0	0
161	P	0	0	0	0	0	0	0
162	A	0	0	0	0	0	0	0
163	R	0	0	0	0	0	0	0
164	E	0	0	0	0	0	0	0
165	S	0	0	0	0	0	0	0
166	R	0	0	0	0	0	0	0
167	Q	0	0	0	0	0	0	0
168	P	0	0	0	0	0	0	0
169	P	0	0	0	0	0	0	0
170	T	Phosphothreonine	RESRQPPTPPPRTCF	CCCCCCCCCCCCCCC	0	0	0	0
171	P	0	0	0	0	0	0	0
172	P	0	0	0	0	0	0	0
173	P	0	0	0	0	0	0	0
174	R	0	0	0	0	0	0	0
175	T	0	0	0	0	0	0	0
176	C	0	0	0	0	0	0	0
177	F	0	0	0	0	0	0	0
178	P	0	0	0	0	0	0	0
179	L	0	0	0	0	0	0	0
180	A	0	0	0	0	0	0	0
181	G	0	0	0	0	0	0	0
182	L	0	0	0	0	0	0	0
183	R	0	0	0	0	0	0	0
184	S	0	0	0	0	0	0	0
185	A	0	0	0	0	0	0	0
186	R	0	0	0	0	0	0	0
187	P	0	0	0	0	0	0	0
188	L	0	0	0	0	0	0	0
189	T	Phosphothreonine	LRSARPLTGPETEGR	CCCCCCCCCCCCCCC	0	0	0	0
190	G	0	0	0	0	0	0	0
191	P	0	0	0	0	0	0	0
192	E	0	0	0	0	0	0	0
193	T	0	0	0	0	0	0	0
194	E	0	0	0	0	0	0	0
195	G	0	0	0	0	0	0	0
196	R	0	0	0	0	0	0	0
197	L	0	0	0	0	0	0	0
198	R	0	0	0	0	0	0	0
199	R	0	0	0	0	0	0	0
200	P	0	0	0	0	0	0	0
201	Q	0	0	0	0	0	0	0
202	Q	0	0	0	0	0	0	0
203	Q	0	0	0	0	0	0	0
204	Q	0	0	0	0	0	0	0
205	E	0	0	0	0	0	0	0
206	R	0	0	0	0	0	0	0
207	A	0	0	0	0	0	0	0
208	Q	0	0	0	0	0	0	0
209	R	0	0	0	0	0	0	0
210	P	0	0	0	0	0	0	0
211	A	0	0	0	0	0	0	0
212	D	0	0	0	0	0	0	0
213	G	0	0	0	0	0	0	0
214	L	0	0	0	0	0	0	0
215	H	0	0	0	0	0	0	0
216	S	0	0	0	0	0	0	0
217	W	0	0	0	0	0	0	0
218	H	0	0	0	0	0	0	0
219	I	0	0	0	0	0	0	0
220	F	0	0	0	0	0	0	0
221	S	0	0	0	0	0	0	0
222	Q	0	0	0	0	0	0	0
223	P	0	0	0	0	0	0	0
224	Q	0	0	0	0	0	0	0
225	A	0	0	0	0	0	0	0
226	G	0	0	0	0	0	0	0
227	A	0	0	0	0	0	0	0
228	R	0	0	0	0	0	0	0
229	A	0	0	0	0	0	0	0
230	S	0	0	0	0	0	0	0
231	C	0	0	0	0	0	0	0
232	S	0	0	0	0	0	0	0
233	S	Phosphoserine	GARASCSSSSIAASY	CCCCCCCCCHHHHCC	0	0	0	0
234	S	0	0	0	0	0	0	0
235	S	0	0	0	0	0	0	0
236	I	0	0	0	0	0	0	0
237	A	0	0	0	0	0	0	0
238	A	0	0	0	0	0	0	0
239	S	0	0	0	0	0	0	0
240	Y	0	0	0	0	0	0	0
241	P	0	0	0	0	0	0	0
242	V	0	0	0	0	0	0	0
243	S	0	0	0	0	0	0	0
244	R	0	0	0	0	0	0	0
245	S	0	0	0	0	0	0	0
246	R	0	0	0	0	0	0	0
247	A	0	0	0	0	0	0	0
248	A	0	0	0	0	0	0	0
249	S	0	0	0	0	0	0	0
250	S	0	0	0	0	0	0	0
251	S	0	0	0	0	0	0	0
252	E	0	0	0	0	0	0	0
253	E	0	0	0	0	0	0	0
254	E	0	0	0	0	0	0	0
255	E	0	0	0	0	0	0	0
256	E	0	0	0	0	0	0	0
257	G	0	0	0	0	0	0	0
258	P	0	0	0	0	0	0	0
259	P	0	0	0	0	0	0	0
260	Q	0	0	0	0	0	0	0
261	L	0	0	0	0	0	0	0
262	P	0	0	0	0	0	0	0
263	G	0	0	0	0	0	0	0
264	A	0	0	0	0	0	0	0
265	Q	0	0	0	0	0	0	0
266	S	0	0	0	0	0	0	0
267	P	0	0	0	0	0	0	0
268	A	0	0	0	0	0	0	0
269	Y	0	0	0	0	0	0	0
270	H	0	0	0	0	0	0	0
271	G	0	0	0	0	0	0	0
272	G	0	0	0	0	0	0	0
273	H	0	0	0	0	0	0	0
274	S	0	0	0	0	0	0	0
275	S	0	0	0	0	0	0	0
276	G	0	0	0	0	0	0	0
277	S	0	0	0	0	0	0	0
278	D	0	0	0	0	0	0	0
279	D	0	0	0	0	0	0	0
280	D	0	0	0	0	0	0	0
281	R	0	0	0	0	0	0	0
282	D	0	0	0	0	0	0	0
283	G	0	0	0	0	0	0	0
284	E	0	0	0	0	0	0	0
285	G	0	0	0	0	0	0	0
286	G	0	0	0	0	0	0	0
287	H	0	0	0	0	0	0	0
288	R	0	0	0	0	0	0	0
289	W	0	0	0	0	0	0	0
290	G	0	0	0	0	0	0	0
291	G	0	0	0	0	0	0	0
292	R	0	0	0	0	0	0	0
293	P	0	0	0	0	0	0	0
294	G	0	0	0	0	0	0	0
295	L	0	0	0	0	0	0	0
296	R	0	0	0	0	0	0	0
297	P	0	0	0	0	0	0	0
298	G	0	0	0	0	0	0	0
299	S	0	0	0	0	0	0	0
300	S	0	0	0	0	0	0	0
301	L	0	0	0	0	0	0	0
302	L	0	0	0	0	0	0	0
303	D	0	0	0	0	0	0	0
304	Q	0	0	0	0	0	0	0
305	D	0	0	0	0	0	0	0
306	C	0	0	0	0	0	0	0
307	R	0	0	0	0	0	0	0
308	P	0	0	0	0	0	0	0
309	D	0	0	0	0	0	0	0
310	S	0	0	0	0	0	0	0
311	D	0	0	0	0	0	0	0
312	G	0	0	0	0	0	0	0
313	L	0	0	0	0	0	0	0
314	N	0	0	0	0	0	0	0
315	L	0	0	0	0	0	0	0
316	S	0	0	0	0	0	0	0
317	S	0	0	0	0	0	0	0
318	M	0	0	0	0	0	0	0
319	N	0	0	0	0	0	0	0
320	S	0	0	0	0	0	0	0
321	A	0	0	0	0	0	0	0
322	G	0	0	0	0	0	0	0
323	V	0	0	0	0	0	0	0
324	S	0	0	0	0	0	0	0
325	G	0	0	0	0	0	0	0
326	S	0	0	0	0	0	0	0
327	P	0	0	0	0	0	0	0
328	E	0	0	0	0	0	0	0
329	P	0	0	0	0	0	0	0
330	P	0	0	0	0	0	0	0
331	T	0	0	0	0	0	0	0
332	S	0	0	0	0	0	0	0
333	P	0	0	0	0	0	0	0
334	R	0	0	0	0	0	0	0
335	A	0	0	0	0	0	0	0
336	P	0	0	0	0	0	0	0
337	R	0	0	0	0	0	0	0
338	E	0	0	0	0	0	0	0
339	E	0	0	0	0	0	0	0
340	G	0	0	0	0	0	0	0
341	L	0	0	0	0	0	0	0
342	R	0	0	0	0	0	0	0
343	E	0	0	0	0	0	0	0
344	W	0	0	0	0	0	0	0
345	G	0	0	0	0	0	0	0
346	S	0	0	0	0	0	0	0
347	G	0	0	0	0	0	0	0
348	S	0	0	0	0	0	0	0
349	P	0	0	0	0	0	0	0
350	P	0	0	0	0	0	0	0
351	C	0	0	0	0	0	0	0
352	V	0	0	0	0	0	0	0
353	P	0	0	0	0	0	0	0
354	G	0	0	0	0	0	0	0
355	P	0	0	0	0	0	0	0
356	Q	0	0	0	0	0	0	0
357	E	0	0	0	0	0	0	0
358	G	0	0	0	0	0	0	0
359	L	0	0	0	0	0	0	0
360	R	0	0	0	0	0	0	0
361	P	0	0	0	0	0	0	0
362	M	0	0	0	0	0	0	0
363	S	0	0	0	0	0	0	0
364	D	0	0	0	0	0	0	0
365	S	0	0	0	0	0	0	0
366	V	0	0	0	0	0	0	0
367	G	0	0	0	0	0	0	0
368	G	0	0	0	0	0	0	0
369	A	0	0	0	0	0	0	0
370	F	0	0	0	0	0	0	0
371	R	0	0	0	0	0	0	0
372	V	0	0	0	0	0	0	0
373	A	0	0	0	0	0	0	0
374	K	0	0	0	0	0	0	0
375	V	0	0	0	0	0	0	0
376	S	0	0	0	0	0	0	0
377	F	0	0	0	0	0	0	0
378	P	0	0	0	0	0	0	0
379	S	Phosphoserine	VAKVSFPSYLASPAG	EEEECCCHHHCCCCC	GIP levels in response to oral glucose tolerance test (120 minutes):glucose-dependent insulinotropic peptide measurement, glucose tolerance test	388 (9)	0	0
380	Y	0	0	0	0	0	0	0
381	L	0	0	0	0	0	0	0
382	A	0	0	0	0	0	0	0
383	S	Phosphoserine	SFPSYLASPAGSRGS	CCCHHHCCCCCCCCC	GIP levels in response to oral glucose tolerance test (120 minutes):glucose-dependent insulinotropic peptide measurement, glucose tolerance test	388 (5)	0	0
384	P	0	0	0	0	0	0	0
385	A	0	0	0	0	0	0	0
386	G	0	0	0	0	0	0	0
387	S	Phosphoserine	YLASPAGSRGSSRYS	HHCCCCCCCCCCCCC	GIP levels in response to oral glucose tolerance test (120 minutes):glucose-dependent insulinotropic peptide measurement, glucose tolerance test	388 (1)	0	0
388	R	0	0	0	0	0	H;P;L	379,383,387,390,391,393,394,395,396
389	G	0	0	0	0	0	0	0
390	S	Phosphoserine	SPAGSRGSSRYSSTE	CCCCCCCCCCCCCCC	GIP levels in response to oral glucose tolerance test (120 minutes):glucose-dependent insulinotropic peptide measurement, glucose tolerance test	388 (2)	0	0
391	S	Phosphoserine	PAGSRGSSRYSSTET	CCCCCCCCCCCCCCC	GIP levels in response to oral glucose tolerance test (120 minutes):glucose-dependent insulinotropic peptide measurement, glucose tolerance test	388 (3)	0	0
392	R	0	0	0	0	0	0	0
393	Y	Phosphotyrosine	GSRGSSRYSSTETLK	CCCCCCCCCCCCCCC	GIP levels in response to oral glucose tolerance test (120 minutes):glucose-dependent insulinotropic peptide measurement, glucose tolerance test	388 (5)	0	0
394	S	Phosphoserine	SRGSSRYSSTETLKD	CCCCCCCCCCCCCCC	GIP levels in response to oral glucose tolerance test (120 minutes):glucose-dependent insulinotropic peptide measurement, glucose tolerance test	388 (6)	0	0
395	S	Phosphoserine	RGSSRYSSTETLKDD	CCCCCCCCCCCCCCC	GIP levels in response to oral glucose tolerance test (120 minutes):glucose-dependent insulinotropic peptide measurement, glucose tolerance test	388 (7)	0	0
396	T	Phosphothreonine	GSSRYSSTETLKDDD	CCCCCCCCCCCCCCC	GIP levels in response to oral glucose tolerance test (120 minutes):glucose-dependent insulinotropic peptide measurement, glucose tolerance test	388 (8)	0	0
397	E	0	0	0	0	0	0	0
398	T	0	0	0	0	0	0	0
399	L	0	0	0	0	0	0	0
400	K	0	0	0	0	0	0	0
401	D	0	0	0	0	0	0	0
402	D	0	0	0	0	0	0	0
403	D	0	0	0	0	0	0	0
404	L	0	0	0	0	0	0	0
405	W	0	0	0	0	0	0	0
406	S	Phosphoserine	LKDDDLWSSRGSGGW	CCCCCCCCCCCCCCC	0	0	0	0
407	S	Phosphoserine	KDDDLWSSRGSGGWG	CCCCCCCCCCCCCCC	0	0	0	0
408	R	0	0	0	0	0	0	0
409	G	0	0	0	0	0	0	0
410	S	Phosphoserine	DLWSSRGSGGWGVYR	CCCCCCCCCCCCCCC	0	0	0	0
411	G	0	0	0	0	0	0	0
412	G	0	0	0	0	0	0	0
413	W	0	0	0	0	0	0	0
414	G	0	0	0	0	0	0	0
415	V	0	0	0	0	0	0	0
416	Y	0	0	0	0	0	0	0
417	R	0	0	0	0	0	0	0
418	S	Phosphoserine	GGWGVYRSPSFGAGE	CCCCCCCCCCCCCCC	0	0	0	0
419	P	0	0	0	0	0	0	0
420	S	Phosphoserine	WGVYRSPSFGAGEGL	CCCCCCCCCCCCCCH	0	0	0	0
421	F	0	0	0	0	0	0	0
422	G	0	0	0	0	0	0	0
423	A	0	0	0	0	0	0	0
424	G	0	0	0	0	0	0	0
425	E	0	0	0	0	0	0	0
426	G	0	0	0	0	0	0	0
427	L	0	0	0	0	0	0	0
428	L	0	0	0	0	0	0	0
429	R	0	0	0	0	0	0	0
430	S	0	0	0	0	0	0	0
431	Q	0	0	0	0	0	0	0
432	A	0	0	0	0	0	0	0
433	R	0	0	0	0	0	0	0
434	T	0	0	0	0	0	0	0
435	R	0	0	0	0	0	0	0
436	A	0	0	0	0	0	0	0
437	K	0	0	0	0	0	0	0
438	G	0	0	0	0	0	0	0
439	P	0	0	0	0	0	0	0
440	G	0	0	0	0	0	0	0
441	G	0	0	0	0	0	0	0
442	T	0	0	0	0	0	0	0
443	S	0	0	0	0	0	0	0
444	R	0	0	0	0	0	0	0
445	A	0	0	0	0	0	0	0
446	L	0	0	0	0	0	0	0
447	R	0	0	0	0	0	0	0
448	D	0	0	0	0	0	0	0
449	G	0	0	0	0	0	0	0
450	G	0	0	0	0	0	0	0
451	F	0	0	0	0	0	0	0
452	E	0	0	0	0	0	0	0
453	P	0	0	0	0	0	0	0
454	E	0	0	0	0	0	0	0
455	K	0	0	0	0	0	0	0
456	S	0	0	0	0	0	0	0
457	R	0	0	0	0	0	0	0
458	Q	0	0	0	0	0	0	0
459	R	0	0	0	0	0	0	0
460	K	0	0	0	0	0	0	0
461	S	Phosphoserine	EKSRQRKSLSNPDIA	HHHHCCHHCCCHHHH	0	0	0	0
462	L	0	0	0	0	0	0	0
463	S	Phosphoserine	SRQRKSLSNPDIASE	HHCCHHCCCHHHHHH	0	0	0	0
464	N	0	0	0	0	0	0	0
465	P	0	0	0	0	0	0	0
466	D	0	0	0	0	0	0	0
467	I	0	0	0	0	0	0	0
468	A	0	0	0	0	0	0	0
469	S	Phosphoserine	LSNPDIASETLTLLS	CCCHHHHHHHHHHHH	0	0	0	0
470	E	0	0	0	0	0	0	0
471	T	Phosphothreonine	NPDIASETLTLLSFL	CHHHHHHHHHHHHHH	0	0	0	0
472	L	0	0	0	0	0	0	0
473	T	0	0	0	0	0	0	0
474	L	0	0	0	0	0	0	0
475	L	0	0	0	0	0	0	0
476	S	Phosphoserine	SETLTLLSFLRSDLS	HHHHHHHHHHHCCHH	0	0	0	0
477	F	0	0	0	0	0	0	0
478	L	0	0	0	0	0	0	0
479	R	0	0	0	0	0	0	0
480	S	0	0	0	0	0	0	0
481	D	0	0	0	0	0	0	0
482	L	0	0	0	0	0	0	0
483	S	0	0	0	0	0	0	0
484	E	0	0	0	0	0	0	0
485	L	0	0	0	0	0	0	0
486	R	0	0	0	0	0	0	0
487	V	0	0	0	0	0	0	0
488	R	0	0	0	0	0	0	0
489	K	0	0	0	0	0	0	0
490	P	0	0	0	0	0	0	0
491	G	0	0	0	0	0	0	0
492	G	0	0	0	0	0	0	0
493	S	0	0	0	0	0	0	0
494	S	0	0	0	0	0	0	0
495	G	0	0	0	0	0	0	0
496	D	0	0	0	0	0	0	0
497	R	0	0	0	0	0	0	0
498	G	0	0	0	0	0	0	0
499	S	Phosphoserine	GSSGDRGSNPLDGRD	CCCCCCCCCCCCCCC	0	0	0	0
500	N	0	0	0	0	0	0	0
501	P	0	0	0	0	0	0	0
502	L	0	0	0	0	0	0	0
503	D	0	0	0	0	0	0	0
504	G	0	0	0	0	0	0	0
505	R	0	0	0	0	0	0	0
506	D	0	0	0	0	0	0	0
507	S	Phosphoserine	NPLDGRDSPSAGGPV	CCCCCCCCCCCCCCC	0	0	0	0
508	P	0	0	0	0	0	0	0
509	S	Phosphoserine	LDGRDSPSAGGPVGQ	CCCCCCCCCCCCCCC	0	0	0	0
510	A	0	0	0	0	0	0	0
511	G	0	0	0	0	0	0	0
512	G	0	0	0	0	0	0	0
513	P	0	0	0	0	0	0	0
514	V	0	0	0	0	0	0	0
515	G	0	0	0	0	0	0	0
516	Q	0	0	0	0	0	0	0
517	L	0	0	0	0	0	0	0
518	E	0	0	0	0	0	0	0
519	P	0	0	0	0	0	0	0
520	I	0	0	0	0	0	0	0
521	P	0	0	0	0	0	0	0
522	I	0	0	0	0	0	0	0
523	P	0	0	0	0	0	0	0
524	A	0	0	0	0	0	0	0
525	P	0	0	0	0	0	0	0
526	A	0	0	0	0	0	0	0
527	S	Phosphoserine	IPIPAPASPGTRPTL	CCCCCCCCCCCCCCH	0	0	0	0
528	P	0	0	0	0	0	0	0
529	G	0	0	0	0	0	0	0
530	T	Phosphothreonine	PAPASPGTRPTLKDL	CCCCCCCCCCCHHHH	0	0	0	0
531	R	0	0	0	0	0	0	0
532	P	0	0	0	0	0	0	0
533	T	0	0	0	0	0	0	0
534	L	0	0	0	0	0	0	0
535	K	N-acetyllysine	PGTRPTLKDLTATLR	CCCCCCHHHHHHHHH	0	0	0	0
536	D	0	0	0	0	0	0	0
537	L	0	0	0	0	0	0	0
538	T	0	0	0	0	0	0	0
539	A	0	0	0	0	0	0	0
540	T	0	0	0	0	0	0	0
541	L	0	0	0	0	0	0	0
542	R	0	0	0	0	0	0	0
543	R	0	0	0	0	0	0	0
544	A	0	0	0	0	0	0	0
545	K	0	0	0	0	0	0	0
546	S	Phosphoserine	ATLRRAKSFTCSEKP	HHHHHHHHCCCCCCH	0	0	0	0
547	F	0	0	0	0	0	0	0
548	T	Phosphothreonine	LRRAKSFTCSEKPMA	HHHHHHCCCCCCHHH	0	0	0	0
549	C	0	0	0	0	0	0	0
550	S	0	0	0	0	0	0	0
551	E	0	0	0	0	0	0	0
552	K	0	0	0	0	0	0	0
553	P	0	0	0	0	0	0	0
554	M	0	0	0	0	0	0	0
555	A	0	0	0	0	0	0	0
556	R	0	0	0	0	0	0	0
557	R	0	0	0	0	0	0	0
558	L	0	0	0	0	0	0	0
559	P	0	0	0	0	0	0	0
560	R	0	0	0	0	0	0	0
561	T	0	0	0	0	0	0	0
562	S	0	0	0	0	0	0	0
563	A	0	0	0	0	0	0	0
564	L	0	0	0	0	0	0	0
565	K	0	0	0	0	0	0	0
566	S	Phosphoserine	PRTSALKSSSSELLL	CCCHHHCCCCCCEEE	0	0	0	0
567	S	Phosphoserine	RTSALKSSSSELLLT	CCHHHCCCCCCEEEC	0	0	0	0
568	S	Phosphoserine	TSALKSSSSELLLTG	CHHHCCCCCCEEECC	0	0	0	0
569	S	Phosphoserine	SALKSSSSELLLTGP	HHHCCCCCCEEECCC	0	0	0	0
570	E	0	0	0	0	0	0	0
571	L	0	0	0	0	0	0	0
572	L	0	0	0	0	0	0	0
573	L	0	0	0	0	0	0	0
574	T	Phosphothreonine	SSSELLLTGPGAEED	CCCCEEECCCCCCCC	0	0	0	0
575	G	0	0	0	0	0	0	0
576	P	0	0	0	0	0	0	0
577	G	0	0	0	0	0	0	0
578	A	0	0	0	0	0	0	0
579	E	0	0	0	0	0	0	0
580	E	0	0	0	0	0	0	0
581	D	0	0	0	0	0	0	0
582	P	0	0	0	0	0	0	0
583	L	0	0	0	0	0	0	0
584	P	0	0	0	0	0	0	0
585	L	0	0	0	0	0	0	0
586	I	0	0	0	0	0	0	0
587	V	0	0	0	0	0	0	0
588	Q	0	0	0	0	0	0	0
589	D	0	0	0	0	0	0	0
590	Q	0	0	0	0	0	0	0
591	Y	0	0	0	0	0	0	0
592	V	0	0	0	0	0	0	0
593	Q	0	0	0	0	0	0	0
594	E	0	0	0	0	0	0	0
595	A	0	0	0	0	0	0	0
596	R	0	0	0	0	0	0	0
597	Q	0	0	0	0	0	0	0
598	V	0	0	0	0	0	0	0
599	F	0	0	0	0	0	0	0
600	E	0	0	0	0	0	0	0
601	K	0	0	0	0	0	0	0
602	I	0	0	0	0	0	0	0
603	Q	0	0	0	0	0	0	0
604	R	0	0	0	0	0	0	0
605	M	0	0	0	0	0	0	0
606	G	0	0	0	0	0	0	0
607	A	0	0	0	0	0	0	0
608	Q	0	0	0	0	0	0	0
609	Q	0	0	0	0	0	0	0
610	D	0	0	0	0	0	0	0
611	D	0	0	0	0	0	0	0
612	G	0	0	0	0	0	0	0
613	S	Phosphoserine	GAQQDDGSDAPPGSP	CCCCCCCCCCCCCCC	0	0	0	0
614	D	0	0	0	0	0	0	0
615	A	0	0	0	0	0	0	0
616	P	0	0	0	0	0	0	0
617	P	0	0	0	0	0	0	0
618	G	0	0	0	0	0	0	0
619	S	Phosphoserine	GSDAPPGSPDWAGDV	CCCCCCCCCCCHHCC	0	0	0	0
620	P	0	0	0	0	0	0	0
621	D	0	0	0	0	0	0	0
622	W	0	0	0	0	0	0	0
623	A	0	0	0	0	0	0	0
624	G	0	0	0	0	0	0	0
625	D	0	0	0	0	0	0	0
626	V	0	0	0	0	0	0	0
627	T	0	0	0	0	0	0	0
628	R	0	0	0	0	0	0	0
629	G	0	0	0	0	0	0	0
630	Q	0	0	0	0	0	0	0
631	R	0	0	0	0	0	0	0
632	S	0	0	0	0	0	0	0
633	Q	0	0	0	0	0	0	0
634	E	0	0	0	0	0	0	0
635	E	0	0	0	0	0	0	0
636	L	0	0	0	0	0	0	0
637	S	0	0	0	0	0	0	0
638	G	0	0	0	0	0	0	0
639	P	0	0	0	0	0	0	0
640	E	0	0	0	0	0	0	0
641	S	0	0	0	0	0	0	0
642	S	0	0	0	0	0	0	0
643	L	0	0	0	0	0	0	0
644	T	0	0	0	0	0	0	0
645	D	0	0	0	0	0	0	0
646	E	0	0	0	0	0	0	0
647	G	0	0	0	0	0	0	0
648	I	0	0	0	0	0	0	0
649	G	0	0	0	0	0	0	0
650	A	0	0	0	0	0	0	0
651	D	0	0	0	0	0	0	0
652	P	0	0	0	0	0	0	0
653	E	0	0	0	0	0	0	0
654	P	0	0	0	0	0	0	0
655	P	0	0	0	0	0	0	0
656	V	0	0	0	0	0	0	0
657	A	0	0	0	0	0	0	0
658	A	0	0	0	0	0	0	0
659	F	0	0	0	0	0	0	0
660	C	0	0	0	0	0	0	0
661	G	0	0	0	0	0	0	0
662	L	0	0	0	0	0	0	0
663	G	0	0	0	0	0	0	0
664	T	0	0	0	0	0	0	0
665	T	0	0	0	0	0	0	0
666	G	0	0	0	0	0	0	0
667	M	0	0	0	0	0	0	0
668	W	0	0	0	0	0	0	0
669	R	0	0	0	0	0	0	0
670	P	0	0	0	0	0	0	0
671	L	0	0	0	0	0	0	0
672	S	0	0	0	0	0	0	0
673	S	0	0	0	0	0	0	0
674	S	0	0	0	0	0	0	0
675	S	0	0	0	0	0	0	0
676	A	0	0	0	0	0	0	0
677	Q	0	0	0	0	0	0	0
678	T	0	0	0	0	0	0	0
679	N	0	0	0	0	0	0	0
680	H	0	0	0	0	0	0	0
681	H	0	0	0	0	0	0	0
682	G	0	0	0	0	0	0	0
683	P	0	0	0	0	0	0	0
684	G	0	0	0	0	0	0	0
685	T	0	0	0	0	0	0	0
686	E	0	0	0	0	0	0	0
687	D	0	0	0	0	0	0	0
688	S	0	0	0	0	0	0	0
689	L	0	0	0	0	0	0	0
690	G	0	0	0	0	0	0	0
691	G	0	0	0	0	0	0	0
692	W	0	0	0	0	0	0	0
693	A	0	0	0	0	0	0	0
694	L	0	0	0	0	0	0	0
695	V	0	0	0	0	0	0	0
696	S	0	0	0	0	0	0	0
697	P	0	0	0	0	0	0	0
698	E	0	0	0	0	0	0	0
699	T	0	0	0	0	0	0	0
700	P	0	0	0	0	0	0	0
701	P	0	0	0	0	0	0	0
702	T	Phosphothreonine	VSPETPPTPGALRRR	ECCCCCCCCCHHHCC	0	0	0	0
703	P	0	0	0	0	0	0	0
704	G	0	0	0	0	0	0	0
705	A	0	0	0	0	0	0	0
706	L	0	0	0	0	0	0	0
707	R	0	0	0	0	0	0	0
708	R	0	0	0	0	0	0	0
709	R	0	0	0	0	0	0	0
710	R	0	0	0	0	0	0	0
711	K	0	0	0	0	0	0	0
712	V	0	0	0	0	0	0	0
713	P	0	0	0	0	0	0	0
714	P	0	0	0	0	0	0	0
715	S	0	0	0	0	0	0	0
716	G	0	0	0	0	0	0	0
717	S	0	0	0	0	0	0	0
718	G	0	0	0	0	0	0	0
719	G	0	0	0	0	0	0	0
720	S	Phosphoserine	PPSGSGGSELSNGEA	CCCCCCCCCCCCCCC	0	0	0	0
721	E	0	0	0	0	0	0	0
722	L	0	0	0	0	0	0	0
723	S	Phosphoserine	GSGGSELSNGEAGEA	CCCCCCCCCCCCHHH	0	0	0	0
724	N	0	0	0	0	0	0	0
725	G	0	0	0	0	0	0	0
726	E	0	0	0	0	0	0	0
727	A	0	0	0	0	0	0	0
728	G	0	0	0	0	0	0	0
729	E	0	0	0	0	0	0	0
730	A	0	0	0	0	0	0	0
731	Y	0	0	0	0	0	0	0
732	R	0	0	0	0	0	0	0
733	S	Phosphoserine	EAGEAYRSLSDPIPQ	CCHHHHHHCCCCCCH	0	0	0	0
734	L	0	0	0	0	0	0	0
735	S	Phosphoserine	GEAYRSLSDPIPQRH	HHHHHHCCCCCCHHH	0	0	0	0
736	D	0	0	0	0	0	0	0
737	P	0	0	0	0	0	0	0
738	I	0	0	0	0	0	0	0
739	P	0	0	0	0	0	0	0
740	Q	0	0	0	0	0	0	0
741	R	0	0	0	0	0	0	0
742	H	0	0	0	0	0	0	0
743	R	0	0	0	0	0	0	0
744	A	0	0	0	0	0	0	0
745	A	0	0	0	0	0	0	0
746	T	0	0	0	0	0	0	0
747	S	0	0	0	0	0	0	0
748	E	0	0	0	0	0	0	0
749	E	0	0	0	0	0	0	0
750	P	0	0	0	0	0	0	0
751	T	0	0	0	0	0	0	0
752	G	0	0	0	0	0	0	0
753	F	0	0	0	0	0	0	0
754	S	0	0	0	0	0	0	0
755	V	0	0	0	0	0	0	0
756	D	0	0	0	0	0	0	0
757	S	0	0	0	0	0	0	0
758	N	0	0	0	0	0	0	0
759	L	0	0	0	0	0	0	0
760	L	0	0	0	0	0	0	0
761	G	0	0	0	0	0	0	0
762	S	Phosphoserine	VDSNLLGSLSPKTGL	CCHHHHCCCCCCCCC	0	0	0	0
763	L	0	0	0	0	0	0	0
764	S	Phosphoserine	SNLLGSLSPKTGLPA	HHHHCCCCCCCCCCC	0	0	0	0
765	P	0	0	0	0	0	0	0
766	K	0	0	0	0	0	0	0
767	T	0	0	0	0	0	0	0
768	G	0	0	0	0	0	0	0
769	L	0	0	0	0	0	0	0
770	P	0	0	0	0	0	0	0
771	A	0	0	0	0	0	0	0
772	T	0	0	0	0	0	0	0
773	S	0	0	0	0	0	0	0
774	A	0	0	0	0	0	0	0
775	M	0	0	0	0	0	0	0
776	D	0	0	0	0	0	0	0
777	E	0	0	0	0	0	0	0
778	G	0	0	0	0	0	0	0
779	L	0	0	0	0	0	0	0
780	T	0	0	0	0	0	0	0
781	S	0	0	0	0	0	0	0
782	G	0	0	0	0	0	0	0
783	H	0	0	0	0	0	0	0
784	S	0	0	0	0	0	0	0
785	D	0	0	0	0	0	0	0
786	W	0	0	0	0	0	0	0
787	S	0	0	0	0	0	0	0
788	V	0	0	0	0	0	0	0
789	G	0	0	0	0	0	0	0
790	S	Phosphoserine	HSDWSVGSEESKGYQ	CCCCCCCCHHCCCHH	0	0	0	0
791	E	0	0	0	0	0	0	0
792	E	0	0	0	0	0	0	0
793	S	0	0	0	0	0	0	0
794	K	0	0	0	0	0	0	0
795	G	0	0	0	0	0	0	0
796	Y	0	0	0	0	0	0	0
797	Q	0	0	0	0	0	0	0
798	E	0	0	0	0	0	0	0
799	V	0	0	0	0	0	0	0
800	I	0	0	0	0	0	0	0
801	Q	0	0	0	0	0	0	0
802	S	0	0	0	0	0	0	0
803	I	0	0	0	0	0	0	0
804	V	0	0	0	0	0	0	0
805	Q	0	0	0	0	0	0	0
806	G	0	0	0	0	0	0	0
807	P	0	0	0	0	0	0	0
808	G	0	0	0	0	0	0	0
809	T	Phosphothreonine	SIVQGPGTLGRVVDD	HHHCCCCHHHHHCCH	0	0	0	0
810	L	0	0	0	0	0	0	0
811	G	0	0	0	0	0	0	0
812	R	0	0	0	0	0	0	0
813	V	0	0	0	0	0	0	0
814	V	0	0	0	0	0	0	0
815	D	0	0	0	0	0	0	0
816	D	0	0	0	0	0	0	0
817	R	0	0	0	0	0	0	0
818	I	0	0	0	0	0	0	0
819	A	0	0	0	0	0	0	0
820	G	0	0	0	0	0	0	0
821	K	0	0	0	0	0	0	0
822	A	0	0	0	0	0	0	0
823	P	0	0	0	0	0	0	0
824	K	0	0	0	0	0	0	0
825	K	0	0	0	0	0	0	0
826	K	0	0	0	0	0	0	0
827	S	Phosphoserine	GKAPKKKSLSDPSRR	CCCCCCCCCCCHHHC	0	0	0	0
828	L	0	0	0	0	0	0	0
829	S	Phosphoserine	APKKKSLSDPSRRGE	CCCCCCCCCHHHCCC	0	0	0	0
830	D	0	0	0	0	0	0	0
831	P	0	0	0	0	0	0	0
832	S	0	0	0	0	0	0	0
833	R	0	0	0	0	0	0	0
834	R	0	0	0	0	0	0	0
835	G	0	0	0	0	0	0	0
836	E	0	0	0	0	0	0	0
837	L	0	0	0	0	0	0	0
838	A	0	0	0	0	0	0	0
839	G	0	0	0	0	0	0	0
840	P	0	0	0	0	0	0	0
841	G	0	0	0	0	0	0	0
842	F	0	0	0	0	0	0	0
843	E	0	0	0	0	0	0	0
844	G	0	0	0	0	0	0	0
845	P	0	0	0	0	0	0	0
846	G	0	0	0	0	0	0	0
847	G	0	0	0	0	0	0	0
848	E	0	0	0	0	0	0	0
849	P	0	0	0	0	0	0	0
850	I	0	0	0	0	0	0	0
851	R	0	0	0	0	0	0	0
852	E	0	0	0	0	0	0	0
853	V	0	0	0	0	0	0	0
854	E	0	0	0	0	0	0	0
855	P	0	0	0	0	0	0	0
856	M	0	0	0	0	0	0	0
857	L	0	0	0	0	0	0	0
858	P	0	0	0	0	0	0	0
859	P	0	0	0	0	0	0	0
860	S	0	0	0	0	0	0	0
861	S	0	0	0	0	0	0	0
862	S	0	0	0	0	0	0	0
863	E	0	0	0	0	0	0	0
864	P	0	0	0	0	0	0	0
865	I	0	0	0	0	0	0	0
866	L	0	0	0	0	0	0	0
867	V	0	0	0	0	0	0	0
868	E	0	0	0	0	0	0	0
869	Q	0	0	0	0	0	0	0
870	R	0	0	0	0	0	0	0
871	A	0	0	0	0	0	0	0
872	E	0	0	0	0	0	0	0
873	P	0	0	0	0	0	0	0
874	E	0	0	0	0	0	0	0
875	E	0	0	0	0	0	0	0
876	P	0	0	0	0	0	0	0
877	G	0	0	0	0	0	0	0
878	A	0	0	0	0	0	0	0
879	T	0	0	0	0	0	0	0
880	R	0	0	0	0	0	0	0
881	S	0	0	0	0	0	0	0
882	R	0	0	0	0	0	0	0
883	A	0	0	0	0	0	0	0
884	Q	0	0	0	0	0	0	0
885	S	Phosphoserine	ATRSRAQSERALPEA	CCHHHHHHHHCCCCC	0	0	0	0
886	E	0	0	0	0	0	0	0
887	R	0	0	0	0	0	0	0
888	A	0	0	0	0	0	0	0
889	L	0	0	0	0	0	0	0
890	P	0	0	0	0	0	0	0
891	E	0	0	0	0	0	0	0
892	A	0	0	0	0	0	0	0
893	L	0	0	0	0	0	0	0
894	P	0	0	0	0	0	0	0
895	P	0	0	0	0	0	0	0
896	P	0	0	0	0	0	0	0
897	A	0	0	0	0	0	0	0
898	T	Phosphothreonine	EALPPPATAHRNFHL	CCCCCCCHHHCCCCC	0	0	0	0
899	A	0	0	0	0	0	0	0
900	H	0	0	0	0	0	0	0
901	R	0	0	0	0	0	0	0
902	N	0	0	0	0	0	0	0
903	F	0	0	0	0	0	0	0
904	H	0	0	0	0	0	0	0
905	L	0	0	0	0	0	0	0
906	D	0	0	0	0	0	0	0
907	P	0	0	0	0	0	0	0
908	K	0	0	0	0	0	0	0
909	L	0	0	0	0	0	0	0
910	A	0	0	0	0	0	0	0
911	D	0	0	0	0	0	0	0
912	I	0	0	0	0	0	0	0
913	L	0	0	0	0	0	0	0
914	S	Phosphoserine	PKLADILSPRLIRRG	HHHHHHHCHHHHHCC	0	0	0	0
915	P	0	0	0	0	0	0	0
916	R	0	0	0	0	0	0	0
917	L	0	0	0	0	0	0	0
918	I	0	0	0	0	0	0	0
919	R	0	0	0	0	0	0	0
920	R	0	0	0	0	0	0	0
921	G	0	0	0	0	0	0	0
922	S	0	0	0	0	0	0	0
923	K	0	0	0	0	0	0	0
924	K	0	0	0	0	0	0	0
925	R	0	0	0	0	0	0	0
926	P	0	0	0	0	0	0	0
927	A	0	0	0	0	0	0	0
928	R	0	0	0	0	0	0	0
929	S	Phosphoserine	SKKRPARSSHQELRR	CCCCCCCHHCHHHHH	0	0	0	0
930	S	Phosphoserine	KKRPARSSHQELRRD	CCCCCCHHCHHHHHC	0	0	0	0
931	H	0	0	0	0	0	0	0
932	Q	0	0	0	0	0	0	0
933	E	0	0	0	0	0	0	0
934	L	0	0	0	0	0	0	0
935	R	0	0	0	0	0	0	0
936	R	0	0	0	0	0	0	0
937	D	0	0	0	0	0	0	0
938	E	0	0	0	0	0	0	0
939	G	0	0	0	0	0	0	0
940	S	0	0	0	0	0	0	0
941	Q	0	0	0	0	0	0	0
942	D	0	0	0	0	0	0	0
943	Q	0	0	0	0	0	0	0
944	T	0	0	0	0	0	0	0
945	G	0	0	0	0	0	0	0
946	S	Phosphoserine	GSQDQTGSLSRARPS	CCCCCCCCCCCCCCC	0	0	0	0
947	L	0	0	0	0	0	0	0
948	S	Phosphoserine	QDQTGSLSRARPSSR	CCCCCCCCCCCCCCC	0	0	0	0
949	R	0	0	0	0	0	0	0
950	A	0	0	0	0	0	0	0
951	R	0	0	0	0	0	0	0
952	P	0	0	0	0	0	0	0
953	S	0	0	0	0	0	0	0
954	S	0	0	0	0	0	0	0
955	R	0	0	0	0	0	0	0
956	H	0	0	0	0	0	0	0
957	V	0	0	0	0	0	0	0
958	R	0	0	0	0	0	0	0
959	H	0	0	0	0	0	0	0
960	A	0	0	0	0	0	0	0
961	S	Phosphoserine	SRHVRHASVPATFMP	CCCCCCCCCCCEECC	0	0	0	0
962	V	0	0	0	0	0	0	0
963	P	0	0	0	0	0	0	0
964	A	0	0	0	0	0	0	0
965	T	Phosphothreonine	RHASVPATFMPIVVP	CCCCCCCEECCEECC	0	0	0	0
966	F	0	0	0	0	0	0	0
967	M	0	0	0	0	0	0	0
968	P	0	0	0	0	0	0	0
969	I	0	0	0	0	0	0	0
970	V	0	0	0	0	0	0	0
971	V	0	0	0	0	0	0	0
972	P	0	0	0	0	0	0	0
973	E	0	0	0	0	0	0	0
974	P	0	0	0	0	0	0	0
975	P	0	0	0	0	0	0	0
976	T	0	0	0	0	0	0	0
977	S	0	0	0	0	0	0	0
978	V	0	0	0	0	0	0	0
979	G	0	0	0	0	0	0	0
980	P	0	0	0	0	0	0	0
981	P	0	0	0	0	0	0	0
982	V	0	0	0	0	0	0	0
983	A	0	0	0	0	0	0	0
984	V	0	0	0	0	0	0	0
985	P	0	0	0	0	0	0	0
986	E	0	0	0	0	0	0	0
987	P	0	0	0	0	0	0	0
988	I	0	0	0	0	0	0	0
989	G	0	0	0	0	0	0	0
990	F	0	0	0	0	0	0	0
991	P	0	0	0	0	0	0	0
992	T	0	0	0	0	0	0	0
993	R	0	0	0	0	0	0	0
994	A	0	0	0	0	0	0	0
995	H	0	0	0	0	0	0	0
996	P	0	0	0	0	0	0	0
997	T	0	0	0	0	0	0	0
998	L	0	0	0	0	0	0	0
999	Q	0	0	0	0	0	0	0
1000	A	0	0	0	0	0	0	0
1001	P	0	0	0	0	0	0	0
1002	S	Phosphoserine	HPTLQAPSLEDVTKQ	CCCCCCCCHHHHHHH	0	0	0	0
1003	L	0	0	0	0	0	0	0
1004	E	0	0	0	0	0	0	0
1005	D	0	0	0	0	0	0	0
1006	V	0	0	0	0	0	0	0
1007	T	Phosphothreonine	APSLEDVTKQYMLNL	CCCHHHHHHHHHHHC	0	0	0	0
1008	K	0	0	0	0	0	0	0
1009	Q	0	0	0	0	0	0	0
1010	Y	0	0	0	0	0	0	0
1011	M	0	0	0	0	0	0	0
1012	L	0	0	0	0	0	0	0
1013	N	0	0	0	0	0	0	0
1014	L	0	0	0	0	0	0	0
1015	H	0	0	0	0	0	0	0
1016	S	0	0	0	0	0	0	0
1017	G	0	0	0	0	0	0	0
1018	E	0	0	0	0	0	0	0
1019	V	0	0	0	0	0	0	0
1020	P	0	0	0	0	0	0	0
1021	A	0	0	0	0	0	0	0
1022	P	0	0	0	0	0	0	0
1023	V	0	0	0	0	0	0	0
1024	P	0	0	0	0	0	0	0
1025	V	0	0	0	0	0	0	0
1026	D	0	0	0	0	0	0	0
1027	M	0	0	0	0	0	0	0
1028	P	0	0	0	0	0	0	0
1029	C	0	0	0	0	0	0	0
1030	L	0	0	0	0	0	0	0
1031	P	0	0	0	0	0	0	0
1032	L	0	0	0	0	0	0	0
1033	A	0	0	0	0	0	0	0
1034	A	0	0	0	0	0	0	0
1035	P	0	0	0	0	0	0	0
1036	P	0	0	0	0	0	0	0
1037	S	0	0	0	0	0	0	0
1038	A	0	0	0	0	0	0	0
1039	E	0	0	0	0	0	0	0
1040	A	0	0	0	0	0	0	0
1041	K	0	0	0	0	0	0	0
1042	P	0	0	0	0	0	0	0
1043	P	0	0	0	0	0	0	0
1044	E	0	0	0	0	0	0	0
1045	A	0	0	0	0	0	0	0
1046	A	0	0	0	0	0	0	0
1047	R	0	0	0	0	0	0	0
1048	P	0	0	0	0	0	0	0
1049	A	0	0	0	0	0	0	0
1050	D	0	0	0	0	0	0	0
1051	E	0	0	0	0	0	0	0
1052	P	0	0	0	0	0	0	0
1053	T	0	0	0	0	0	0	0
1054	P	0	0	0	0	0	0	0
1055	A	0	0	0	0	0	0	0
1056	S	0	0	0	0	0	0	0
1057	K	0	0	0	0	0	0	0
1058	C	0	0	0	0	0	0	0
1059	C	0	0	0	0	0	0	0
1060	S	0	0	0	0	0	0	0
1061	K	0	0	0	0	0	0	0
1062	P	0	0	0	0	0	0	0
1063	Q	0	0	0	0	0	0	0
1064	V	0	0	0	0	0	0	0
1065	D	0	0	0	0	0	0	0
1066	M	0	0	0	0	0	0	0
1067	R	0	0	0	0	0	0	0
1068	K	0	0	0	0	0	0	0
1069	H	0	0	0	0	0	0	0
1070	V	0	0	0	0	0	0	0
1071	A	0	0	0	0	0	0	0
1072	M	0	0	0	0	0	0	0
1073	T	0	0	0	0	0	0	0
1074	L	0	0	0	0	0	0	0
1075	L	0	0	0	0	0	0	0
1076	D	0	0	0	0	0	0	0
1077	T	0	0	0	0	0	0	0
1078	E	0	0	0	0	0	0	0
1079	Q	0	0	0	0	0	0	0
1080	S	0	0	0	0	0	0	0
1081	Y	0	0	0	0	0	0	0
1082	V	0	0	0	0	0	0	0
1083	E	0	0	0	0	0	0	0
1084	S	0	0	0	0	0	0	0
1085	L	0	0	0	0	0	0	0
1086	R	0	0	0	0	0	0	0
1087	T	0	0	0	0	0	0	0
1088	L	0	0	0	0	0	0	0
1089	M	0	0	0	0	0	0	0
1090	Q	0	0	0	0	0	0	0
1091	G	0	0	0	0	0	0	0
1092	Y	0	0	0	0	0	0	0
1093	M	0	0	0	0	0	0	0
1094	Q	0	0	0	0	0	0	0
1095	P	0	0	0	0	0	0	0
1096	L	0	0	0	0	0	0	0
1097	K	0	0	0	0	0	0	0
1098	Q	0	0	0	0	0	0	0
1099	P	0	0	0	0	0	0	0
1100	E	0	0	0	0	0	0	0
1101	N	0	0	0	0	0	0	0
1102	S	0	0	0	0	0	0	0
1103	V	0	0	0	0	0	0	0
1104	L	0	0	0	0	0	0	0
1105	C	0	0	0	0	0	0	0
1106	D	0	0	0	0	0	0	0
1107	P	0	0	0	0	0	0	0
1108	S	0	0	0	0	0	0	0
1109	L	0	0	0	0	0	0	0
1110	V	0	0	0	0	0	0	0
1111	D	0	0	0	0	0	0	0
1112	E	0	0	0	0	0	0	0
1113	I	0	0	0	0	0	0	0
1114	F	0	0	0	0	0	0	0
1115	D	0	0	0	0	0	0	0
1116	Q	0	0	0	0	0	0	0
1117	I	0	0	0	0	0	0	0
1118	P	0	0	0	0	0	0	0
1119	E	0	0	0	0	0	0	0
1120	L	0	0	0	0	0	0	0
1121	L	0	0	0	0	0	0	0
1122	E	0	0	0	0	0	0	0
1123	H	0	0	0	0	0	0	0
1124	H	0	0	0	0	0	0	0
1125	E	0	0	0	0	0	0	0
1126	Q	0	0	0	0	0	0	0
1127	F	0	0	0	0	0	0	0
1128	L	0	0	0	0	0	0	0
1129	E	0	0	0	0	0	0	0
1130	Q	0	0	0	0	0	0	0
1131	V	0	0	0	0	0	0	0
1132	R	0	0	0	0	0	0	0
1133	H	0	0	0	0	0	0	0
1134	C	0	0	0	0	0	0	0
1135	M	0	0	0	0	0	0	0
1136	Q	0	0	0	0	0	0	0
1137	T	0	0	0	0	0	0	0
1138	W	0	0	0	0	0	0	0
1139	H	0	0	0	0	0	0	0
1140	A	0	0	0	0	0	0	0
1141	Q	0	0	0	0	0	0	0
1142	Q	0	0	0	0	0	0	0
1143	K	0	0	0	0	0	0	0
1144	V	0	0	0	0	0	0	0
1145	G	0	0	0	0	0	0	0
1146	A	0	0	0	0	0	0	0
1147	L	0	0	0	0	0	0	0
1148	L	0	0	0	0	0	0	0
1149	V	0	0	0	0	0	0	0
1150	Q	0	0	0	0	0	0	0
1151	S	0	0	0	0	0	0	0
1152	F	0	0	0	0	0	0	0
1153	S	0	0	0	0	0	0	0
1154	K	0	0	0	0	0	0	0
1155	D	0	0	0	0	0	0	0
1156	V	0	0	0	0	0	0	0
1157	L	0	0	0	0	0	0	0
1158	V	0	0	0	0	0	0	0
1159	N	0	0	0	0	0	0	0
1160	I	0	0	0	0	0	0	0
1161	Y	0	0	0	0	0	0	0
1162	S	0	0	0	0	0	0	0
1163	A	0	0	0	0	0	0	0
1164	Y	0	0	0	0	0	0	0
1165	I	0	0	0	0	0	0	0
1166	D	0	0	0	0	0	0	0
1167	N	0	0	0	0	0	0	0
1168	F	0	0	0	0	0	0	0
1169	L	0	0	0	0	0	0	0
1170	N	0	0	0	0	0	0	0
1171	A	0	0	0	0	0	0	0
1172	K	0	0	0	0	0	0	0
1173	D	0	0	0	0	0	0	0
1174	A	0	0	0	0	0	0	0
1175	V	0	0	0	0	0	0	0
1176	R	0	0	0	0	0	0	0
1177	V	0	0	0	0	0	0	0
1178	A	0	0	0	0	0	0	0
1179	K	0	0	0	0	0	0	0
1180	E	0	0	0	0	0	0	0
1181	A	0	0	0	0	0	0	0
1182	R	0	0	0	0	0	0	0
1183	P	0	0	0	0	0	0	0
1184	A	0	0	0	0	0	0	0
1185	F	0	0	0	0	0	0	0
1186	L	0	0	0	0	0	0	0
1187	K	0	0	0	0	0	0	0
1188	F	0	0	0	0	0	0	0
1189	L	0	0	0	0	0	0	0
1190	E	0	0	0	0	0	0	0
1191	Q	0	0	0	0	0	0	0
1192	S	0	0	0	0	0	0	0
1193	M	0	0	0	0	0	0	0
1194	R	0	0	0	0	0	0	0
1195	E	0	0	0	0	0	0	0
1196	N	0	0	0	0	0	0	0
1197	K	0	0	0	0	0	0	0
1198	E	0	0	0	0	0	0	0
1199	K	0	0	0	0	0	0	0
1200	Q	0	0	0	0	0	0	0
1201	A	0	0	0	0	0	0	0
1202	L	0	0	0	0	0	0	0
1203	S	0	0	0	0	0	0	0
1204	D	0	0	0	0	0	0	0
1205	L	0	0	0	0	0	0	0
1206	M	0	0	0	0	0	0	0
1207	I	0	0	0	0	0	0	0
1208	K	0	0	0	0	0	0	0
1209	P	0	0	0	0	0	0	0
1210	V	0	0	0	0	0	0	0
1211	Q	0	0	0	0	0	0	0
1212	R	0	0	0	0	0	0	0
1213	I	0	0	0	0	0	0	0
1214	P	0	0	0	0	0	0	0
1215	R	0	0	0	0	0	0	0
1216	Y	0	0	0	0	0	0	0
1217	E	0	0	0	0	0	0	0
1218	L	0	0	0	0	0	0	0
1219	L	0	0	0	0	0	0	0
1220	V	0	0	0	0	0	0	0
1221	K	0	0	0	0	0	0	0
1222	D	0	0	0	0	0	0	0
1223	L	0	0	0	0	0	0	0
1224	L	0	0	0	0	0	0	0
1225	K	0	0	0	0	0	0	0
1226	H	0	0	0	0	0	0	0
1227	T	0	0	0	0	0	0	0
1228	P	0	0	0	0	0	0	0
1229	E	0	0	0	0	0	0	0
1230	D	0	0	0	0	0	0	0
1231	H	0	0	0	0	0	0	0
1232	P	0	0	0	0	0	0	0
1233	D	0	0	0	0	0	0	0
1234	H	0	0	0	0	0	0	0
1235	P	0	0	0	0	0	0	0
1236	L	0	0	0	0	0	0	0
1237	L	0	0	0	0	0	0	0
1238	L	0	0	0	0	0	0	0
1239	E	0	0	0	0	0	0	0
1240	A	0	0	0	0	0	0	0
1241	Q	0	0	0	0	0	0	0
1242	R	0	0	0	0	0	0	0
1243	N	0	0	0	0	0	0	0
1244	I	0	0	0	0	0	0	0
1245	K	0	0	0	0	0	0	0
1246	Q	0	0	0	0	0	0	0
1247	V	0	0	0	0	0	0	0
1248	A	0	0	0	0	0	0	0
1249	E	0	0	0	0	0	0	0
1250	R	0	0	0	0	0	0	0
1251	I	0	0	0	0	0	0	0
1252	N	0	0	0	0	0	0	0
1253	K	0	0	0	0	0	0	0
1254	G	0	0	0	0	0	0	0
1255	V	0	0	0	0	0	0	0
1256	R	0	0	0	0	0	0	0
1257	S	0	0	0	0	0	0	0
1258	A	0	0	0	0	0	0	0
1259	E	0	0	0	0	0	0	0
1260	E	0	0	0	0	0	0	0
1261	A	0	0	0	0	0	0	0
1262	E	0	0	0	0	0	0	0
1263	R	0	0	0	0	0	0	0
1264	H	0	0	0	0	0	0	0
1265	A	0	0	0	0	0	0	0
1266	R	0	0	0	0	0	0	0
1267	V	0	0	0	0	0	0	0
1268	L	0	0	0	0	0	0	0
1269	Q	0	0	0	0	0	0	0
1270	E	0	0	0	0	0	0	0
1271	I	0	0	0	0	0	0	0
1272	E	0	0	0	0	0	0	0
1273	A	0	0	0	0	0	0	0
1274	H	0	0	0	0	0	0	0
1275	I	0	0	0	0	0	0	0
1276	E	0	0	0	0	0	0	0
1277	G	0	0	0	0	0	0	0
1278	M	0	0	0	0	0	0	0
1279	E	0	0	0	0	0	0	0
1280	D	0	0	0	0	0	0	0
1281	L	0	0	0	0	0	0	0
1282	Q	0	0	0	0	0	0	0
1283	A	0	0	0	0	0	0	0
1284	P	0	0	0	0	0	0	0
1285	L	0	0	0	0	0	0	0
1286	R	0	0	0	0	0	0	0
1287	R	0	0	0	0	0	0	0
1288	F	0	0	0	0	0	0	0
1289	L	0	0	0	0	0	0	0
1290	R	0	0	0	0	0	0	0
1291	Q	0	0	0	0	0	0	0
1292	E	0	0	0	0	0	0	0
1293	M	0	0	0	0	0	0	0
1294	V	0	0	0	0	0	0	0
1295	I	0	0	0	0	0	0	0
1296	E	0	0	0	0	0	0	0
1297	V	0	0	0	0	0	0	0
1298	K	0	0	0	0	0	0	0
1299	A	0	0	0	0	0	0	0
1300	I	0	0	0	0	0	0	0
1301	G	0	0	0	0	0	0	0
1302	G	0	0	0	0	0	0	0
1303	K	0	0	0	0	0	0	0
1304	K	0	0	0	0	0	0	0
1305	D	0	0	0	0	0	0	0
1306	R	0	0	0	0	0	0	0
1307	S	0	0	0	0	0	0	0
1308	L	0	0	0	0	0	0	0
1309	F	0	0	0	0	0	0	0
1310	L	0	0	0	0	0	0	0
1311	F	0	0	0	0	0	0	0
1312	T	0	0	0	0	0	0	0
1313	D	0	0	0	0	0	0	0
1314	L	0	0	0	0	0	0	0
1315	I	0	0	0	0	0	0	0
1316	V	0	0	0	0	0	0	0
1317	C	0	0	0	0	0	0	0
1318	T	0	0	0	0	0	0	0
1319	T	0	0	0	0	0	0	0
1320	L	0	0	0	0	0	0	0
1321	K	0	0	0	0	0	0	0
1322	R	0	0	0	0	0	0	0
1323	K	0	0	0	0	0	0	0
1324	S	0	0	0	0	0	0	0
1325	G	0	0	0	0	0	0	0
1326	S	0	0	0	0	0	0	0
1327	L	0	0	0	0	0	0	0
1328	R	0	0	0	0	0	0	0
1329	R	0	0	0	0	0	0	0
1330	S	Phosphoserine	KSGSLRRSSMSLYTA	CCCCCCCCHHHHHHH	0	0	0	0
1331	S	Phosphoserine	SGSLRRSSMSLYTAA	CCCCCCCHHHHHHHH	0	0	0	0
1332	M	0	0	0	0	0	0	0
1333	S	0	0	0	0	0	0	0
1334	L	0	0	0	0	0	0	0
1335	Y	0	0	0	0	0	0	0
1336	T	Phosphothreonine	RSSMSLYTAASVIDT	CCHHHHHHHHHHHHH	0	0	0	0
1337	A	0	0	0	0	0	0	0
1338	A	0	0	0	0	0	0	0
1339	S	0	0	0	0	0	0	0
1340	V	0	0	0	0	0	0	0
1341	I	0	0	0	0	0	0	0
1342	D	0	0	0	0	0	0	0
1343	T	0	0	0	0	0	0	0
1344	A	0	0	0	0	0	0	0
1345	S	Phosphoserine	ASVIDTASKYKMLWK	HHHHHHHHHHCEEEC	0	0	0	0
1346	K	0	0	0	0	0	0	0
1347	Y	0	0	0	0	0	0	0
1348	K	0	0	0	0	0	0	0
1349	M	0	0	0	0	0	0	0
1350	L	0	0	0	0	0	0	0
1351	W	0	0	0	0	0	0	0
1352	K	0	0	0	0	0	0	0
1353	L	0	0	0	0	0	0	0
1354	P	0	0	0	0	0	0	0
1355	L	0	0	0	0	0	0	0
1356	E	0	0	0	0	0	0	0
1357	D	0	0	0	0	0	0	0
1358	A	0	0	0	0	0	0	0
1359	D	0	0	0	0	0	0	0
1360	I	0	0	0	0	0	0	0
1361	I	0	0	0	0	0	0	0
1362	K	0	0	0	0	0	0	0
1363	G	0	0	0	0	0	0	0
1364	A	0	0	0	0	0	0	0
1365	S	0	0	0	0	0	0	0
1366	Q	0	0	0	0	0	0	0
1367	A	0	0	0	0	0	0	0
1368	T	0	0	0	0	0	0	0
1369	N	0	0	0	0	0	0	0
1370	R	0	0	0	0	0	0	0
1371	E	0	0	0	0	0	0	0
1372	N	0	0	0	0	0	0	0
1373	I	0	0	0	0	0	0	0
1374	Q	0	0	0	0	0	0	0
1375	K	0	0	0	0	0	0	0
1376	A	0	0	0	0	0	0	0
1377	I	0	0	0	0	0	0	0
1378	S	0	0	0	0	0	0	0
1379	R	0	0	0	0	0	0	0
1380	L	0	0	0	0	0	0	0
1381	D	0	0	0	0	0	0	0
1382	E	0	0	0	0	0	0	0
1383	D	0	0	0	0	0	0	0
1384	L	0	0	0	0	0	0	0
1385	T	Phosphothreonine	SRLDEDLTTLGQMSK	HHHHHHHHHHHHHHH	0	0	0	0
1386	T	0	0	0	0	0	0	0
1387	L	0	0	0	0	0	0	0
1388	G	0	0	0	0	0	0	0
1389	Q	0	0	0	0	0	0	0
1390	M	0	0	0	0	0	0	0
1391	S	0	0	0	0	0	0	0
1392	K	0	0	0	0	0	0	0
1393	L	0	0	0	0	0	0	0
1394	S	0	0	0	0	0	0	0
1395	E	0	0	0	0	0	0	0
1396	S	0	0	0	0	0	0	0
1397	L	0	0	0	0	0	0	0
1398	G	0	0	0	0	0	0	0
1399	F	0	0	0	0	0	0	0
1400	P	0	0	0	0	0	0	0
1401	H	0	0	0	0	0	0	0
1402	Q	0	0	0	0	0	0	0
1403	S	0	0	0	0	0	0	0
1404	L	0	0	0	0	0	0	0
1405	D	0	0	0	0	0	0	0
1406	D	0	0	0	0	0	0	0
1407	A	0	0	0	0	0	0	0
1408	L	0	0	0	0	0	0	0
1409	R	0	0	0	0	0	0	0
1410	D	0	0	0	0	0	0	0
1411	L	0	0	0	0	0	0	0
1412	S	0	0	0	0	0	0	0
1413	A	0	0	0	0	0	0	0
1414	A	0	0	0	0	0	0	0
1415	M	0	0	0	0	0	0	0
1416	H	0	0	0	0	0	0	0
1417	R	0	0	0	0	0	0	0
1418	D	0	0	0	0	0	0	0
1419	L	0	0	0	0	0	0	0
1420	S	0	0	0	0	0	0	0
1421	E	0	0	0	0	0	0	0
1422	K	0	0	0	0	0	0	0
1423	Q	0	0	0	0	0	0	0
1424	A	0	0	0	0	0	0	0
1425	L	0	0	0	0	0	0	0
1426	C	0	0	0	0	0	0	0
1427	Y	0	0	0	0	0	0	0
1428	A	0	0	0	0	0	0	0
1429	L	0	0	0	0	0	0	0
1430	S	Phosphoserine	QALCYALSFPPTKLE	HHHHHHHCCCCCEEE	0	0	0	0
1431	F	0	0	0	0	0	0	0
1432	P	0	0	0	0	0	0	0
1433	P	0	0	0	0	0	0	0
1434	T	0	0	0	0	0	0	0
1435	K	0	0	0	0	0	0	0
1436	L	0	0	0	0	0	0	0
1437	E	0	0	0	0	0	0	0
1438	L	0	0	0	0	0	0	0
1439	C	0	0	0	0	0	0	0
1440	A	0	0	0	0	0	0	0
1441	T	0	0	0	0	0	0	0
1442	R	0	0	0	0	0	0	0
1443	P	0	0	0	0	0	0	0
1444	E	0	0	0	0	0	0	0
1445	G	0	0	0	0	0	0	0
1446	T	0	0	0	0	0	0	0
1447	D	0	0	0	0	0	0	0
1448	S	0	0	0	0	0	0	0
1449	Y	0	0	0	0	0	0	0
1450	I	0	0	0	0	0	0	0
1451	F	0	0	0	0	0	0	0
1452	E	0	0	0	0	0	0	0
1453	F	0	0	0	0	0	0	0
1454	P	0	0	0	0	0	0	0
1455	H	0	0	0	0	0	0	0
1456	P	0	0	0	0	0	0	0
1457	D	0	0	0	0	0	0	0
1458	A	0	0	0	0	0	0	0
1459	R	0	0	0	0	0	0	0
1460	L	0	0	0	0	0	0	0
1461	G	0	0	0	0	0	0	0
1462	F	0	0	0	0	0	0	0
1463	E	0	0	0	0	0	0	0
1464	Q	0	0	0	0	0	0	0
1465	A	0	0	0	0	0	0	0
1466	F	0	0	0	0	0	0	0
1467	D	0	0	0	0	0	0	0
1468	E	0	0	0	0	0	0	0
1469	A	0	0	0	0	0	0	0
1470	K	0	0	0	0	0	0	0
1471	R	0	0	0	0	0	0	0
1472	K	0	0	0	0	0	0	0
1473	L	0	0	0	0	0	0	0
1474	A	0	0	0	0	0	0	0
1475	S	0	0	0	0	0	0	0
1476	S	0	0	0	0	0	0	0
1477	K	0	0	0	0	0	0	0
1478	S	0	0	0	0	0	0	0
1479	C	0	0	0	0	0	0	0
1480	L	0	0	0	0	0	0	0
1481	D	0	0	0	0	0	0	0
1482	P	0	0	0	0	0	0	0
1483	E	0	0	0	0	0	0	0
1484	F	0	0	0	0	0	0	0
1485	L	0	0	0	0	0	0	0
1486	K	0	0	0	0	0	0	0
1487	A	0	0	0	0	0	0	0
1488	I	0	0	0	0	0	0	0
1489	P	0	0	0	0	0	0	0
1490	I	0	0	0	0	0	0	0
1491	M	0	0	0	0	0	0	0
1492	K	0	0	0	0	0	0	0
1493	T	0	0	0	0	0	0	0
1494	R	0	0	0	0	0	0	0
1495	S	0	0	0	0	0	0	0
1496	G	0	0	0	0	0	0	0
1497	M	0	0	0	0	0	0	0
1498	Q	0	0	0	0	0	0	0
1499	F	0	0	0	0	0	0	0
1500	S	0	0	0	0	0	0	0
1501	C	0	0	0	0	0	0	0
1502	A	0	0	0	0	0	0	0
1503	A	0	0	0	0	0	0	0
1504	P	0	0	0	0	0	0	0
1505	T	0	0	0	0	0	0	0
1506	L	0	0	0	0	0	0	0
1507	N	0	0	0	0	0	0	0
1508	S	0	0	0	0	0	0	0
1509	C	0	0	0	0	0	0	0
1510	P	0	0	0	0	0	0	0
1511	E	0	0	0	0	0	0	0
1512	P	0	0	0	0	0	0	0
1513	S	Phosphoserine	LNSCPEPSPEVWVCN	CCCCCCCCCCEEEEC	0	0	0	0
1514	P	0	0	0	0	0	0	0
1515	E	0	0	0	0	0	0	0
1516	V	0	0	0	0	0	0	0
1517	W	0	0	0	0	0	0	0
1518	V	0	0	0	0	0	0	0
1519	C	0	0	0	0	0	0	0
1520	N	0	0	0	0	0	0	0
1521	S	Phosphoserine	PEVWVCNSDGYVGQV	CCEEEECCCCCCEEE	0	0	0	0
1522	D	0	0	0	0	0	0	0
1523	G	0	0	0	0	0	0	0
1524	Y	0	0	0	0	0	0	0
1525	V	0	0	0	0	0	0	0
1526	G	0	0	0	0	0	0	0
1527	Q	0	0	0	0	0	0	0
1528	V	0	0	0	0	0	0	0
1529	C	0	0	0	0	0	0	0
1530	L	0	0	0	0	0	0	0
1531	L	0	0	0	0	0	0	0
1532	S	0	0	0	0	0	0	0
1533	L	0	0	0	0	0	0	0
1534	R	0	0	0	0	0	0	0
1535	A	0	0	0	0	0	0	0
1536	E	0	0	0	0	0	0	0
1537	P	0	0	0	0	0	0	0
1538	D	0	0	0	0	0	0	0
1539	V	0	0	0	0	0	0	0
1540	E	0	0	0	0	0	0	0
1541	A	0	0	0	0	0	0	0
1542	C	0	0	0	0	0	0	0
1543	I	0	0	0	0	0	0	0
1544	A	0	0	0	0	0	0	0
1545	V	0	0	0	0	0	0	0
1546	C	0	0	0	0	0	0	0
1547	S	0	0	0	0	0	0	0
1548	A	0	0	0	0	0	0	0
1549	R	0	0	0	0	0	0	0
1550	I	0	0	0	0	0	0	0
1551	L	0	0	0	0	0	0	0
1552	C	0	0	0	0	0	0	0
1553	I	0	0	0	0	0	0	0
1554	G	0	0	0	0	0	0	0
1555	A	0	0	0	0	0	0	0
1556	V	0	0	0	0	0	0	0
1557	P	0	0	0	0	0	0	0
1558	G	0	0	0	0	0	0	0
1559	L	0	0	0	0	0	0	0
1560	Q	0	0	0	0	0	0	0
1561	P	0	0	0	0	0	0	0
1562	R	0	0	0	0	0	0	0
1563	C	0	0	0	0	0	0	0
1564	H	0	0	0	0	0	0	0
1565	R	0	0	0	0	0	0	0
1566	E	0	0	0	0	0	0	0
1567	P	0	0	0	0	0	0	0
1568	P	0	0	0	0	0	0	0
1569	P	0	0	0	0	0	0	0
1570	S	0	0	0	0	0	0	0
1571	L	0	0	0	0	0	0	0
1572	R	0	0	0	0	0	0	0
1573	S	0	0	0	0	0	0	0
1574	P	0	0	0	0	0	0	0
1575	P	0	0	0	0	0	0	0
1576	E	0	0	0	0	0	0	0
1577	T	0	0	0	0	0	0	0
1578	A	0	0	0	0	0	0	0
1579	P	0	0	0	0	0	0	0
1580	E	0	0	0	0	0	0	0
1581	P	0	0	0	0	0	0	0
1582	A	0	0	0	0	0	0	0
1583	G	0	0	0	0	0	0	0
1584	P	0	0	0	0	0	0	0
1585	E	0	0	0	0	0	0	0
1586	L	0	0	0	0	0	0	0
1587	D	0	0	0	0	0	0	0
1588	V	0	0	0	0	0	0	0
1589	E	0	0	0	0	0	0	0
1590	A	0	0	0	0	0	0	0
1591	A	0	0	0	0	0	0	0
1592	A	0	0	0	0	0	0	0
1593	D	0	0	0	0	0	0	0
1594	E	0	0	0	0	0	0	0
1595	E	0	0	0	0	0	0	0
1596	A	0	0	0	0	0	0	0
1597	A	0	0	0	0	0	0	0
1598	T	0	0	0	0	0	0	0
1599	L	0	0	0	0	0	0	0
1600	A	0	0	0	0	0	0	0
1601	E	0	0	0	0	0	0	0
1602	P	0	0	0	0	0	0	0
1603	G	0	0	0	0	0	0	0
1604	P	0	0	0	0	0	0	0
1605	Q	0	0	0	0	0	0	0
1606	P	0	0	0	0	0	0	0
1607	C	0	0	0	0	0	0	0
1608	L	0	0	0	0	0	0	0
1609	H	0	0	0	0	0	0	0
1610	I	0	0	0	0	0	0	0
1611	S	0	0	0	0	0	0	0
1612	I	0	0	0	0	0	0	0
1613	A	0	0	0	0	0	0	0
1614	G	0	0	0	0	0	0	0
1615	S	0	0	0	0	0	0	0
1616	G	0	0	0	0	0	0	0
1617	L	0	0	0	0	0	0	0
1618	E	0	0	0	0	0	0	0
1619	M	0	0	0	0	0	0	0
1620	T	0	0	0	0	0	0	0
1621	P	0	0	0	0	0	0	0
1622	G	0	0	0	0	0	0	0
1623	L	0	0	0	0	0	0	0
1624	G	0	0	0	0	0	0	0
1625	E	0	0	0	0	0	0	0
1626	G	0	0	0	0	0	0	0
1627	D	0	0	0	0	0	0	0
1628	P	0	0	0	0	0	0	0
1629	R	0	0	0	0	0	0	0
1630	P	0	0	0	0	0	0	0
1631	E	0	0	0	0	0	0	0
1632	L	0	0	0	0	0	0	0
1633	V	0	0	0	0	0	0	0
1634	P	0	0	0	0	0	0	0
1635	F	0	0	0	0	0	0	0
1636	D	0	0	0	0	0	0	0
1637	S	0	0	0	0	0	0	0
1638	D	0	0	0	0	0	0	0
1639	S	0	0	0	0	0	0	0
1640	D	0	0	0	0	0	0	0
1641	D	0	0	0	0	0	0	0
1642	E	0	0	0	0	0	0	0
1643	S	0	0	0	0	0	0	0
1644	S	0	0	0	0	0	0	0
1645	P	0	0	0	0	0	0	0
1646	S	0	0	0	0	0	0	0
1647	P	0	0	0	0	0	0	0
1648	S	0	0	0	0	0	0	0
1649	G	0	0	0	0	0	0	0
1650	T	0	0	0	0	0	0	0
1651	L	0	0	0	0	0	0	0
1652	Q	0	0	0	0	0	0	0
1653	S	0	0	0	0	0	0	0
1654	Q	0	0	0	0	0	0	0
1655	A	0	0	0	0	0	0	0
1656	S	0	0	0	0	0	0	0
1657	R	0	0	0	0	0	0	0
1658	S	0	0	0	0	0	0	0
1659	T	0	0	0	0	0	0	0
1660	I	0	0	0	0	0	0	0
1661	S	0	0	0	0	0	0	0
1662	S	0	0	0	0	0	0	0
1663	S	Phosphoserine	SRSTISSSFGNEETP	HHHHHHHHCCCCCCC	0	0	0	0
1664	F	0	0	0	0	0	0	0
1665	G	0	0	0	0	0	0	0
1666	N	0	0	0	0	0	0	0
1667	E	0	0	0	0	0	0	0
1668	E	0	0	0	0	0	0	0
1669	T	Phosphothreonine	SSFGNEETPSSKEAT	HHCCCCCCCCCCCCC	0	0	0	0
1670	P	0	0	0	0	0	0	0
1671	S	0	0	0	0	0	0	0
1672	S	0	0	0	0	0	0	0
1673	K	0	0	0	0	0	0	0
1674	E	0	0	0	0	0	0	0
1675	A	0	0	0	0	0	0	0
1676	T	0	0	0	0	0	0	0
1677	A	0	0	0	0	0	0	0
1678	E	0	0	0	0	0	0	0
1679	T	0	0	0	0	0	0	0
1680	T	0	0	0	0	0	0	0
1681	S	0	0	0	0	0	0	0
1682	S	0	0	0	0	0	0	0
1683	E	0	0	0	0	0	0	0
1684	E	0	0	0	0	0	0	0
1685	E	0	0	0	0	0	0	0
1686	Q	0	0	0	0	0	0	0
1687	E	0	0	0	0	0	0	0
1688	P	0	0	0	0	0	0	0
1689	G	0	0	0	0	0	0	0
1690	F	0	0	0	0	0	0	0
1691	L	0	0	0	0	0	0	0
1692	P	0	0	0	0	0	0	0
1693	L	0	0	0	0	0	0	0
1694	S	0	0	0	0	0	0	0
1695	G	0	0	0	0	0	0	0
1696	S	0	0	0	0	0	0	0
1697	F	0	0	0	0	0	0	0
1698	G	0	0	0	0	0	0	0
1699	P	0	0	0	0	0	0	0
1700	G	0	0	0	0	0	0	0
1701	G	0	0	0	0	0	0	0
1702	P	0	0	0	0	0	0	0
1703	C	0	0	0	0	0	0	0
1704	G	0	0	0	0	0	0	0
1705	T	0	0	0	0	0	0	0
1706	S	0	0	0	0	0	0	0
1707	P	0	0	0	0	0	0	0
1708	M	0	0	0	0	0	0	0
1709	D	0	0	0	0	0	0	0
1710	G	0	0	0	0	0	0	0
1711	R	0	0	0	0	0	0	0
1712	A	0	0	0	0	0	0	0
1713	L	0	0	0	0	0	0	0
1714	R	0	0	0	0	0	0	0
1715	R	0	0	0	0	0	0	0
1716	S	0	0	0	0	0	0	0
1717	S	Phosphoserine	GRALRRSSHGSFTRG	CCCHHHCCCCCCCCC	0	0	0	0
1718	H	0	0	0	0	0	0	0
1719	G	0	0	0	0	0	0	0
1720	S	Phosphoserine	LRRSSHGSFTRGSLE	HHHCCCCCCCCCCHH	0	0	0	0
1721	F	0	0	0	0	0	0	0
1722	T	0	0	0	0	0	0	0
1723	R	0	0	0	0	0	0	0
1724	G	0	0	0	0	0	0	0
1725	S	Phosphoserine	HGSFTRGSLEDLLSV	CCCCCCCCHHHHHCC	0	0	0	0
1726	L	0	0	0	0	0	0	0
1727	E	0	0	0	0	0	0	0
1728	D	0	0	0	0	0	0	0
1729	L	0	0	0	0	0	0	0
1730	L	0	0	0	0	0	0	0
1731	S	0	0	0	0	0	0	0
1732	V	0	0	0	0	0	0	0
1733	D	0	0	0	0	0	0	0
1734	P	0	0	0	0	0	0	0
1735	E	0	0	0	0	0	0	0
1736	A	0	0	0	0	0	0	0
1737	Y	0	0	0	0	0	0	0
1738	Q	0	0	0	0	0	0	0
1739	S	0	0	0	0	0	0	0
1740	S	0	0	0	0	0	0	0
1741	V	0	0	0	0	0	0	0
1742	W	0	0	0	0	0	0	0
1743	L	0	0	0	0	0	0	0
1744	G	0	0	0	0	0	0	0
1745	T	0	0	0	0	0	0	0
1746	E	0	0	0	0	0	0	0
1747	D	0	0	0	0	0	0	0
1748	G	0	0	0	0	0	0	0
1749	C	0	0	0	0	0	0	0
1750	V	0	0	0	0	0	0	0
1751	H	0	0	0	0	0	0	0
1752	V	0	0	0	0	0	0	0
1753	Y	0	0	0	0	0	0	0
1754	Q	0	0	0	0	0	0	0
1755	S	0	0	0	0	0	0	0
1756	S	0	0	0	0	0	0	0
1757	D	0	0	0	0	0	0	0
1758	S	0	0	0	0	0	0	0
1759	I	0	0	0	0	0	0	0
1760	R	0	0	0	0	0	0	0
1761	D	0	0	0	0	0	0	0
1762	R	0	0	0	0	0	0	0
1763	R	0	0	0	0	0	0	0
1764	N	0	0	0	0	0	0	0
1765	S	0	0	0	0	0	0	0
1766	M	0	0	0	0	0	0	0
1767	K	0	0	0	0	0	0	0
1768	L	0	0	0	0	0	0	0
1769	Q	0	0	0	0	0	0	0
1770	H	0	0	0	0	0	0	0
1771	A	0	0	0	0	0	0	0
1772	A	0	0	0	0	0	0	0
1773	S	0	0	0	0	0	0	0
1774	V	0	0	0	0	0	0	0
1775	T	0	0	0	0	0	0	0
1776	C	0	0	0	0	0	0	0
1777	I	0	0	0	0	0	0	0
1778	L	0	0	0	0	0	0	0
1779	Y	0	0	0	0	0	0	0
1780	L	0	0	0	0	0	0	0
1781	N	0	0	0	0	0	0	0
1782	N	0	0	0	0	0	0	0
1783	Q	0	0	0	0	0	0	0
1784	V	0	0	0	0	0	0	0
1785	F	0	0	0	0	0	0	0
1786	V	0	0	0	0	0	0	0
1787	S	0	0	0	0	0	0	0
1788	L	0	0	0	0	0	0	0
1789	A	0	0	0	0	0	0	0
1790	N	0	0	0	0	0	0	0
1791	G	0	0	0	0	0	0	0
1792	E	0	0	0	0	0	0	0
1793	L	0	0	0	0	0	0	0
1794	V	0	0	0	0	0	0	0
1795	V	0	0	0	0	0	0	0
1796	Y	0	0	0	0	0	0	0
1797	Q	0	0	0	0	0	0	0
1798	R	0	0	0	0	0	0	0
1799	E	0	0	0	0	0	0	0
1800	A	0	0	0	0	0	0	0
1801	G	0	0	0	0	0	0	0
1802	H	0	0	0	0	0	0	0
1803	F	0	0	0	0	0	0	0
1804	W	0	0	0	0	0	0	0
1805	D	0	0	0	0	0	0	0
1806	P	0	0	0	0	0	0	0
1807	Q	0	0	0	0	0	0	0
1808	N	0	0	0	0	0	0	0
1809	F	0	0	0	0	0	0	0
1810	K	0	0	0	0	0	0	0
1811	S	Phosphoserine	WDPQNFKSVTLGTQG	CCCCCCCEEEEECCC	0	0	0	0
1812	V	0	0	0	0	0	0	0
1813	T	0	0	0	0	0	0	0
1814	L	0	0	0	0	0	0	0
1815	G	0	0	0	0	0	0	0
1816	T	0	0	0	0	0	0	0
1817	Q	0	0	0	0	0	0	0
1818	G	0	0	0	0	0	0	0
1819	S	0	0	0	0	0	0	0
1820	P	0	0	0	0	0	0	0
1821	I	0	0	0	0	0	0	0
1822	T	0	0	0	0	0	0	0
1823	K	0	0	0	0	0	0	0
1824	M	0	0	0	0	0	0	0
1825	V	0	0	0	0	0	0	0
1826	S	0	0	0	0	0	0	0
1827	V	0	0	0	0	0	0	0
1828	G	0	0	0	0	0	0	0
1829	G	0	0	0	0	0	0	0
1830	R	0	0	0	0	0	0	0
1831	L	0	0	0	0	0	0	0
1832	W	0	0	0	0	0	0	0
1833	C	0	0	0	0	0	0	0
1834	G	0	0	0	0	0	0	0
1835	C	0	0	0	0	0	0	0
1836	Q	0	0	0	0	0	0	0
1837	N	0	0	0	0	0	0	0
1838	R	0	0	0	0	0	0	0
1839	V	0	0	0	0	0	0	0
1840	L	0	0	0	0	0	0	0
1841	V	0	0	0	0	0	0	0
1842	L	0	0	0	0	0	0	0
1843	S	0	0	0	0	0	0	0
1844	P	0	0	0	0	0	0	0
1845	D	0	0	0	0	0	0	0
1846	T	0	0	0	0	0	0	0
1847	L	0	0	0	0	0	0	0
1848	Q	0	0	0	0	0	0	0
1849	L	0	0	0	0	0	0	0
1850	E	0	0	0	0	0	0	0
1851	H	0	0	0	0	0	0	0
1852	M	0	0	0	0	0	0	0
1853	F	0	0	0	0	0	0	0
1854	Y	0	0	0	0	0	0	0
1855	V	0	0	0	0	0	0	0
1856	G	0	0	0	0	0	0	0
1857	Q	0	0	0	0	0	0	0
1858	D	0	0	0	0	0	0	0
1859	S	0	0	0	0	0	0	0
1860	S	0	0	0	0	0	0	0
1861	R	0	0	0	0	0	0	0
1862	C	0	0	0	0	0	0	0
1863	V	0	0	0	0	0	0	0
1864	A	0	0	0	0	0	0	0
1865	C	0	0	0	0	0	0	0
1866	M	0	0	0	0	0	0	0
1867	V	0	0	0	0	0	0	0
1868	D	0	0	0	0	0	0	0
1869	S	0	0	0	0	0	0	0
1870	S	0	0	0	0	0	0	0
1871	L	0	0	0	0	0	0	0
1872	G	0	0	0	0	0	0	0
1873	V	0	0	0	0	0	0	0
1874	W	0	0	0	0	0	0	0
1875	V	0	0	0	0	0	0	0
1876	T	0	0	0	0	0	0	0
1877	L	0	0	0	0	0	0	0
1878	K	0	0	0	0	0	0	0
1879	G	0	0	0	0	0	0	0
1880	S	0	0	0	0	0	0	0
1881	A	0	0	0	0	0	0	0
1882	H	0	0	0	0	0	0	0
1883	V	0	0	0	0	0	0	0
1884	C	0	0	0	0	0	0	0
1885	L	0	0	0	0	0	0	0
1886	Y	0	0	0	0	0	0	0
1887	H	0	0	0	0	0	0	0
1888	P	0	0	0	0	0	0	0
1889	D	0	0	0	0	0	0	0
1890	T	0	0	0	0	0	0	0
1891	F	0	0	0	0	0	0	0
1892	E	0	0	0	0	0	0	0
1893	Q	0	0	0	0	0	0	0
1894	L	0	0	0	0	0	0	0
1895	A	0	0	0	0	0	0	0
1896	E	0	0	0	0	0	0	0
1897	V	0	0	0	0	0	0	0
1898	D	0	0	0	0	0	0	0
1899	V	0	0	0	0	0	0	0
1900	T	0	0	0	0	0	0	0
1901	P	0	0	0	0	0	0	0
1902	P	0	0	0	0	0	0	0
1903	V	0	0	0	0	0	0	0
1904	H	0	0	0	0	0	0	0
1905	R	0	0	0	0	0	0	0
1906	M	0	0	0	0	0	0	0
1907	L	0	0	0	0	0	0	0
1908	A	0	0	0	0	0	0	0
1909	G	0	0	0	0	0	0	0
1910	S	0	0	0	0	0	0	0
1911	D	0	0	0	0	0	0	0
1912	A	0	0	0	0	0	0	0
1913	I	0	0	0	0	0	0	0
1914	I	0	0	0	0	0	0	0
1915	R	0	0	0	0	0	0	0
1916	Q	0	0	0	0	0	0	0
1917	H	0	0	0	0	0	0	0
1918	K	0	0	0	0	0	0	0
1919	A	0	0	0	0	0	0	0
1920	A	0	0	0	0	0	0	0
1921	C	0	0	0	0	0	0	0
1922	L	0	0	0	0	0	0	0
1923	R	0	0	0	0	0	0	0
1924	I	0	0	0	0	0	0	0
1925	T	0	0	0	0	0	0	0
1926	A	0	0	0	0	0	0	0
1927	L	0	0	0	0	0	0	0
1928	L	0	0	0	0	0	0	0
1929	V	0	0	0	0	0	0	0
1930	C	0	0	0	0	0	0	0
1931	E	0	0	0	0	0	0	0
1932	E	0	0	0	0	0	0	0
1933	L	0	0	0	0	0	0	0
1934	L	0	0	0	0	0	0	0
1935	W	0	0	0	0	0	0	0
1936	V	0	0	0	0	0	0	0
1937	G	0	0	0	0	0	0	0
1938	T	0	0	0	0	0	0	0
1939	S	0	0	0	0	0	0	0
1940	A	0	0	0	0	0	0	0
1941	G	0	0	0	0	0	0	0
1942	V	0	0	0	0	0	0	0
1943	V	0	0	0	0	0	0	0
1944	L	0	0	0	0	0	0	0
1945	T	0	0	0	0	0	0	0
1946	M	0	0	0	0	0	0	0
1947	P	0	0	0	0	0	0	0
1948	T	0	0	0	0	0	0	0
1949	S	0	0	0	0	0	0	0
1950	P	0	0	0	0	0	0	0
1951	G	0	0	0	0	0	0	0
1952	T	0	0	0	0	0	0	0
1953	V	0	0	0	0	0	0	0
1954	S	0	0	0	0	0	0	0
1955	C	0	0	0	0	0	0	0
1956	P	0	0	0	0	0	0	0
1957	R	0	0	0	0	0	0	0
1958	A	0	0	0	0	0	0	0
1959	P	0	0	0	0	0	0	0
1960	L	0	0	0	0	0	0	0
1961	S	Phosphoserine	SCPRAPLSPTGLGQG	ECCCCCCCCCCCCCC	0	0	0	0
1962	P	0	0	0	0	0	0	0
1963	T	0	0	0	0	0	0	0
1964	G	0	0	0	0	0	0	0
1965	L	0	0	0	0	0	0	0
1966	G	0	0	0	0	0	0	0
1967	Q	0	0	0	0	0	0	0
1968	G	0	0	0	0	0	0	0
1969	H	0	0	0	0	0	0	0
1970	T	0	0	0	0	0	0	0
1971	G	0	0	0	0	0	0	0
1972	H	0	0	0	0	0	0	0
1973	V	0	0	0	0	0	0	0
1974	R	0	0	0	0	0	0	0
1975	F	0	0	0	0	0	0	0
1976	L	0	0	0	0	0	0	0
1977	A	0	0	0	0	0	0	0
1978	A	0	0	0	0	0	0	0
1979	V	0	0	0	0	0	0	0
1980	Q	0	0	0	0	0	0	0
1981	L	0	0	0	0	0	0	0
1982	P	0	0	0	0	0	0	0
1983	D	0	0	0	0	0	0	0
1984	G	0	0	0	0	0	0	0
1985	F	0	0	0	0	0	0	0
1986	N	0	0	0	0	0	0	0
1987	L	0	0	0	0	0	0	0
1988	L	0	0	0	0	0	0	0
1989	C	0	0	0	0	0	0	0
1990	P	0	0	0	0	0	0	0
1991	T	0	0	0	0	0	0	0
1992	P	0	0	0	0	0	0	0
1993	P	0	0	0	0	0	0	0
1994	P	0	0	0	0	0	0	0
1995	P	0	0	0	0	0	0	0
1996	P	0	0	0	0	0	0	0
1997	D	0	0	0	0	0	0	0
1998	T	0	0	0	0	0	0	0
1999	G	0	0	0	0	0	0	0
2000	P	0	0	0	0	0	0	0
2001	E	0	0	0	0	0	0	0
2002	K	0	0	0	0	0	0	0
2003	L	0	0	0	0	0	0	0
2004	P	0	0	0	0	0	0	0
2005	S	0	0	0	0	0	0	0
2006	L	0	0	0	0	0	0	0
2007	E	0	0	0	0	0	0	0
2008	H	0	0	0	0	0	0	0
2009	R	0	0	0	0	0	0	0
2010	D	0	0	0	0	0	0	0
2011	S	0	0	0	0	0	0	0
2012	P	0	0	0	0	0	0	0
2013	W	0	0	0	0	0	0	0
2014	H	0	0	0	0	0	0	0
2015	R	0	0	0	0	0	0	0
2016	G	0	0	0	0	0	0	0
2017	P	0	0	0	0	0	0	0
2018	A	0	0	0	0	0	0	0
2019	P	0	0	0	0	0	0	0
2020	A	0	0	0	0	0	0	0
2021	R	0	0	0	0	0	0	0
2022	P	0	0	0	0	0	0	0
2023	K	0	0	0	0	0	0	0
2024	M	0	0	0	0	0	0	0
2025	L	0	0	0	0	0	0	0
2026	V	0	0	0	0	0	0	0
2027	I	0	0	0	0	0	0	0
2028	S	0	0	0	0	0	0	0
2029	G	0	0	0	0	0	0	0
2030	G	0	0	0	0	0	0	0
2031	D	0	0	0	0	0	0	0
2032	G	0	0	0	0	0	0	0
2033	Y	0	0	0	0	0	0	0
2034	E	0	0	0	0	0	0	0
2035	D	0	0	0	0	0	0	0
2036	F	0	0	0	0	0	0	0
2037	R	0	0	0	0	0	0	0
2038	L	0	0	0	0	0	0	0
2039	S	0	0	0	0	0	0	0
2040	S	0	0	0	0	0	0	0
2041	G	0	0	0	0	0	0	0
2042	G	0	0	0	0	0	0	0
2043	G	0	0	0	0	0	0	0
2044	S	0	0	0	0	0	0	0
2045	S	0	0	0	0	0	0	0
2046	S	0	0	0	0	0	0	0
2047	E	0	0	0	0	0	0	0
2048	T	0	0	0	0	0	0	0
2049	V	0	0	0	0	0	0	0
2050	G	0	0	0	0	0	0	0
2051	R	0	0	0	0	0	0	0
2052	D	0	0	0	0	0	0	0
2053	D	0	0	0	0	0	0	0
2054	S	0	0	0	0	0	0	0
2055	T	0	0	0	0	0	0	0
2056	N	0	0	0	0	0	0	0
2057	H	0	0	0	0	0	0	0
2058	L	0	0	0	0	0	0	0
2059	L	0	0	0	0	0	0	0
2060	L	0	0	0	0	0	0	0
2061	W	0	0	0	0	0	0	0
2062	R	0	0	0	0	0	0	0
2063	V	0	0	0	0	0	0	0
