location	residue	Modification	seq	secStruc	RelatedDisease	VariantPosition	ResidueChange	DaPSbySAP
1	M	0	0	0	0	0	0	0
2	S	N-acetylserine	------MSLVLNDLL	------CCHHHHHHH	0	0	0	0
3	L	0	0	0	0	0	0	0
4	V	0	0	0	0	0	0	0
5	L	0	0	0	0	0	0	0
6	N	0	0	0	0	0	0	0
7	D	0	0	0	0	0	0	0
8	L	0	0	0	0	0	0	0
9	L	0	0	0	0	0	0	0
10	I	0	0	0	0	0	0	0
11	C	0	0	0	0	0	0	0
12	C	0	0	0	0	0	0	0
13	R	0	0	0	0	0	0	0
14	Q	0	0	0	0	0	0	0
15	L	0	0	0	0	0	0	0
16	E	0	0	0	0	0	0	0
17	H	0	0	0	0	0	0	0
18	D	0	0	0	0	0	0	0
19	R	0	0	0	0	0	0	0
20	A	0	0	0	0	0	0	0
21	T	0	0	0	0	0	0	0
22	E	0	0	0	0	0	0	0
23	R	0	0	0	0	0	0	0
24	K	0	0	0	0	0	0	0
25	K	0	0	0	0	0	0	0
26	E	0	0	0	0	0	0	0
27	V	0	0	0	0	0	0	0
28	E	0	0	0	0	0	0	0
29	K	0	0	0	0	0	0	0
30	F	0	0	0	0	0	0	0
31	K	0	0	0	0	0	0	0
32	R	0	0	0	0	0	0	0
33	L	0	0	0	0	0	0	0
34	I	0	0	0	0	0	0	0
35	R	0	0	0	0	0	0	0
36	D	0	0	0	0	0	0	0
37	P	0	0	0	0	0	0	0
38	E	0	0	0	0	0	0	0
39	T	0	0	0	0	0	0	0
40	I	0	0	0	0	0	0	0
41	K	0	0	0	0	0	0	0
42	H	0	0	0	0	0	0	0
43	L	0	0	0	0	0	0	0
44	D	0	0	0	0	0	0	0
45	R	0	0	0	0	0	0	0
46	H	0	0	0	0	0	0	0
47	S	Phosphoserine	IKHLDRHSDSKQGKY	HHHHHCCCCCCCCCC	0	0	0	0
48	D	0	0	0	0	0	0	0
49	S	Phosphoserine	HLDRHSDSKQGKYLN	HHHCCCCCCCCCCCC	0	0	0	0
50	K	0	0	0	0	0	0	0
51	Q	0	0	0	0	0	0	0
52	G	0	0	0	0	0	0	0
53	K	N6-acetyllysine	HSDSKQGKYLNWDAV	CCCCCCCCCCCHHHH	0	0	0	0
54	Y	Phosphotyrosine	SDSKQGKYLNWDAVF	CCCCCCCCCCHHHHH	0	0	0	0
55	L	0	0	0	0	0	0	0
56	N	0	0	0	0	0	0	0
57	W	0	0	0	0	0	0	0
58	D	0	0	0	0	0	0	0
59	A	0	0	0	0	0	0	0
60	V	0	0	0	0	0	0	0
61	F	0	0	0	0	0	0	0
62	R	0	0	0	0	0	0	0
63	F	0	0	0	0	0	0	0
64	L	0	0	0	0	0	0	0
65	Q	0	0	0	0	0	0	0
66	K	0	0	0	0	0	0	0
67	Y	0	0	0	0	0	0	0
68	I	0	0	0	0	0	0	0
69	Q	0	0	0	0	0	0	0
70	K	0	0	0	0	0	0	0
71	E	0	0	0	0	0	0	0
72	T	Phosphothreonine	QKYIQKETECLRIAK	HHHHHHHHHHHHHCC	0	0	0	0
73	E	0	0	0	0	0	0	0
74	C	0	0	0	0	0	0	0
75	L	0	0	0	0	0	0	0
76	R	0	0	0	0	0	0	0
77	I	0	0	0	0	0	0	0
78	A	0	0	0	0	0	0	0
79	K	0	0	0	0	0	0	0
80	P	0	0	0	0	0	0	0
81	N	0	0	0	0	0	0	0
82	V	0	0	0	0	0	0	0
83	S	Phosphoserine	RIAKPNVSASTQASR	HHCCCCCCCCHHHHH	0	0	0	0
84	A	0	0	0	0	0	0	0
85	S	Phosphoserine	AKPNVSASTQASRQK	CCCCCCCCHHHHHHH	0	0	0	0
86	T	Phosphothreonine	KPNVSASTQASRQKK	CCCCCCCHHHHHHHH	0	0	0	0
87	Q	0	0	0	0	0	0	0
88	A	0	0	0	0	0	0	0
89	S	0	0	0	0	0	0	0
90	R	0	0	0	0	0	0	0
91	Q	0	0	0	0	0	0	0
92	K	0	0	0	0	0	0	0
93	K	0	0	0	0	0	0	0
94	M	0	0	0	0	0	0	0
95	Q	0	0	0	0	0	0	0
96	E	0	0	0	0	0	0	0
97	I	0	0	0	0	0	0	0
98	S	0	0	0	0	0	0	0
99	S	0	0	0	0	0	0	0
100	L	0	0	0	0	0	0	0
101	V	0	0	0	0	0	0	0
102	K	0	0	0	0	0	0	0
103	Y	0	0	0	0	0	0	0
104	F	0	0	0	0	0	0	0
105	I	0	0	0	0	0	0	0
106	K	0	0	0	0	0	0	0
107	C	0	0	0	0	0	0	0
108	A	0	0	0	0	0	0	0
109	N	0	0	0	0	0	0	0
110	R	0	0	0	0	0	0	0
111	R	0	0	0	0	0	0	0
112	A	0	0	0	0	0	0	0
113	P	0	0	0	0	0	0	0
114	R	0	0	0	0	0	0	0
115	L	0	0	0	0	0	0	0
116	K	0	0	0	0	0	0	0
117	C	0	0	0	0	0	0	0
118	Q	0	0	0	0	0	0	0
119	E	0	0	0	0	0	0	0
120	L	0	0	0	0	0	0	0
121	L	0	0	0	0	0	0	0
122	N	0	0	0	0	0	0	0
123	Y	0	0	0	0	0	0	0
124	I	0	0	0	0	0	0	0
125	M	0	0	0	0	0	0	0
126	D	0	0	0	0	0	0	0
127	T	0	0	0	0	0	0	0
128	V	0	0	0	0	0	0	0
129	K	0	0	0	0	0	0	0
130	D	0	0	0	0	0	0	0
131	S	0	0	0	0	0	0	0
132	S	0	0	0	0	0	0	0
133	N	0	0	0	0	0	0	0
134	G	0	0	0	0	0	0	0
135	A	0	0	0	0	0	0	0
136	I	0	0	0	0	0	0	0
137	Y	0	0	0	0	0	0	0
138	G	0	0	0	0	0	0	0
139	A	0	0	0	0	0	0	0
140	D	0	0	0	0	0	0	0
141	C	0	0	0	0	0	0	0
142	S	0	0	0	0	0	0	0
143	N	0	0	0	0	0	0	0
144	I	0	0	0	0	0	0	0
145	L	0	0	0	0	0	0	0
146	L	0	0	0	0	0	0	0
147	K	0	0	0	0	0	0	0
148	D	0	0	0	0	0	0	0
149	I	0	0	0	0	0	0	0
150	L	0	0	0	0	0	0	0
151	S	0	0	0	0	0	0	0
152	V	0	0	0	0	0	0	0
153	R	0	0	0	0	0	0	0
154	K	0	0	0	0	0	0	0
155	Y	0	0	0	0	0	0	0
156	W	0	0	0	0	0	0	0
157	C	0	0	0	0	0	0	0
158	E	0	0	0	0	0	0	0
159	I	0	0	0	0	0	0	0
160	S	0	0	0	0	0	0	0
161	Q	0	0	0	0	0	0	0
162	Q	0	0	0	0	0	0	0
163	Q	0	0	0	0	0	0	0
164	W	0	0	0	0	0	0	0
165	L	0	0	0	0	0	0	0
166	E	0	0	0	0	0	0	0
167	L	0	0	0	0	0	0	0
168	F	0	0	0	0	0	0	0
169	S	0	0	0	0	0	0	0
170	V	0	0	0	0	0	0	0
171	Y	0	0	0	0	0	0	0
172	F	0	0	0	0	0	0	0
173	R	0	0	0	0	0	0	0
174	L	0	0	0	0	0	0	0
175	Y	0	0	0	0	0	0	0
176	L	0	0	0	0	0	0	0
177	K	0	0	0	0	0	0	0
178	P	0	0	0	0	0	0	0
179	S	0	0	0	0	0	0	0
180	Q	0	0	0	0	0	0	0
181	D	0	0	0	0	0	0	0
182	V	0	0	0	0	0	0	0
183	H	0	0	0	0	0	0	0
184	R	0	0	0	0	0	0	0
185	V	0	0	0	0	0	0	0
186	L	0	0	0	0	0	0	0
187	V	0	0	0	0	0	0	0
188	A	0	0	0	0	0	0	0
189	R	0	0	0	0	0	0	0
190	I	0	0	0	0	0	0	0
191	I	0	0	0	0	0	0	0
192	H	0	0	0	0	0	0	0
193	A	0	0	0	0	0	0	0
194	V	0	0	0	0	0	0	0
195	T	0	0	0	0	0	0	0
196	K	0	0	0	0	0	0	0
197	G	0	0	0	0	0	0	0
198	C	0	0	0	0	0	0	0
199	C	0	0	0	0	0	0	0
200	S	Phosphoserine	AVTKGCCSQTDGLNS	HHHCCCCCCCCCCCH	0	0	0	0
201	Q	0	0	0	0	0	0	0
202	T	Phosphothreonine	TKGCCSQTDGLNSKF	HCCCCCCCCCCCHHH	0	0	0	0
203	D	0	0	0	0	0	0	0
204	G	0	0	0	0	0	0	0
205	L	0	0	0	0	0	0	0
206	N	0	0	0	0	0	0	0
207	S	0	0	0	0	0	0	0
208	K	0	0	0	0	0	0	0
209	F	0	0	0	0	0	0	0
210	L	0	0	0	0	0	0	0
211	D	0	0	0	0	0	0	0
212	F	0	0	0	0	0	0	0
213	F	0	0	0	0	0	0	0
214	S	Phosphoserine	SKFLDFFSKAIQCAR	HHHHHHHHHHHHHHH	0	0	0	0
215	K	0	0	0	0	0	0	0
216	A	0	0	0	0	0	0	0
217	I	0	0	0	0	0	0	0
218	Q	0	0	0	0	0	0	0
219	C	0	0	0	0	0	0	0
220	A	0	0	0	0	0	0	0
221	R	0	0	0	0	0	0	0
222	Q	0	0	0	0	0	0	0
223	E	0	0	0	0	0	0	0
224	K	0	0	0	0	0	0	0
225	S	0	0	0	0	0	0	0
226	S	0	0	0	0	0	0	0
227	S	0	0	0	0	0	0	0
228	G	0	0	0	0	0	0	0
229	L	0	0	0	0	0	0	0
230	N	0	0	0	0	0	0	0
231	H	0	0	0	0	0	0	0
232	I	0	0	0	0	0	0	0
233	L	0	0	0	0	0	0	0
234	A	0	0	0	0	0	0	0
235	A	0	0	0	0	0	0	0
236	L	0	0	0	0	0	0	0
237	T	Phosphothreonine	NHILAALTIFLKTLA	HHHHHHHHHHHHHHH	0	0	0	0
238	I	0	0	0	0	0	0	0
239	F	0	0	0	0	0	0	0
240	L	0	0	0	0	0	0	0
241	K	0	0	0	0	0	0	0
242	T	0	0	0	0	0	0	0
243	L	0	0	0	0	0	0	0
244	A	0	0	0	0	0	0	0
245	V	0	0	0	0	0	0	0
246	N	0	0	0	0	0	0	0
247	F	0	0	0	0	0	0	0
248	R	0	0	0	0	0	0	0
249	I	0	0	0	0	0	0	0
250	R	0	0	0	0	0	0	0
251	V	0	0	0	0	0	0	0
252	C	0	0	0	0	0	0	0
253	E	0	0	0	0	0	0	0
254	L	0	0	0	0	0	0	0
255	G	0	0	0	0	0	0	0
256	D	0	0	0	0	0	0	0
257	E	0	0	0	0	0	0	0
258	I	0	0	0	0	0	0	0
259	L	0	0	0	0	0	0	0
260	P	0	0	0	0	0	0	0
261	T	0	0	0	0	0	0	0
262	L	0	0	0	0	0	0	0
263	L	0	0	0	0	0	0	0
264	Y	0	0	0	0	0	0	0
265	I	0	0	0	0	0	0	0
266	W	0	0	0	0	0	0	0
267	T	0	0	0	0	0	0	0
268	Q	0	0	0	0	0	0	0
269	H	0	0	0	0	0	0	0
270	R	0	0	0	0	0	0	0
271	L	0	0	0	0	0	0	0
272	N	0	0	0	0	0	0	0
273	D	0	0	0	0	0	0	0
274	S	0	0	0	0	0	0	0
275	L	0	0	0	0	0	0	0
276	K	0	0	0	0	0	0	0
277	E	0	0	0	0	0	0	0
278	V	0	0	0	0	0	0	0
279	I	0	0	0	0	0	0	0
280	I	0	0	0	0	0	0	0
281	E	0	0	0	0	0	0	0
282	L	0	0	0	0	0	0	0
283	F	0	0	0	0	0	0	0
284	Q	0	0	0	0	0	0	0
285	L	0	0	0	0	0	0	0
286	Q	0	0	0	0	0	0	0
287	I	0	0	0	0	0	0	0
288	Y	0	0	0	0	0	0	0
289	I	0	0	0	0	0	0	0
290	H	0	0	0	0	0	0	0
291	H	0	0	0	0	0	0	0
292	P	0	0	0	0	0	0	0
293	K	0	0	0	0	0	0	0
294	G	0	0	0	0	0	0	0
295	A	0	0	0	0	0	0	0
296	K	0	0	0	0	0	0	0
297	T	Phosphothreonine	HHPKGAKTQEKGAYE	CCCCCCCCCCCCCCC	0	0	0	0
298	Q	0	0	0	0	0	0	0
299	E	0	0	0	0	0	0	0
300	K	0	0	0	0	0	0	0
301	G	0	0	0	0	0	0	0
302	A	0	0	0	0	0	0	0
303	Y	Phosphotyrosine	KTQEKGAYESTKWRS	CCCCCCCCCCHHHHH	0	0	0	0
304	E	0	0	0	0	0	0	0
305	S	Phosphoserine	QEKGAYESTKWRSIL	CCCCCCCCHHHHHHH	0	0	0	0
306	T	0	0	0	0	0	0	0
307	K	0	0	0	0	0	0	0
308	W	0	0	0	0	0	0	0
309	R	0	0	0	0	0	0	0
310	S	Phosphoserine	YESTKWRSILYNLYD	CCCHHHHHHHHHHHH	0	0	0	0
311	I	0	0	0	0	0	0	0
312	L	0	0	0	0	0	0	0
313	Y	Phosphotyrosine	TKWRSILYNLYDLLV	HHHHHHHHHHHHHHH	0	0	0	0
314	N	0	0	0	0	0	0	0
315	L	0	0	0	0	0	0	0
316	Y	0	0	0	0	0	0	0
317	D	0	0	0	0	0	0	0
318	L	0	0	0	0	0	0	0
319	L	0	0	0	0	0	0	0
320	V	0	0	0	0	0	0	0
321	N	0	0	0	0	0	0	0
322	E	0	0	0	0	0	0	0
323	I	0	0	0	0	0	0	0
324	S	0	0	0	0	0	0	0
325	H	0	0	0	0	0	0	0
326	I	0	0	0	0	0	0	0
327	G	0	0	0	0	0	0	0
328	S	0	0	0	0	0	0	0
329	R	0	0	0	0	0	0	0
330	G	0	0	0	0	0	0	0
331	K	0	0	0	0	0	0	0
332	Y	Phosphotyrosine	HIGSRGKYSSGFRNI	CCCCCCCCCCCCCCH	0	0	0	0
333	S	0	0	0	0	0	0	0
334	S	0	0	0	0	0	0	0
335	G	0	0	0	0	0	0	0
336	F	0	0	0	0	0	0	0
337	R	0	0	0	0	0	0	0
338	N	0	0	0	0	0	0	0
339	I	0	0	0	0	0	0	0
340	A	0	0	0	0	0	0	0
341	V	0	0	0	0	0	0	0
342	K	0	0	0	0	0	0	0
343	E	0	0	0	0	0	0	0
344	N	0	0	0	0	0	0	0
345	L	0	0	0	0	0	0	0
346	I	0	0	0	0	0	0	0
347	E	0	0	0	0	0	0	0
348	L	0	0	0	0	0	0	0
349	M	0	0	0	0	0	0	0
350	A	0	0	0	0	0	0	0
351	D	0	0	0	0	0	0	0
352	I	0	0	0	0	0	0	0
353	C	0	0	0	0	0	0	0
354	H	0	0	0	0	0	0	0
355	Q	0	0	0	0	0	0	0
356	V	0	0	0	0	0	0	0
357	F	0	0	0	0	0	0	0
358	N	0	0	0	0	0	0	0
359	E	0	0	0	0	0	0	0
360	D	0	0	0	0	0	0	0
361	T	0	0	0	0	0	0	0
362	R	0	0	0	0	0	0	0
363	S	0	0	0	0	0	0	0
364	L	0	0	0	0	0	0	0
365	E	0	0	0	0	0	0	0
366	I	0	0	0	0	0	0	0
367	S	Phosphoserine	DTRSLEISQSYTTTQ	CCCCEEEECCCCCCC	0	0	0	0
368	Q	0	0	0	0	0	0	0
369	S	0	0	0	0	0	0	0
370	Y	Phosphotyrosine	SLEISQSYTTTQRES	CEEEECCCCCCCCCC	0	0	0	0
371	T	0	0	0	0	0	0	0
372	T	0	0	0	0	0	0	0
373	T	Phosphothreonine	ISQSYTTTQRESSDY	EECCCCCCCCCCCCC	0	0	0	0
374	Q	0	0	0	0	0	0	0
375	R	0	0	0	0	0	0	0
376	E	0	0	0	0	0	0	0
377	S	0	0	0	0	0	0	0
378	S	0	0	0	0	0	0	0
379	D	0	0	0	0	0	0	0
380	Y	Phosphotyrosine	TQRESSDYSVPCKRK	CCCCCCCCCCCCCCC	0	0	0	0
381	S	Phosphoserine	QRESSDYSVPCKRKK	CCCCCCCCCCCCCCH	0	0	0	0
382	V	0	0	0	0	0	0	0
383	P	0	0	0	0	0	0	0
384	C	0	0	0	0	0	0	0
385	K	0	0	0	0	0	0	0
386	R	0	0	0	0	0	0	0
387	K	0	0	0	0	0	0	0
388	K	0	0	0	0	0	0	0
389	I	0	0	0	0	0	0	0
390	E	0	0	0	0	0	0	0
391	L	0	0	0	0	0	0	0
392	G	0	0	0	0	0	0	0
393	W	0	0	0	0	0	0	0
394	E	0	0	0	0	0	0	0
395	V	0	0	0	0	0	0	0
396	I	0	0	0	0	0	0	0
397	K	0	0	0	0	0	0	0
398	D	0	0	0	0	0	0	0
399	H	0	0	0	0	0	0	0
400	L	0	0	0	0	0	0	0
401	Q	0	0	0	0	0	0	0
402	K	0	0	0	0	0	0	0
403	S	0	0	0	0	0	0	0
404	Q	0	0	0	0	0	0	0
405	N	0	0	0	0	0	0	0
406	D	0	0	0	0	0	0	0
407	F	0	0	0	0	0	0	0
408	D	0	0	0	0	0	0	0
409	L	0	0	0	0	0	0	0
410	V	0	0	0	0	0	0	0
411	P	0	0	0	0	0	0	0
412	W	0	0	0	0	0	0	0
413	L	0	0	0	0	0	0	0
414	Q	0	0	0	0	0	0	0
415	I	0	0	0	0	0	0	0
416	A	0	0	0	0	0	0	0
417	T	0	0	0	0	0	0	0
418	Q	0	0	0	0	0	0	0
419	L	0	0	0	0	0	0	0
420	I	0	0	0	0	0	0	0
421	S	0	0	0	0	0	0	0
422	K	0	0	0	0	0	0	0
423	Y	0	0	0	0	0	0	0
424	P	0	0	0	0	0	0	0
425	A	0	0	0	0	0	0	0
426	S	0	0	0	0	0	0	0
427	L	0	0	0	0	0	0	0
428	P	0	0	0	0	0	0	0
429	N	0	0	0	0	0	0	0
430	C	0	0	0	0	0	0	0
431	E	0	0	0	0	0	0	0
432	L	0	0	0	0	0	0	0
433	S	0	0	0	0	0	0	0
434	P	0	0	0	0	0	0	0
435	L	0	0	0	0	0	0	0
436	L	0	0	0	0	0	0	0
437	M	0	0	0	0	0	0	0
438	I	0	0	0	0	0	0	0
439	L	0	0	0	0	0	0	0
440	S	Phosphoserine	SPLLMILSQLLPQQR	HHHHHHHHHHCCCCC	0	0	0	0
441	Q	0	0	0	0	0	0	0
442	L	0	0	0	0	0	0	0
443	L	0	0	0	0	0	0	0
444	P	0	0	0	0	0	0	0
445	Q	0	0	0	0	0	0	0
446	Q	0	0	0	0	0	0	0
447	R	0	0	0	0	0	0	0
448	H	0	0	0	0	0	0	0
449	G	0	0	0	0	0	0	0
450	E	0	0	0	0	0	0	0
451	R	0	0	0	0	0	0	0
452	T	0	0	0	0	0	0	0
453	P	0	0	0	0	0	0	0
454	Y	0	0	0	0	0	0	0
455	V	0	0	0	0	0	0	0
456	L	0	0	0	0	0	0	0
457	R	0	0	0	0	0	0	0
458	C	0	0	0	0	0	0	0
459	L	0	0	0	0	0	0	0
460	T	0	0	0	0	0	0	0
461	E	0	0	0	0	0	0	0
462	V	0	0	0	0	0	0	0
463	A	0	0	0	0	0	0	0
464	L	0	0	0	0	0	0	0
465	C	0	0	0	0	0	0	0
466	Q	0	0	0	0	0	0	0
467	D	0	0	0	0	0	0	0
468	K	0	0	0	0	0	0	0
469	R	0	0	0	0	0	0	0
470	S	0	0	0	0	0	0	0
471	N	0	0	0	0	0	0	0
472	L	0	0	0	0	0	0	0
473	E	0	0	0	0	0	0	0
474	S	0	0	0	0	0	0	0
475	S	0	0	0	0	0	0	0
476	Q	0	0	0	0	0	0	0
477	K	0	0	0	0	0	0	0
478	S	0	0	0	0	0	0	0
479	D	0	0	0	0	0	0	0
480	L	0	0	0	0	0	0	0
481	L	0	0	0	0	0	0	0
482	K	0	0	0	0	0	0	0
483	L	0	0	0	0	0	0	0
484	W	0	0	0	0	0	0	0
485	N	0	0	0	0	0	0	0
486	K	0	0	0	0	0	0	0
487	I	0	0	0	0	0	0	0
488	W	0	0	0	0	0	0	0
489	C	0	0	0	0	0	0	0
490	I	0	0	0	0	0	0	0
491	T	0	0	0	0	0	0	0
492	F	0	0	0	0	0	0	0
493	R	0	0	0	0	0	0	0
494	G	0	0	0	0	0	0	0
495	I	0	0	0	0	0	0	0
496	S	0	0	0	0	0	0	0
497	S	0	0	0	0	0	0	0
498	E	0	0	0	0	0	0	0
499	Q	0	0	0	0	0	0	0
500	I	0	0	0	0	0	0	0
501	Q	0	0	0	0	0	0	0
502	A	0	0	0	0	0	0	0
503	E	0	0	0	0	0	0	0
504	N	0	0	0	0	0	0	0
505	F	0	0	0	0	0	0	0
506	G	0	0	0	0	0	0	0
507	L	0	0	0	0	0	0	0
508	L	0	0	0	0	0	0	0
509	G	0	0	0	0	0	0	0
510	A	0	0	0	0	0	0	0
511	I	0	0	0	0	0	0	0
512	I	0	0	0	0	0	0	0
513	Q	0	0	0	0	0	0	0
514	G	0	0	0	0	0	0	0
515	S	0	0	0	0	0	0	0
516	L	0	0	0	0	0	0	0
517	V	0	0	0	0	0	0	0
518	E	0	0	0	0	0	0	0
519	V	0	0	0	0	0	0	0
520	D	0	0	0	0	0	0	0
521	R	0	0	0	0	0	0	0
522	E	0	0	0	0	0	0	0
523	F	0	0	0	0	0	0	0
524	W	0	0	0	0	0	0	0
525	K	0	0	0	0	0	0	0
526	L	0	0	0	0	0	0	0
527	F	0	0	0	0	0	0	0
528	T	0	0	0	0	0	0	0
529	G	0	0	0	0	0	0	0
530	S	0	0	0	0	0	0	0
531	A	0	0	0	0	0	0	0
532	C	0	0	0	0	0	0	0
533	R	0	0	0	0	0	0	0
534	P	0	0	0	0	0	0	0
535	S	Phosphoserine	TGSACRPSCPAVCCL	CCCCCCCCCHHHHHH	0	0	0	0
536	C	0	0	0	0	0	0	0
537	P	0	0	0	0	0	0	0
538	A	0	0	0	0	0	0	0
539	V	0	0	0	0	0	0	0
540	C	0	0	0	0	0	0	0
541	C	0	0	0	0	0	0	0
542	L	0	0	0	0	0	0	0
543	T	0	0	0	0	0	0	0
544	L	0	0	0	0	0	0	0
545	A	0	0	0	0	0	0	0
546	L	0	0	0	0	0	0	0
547	T	0	0	0	0	0	0	0
548	T	0	0	0	0	0	0	0
549	S	0	0	0	0	0	0	0
550	I	0	0	0	0	0	0	0
551	V	0	0	0	0	0	0	0
552	P	0	0	0	0	0	0	0
553	G	0	0	0	0	0	0	0
554	T	0	0	0	0	0	0	0
555	V	0	0	0	0	0	0	0
556	K	0	0	0	0	0	0	0
557	M	0	0	0	0	0	0	0
558	G	0	0	0	0	0	0	0
559	I	0	0	0	0	0	0	0
560	E	0	0	0	0	0	0	0
561	Q	0	0	0	0	0	0	0
562	N	0	0	0	0	0	0	0
563	M	0	0	0	0	0	0	0
564	C	0	0	0	0	0	0	0
565	E	0	0	0	0	0	0	0
566	V	0	0	0	0	0	0	0
567	N	0	0	0	0	0	0	0
568	R	0	0	0	0	0	0	0
569	S	Phosphoserine	NMCEVNRSFSLKESI	CCCCCCCCCCHHHHH	0	0	0	0
570	F	0	0	0	0	0	0	0
571	S	0	0	0	0	0	0	0
572	L	0	0	0	0	0	0	0
573	K	0	0	0	0	0	0	0
574	E	0	0	0	0	0	0	0
575	S	0	0	0	0	0	0	0
576	I	0	0	0	0	0	0	0
577	M	0	0	0	0	0	0	0
578	K	0	0	0	0	0	0	0
579	W	0	0	0	0	0	0	0
580	L	0	0	0	0	0	0	0
581	L	0	0	0	0	0	0	0
582	F	0	0	0	0	0	0	0
583	Y	0	0	0	0	0	0	0
584	Q	0	0	0	0	0	0	0
585	L	0	0	0	0	0	0	0
586	E	0	0	0	0	0	0	0
587	G	0	0	0	0	0	0	0
588	D	0	0	0	0	0	0	0
589	L	0	0	0	0	0	0	0
590	E	0	0	0	0	0	0	0
591	N	0	0	0	0	0	0	0
592	S	0	0	0	0	0	0	0
593	T	0	0	0	0	0	0	0
594	E	0	0	0	0	0	0	0
595	V	0	0	0	0	0	0	0
596	P	0	0	0	0	0	0	0
597	P	0	0	0	0	0	0	0
598	I	0	0	0	0	0	0	0
599	L	0	0	0	0	0	0	0
600	H	0	0	0	0	0	0	0
601	S	0	0	0	0	0	0	0
602	N	0	0	0	0	0	0	0
603	F	0	0	0	0	0	0	0
604	P	0	0	0	0	0	0	0
605	H	0	0	0	0	0	0	0
606	L	0	0	0	0	0	0	0
607	V	0	0	0	0	0	0	0
608	L	0	0	0	0	0	0	0
609	E	0	0	0	0	0	0	0
610	K	0	0	0	0	0	0	0
611	I	0	0	0	0	0	0	0
612	L	0	0	0	0	0	0	0
613	V	0	0	0	0	0	0	0
614	S	0	0	0	0	0	0	0
615	L	0	0	0	0	0	0	0
616	T	0	0	0	0	0	0	0
617	M	0	0	0	0	0	0	0
618	K	0	0	0	0	0	0	0
619	N	0	0	0	0	0	0	0
620	C	0	0	0	0	0	0	0
621	K	0	0	0	0	0	0	0
622	A	0	0	0	0	0	0	0
623	A	0	0	0	0	0	0	0
624	M	0	0	0	0	0	0	0
625	N	0	0	0	0	0	0	0
626	F	0	0	0	0	0	0	0
627	F	0	0	0	0	0	0	0
628	Q	0	0	0	0	0	0	0
629	S	0	0	0	0	0	0	0
630	V	0	0	0	0	0	0	0
631	P	0	0	0	0	0	0	0
632	E	0	0	0	0	0	0	0
633	C	0	0	0	0	0	0	0
634	E	0	0	0	0	0	0	0
635	H	0	0	0	0	0	0	0
636	H	0	0	0	0	0	0	0
637	Q	0	0	0	0	0	0	0
638	K	0	0	0	0	0	0	0
639	D	0	0	0	0	0	0	0
640	K	0	0	0	0	0	0	0
641	E	0	0	0	0	0	0	0
642	E	0	0	0	0	0	0	0
643	L	0	0	0	0	0	0	0
644	S	Phosphoserine	QKDKEELSFSEVEEL	CCCHHHCCHHHHHHH	0	0	0	0
645	F	0	0	0	0	0	0	0
646	S	Phosphoserine	DKEELSFSEVEELFL	CHHHCCHHHHHHHHH	0	0	0	0
647	E	0	0	0	0	0	0	0
648	V	0	0	0	0	0	0	0
649	E	0	0	0	0	0	0	0
650	E	0	0	0	0	0	0	0
651	L	0	0	0	0	0	0	0
652	F	0	0	0	0	0	0	0
653	L	0	0	0	0	0	0	0
654	Q	0	0	0	0	0	0	0
655	T	0	0	0	0	0	0	0
656	T	0	0	0	0	0	0	0
657	F	0	0	0	0	0	0	0
658	D	0	0	0	0	0	0	0
659	K	0	0	0	0	0	0	0
660	M	0	0	0	0	0	0	0
661	D	0	0	0	0	0	0	0
662	F	0	0	0	0	0	0	0
663	L	0	0	0	0	0	0	0
664	T	0	0	0	0	0	0	0
665	I	0	0	0	0	0	0	0
666	V	0	0	0	0	0	0	0
667	R	0	0	0	0	0	0	0
668	E	0	0	0	0	0	0	0
669	C	0	0	0	0	0	0	0
670	G	0	0	0	0	0	0	0
671	I	0	0	0	0	0	0	0
672	E	0	0	0	0	0	0	0
673	K	N6-acetyllysine	VRECGIEKHQSSIGF	HHHHCCCCCCCCCCC	0	0	0	0
674	H	0	0	0	0	0	0	0
675	Q	0	0	0	0	0	0	0
676	S	0	0	0	0	0	0	0
677	S	0	0	0	0	0	0	0
678	I	0	0	0	0	0	0	0
679	G	0	0	0	0	0	0	0
680	F	0	0	0	0	0	0	0
681	S	0	0	0	0	0	0	0
682	V	0	0	0	0	0	0	0
683	H	0	0	0	0	0	0	0
684	Q	0	0	0	0	0	0	0
685	N	0	0	0	0	0	0	0
686	L	0	0	0	0	0	0	0
687	K	0	0	0	0	0	0	0
688	E	0	0	0	0	0	0	0
689	S	0	0	0	0	0	0	0
690	L	0	0	0	0	0	0	0
691	D	0	0	0	0	0	0	0
692	R	0	0	0	0	0	0	0
693	C	0	0	0	0	0	0	0
694	L	0	0	0	0	0	0	0
695	L	0	0	0	0	0	0	0
696	G	0	0	0	0	0	0	0
697	L	0	0	0	0	0	0	0
698	S	0	0	0	0	0	0	0
699	E	0	0	0	0	0	0	0
700	Q	0	0	0	0	0	0	0
701	L	0	0	0	0	0	0	0
702	L	0	0	0	0	0	0	0
703	N	0	0	0	0	0	0	0
704	N	0	0	0	0	0	0	0
705	Y	0	0	0	0	0	0	0
706	S	0	0	0	0	0	0	0
707	S	0	0	0	0	0	0	0
708	E	0	0	0	0	0	0	0
709	I	0	0	0	0	0	0	0
710	T	0	0	0	0	0	0	0
711	N	0	0	0	0	0	0	0
712	S	0	0	0	0	0	0	0
713	E	0	0	0	0	0	0	0
714	T	0	0	0	0	0	0	0
715	L	0	0	0	0	0	0	0
716	V	0	0	0	0	0	0	0
717	R	0	0	0	0	0	0	0
718	C	0	0	0	0	0	0	0
719	S	0	0	0	0	0	0	0
720	R	0	0	0	0	0	0	0
721	L	0	0	0	0	0	0	0
722	L	0	0	0	0	0	0	0
723	V	0	0	0	0	0	0	0
724	G	0	0	0	0	0	0	0
725	V	0	0	0	0	0	0	0
726	L	0	0	0	0	0	0	0
727	G	0	0	0	0	0	0	0
728	C	0	0	0	0	0	0	0
729	Y	0	0	0	0	0	0	0
730	C	0	0	0	0	0	0	0
731	Y	0	0	0	0	0	0	0
732	M	0	0	0	0	0	0	0
733	G	0	0	0	0	0	0	0
734	V	0	0	0	0	0	0	0
735	I	0	0	0	0	0	0	0
736	A	0	0	0	0	0	0	0
737	E	0	0	0	0	0	0	0
738	E	0	0	0	0	0	0	0
739	E	0	0	0	0	0	0	0
740	A	0	0	0	0	0	0	0
741	Y	0	0	0	0	0	0	0
742	K	0	0	0	0	0	0	0
743	S	0	0	0	0	0	0	0
744	E	0	0	0	0	0	0	0
745	L	0	0	0	0	0	0	0
746	F	0	0	0	0	0	0	0
747	Q	0	0	0	0	0	0	0
748	K	0	0	0	0	0	0	0
749	A	0	0	0	0	0	0	0
750	K	0	0	0	0	0	0	0
751	S	0	0	0	0	0	0	0
752	L	0	0	0	0	0	0	0
753	M	0	0	0	0	0	0	0
754	Q	0	0	0	0	0	0	0
755	C	0	0	0	0	0	0	0
756	A	0	0	0	0	0	0	0
757	G	0	0	0	0	0	0	0
758	E	0	0	0	0	0	0	0
759	S	0	0	0	0	0	0	0
760	I	0	0	0	0	0	0	0
761	T	0	0	0	0	0	0	0
762	L	0	0	0	0	0	0	0
763	F	0	0	0	0	0	0	0
764	K	0	0	0	0	0	0	0
765	N	0	0	0	0	0	0	0
766	K	0	0	0	0	0	0	0
767	T	0	0	0	0	0	0	0
768	N	0	0	0	0	0	0	0
769	E	0	0	0	0	0	0	0
770	E	0	0	0	0	0	0	0
771	F	0	0	0	0	0	0	0
772	R	0	0	0	0	0	0	0
773	I	0	0	0	0	0	0	0
774	G	0	0	0	0	0	0	0
775	S	0	0	0	0	0	0	0
776	L	0	0	0	0	0	0	0
777	R	0	0	0	0	0	0	0
778	N	0	0	0	0	0	0	0
779	M	0	0	0	0	0	0	0
780	M	0	0	0	0	0	0	0
781	Q	0	0	0	0	0	0	0
782	L	0	0	0	0	0	0	0
783	C	0	0	0	0	0	0	0
784	T	0	0	0	0	0	0	0
785	R	0	0	0	0	0	0	0
786	C	0	0	0	0	0	0	0
787	L	0	0	0	0	0	0	0
788	S	0	0	0	0	0	0	0
789	N	0	0	0	0	0	0	0
790	C	0	0	0	0	0	0	0
791	T	0	0	0	0	0	0	0
792	K	0	0	0	0	0	0	0
793	K	0	0	0	0	0	0	0
794	S	Phosphoserine	LSNCTKKSPNKIASG	HHHCCCCCCCHHHHH	0	0	0	0
795	P	0	0	0	0	0	0	0
796	N	0	0	0	0	0	0	0
797	K	0	0	0	0	0	0	0
798	I	0	0	0	0	0	0	0
799	A	0	0	0	0	0	0	0
800	S	Phosphoserine	KSPNKIASGFFLRLL	CCCCHHHHHHHHHHH	0	0	0	0
801	G	0	0	0	0	0	0	0
802	F	0	0	0	0	0	0	0
803	F	0	0	0	0	0	0	0
804	L	0	0	0	0	0	0	0
805	R	0	0	0	0	0	0	0
806	L	0	0	0	0	0	0	0
807	L	0	0	0	0	0	0	0
808	T	0	0	0	0	0	0	0
809	S	Phosphoserine	FFLRLLTSKLMNDIA	HHHHHHHHHHHHHHH	0	0	0	0
810	K	0	0	0	0	0	0	0
811	L	0	0	0	0	0	0	0
812	M	0	0	0	0	0	0	0
813	N	0	0	0	0	0	0	0
814	D	0	0	0	0	0	0	0
815	I	0	0	0	0	0	0	0
816	A	0	0	0	0	0	0	0
817	D	0	0	0	0	0	0	0
818	I	0	0	0	0	0	0	0
819	C	0	0	0	0	0	0	0
820	K	0	0	0	0	0	0	0
821	S	Phosphoserine	DIADICKSLASFIKK	HHHHHHHHHHHHHCC	0	0	0	0
822	L	0	0	0	0	0	0	0
823	A	0	0	0	0	0	0	0
824	S	0	0	0	0	0	0	0
825	F	0	0	0	0	0	0	0
826	I	0	0	0	0	0	0	0
827	K	0	0	0	0	0	0	0
828	K	0	0	0	0	0	0	0
829	P	0	0	0	0	0	0	0
830	F	0	0	0	0	0	0	0
831	D	0	0	0	0	0	0	0
832	R	0	0	0	0	0	0	0
833	G	0	0	0	0	0	0	0
834	E	0	0	0	0	0	0	0
835	V	0	0	0	0	0	0	0
836	E	0	0	0	0	0	0	0
837	S	0	0	0	0	0	0	0
838	M	0	0	0	0	0	0	0
839	E	0	0	0	0	0	0	0
840	D	0	0	0	0	0	0	0
841	D	0	0	0	0	0	0	0
842	T	0	0	0	0	0	0	0
843	N	0	0	0	0	0	0	0
844	G	0	0	0	0	0	0	0
845	N	0	0	0	0	0	0	0
846	L	0	0	0	0	0	0	0
847	M	0	0	0	0	0	0	0
848	E	0	0	0	0	0	0	0
849	V	0	0	0	0	0	0	0
850	E	0	0	0	0	0	0	0
851	D	0	0	0	0	0	0	0
852	Q	0	0	0	0	0	0	0
853	S	0	0	0	0	0	0	0
854	S	0	0	0	0	0	0	0
855	M	0	0	0	0	0	0	0
856	N	0	0	0	0	0	0	0
857	L	0	0	0	0	0	0	0
858	F	0	0	0	0	0	0	0
859	N	0	0	0	0	0	0	0
860	D	0	0	0	0	0	0	0
861	Y	0	0	0	0	0	0	0
862	P	0	0	0	0	0	0	0
863	D	0	0	0	0	0	0	0
864	S	0	0	0	0	0	0	0
865	S	0	0	0	0	0	0	0
866	V	0	0	0	0	0	0	0
867	S	0	0	0	0	0	0	0
868	D	0	0	0	0	0	0	0
869	A	0	0	0	0	0	0	0
870	N	0	0	0	0	0	0	0
871	E	0	0	0	0	0	0	0
872	P	0	0	0	0	0	0	0
873	G	0	0	0	0	0	0	0
874	E	0	0	0	0	0	0	0
875	S	0	0	0	0	0	0	0
876	Q	0	0	0	0	0	0	0
877	S	0	0	0	0	0	0	0
878	T	0	0	0	0	0	0	0
879	I	0	0	0	0	0	0	0
880	G	0	0	0	0	0	0	0
881	A	0	0	0	0	0	0	0
882	I	0	0	0	0	0	0	0
883	N	0	0	0	0	0	0	0
884	P	0	0	0	0	0	0	0
885	L	0	0	0	0	0	0	0
886	A	0	0	0	0	0	0	0
887	E	0	0	0	0	0	0	0
888	E	0	0	0	0	0	0	0
889	Y	0	0	0	0	0	0	0
890	L	0	0	0	0	0	0	0
891	S	0	0	0	0	0	0	0
892	K	0	0	0	0	0	0	0
893	Q	0	0	0	0	0	0	0
894	D	0	0	0	0	0	0	0
895	L	0	0	0	0	0	0	0
896	L	0	0	0	0	0	0	0
897	F	0	0	0	0	0	0	0
898	L	0	0	0	0	0	0	0
899	D	0	0	0	0	0	0	0
900	M	0	0	0	0	0	0	0
901	L	0	0	0	0	0	0	0
902	K	0	0	0	0	0	0	0
903	F	0	0	0	0	0	0	0
904	L	0	0	0	0	0	0	0
905	C	0	0	0	0	0	0	0
906	L	0	0	0	0	0	0	0
907	C	0	0	0	0	0	0	0
908	V	0	0	0	0	0	0	0
909	T	0	0	0	0	0	0	0
910	T	0	0	0	0	0	0	0
911	A	0	0	0	0	0	0	0
912	Q	0	0	0	0	0	0	0
913	T	0	0	0	0	0	0	0
914	N	0	0	0	0	0	0	0
915	T	0	0	0	0	0	0	0
916	V	0	0	0	0	0	0	0
917	S	0	0	0	0	0	0	0
918	F	0	0	0	0	0	0	0
919	R	0	0	0	0	0	0	0
920	A	0	0	0	0	0	0	0
921	A	0	0	0	0	0	0	0
922	D	0	0	0	0	0	0	0
923	I	0	0	0	0	0	0	0
924	R	0	0	0	0	0	0	0
925	R	0	0	0	0	0	0	0
926	K	0	0	0	0	0	0	0
927	L	0	0	0	0	0	0	0
928	L	0	0	0	0	0	0	0
929	M	0	0	0	0	0	0	0
930	L	0	0	0	0	0	0	0
931	I	0	0	0	0	0	0	0
932	D	0	0	0	0	0	0	0
933	S	0	0	0	0	0	0	0
934	S	0	0	0	0	0	0	0
935	T	Phosphothreonine	LMLIDSSTLEPTKSL	HHHHCCCCCCCCHHH	0	0	0	0
936	L	0	0	0	0	0	0	0
937	E	0	0	0	0	0	0	0
938	P	0	0	0	0	0	0	0
939	T	0	0	0	0	0	0	0
940	K	0	0	0	0	0	0	0
941	S	0	0	0	0	0	0	0
942	L	0	0	0	0	0	0	0
943	H	0	0	0	0	0	0	0
944	L	0	0	0	0	0	0	0
945	H	0	0	0	0	0	0	0
946	M	0	0	0	0	0	0	0
947	Y	0	0	0	0	0	0	0
948	L	0	0	0	0	0	0	0
949	M	0	0	0	0	0	0	0
950	L	0	0	0	0	0	0	0
951	L	0	0	0	0	0	0	0
952	K	0	0	0	0	0	0	0
953	E	0	0	0	0	0	0	0
954	L	0	0	0	0	0	0	0
955	P	0	0	0	0	0	0	0
956	G	0	0	0	0	0	0	0
957	E	0	0	0	0	0	0	0
958	E	0	0	0	0	0	0	0
959	Y	0	0	0	0	0	0	0
960	P	0	0	0	0	0	0	0
961	L	0	0	0	0	0	0	0
962	P	0	0	0	0	0	0	0
963	M	0	0	0	0	0	0	0
964	E	0	0	0	0	0	0	0
965	D	0	0	0	0	0	0	0
966	V	0	0	0	0	0	0	0
967	L	0	0	0	0	0	0	0
968	E	0	0	0	0	0	0	0
969	L	0	0	0	0	0	0	0
970	L	0	0	0	0	0	0	0
971	K	0	0	0	0	0	0	0
972	P	0	0	0	0	0	0	0
973	L	0	0	0	0	0	0	0
974	S	0	0	0	0	0	0	0
975	N	0	0	0	0	0	0	0
976	V	0	0	0	0	0	0	0
977	C	0	0	0	0	0	0	0
978	S	0	0	0	0	0	0	0
979	L	0	0	0	0	0	0	0
980	Y	Phosphotyrosine	LSNVCSLYRRDQDVC	HHHHHHHHHCCHHHH	0	0	0	0
981	R	0	0	0	0	0	0	0
982	R	0	0	0	0	0	0	0
983	D	0	0	0	0	0	0	0
984	Q	0	0	0	0	0	0	0
985	D	0	0	0	0	0	0	0
986	V	0	0	0	0	0	0	0
987	C	0	0	0	0	0	0	0
988	K	0	0	0	0	0	0	0
989	T	0	0	0	0	0	0	0
990	I	0	0	0	0	0	0	0
991	L	0	0	0	0	0	0	0
992	N	0	0	0	0	0	0	0
993	H	0	0	0	0	0	0	0
994	V	0	0	0	0	0	0	0
995	L	0	0	0	0	0	0	0
996	H	0	0	0	0	0	0	0
997	V	0	0	0	0	0	0	0
998	V	0	0	0	0	0	0	0
999	K	0	0	0	0	0	0	0
1000	N	0	0	0	0	0	0	0
1001	L	0	0	0	0	0	0	0
1002	G	0	0	0	0	0	0	0
1003	Q	0	0	0	0	0	0	0
1004	S	0	0	0	0	0	0	0
1005	N	0	0	0	0	0	0	0
1006	M	0	0	0	0	0	0	0
1007	D	0	0	0	0	0	0	0
1008	S	0	0	0	0	0	0	0
1009	E	0	0	0	0	0	0	0
1010	N	0	0	0	0	0	0	0
1011	T	0	0	0	0	0	0	0
1012	R	0	0	0	0	0	0	0
1013	D	0	0	0	0	0	0	0
1014	A	0	0	0	0	0	0	0
1015	Q	0	0	0	0	0	0	0
1016	G	0	0	0	0	0	0	0
1017	Q	0	0	0	0	0	0	0
1018	F	0	0	0	0	0	0	0
1019	L	0	0	0	0	0	0	0
1020	T	0	0	0	0	0	0	0
1021	V	0	0	0	0	0	0	0
1022	I	0	0	0	0	0	0	0
1023	G	0	0	0	0	0	0	0
1024	A	0	0	0	0	0	0	0
1025	F	0	0	0	0	0	0	0
1026	W	0	0	0	0	0	0	0
1027	H	0	0	0	0	0	0	0
1028	L	0	0	0	0	0	0	0
1029	T	0	0	0	0	0	0	0
1030	K	0	0	0	0	0	0	0
1031	E	0	0	0	0	0	0	0
1032	R	0	0	0	0	0	0	0
1033	K	0	0	0	0	0	0	0
1034	Y	0	0	0	0	0	0	0
1035	I	0	0	0	0	0	0	0
1036	F	0	0	0	0	0	0	0
1037	S	0	0	0	0	0	0	0
1038	V	0	0	0	0	0	0	0
1039	R	0	0	0	0	0	0	0
1040	M	0	0	0	0	0	0	0
1041	A	0	0	0	0	0	0	0
1042	L	0	0	0	0	0	0	0
1043	V	0	0	0	0	0	0	0
1044	N	0	0	0	0	0	0	0
1045	C	0	0	0	0	0	0	0
1046	L	0	0	0	0	0	0	0
1047	K	0	0	0	0	0	0	0
1048	T	0	0	0	0	0	0	0
1049	L	0	0	0	0	0	0	0
1050	L	0	0	0	0	0	0	0
1051	E	0	0	0	0	0	0	0
1052	A	0	0	0	0	0	0	0
1053	D	0	0	0	0	0	0	0
1054	P	0	0	0	0	0	0	0
1055	Y	0	0	0	0	0	0	0
1056	S	0	0	0	0	0	0	0
1057	K	0	0	0	0	0	0	0
1058	W	0	0	0	0	0	0	0
1059	A	0	0	0	0	0	0	0
1060	I	0	0	0	0	0	0	0
1061	L	0	0	0	0	0	0	0
1062	N	0	0	0	0	0	0	0
1063	V	0	0	0	0	0	0	0
1064	M	0	0	0	0	0	0	0
1065	G	0	0	0	0	0	0	0
1066	K	0	0	0	0	0	0	0
1067	D	0	0	0	0	0	0	0
1068	F	0	0	0	0	0	0	0
1069	P	0	0	0	0	0	0	0
1070	V	0	0	0	0	0	0	0
1071	N	0	0	0	0	0	0	0
1072	E	0	0	0	0	0	0	0
1073	V	0	0	0	0	0	0	0
1074	F	0	0	0	0	0	0	0
1075	T	0	0	0	0	0	0	0
1076	Q	0	0	0	0	0	0	0
1077	F	0	0	0	0	0	0	0
1078	L	0	0	0	0	0	0	0
1079	A	0	0	0	0	0	0	0
1080	D	0	0	0	0	0	0	0
1081	N	0	0	0	0	0	0	0
1082	H	0	0	0	0	0	0	0
1083	H	0	0	0	0	0	0	0
1084	Q	0	0	0	0	0	0	0
1085	V	0	0	0	0	0	0	0
1086	R	0	0	0	0	0	0	0
1087	M	0	0	0	0	0	0	0
1088	L	0	0	0	0	0	0	0
1089	A	0	0	0	0	0	0	0
1090	A	0	0	0	0	0	0	0
1091	E	0	0	0	0	0	0	0
1092	S	0	0	0	0	0	0	0
1093	I	0	0	0	0	0	0	0
1094	N	0	0	0	0	0	0	0
1095	R	0	0	0	0	0	0	0
1096	L	0	0	0	0	0	0	0
1097	F	0	0	0	0	0	0	0
1098	Q	0	0	0	0	0	0	0
1099	D	0	0	0	0	0	0	0
1100	T	0	0	0	0	0	0	0
1101	K	0	0	0	0	0	0	0
1102	G	0	0	0	0	0	0	0
1103	D	0	0	0	0	0	0	0
1104	S	Phosphoserine	FQDTKGDSSRLLKAL	HCCCCCCHHHHHHHH	0	0	0	0
1105	S	Phosphoserine	QDTKGDSSRLLKALP	CCCCCCHHHHHHHHC	0	0	0	0
1106	R	0	0	0	0	0	0	0
1107	L	0	0	0	0	0	0	0
1108	L	0	0	0	0	0	0	0
1109	K	Ubiquitinlysine	GDSSRLLKALPLKLQ	CCHHHHHHHHCHHHH	0	0	0	0
1110	A	0	0	0	0	0	0	0
1111	L	0	0	0	0	0	0	0
1112	P	0	0	0	0	0	0	0
1113	L	0	0	0	0	0	0	0
1114	K	Ubiquitinlysine	LLKALPLKLQQTAFE	HHHHHCHHHHHHHHH	0	0	0	0
1115	L	0	0	0	0	0	0	0
1116	Q	0	0	0	0	0	0	0
1117	Q	0	0	0	0	0	0	0
1118	T	0	0	0	0	0	0	0
1119	A	0	0	0	0	0	0	0
1120	F	0	0	0	0	0	0	0
1121	E	0	0	0	0	0	0	0
1122	N	0	0	0	0	0	0	0
1123	A	0	0	0	0	0	0	0
1124	Y	0	0	0	0	0	0	0
1125	L	0	0	0	0	0	0	0
1126	K	N6-methyllysine	AFENAYLKAQEGMRE	HHHHHHHHHHHHHHH	0	0	0	0
1127	A	0	0	0	0	0	0	0
1128	Q	0	0	0	0	0	0	0
1129	E	0	0	0	0	0	0	0
1130	G	0	0	0	0	0	0	0
1131	M	0	0	0	0	0	0	0
1132	R	0	0	0	0	0	0	0
1133	E	0	0	0	0	0	0	0
1134	M	0	0	0	0	0	0	0
1135	S	0	0	0	0	0	0	0
1136	H	0	0	0	0	0	0	0
1137	S	0	0	0	0	0	0	0
1138	A	0	0	0	0	0	0	0
1139	E	0	0	0	0	0	0	0
1140	N	0	0	0	0	0	0	0
1141	P	0	0	0	0	0	0	0
1142	E	0	0	0	0	0	0	0
1143	T	0	0	0	0	0	0	0
1144	L	0	0	0	0	0	0	0
1145	D	0	0	0	0	0	0	0
1146	E	0	0	0	0	0	0	0
1147	I	0	0	0	0	0	0	0
1148	Y	0	0	0	0	0	0	0
1149	N	0	0	0	0	0	0	0
1150	R	0	0	0	0	0	0	0
1151	K	0	0	0	0	0	0	0
1152	S	0	0	0	0	0	0	0
1153	V	0	0	0	0	0	0	0
1154	L	0	0	0	0	0	0	0
1155	L	0	0	0	0	0	0	0
1156	T	0	0	0	0	0	0	0
1157	L	0	0	0	0	0	0	0
1158	I	0	0	0	0	0	0	0
1159	A	0	0	0	0	0	0	0
1160	V	0	0	0	0	0	0	0
1161	V	0	0	0	0	0	0	0
1162	L	0	0	0	0	0	0	0
1163	S	0	0	0	0	0	0	0
1164	C	0	0	0	0	0	0	0
1165	S	0	0	0	0	0	0	0
1166	P	0	0	0	0	0	0	0
1167	I	0	0	0	0	0	0	0
1168	C	0	0	0	0	0	0	0
1169	E	0	0	0	0	0	0	0
1170	K	0	0	0	0	0	0	0
1171	Q	0	0	0	0	0	0	0
1172	A	0	0	0	0	0	0	0
1173	L	0	0	0	0	0	0	0
1174	F	0	0	0	0	0	0	0
1175	A	0	0	0	0	0	0	0
1176	L	0	0	0	0	0	0	0
1177	C	0	0	0	0	0	0	0
1178	K	0	0	0	0	0	0	0
1179	S	0	0	0	0	0	0	0
1180	V	0	0	0	0	0	0	0
1181	K	0	0	0	0	0	0	0
1182	E	0	0	0	0	0	0	0
1183	N	0	0	0	0	0	0	0
1184	G	0	0	0	0	0	0	0
1185	L	0	0	0	0	0	0	0
1186	E	0	0	0	0	0	0	0
1187	P	0	0	0	0	0	0	0
1188	H	0	0	0	0	0	0	0
1189	L	0	0	0	0	0	0	0
1190	V	0	0	0	0	0	0	0
1191	K	0	0	0	0	0	0	0
1192	K	0	0	0	0	0	0	0
1193	V	0	0	0	0	0	0	0
1194	L	0	0	0	0	0	0	0
1195	E	0	0	0	0	0	0	0
1196	K	0	0	0	0	0	0	0
1197	V	0	0	0	0	0	0	0
1198	S	0	0	0	0	0	0	0
1199	E	0	0	0	0	0	0	0
1200	T	0	0	0	0	0	0	0
1201	F	0	0	0	0	0	0	0
1202	G	0	0	0	0	0	0	0
1203	Y	0	0	0	0	0	0	0
1204	R	0	0	0	0	0	0	0
1205	R	0	0	0	0	0	0	0
1206	L	0	0	0	0	0	0	0
1207	E	0	0	0	0	0	0	0
1208	D	0	0	0	0	0	0	0
1209	F	0	0	0	0	0	0	0
1210	M	0	0	0	0	0	0	0
1211	A	0	0	0	0	0	0	0
1212	S	0	0	0	0	0	0	0
1213	H	0	0	0	0	0	0	0
1214	L	0	0	0	0	0	0	0
1215	D	0	0	0	0	0	0	0
1216	Y	0	0	0	0	0	0	0
1217	L	0	0	0	0	0	0	0
1218	V	0	0	0	0	0	0	0
1219	L	0	0	0	0	0	0	0
1220	E	0	0	0	0	0	0	0
1221	W	0	0	0	0	0	0	0
1222	L	0	0	0	0	0	0	0
1223	N	0	0	0	0	0	0	0
1224	L	0	0	0	0	0	0	0
1225	Q	0	0	0	0	0	0	0
1226	D	0	0	0	0	0	0	0
1227	T	0	0	0	0	0	0	0
1228	E	0	0	0	0	0	0	0
1229	Y	0	0	0	0	0	0	0
1230	N	0	0	0	0	0	0	0
1231	L	0	0	0	0	0	0	0
1232	S	0	0	0	0	0	0	0
1233	S	0	0	0	0	0	0	0
1234	F	0	0	0	0	0	0	0
1235	P	0	0	0	0	0	0	0
1236	F	0	0	0	0	0	0	0
1237	I	0	0	0	0	0	0	0
1238	L	0	0	0	0	0	0	0
1239	L	0	0	0	0	0	0	0
1240	N	0	0	0	0	0	0	0
1241	Y	0	0	0	0	0	0	0
1242	T	0	0	0	0	0	0	0
1243	N	0	0	0	0	0	0	0
1244	I	0	0	0	0	0	0	0
1245	E	0	0	0	0	0	0	0
1246	D	0	0	0	0	0	0	0
1247	F	0	0	0	0	0	0	0
1248	Y	0	0	0	0	0	0	0
1249	R	0	0	0	0	0	0	0
1250	S	0	0	0	0	0	0	0
1251	C	0	0	0	0	0	0	0
1252	Y	0	0	0	0	0	0	0
1253	K	0	0	0	0	0	0	0
1254	V	0	0	0	0	0	0	0
1255	L	0	0	0	0	0	0	0
1256	I	0	0	0	0	0	0	0
1257	P	0	0	0	0	0	0	0
1258	H	0	0	0	0	0	0	0
1259	L	0	0	0	0	0	0	0
1260	V	0	0	0	0	0	0	0
1261	I	0	0	0	0	0	0	0
1262	R	0	0	0	0	0	0	0
1263	S	0	0	0	0	0	0	0
1264	H	0	0	0	0	0	0	0
1265	F	0	0	0	0	0	0	0
1266	D	0	0	0	0	0	0	0
1267	E	0	0	0	0	0	0	0
1268	V	0	0	0	0	0	0	0
1269	K	0	0	0	0	0	0	0
1270	S	0	0	0	0	0	0	0
1271	I	0	0	0	0	0	0	0
1272	A	0	0	0	0	0	0	0
1273	N	0	0	0	0	0	0	0
1274	Q	0	0	0	0	0	0	0
1275	I	0	0	0	0	0	0	0
1276	Q	0	0	0	0	0	0	0
1277	E	0	0	0	0	0	0	0
1278	D	0	0	0	0	0	0	0
1279	W	0	0	0	0	0	0	0
1280	K	0	0	0	0	0	0	0
1281	S	0	0	0	0	0	0	0
1282	L	0	0	0	0	0	0	0
1283	L	0	0	0	0	0	0	0
1284	T	0	0	0	0	0	0	0
1285	D	0	0	0	0	0	0	0
1286	C	0	0	0	0	0	0	0
1287	F	0	0	0	0	0	0	0
1288	P	0	0	0	0	0	0	0
1289	K	0	0	0	0	0	0	0
1290	I	0	0	0	0	0	0	0
1291	L	0	0	0	0	0	0	0
1292	V	0	0	0	0	0	0	0
1293	N	0	0	0	0	0	0	0
1294	I	0	0	0	0	0	0	0
1295	L	0	0	0	0	0	0	0
1296	P	0	0	0	0	0	0	0
1297	Y	0	0	0	0	0	0	0
1298	F	0	0	0	0	0	0	0
1299	A	0	0	0	0	0	0	0
1300	Y	0	0	0	0	0	0	0
1301	E	0	0	0	0	0	0	0
1302	G	0	0	0	0	0	0	0
1303	T	0	0	0	0	0	0	0
1304	R	0	0	0	0	0	0	0
1305	D	0	0	0	0	0	0	0
1306	S	0	0	0	0	0	0	0
1307	G	0	0	0	0	0	0	0
1308	M	0	0	0	0	0	0	0
1309	A	0	0	0	0	0	0	0
1310	Q	0	0	0	0	0	0	0
1311	Q	0	0	0	0	0	0	0
1312	R	0	0	0	0	0	0	0
1313	E	0	0	0	0	0	0	0
1314	T	0	0	0	0	0	0	0
1315	A	0	0	0	0	0	0	0
1316	T	0	0	0	0	0	0	0
1317	K	0	0	0	0	0	0	0
1318	V	0	0	0	0	0	0	0
1319	Y	0	0	0	0	0	0	0
1320	D	0	0	0	0	0	0	0
1321	M	0	0	0	0	0	0	0
1322	L	0	0	0	0	0	0	0
1323	K	0	0	0	0	0	0	0
1324	S	0	0	0	0	0	0	0
1325	E	0	0	0	0	0	0	0
1326	N	0	0	0	0	0	0	0
1327	L	0	0	0	0	0	0	0
1328	L	0	0	0	0	0	0	0
1329	G	0	0	0	0	0	0	0
1330	K	0	0	0	0	0	0	0
1331	Q	0	0	0	0	0	0	0
1332	I	0	0	0	0	0	0	0
1333	D	0	0	0	0	0	0	0
1334	H	0	0	0	0	0	0	0
1335	L	0	0	0	0	0	0	0
1336	F	0	0	0	0	0	0	0
1337	I	0	0	0	0	0	0	0
1338	S	0	0	0	0	0	0	0
1339	N	0	0	0	0	0	0	0
1340	L	0	0	0	0	0	0	0
1341	P	0	0	0	0	0	0	0
1342	E	0	0	0	0	0	0	0
1343	I	0	0	0	0	0	0	0
1344	V	0	0	0	0	0	0	0
1345	V	0	0	0	0	0	0	0
1346	E	0	0	0	0	0	0	0
1347	L	0	0	0	0	0	0	0
1348	L	0	0	0	0	0	0	0
1349	M	0	0	0	0	0	0	0
1350	T	0	0	0	0	0	0	0
1351	L	0	0	0	0	0	0	0
1352	H	0	0	0	0	0	0	0
1353	E	0	0	0	0	0	0	0
1354	P	0	0	0	0	0	0	0
1355	A	0	0	0	0	0	0	0
1356	N	0	0	0	0	0	0	0
1357	S	0	0	0	0	0	0	0
1358	S	0	0	0	0	0	0	0
1359	A	0	0	0	0	0	0	0
1360	S	0	0	0	0	0	0	0
1361	Q	0	0	0	0	0	0	0
1362	S	0	0	0	0	0	0	0
1363	T	0	0	0	0	0	0	0
1364	D	0	0	0	0	0	0	0
1365	L	0	0	0	0	0	0	0
1366	C	0	0	0	0	0	0	0
1367	D	0	0	0	0	0	0	0
1368	F	0	0	0	0	0	0	0
1369	S	0	0	0	0	0	0	0
1370	G	0	0	0	0	0	0	0
1371	D	0	0	0	0	0	0	0
1372	L	0	0	0	0	0	0	0
1373	D	0	0	0	0	0	0	0
1374	P	0	0	0	0	0	0	0
1375	A	0	0	0	0	0	0	0
1376	P	0	0	0	0	0	0	0
1377	N	0	0	0	0	0	0	0
1378	P	0	0	0	0	0	0	0
1379	P	0	0	0	0	0	0	0
1380	H	0	0	0	0	0	0	0
1381	F	0	0	0	0	0	0	0
1382	P	0	0	0	0	0	0	0
1383	S	0	0	0	0	0	0	0
1384	H	0	0	0	0	0	0	0
1385	V	0	0	0	0	0	0	0
1386	I	0	0	0	0	0	0	0
1387	K	0	0	0	0	0	0	0
1388	A	0	0	0	0	0	0	0
1389	T	0	0	0	0	0	0	0
1390	F	0	0	0	0	0	0	0
1391	A	0	0	0	0	0	0	0
1392	Y	0	0	0	0	0	0	0
1393	I	0	0	0	0	0	0	0
1394	S	0	0	0	0	0	0	0
1395	N	0	0	0	0	0	0	0
1396	C	0	0	0	0	0	0	0
1397	H	0	0	0	0	0	0	0
1398	K	0	0	0	0	0	0	0
1399	T	0	0	0	0	0	0	0
1400	K	0	0	0	0	0	0	0
1401	L	0	0	0	0	0	0	0
1402	K	0	0	0	0	0	0	0
1403	S	Phosphoserine	CHKTKLKSILEILSK	CCHHHHHHHHHHHHC	0	0	0	0
1404	I	0	0	0	0	0	0	0
1405	L	0	0	0	0	0	0	0
1406	E	0	0	0	0	0	0	0
1407	I	0	0	0	0	0	0	0
1408	L	0	0	0	0	0	0	0
1409	S	0	0	0	0	0	0	0
1410	K	0	0	0	0	0	0	0
1411	S	0	0	0	0	0	0	0
1412	P	0	0	0	0	0	0	0
1413	D	0	0	0	0	0	0	0
1414	S	0	0	0	0	0	0	0
1415	Y	0	0	0	0	0	0	0
1416	Q	0	0	0	0	0	0	0
1417	K	0	0	0	0	0	0	0
1418	I	0	0	0	0	0	0	0
1419	L	0	0	0	0	0	0	0
1420	L	0	0	0	0	0	0	0
1421	A	0	0	0	0	0	0	0
1422	I	0	0	0	0	0	0	0
1423	C	0	0	0	0	0	0	0
1424	E	0	0	0	0	0	0	0
1425	Q	0	0	0	0	0	0	0
1426	A	0	0	0	0	0	0	0
1427	A	0	0	0	0	0	0	0
1428	E	0	0	0	0	0	0	0
1429	T	0	0	0	0	0	0	0
1430	N	0	0	0	0	0	0	0
1431	N	0	0	0	0	0	0	0
1432	V	0	0	0	0	0	0	0
1433	Y	0	0	0	0	0	0	0
1434	K	0	0	0	0	0	0	0
1435	K	0	0	0	0	0	0	0
1436	H	0	0	0	0	0	0	0
1437	R	0	0	0	0	0	0	0
1438	I	0	0	0	0	0	0	0
1439	L	0	0	0	0	0	0	0
1440	K	0	0	0	0	0	0	0
1441	I	0	0	0	0	0	0	0
1442	Y	0	0	0	0	0	0	0
1443	H	0	0	0	0	0	0	0
1444	L	0	0	0	0	0	0	0
1445	F	0	0	0	0	0	0	0
1446	V	0	0	0	0	0	0	0
1447	S	0	0	0	0	0	0	0
1448	L	0	0	0	0	0	0	0
1449	L	0	0	0	0	0	0	0
1450	L	0	0	0	0	0	0	0
1451	K	0	0	0	0	0	0	0
1452	D	0	0	0	0	0	0	0
1453	I	0	0	0	0	0	0	0
1454	K	0	0	0	0	0	0	0
1455	S	0	0	0	0	0	0	0
1456	G	0	0	0	0	0	0	0
1457	L	0	0	0	0	0	0	0
1458	G	0	0	0	0	0	0	0
1459	G	0	0	0	0	0	0	0
1460	A	0	0	0	0	0	0	0
1461	W	0	0	0	0	0	0	0
1462	A	0	0	0	0	0	0	0
1463	F	0	0	0	0	0	0	0
1464	V	0	0	0	0	0	0	0
1465	L	0	0	0	0	0	0	0
1466	R	0	0	0	0	0	0	0
1467	D	0	0	0	0	0	0	0
1468	V	0	0	0	0	0	0	0
1469	I	0	0	0	0	0	0	0
1470	Y	0	0	0	0	0	0	0
1471	T	0	0	0	0	0	0	0
1472	L	0	0	0	0	0	0	0
1473	I	0	0	0	0	0	0	0
1474	H	0	0	0	0	0	0	0
1475	Y	0	0	0	0	0	0	0
1476	I	0	0	0	0	0	0	0
1477	N	0	0	0	0	0	0	0
1478	Q	0	0	0	0	0	0	0
1479	R	0	0	0	0	0	0	0
1480	P	0	0	0	0	0	0	0
1481	S	0	0	0	0	0	0	0
1482	C	0	0	0	0	0	0	0
1483	I	0	0	0	0	0	0	0
1484	M	0	0	0	0	0	0	0
1485	D	0	0	0	0	0	0	0
1486	V	0	0	0	0	0	0	0
1487	S	0	0	0	0	0	0	0
1488	L	0	0	0	0	0	0	0
1489	R	0	0	0	0	0	0	0
1490	S	0	0	0	0	0	0	0
1491	F	0	0	0	0	0	0	0
1492	S	0	0	0	0	0	0	0
1493	L	0	0	0	0	0	0	0
1494	C	0	0	0	0	0	0	0
1495	C	0	0	0	0	0	0	0
1496	D	0	0	0	0	0	0	0
1497	L	0	0	0	0	0	0	0
1498	L	0	0	0	0	0	0	0
1499	S	0	0	0	0	0	0	0
1500	Q	0	0	0	0	0	0	0
1501	V	0	0	0	0	0	0	0
1502	C	0	0	0	0	0	0	0
1503	Q	0	0	0	0	0	0	0
1504	T	0	0	0	0	0	0	0
1505	A	0	0	0	0	0	0	0
1506	V	0	0	0	0	0	0	0
1507	T	0	0	0	0	0	0	0
1508	Y	0	0	0	0	0	0	0
1509	C	0	0	0	0	0	0	0
1510	K	0	0	0	0	0	0	0
1511	D	0	0	0	0	0	0	0
1512	A	0	0	0	0	0	0	0
1513	L	0	0	0	0	0	0	0
1514	E	0	0	0	0	0	0	0
1515	N	0	0	0	0	0	0	0
1516	H	0	0	0	0	0	0	0
1517	L	0	0	0	0	0	0	0
1518	H	0	0	0	0	0	0	0
1519	V	0	0	0	0	0	0	0
1520	I	0	0	0	0	0	0	0
1521	V	0	0	0	0	0	0	0
1522	G	0	0	0	0	0	0	0
1523	T	0	0	0	0	0	0	0
1524	L	0	0	0	0	0	0	0
1525	I	0	0	0	0	0	0	0
1526	P	0	0	0	0	0	0	0
1527	L	0	0	0	0	0	0	0
1528	V	0	0	0	0	0	0	0
1529	Y	0	0	0	0	0	0	0
1530	E	0	0	0	0	0	0	0
1531	Q	0	0	0	0	0	0	0
1532	V	0	0	0	0	0	0	0
1533	E	0	0	0	0	0	0	0
1534	V	0	0	0	0	0	0	0
1535	Q	0	0	0	0	0	0	0
1536	K	0	0	0	0	0	0	0
1537	Q	0	0	0	0	0	0	0
1538	V	0	0	0	0	0	0	0
1539	L	0	0	0	0	0	0	0
1540	D	0	0	0	0	0	0	0
1541	L	0	0	0	0	0	0	0
1542	L	0	0	0	0	0	0	0
1543	K	0	0	0	0	0	0	0
1544	Y	0	0	0	0	0	0	0
1545	L	0	0	0	0	0	0	0
1546	V	0	0	0	0	0	0	0
1547	I	0	0	0	0	0	0	0
1548	D	0	0	0	0	0	0	0
1549	N	0	0	0	0	0	0	0
1550	K	0	0	0	0	0	0	0
1551	D	0	0	0	0	0	0	0
1552	N	0	0	0	0	0	0	0
1553	E	0	0	0	0	0	0	0
1554	N	0	0	0	0	0	0	0
1555	L	0	0	0	0	0	0	0
1556	Y	0	0	0	0	0	0	0
1557	I	0	0	0	0	0	0	0
1558	T	0	0	0	0	0	0	0
1559	I	0	0	0	0	0	0	0
1560	K	0	0	0	0	0	0	0
1561	L	0	0	0	0	0	0	0
1562	L	0	0	0	0	0	0	0
1563	D	0	0	0	0	0	0	0
1564	P	0	0	0	0	0	0	0
1565	F	0	0	0	0	0	0	0
1566	P	0	0	0	0	0	0	0
1567	D	0	0	0	0	0	0	0
1568	H	0	0	0	0	0	0	0
1569	V	0	0	0	0	0	0	0
1570	V	0	0	0	0	0	0	0
1571	F	0	0	0	0	0	0	0
1572	K	Ubiquitinlysine	FPDHVVFKDLRITQQ	CCCCEEEECCEEHHH	0	0	0	0
1573	D	0	0	0	0	0	0	0
1574	L	0	0	0	0	0	0	0
1575	R	0	0	0	0	0	0	0
1576	I	0	0	0	0	0	0	0
1577	T	0	0	0	0	0	0	0
1578	Q	0	0	0	0	0	0	0
1579	Q	0	0	0	0	0	0	0
1580	K	0	0	0	0	0	0	0
1581	I	0	0	0	0	0	0	0
1582	K	0	0	0	0	0	0	0
1583	Y	0	0	0	0	0	0	0
1584	S	0	0	0	0	0	0	0
1585	R	0	0	0	0	0	0	0
1586	G	0	0	0	0	0	0	0
1587	P	0	0	0	0	0	0	0
1588	F	0	0	0	0	0	0	0
1589	S	0	0	0	0	0	0	0
1590	L	0	0	0	0	0	0	0
1591	L	0	0	0	0	0	0	0
1592	E	0	0	0	0	0	0	0
1593	E	0	0	0	0	0	0	0
1594	I	0	0	0	0	0	0	0
1595	N	0	0	0	0	0	0	0
1596	H	0	0	0	0	0	0	0
1597	F	0	0	0	0	0	0	0
1598	L	0	0	0	0	0	0	0
1599	S	0	0	0	0	0	0	0
1600	V	0	0	0	0	0	0	0
1601	S	0	0	0	0	0	0	0
1602	V	0	0	0	0	0	0	0
1603	Y	0	0	0	0	0	0	0
1604	D	0	0	0	0	0	0	0
1605	A	0	0	0	0	0	0	0
1606	L	0	0	0	0	0	0	0
1607	P	0	0	0	0	0	0	0
1608	L	0	0	0	0	0	0	0
1609	T	0	0	0	0	0	0	0
1610	R	0	0	0	0	0	0	0
1611	L	0	0	0	0	0	0	0
1612	E	0	0	0	0	0	0	0
1613	G	0	0	0	0	0	0	0
1614	L	0	0	0	0	0	0	0
1615	K	0	0	0	0	0	0	0
1616	D	0	0	0	0	0	0	0
1617	L	0	0	0	0	0	0	0
1618	R	0	0	0	0	0	0	0
1619	R	0	0	0	0	0	0	0
1620	Q	0	0	0	0	0	0	0
1621	L	0	0	0	0	0	0	0
1622	E	0	0	0	0	0	0	0
1623	L	0	0	0	0	0	0	0
1624	H	0	0	0	0	0	0	0
1625	K	0	0	0	0	0	0	0
1626	D	0	0	0	0	0	0	0
1627	Q	0	0	0	0	0	0	0
1628	M	0	0	0	0	0	0	0
1629	V	0	0	0	0	0	0	0
1630	D	0	0	0	0	0	0	0
1631	I	0	0	0	0	0	0	0
1632	M	0	0	0	0	0	0	0
1633	R	0	0	0	0	0	0	0
1634	A	0	0	0	0	0	0	0
1635	S	0	0	0	0	0	0	0
1636	Q	0	0	0	0	0	0	0
1637	D	0	0	0	0	0	0	0
1638	N	0	0	0	0	0	0	0
1639	P	0	0	0	0	0	0	0
1640	Q	0	0	0	0	0	0	0
1641	D	0	0	0	0	0	0	0
1642	G	0	0	0	0	0	0	0
1643	I	0	0	0	0	0	0	0
1644	M	0	0	0	0	0	0	0
1645	V	0	0	0	0	0	0	0
1646	K	0	0	0	0	0	0	0
1647	L	0	0	0	0	0	0	0
1648	V	0	0	0	0	0	0	0
1649	V	0	0	0	0	0	0	0
1650	N	0	0	0	0	0	0	0
1651	L	0	0	0	0	0	0	0
1652	L	0	0	0	0	0	0	0
1653	Q	0	0	0	0	0	0	0
1654	L	0	0	0	0	0	0	0
1655	S	Phosphoserine	VVNLLQLSKMAINHT	HHHHHHHHHHHCCCC	0	0	0	0
1656	K	N6-methyllysine	VNLLQLSKMAINHTG	HHHHHHHHHHCCCCC	0	0	0	0
1657	M	0	0	0	0	0	0	0
1658	A	0	0	0	0	0	0	0
1659	I	0	0	0	0	0	0	0
1660	N	0	0	0	0	0	0	0
1661	H	0	0	0	0	0	0	0
1662	T	Phosphothreonine	SKMAINHTGEKEVLE	HHHHCCCCCHHHHHH	0	0	0	0
1663	G	0	0	0	0	0	0	0
1664	E	0	0	0	0	0	0	0
1665	K	0	0	0	0	0	0	0
1666	E	0	0	0	0	0	0	0
1667	V	0	0	0	0	0	0	0
1668	L	0	0	0	0	0	0	0
1669	E	0	0	0	0	0	0	0
1670	A	0	0	0	0	0	0	0
1671	V	0	0	0	0	0	0	0
1672	G	0	0	0	0	0	0	0
1673	S	Phosphoserine	EVLEAVGSCLGEVGP	HHHHHHHHHHCCCCC	0	0	0	0
1674	C	0	0	0	0	0	0	0
1675	L	0	0	0	0	0	0	0
1676	G	0	0	0	0	0	0	0
1677	E	0	0	0	0	0	0	0
1678	V	0	0	0	0	0	0	0
1679	G	0	0	0	0	0	0	0
1680	P	0	0	0	0	0	0	0
1681	I	0	0	0	0	0	0	0
1682	D	0	0	0	0	0	0	0
1683	F	0	0	0	0	0	0	0
1684	S	0	0	0	0	0	0	0
1685	T	0	0	0	0	0	0	0
1686	I	0	0	0	0	0	0	0
1687	A	0	0	0	0	0	0	0
1688	I	0	0	0	0	0	0	0
1689	Q	0	0	0	0	0	0	0
1690	H	0	0	0	0	0	0	0
1691	S	0	0	0	0	0	0	0
1692	K	0	0	0	0	0	0	0
1693	D	0	0	0	0	0	0	0
1694	A	0	0	0	0	0	0	0
1695	S	0	0	0	0	0	0	0
1696	Y	0	0	0	0	0	0	0
1697	T	0	0	0	0	0	0	0
1698	K	0	0	0	0	0	0	0
1699	A	0	0	0	0	0	0	0
1700	L	0	0	0	0	0	0	0
1701	K	0	0	0	0	0	0	0
1702	L	0	0	0	0	0	0	0
1703	F	0	0	0	0	0	0	0
1704	E	0	0	0	0	0	0	0
1705	D	0	0	0	0	0	0	0
1706	K	0	0	0	0	0	0	0
1707	E	0	0	0	0	0	0	0
1708	L	0	0	0	0	0	0	0
1709	Q	0	0	0	0	0	0	0
1710	W	0	0	0	0	0	0	0
1711	T	0	0	0	0	0	0	0
1712	F	0	0	0	0	0	0	0
1713	I	0	0	0	0	0	0	0
1714	M	0	0	0	0	0	0	0
1715	L	0	0	0	0	0	0	0
1716	T	0	0	0	0	0	0	0
1717	Y	Phosphotyrosine	WTFIMLTYLNNTLVE	HHHHHHHHCCCCHHH	0	0	0	0
1718	L	0	0	0	0	0	0	0
1719	N	0	0	0	0	0	0	0
1720	N	0	0	0	0	0	0	0
1721	T	0	0	0	0	0	0	0
1722	L	0	0	0	0	0	0	0
1723	V	0	0	0	0	0	0	0
1724	E	0	0	0	0	0	0	0
1725	D	0	0	0	0	0	0	0
1726	C	0	0	0	0	0	0	0
1727	V	0	0	0	0	0	0	0
1728	K	0	0	0	0	0	0	0
1729	V	0	0	0	0	0	0	0
1730	R	0	0	0	0	0	0	0
1731	S	0	0	0	0	0	0	0
1732	A	0	0	0	0	0	0	0
1733	A	0	0	0	0	0	0	0
1734	V	0	0	0	0	0	0	0
1735	T	0	0	0	0	0	0	0
1736	C	0	0	0	0	0	0	0
1737	L	0	0	0	0	0	0	0
1738	K	0	0	0	0	0	0	0
1739	N	0	0	0	0	0	0	0
1740	I	0	0	0	0	0	0	0
1741	L	0	0	0	0	0	0	0
1742	A	0	0	0	0	0	0	0
1743	T	0	0	0	0	0	0	0
1744	K	0	0	0	0	0	0	0
1745	T	0	0	0	0	0	0	0
1746	G	0	0	0	0	0	0	0
1747	H	0	0	0	0	0	0	0
1748	S	0	0	0	0	0	0	0
1749	F	0	0	0	0	0	0	0
1750	W	0	0	0	0	0	0	0
1751	E	0	0	0	0	0	0	0
1752	I	0	0	0	0	0	0	0
1753	Y	Phosphotyrosine	GHSFWEIYKMTTDPM	CCCHHHHHHCCCCHH	0	0	0	0
1754	K	0	0	0	0	0	0	0
1755	M	0	0	0	0	0	0	0
1756	T	0	0	0	0	0	0	0
1757	T	0	0	0	0	0	0	0
1758	D	0	0	0	0	0	0	0
1759	P	0	0	0	0	0	0	0
1760	M	0	0	0	0	0	0	0
1761	L	0	0	0	0	0	0	0
1762	A	0	0	0	0	0	0	0
1763	Y	Phosphotyrosine	TTDPMLAYLQPFRTS	CCCHHHHHHHCCCCC	0	0	0	0
1764	L	0	0	0	0	0	0	0
1765	Q	0	0	0	0	0	0	0
1766	P	0	0	0	0	0	0	0
1767	F	0	0	0	0	0	0	0
1768	R	0	0	0	0	0	0	0
1769	T	0	0	0	0	0	0	0
1770	S	0	0	0	0	0	0	0
1771	R	0	0	0	0	0	0	0
1772	K	0	0	0	0	0	0	0
1773	K	0	0	0	0	0	0	0
1774	F	0	0	0	0	0	0	0
1775	L	0	0	0	0	0	0	0
1776	E	0	0	0	0	0	0	0
1777	V	0	0	0	0	0	0	0
1778	P	0	0	0	0	0	0	0
1779	R	0	0	0	0	0	0	0
1780	F	0	0	0	0	0	0	0
1781	D	0	0	0	0	0	0	0
1782	K	0	0	0	0	0	0	0
1783	E	0	0	0	0	0	0	0
1784	N	0	0	0	0	0	0	0
1785	P	0	0	0	0	0	0	0
1786	F	0	0	0	0	0	0	0
1787	E	0	0	0	0	0	0	0
1788	G	0	0	0	0	0	0	0
1789	L	0	0	0	0	0	0	0
1790	D	0	0	0	0	0	0	0
1791	D	0	0	0	0	0	0	0
1792	I	0	0	0	0	0	0	0
1793	N	0	0	0	0	0	0	0
1794	L	0	0	0	0	0	0	0
1795	W	0	0	0	0	0	0	0
1796	I	0	0	0	0	0	0	0
1797	P	0	0	0	0	0	0	0
1798	L	0	0	0	0	0	0	0
1799	S	0	0	0	0	0	0	0
1800	E	0	0	0	0	0	0	0
1801	N	0	0	0	0	0	0	0
1802	H	0	0	0	0	0	0	0
1803	D	0	0	0	0	0	0	0
1804	I	0	0	0	0	0	0	0
1805	W	0	0	0	0	0	0	0
1806	I	0	0	0	0	0	0	0
1807	K	0	0	0	0	0	0	0
1808	T	0	0	0	0	0	0	0
1809	L	0	0	0	0	0	0	0
1810	T	0	0	0	0	0	0	0
1811	C	0	0	0	0	0	0	0
1812	A	0	0	0	0	0	0	0
1813	F	0	0	0	0	0	0	0
1814	L	0	0	0	0	0	0	0
1815	D	0	0	0	0	0	0	0
1816	S	0	0	0	0	0	0	0
1817	G	0	0	0	0	0	0	0
1818	G	0	0	0	0	0	0	0
1819	T	0	0	0	0	0	0	0
1820	K	0	0	0	0	0	0	0
1821	C	0	0	0	0	0	0	0
1822	E	0	0	0	0	0	0	0
1823	I	0	0	0	0	0	0	0
1824	L	0	0	0	0	0	0	0
1825	Q	0	0	0	0	0	0	0
1826	L	0	0	0	0	0	0	0
1827	L	0	0	0	0	0	0	0
1828	K	0	0	0	0	0	0	0
1829	P	0	0	0	0	0	0	0
1830	M	0	0	0	0	0	0	0
1831	C	0	0	0	0	0	0	0
1832	E	0	0	0	0	0	0	0
1833	V	0	0	0	0	0	0	0
1834	K	0	0	0	0	0	0	0
1835	T	0	0	0	0	0	0	0
1836	D	0	0	0	0	0	0	0
1837	F	0	0	0	0	0	0	0
1838	C	0	0	0	0	0	0	0
1839	Q	0	0	0	0	0	0	0
1840	T	0	0	0	0	0	0	0
1841	V	0	0	0	0	0	0	0
1842	L	0	0	0	0	0	0	0
1843	P	0	0	0	0	0	0	0
1844	Y	0	0	0	0	0	0	0
1845	L	0	0	0	0	0	0	0
1846	I	0	0	0	0	0	0	0
1847	H	0	0	0	0	0	0	0
1848	D	0	0	0	0	0	0	0
1849	I	0	0	0	0	0	0	0
1850	L	0	0	0	0	0	0	0
1851	L	0	0	0	0	0	0	0
1852	Q	0	0	0	0	0	0	0
1853	D	0	0	0	0	0	0	0
1854	T	0	0	0	0	0	0	0
1855	N	0	0	0	0	0	0	0
1856	E	0	0	0	0	0	0	0
1857	S	0	0	0	0	0	0	0
1858	W	0	0	0	0	0	0	0
1859	R	0	0	0	0	0	0	0
1860	N	0	0	0	0	0	0	0
1861	L	0	0	0	0	0	0	0
1862	L	0	0	0	0	0	0	0
1863	S	0	0	0	0	0	0	0
1864	T	0	0	0	0	0	0	0
1865	H	0	0	0	0	0	0	0
1866	V	0	0	0	0	0	0	0
1867	Q	0	0	0	0	0	0	0
1868	G	0	0	0	0	0	0	0
1869	F	0	0	0	0	0	0	0
1870	F	0	0	0	0	0	0	0
1871	T	0	0	0	0	0	0	0
1872	S	0	0	0	0	0	0	0
1873	C	0	0	0	0	0	0	0
1874	L	0	0	0	0	0	0	0
1875	R	0	0	0	0	0	0	0
1876	H	0	0	0	0	0	0	0
1877	F	0	0	0	0	0	0	0
1878	S	Phosphoserine	TSCLRHFSQTSRSTT	HHHHHHHHHCCCCCC	0	0	0	0
1879	Q	0	0	0	0	0	0	0
1880	T	Phosphothreonine	CLRHFSQTSRSTTPA	HHHHHHHCCCCCCCC	0	0	0	0
1881	S	0	0	0	0	0	0	0
1882	R	0	0	0	0	0	0	0
1883	S	Phosphoserine	HFSQTSRSTTPANLD	HHHHCCCCCCCCCCC	0	0	0	0
1884	T	Phosphothreonine	FSQTSRSTTPANLDS	HHHCCCCCCCCCCCC	0	0	0	0
1885	T	Phosphothreonine	SQTSRSTTPANLDSE	HHCCCCCCCCCCCCC	0	0	0	0
1886	P	0	0	0	0	0	0	0
1887	A	0	0	0	0	0	0	0
1888	N	0	0	0	0	0	0	0
1889	L	0	0	0	0	0	0	0
1890	D	0	0	0	0	0	0	0
1891	S	Phosphoserine	TTPANLDSESEHFFR	CCCCCCCCCCHHHHH	0	0	0	0
1892	E	0	0	0	0	0	0	0
1893	S	Phosphoserine	PANLDSESEHFFRCC	CCCCCCCCHHHHHHH	0	0	0	0
1894	E	0	0	0	0	0	0	0
1895	H	0	0	0	0	0	0	0
1896	F	0	0	0	0	0	0	0
1897	F	0	0	0	0	0	0	0
1898	R	0	0	0	0	0	0	0
1899	C	0	0	0	0	0	0	0
1900	C	0	0	0	0	0	0	0
1901	L	0	0	0	0	0	0	0
1902	D	0	0	0	0	0	0	0
1903	K	0	0	0	0	0	0	0
1904	K	0	0	0	0	0	0	0
1905	S	0	0	0	0	0	0	0
1906	Q	0	0	0	0	0	0	0
1907	R	0	0	0	0	0	0	0
1908	T	Phosphothreonine	LDKKSQRTMLAVVDY	CCCCCHHHHHHHHHH	0	0	0	0
1909	M	0	0	0	0	0	0	0
1910	L	0	0	0	0	0	0	0
1911	A	0	0	0	0	0	0	0
1912	V	0	0	0	0	0	0	0
1913	V	0	0	0	0	0	0	0
1914	D	0	0	0	0	0	0	0
1915	Y	Phosphotyrosine	TMLAVVDYMRRQKRP	HHHHHHHHHHHCCCC	0	0	0	0
1916	M	0	0	0	0	0	0	0
1917	R	0	0	0	0	0	0	0
1918	R	0	0	0	0	0	0	0
1919	Q	0	0	0	0	0	0	0
1920	K	0	0	0	0	0	0	0
1921	R	0	0	0	0	0	0	0
1922	P	0	0	0	0	0	0	0
1923	S	0	0	0	0	0	0	0
1924	S	0	0	0	0	0	0	0
1925	G	0	0	0	0	0	0	0
1926	T	0	0	0	0	0	0	0
1927	I	0	0	0	0	0	0	0
1928	F	0	0	0	0	0	0	0
1929	N	0	0	0	0	0	0	0
1930	D	0	0	0	0	0	0	0
1931	A	0	0	0	0	0	0	0
1932	F	0	0	0	0	0	0	0
1933	W	0	0	0	0	0	0	0
1934	L	0	0	0	0	0	0	0
1935	D	0	0	0	0	0	0	0
1936	L	0	0	0	0	0	0	0
1937	N	0	0	0	0	0	0	0
1938	Y	0	0	0	0	0	0	0
1939	L	0	0	0	0	0	0	0
1940	E	0	0	0	0	0	0	0
1941	V	0	0	0	0	0	0	0
1942	A	0	0	0	0	0	0	0
1943	K	0	0	0	0	0	0	0
1944	V	0	0	0	0	0	0	0
1945	A	0	0	0	0	0	0	0
1946	Q	0	0	0	0	0	0	0
1947	S	0	0	0	0	0	0	0
1948	C	0	0	0	0	0	0	0
1949	A	0	0	0	0	0	0	0
1950	A	0	0	0	0	0	0	0
1951	H	0	0	0	0	0	0	0
1952	F	0	0	0	0	0	0	0
1953	T	0	0	0	0	0	0	0
1954	A	0	0	0	0	0	0	0
1955	L	0	0	0	0	0	0	0
1956	L	0	0	0	0	0	0	0
1957	Y	0	0	0	0	0	0	0
1958	A	0	0	0	0	0	0	0
1959	E	0	0	0	0	0	0	0
1960	I	0	0	0	0	0	0	0
1961	Y	0	0	0	0	0	0	0
1962	A	0	0	0	0	0	0	0
1963	D	0	0	0	0	0	0	0
1964	K	0	0	0	0	0	0	0
1965	K	0	0	0	0	0	0	0
1966	S	0	0	0	0	0	0	0
1967	M	0	0	0	0	0	0	0
1968	D	0	0	0	0	0	0	0
1969	D	0	0	0	0	0	0	0
1970	Q	0	0	0	0	0	0	0
1971	E	0	0	0	0	0	0	0
1972	K	0	0	0	0	0	0	0
1973	R	0	0	0	0	0	0	0
1974	S	Phosphoserine	MDDQEKRSLAFEEGS	CCHHHHHHHHHHCCC	0	0	0	0
1975	L	0	0	0	0	0	0	0
1976	A	0	0	0	0	0	0	0
1977	F	0	0	0	0	0	0	0
1978	E	0	0	0	0	0	0	0
1979	E	0	0	0	0	0	0	0
1980	G	0	0	0	0	0	0	0
1981	S	Phosphoserine	SLAFEEGSQSTTISS	HHHHHCCCCCCCHHH	0	0	0	0
1982	Q	0	0	0	0	0	0	0
1983	S	Phosphoserine	AFEEGSQSTTISSLS	HHHCCCCCCCHHHHC	0	0	0	0
1984	T	0	0	0	0	0	0	0
1985	T	Phosphothreonine	EEGSQSTTISSLSEK	HCCCCCCCHHHHCHH	0	0	0	0
1986	I	0	0	0	0	0	0	0
1987	S	Phosphoserine	GSQSTTISSLSEKSK	CCCCCCHHHHCHHHH	0	0	0	0
1988	S	0	0	0	0	0	0	0
1989	L	0	0	0	0	0	0	0
1990	S	0	0	0	0	0	0	0
1991	E	0	0	0	0	0	0	0
1992	K	0	0	0	0	0	0	0
1993	S	Phosphoserine	ISSLSEKSKEETGIS	HHHHCHHHHHHHCCC	0	0	0	0
1994	K	0	0	0	0	0	0	0
1995	E	0	0	0	0	0	0	0
1996	E	0	0	0	0	0	0	0
1997	T	Phosphothreonine	SEKSKEETGISLQDL	CHHHHHHHCCCHHHH	0	0	0	0
1998	G	0	0	0	0	0	0	0
1999	I	0	0	0	0	0	0	0
2000	S	0	0	0	0	0	0	0
2001	L	0	0	0	0	0	0	0
2002	Q	0	0	0	0	0	0	0
2003	D	0	0	0	0	0	0	0
2004	L	0	0	0	0	0	0	0
2005	L	0	0	0	0	0	0	0
2006	L	0	0	0	0	0	0	0
2007	E	0	0	0	0	0	0	0
2008	I	0	0	0	0	0	0	0
2009	Y	0	0	0	0	0	0	0
2010	R	0	0	0	0	0	0	0
2011	S	0	0	0	0	0	0	0
2012	I	0	0	0	0	0	0	0
2013	G	0	0	0	0	0	0	0
2014	E	0	0	0	0	0	0	0
2015	P	0	0	0	0	0	0	0
2016	D	0	0	0	0	0	0	0
2017	S	0	0	0	0	0	0	0
2018	L	0	0	0	0	0	0	0
2019	Y	Phosphotyrosine	IGEPDSLYGCGGGKM	HCCCCCCCCCCCCCC	0	0	0	0
2020	G	0	0	0	0	0	0	0
2021	C	0	0	0	0	0	0	0
2022	G	0	0	0	0	0	0	0
2023	G	0	0	0	0	0	0	0
2024	G	0	0	0	0	0	0	0
2025	K	0	0	0	0	0	0	0
2026	M	0	0	0	0	0	0	0
2027	L	0	0	0	0	0	0	0
2028	Q	0	0	0	0	0	0	0
2029	P	0	0	0	0	0	0	0
2030	I	0	0	0	0	0	0	0
2031	T	Phosphothreonine	GKMLQPITRLRTYEH	CCCCCCCCCCCCCCC	0	0	0	0
2032	R	0	0	0	0	0	0	0
2033	L	0	0	0	0	0	0	0
2034	R	0	0	0	0	0	0	0
2035	T	0	0	0	0	0	0	0
2036	Y	0	0	0	0	0	0	0
2037	E	0	0	0	0	0	0	0
2038	H	0	0	0	0	0	0	0
2039	E	0	0	0	0	0	0	0
2040	A	0	0	0	0	0	0	0
2041	M	0	0	0	0	0	0	0
2042	W	0	0	0	0	0	0	0
2043	G	0	0	0	0	0	0	0
2044	K	0	0	0	0	0	0	0
2045	A	0	0	0	0	0	0	0
2046	L	0	0	0	0	0	0	0
2047	V	0	0	0	0	0	0	0
2048	T	0	0	0	0	0	0	0
2049	Y	0	0	0	0	0	0	0
2050	D	0	0	0	0	0	0	0
2051	L	0	0	0	0	0	0	0
2052	E	0	0	0	0	0	0	0
2053	T	0	0	0	0	0	0	0
2054	A	0	0	0	0	0	0	0
2055	I	0	0	0	0	0	0	0
2056	P	0	0	0	0	0	0	0
2057	S	0	0	0	0	0	0	0
2058	S	0	0	0	0	0	0	0
2059	T	0	0	0	0	0	0	0
2060	R	0	0	0	0	0	0	0
2061	Q	0	0	0	0	0	0	0
2062	A	0	0	0	0	0	0	0
2063	G	0	0	0	0	0	0	0
2064	I	0	0	0	0	0	0	0
2065	I	0	0	0	0	0	0	0
2066	Q	0	0	0	0	0	0	0
2067	A	0	0	0	0	0	0	0
2068	L	0	0	0	0	0	0	0
2069	Q	0	0	0	0	0	0	0
2070	N	0	0	0	0	0	0	0
2071	L	0	0	0	0	0	0	0
2072	G	0	0	0	0	0	0	0
2073	L	0	0	0	0	0	0	0
2074	C	0	0	0	0	0	0	0
2075	H	0	0	0	0	0	0	0
2076	I	0	0	0	0	0	0	0
2077	L	0	0	0	0	0	0	0
2078	S	0	0	0	0	0	0	0
2079	V	0	0	0	0	0	0	0
2080	Y	0	0	0	0	0	0	0
2081	L	0	0	0	0	0	0	0
2082	K	0	0	0	0	0	0	0
2083	G	0	0	0	0	0	0	0
2084	L	0	0	0	0	0	0	0
2085	D	0	0	0	0	0	0	0
2086	Y	0	0	0	0	0	0	0
2087	E	0	0	0	0	0	0	0
2088	N	0	0	0	0	0	0	0
2089	K	0	0	0	0	0	0	0
2090	D	0	0	0	0	0	0	0
2091	W	0	0	0	0	0	0	0
2092	C	0	0	0	0	0	0	0
2093	P	0	0	0	0	0	0	0
2094	E	0	0	0	0	0	0	0
2095	L	0	0	0	0	0	0	0
2096	E	0	0	0	0	0	0	0
2097	E	0	0	0	0	0	0	0
2098	L	0	0	0	0	0	0	0
2099	H	0	0	0	0	0	0	0
2100	Y	0	0	0	0	0	0	0
2101	Q	0	0	0	0	0	0	0
2102	A	0	0	0	0	0	0	0
2103	A	0	0	0	0	0	0	0
2104	W	0	0	0	0	0	0	0
2105	R	0	0	0	0	0	0	0
2106	N	0	0	0	0	0	0	0
2107	M	0	0	0	0	0	0	0
2108	Q	0	0	0	0	0	0	0
2109	W	0	0	0	0	0	0	0
2110	D	0	0	0	0	0	0	0
2111	H	0	0	0	0	0	0	0
2112	C	0	0	0	0	0	0	0
2113	T	0	0	0	0	0	0	0
2114	S	0	0	0	0	0	0	0
2115	V	0	0	0	0	0	0	0
2116	S	0	0	0	0	0	0	0
2117	K	0	0	0	0	0	0	0
2118	E	0	0	0	0	0	0	0
2119	V	0	0	0	0	0	0	0
2120	E	0	0	0	0	0	0	0
2121	G	0	0	0	0	0	0	0
2122	T	0	0	0	0	0	0	0
2123	S	0	0	0	0	0	0	0
2124	Y	0	0	0	0	0	0	0
2125	H	0	0	0	0	0	0	0
2126	E	0	0	0	0	0	0	0
2127	S	0	0	0	0	0	0	0
2128	L	0	0	0	0	0	0	0
2129	Y	0	0	0	0	0	0	0
2130	N	0	0	0	0	0	0	0
2131	A	0	0	0	0	0	0	0
2132	L	0	0	0	0	0	0	0
2133	Q	0	0	0	0	0	0	0
2134	S	0	0	0	0	0	0	0
2135	L	0	0	0	0	0	0	0
2136	R	0	0	0	0	0	0	0
2137	D	0	0	0	0	0	0	0
2138	R	0	0	0	0	0	0	0
2139	E	0	0	0	0	0	0	0
2140	F	0	0	0	0	0	0	0
2141	S	0	0	0	0	0	0	0
2142	T	0	0	0	0	0	0	0
2143	F	0	0	0	0	0	0	0
2144	Y	0	0	0	0	0	0	0
2145	E	0	0	0	0	0	0	0
2146	S	0	0	0	0	0	0	0
2147	L	0	0	0	0	0	0	0
2148	K	Ubiquitinlysine	STFYESLKYARVKEV	HHHHHHHHHHCHHHH	0	0	0	0
2149	Y	0	0	0	0	0	0	0
2150	A	0	0	0	0	0	0	0
2151	R	0	0	0	0	0	0	0
2152	V	0	0	0	0	0	0	0
2153	K	0	0	0	0	0	0	0
2154	E	0	0	0	0	0	0	0
2155	V	0	0	0	0	0	0	0
2156	E	0	0	0	0	0	0	0
2157	E	0	0	0	0	0	0	0
2158	M	0	0	0	0	0	0	0
2159	C	0	0	0	0	0	0	0
2160	K	0	0	0	0	0	0	0
2161	R	0	0	0	0	0	0	0
2162	S	Phosphoserine	VEEMCKRSLESVYSL	HHHHHHHHHHHHHHH	0	0	0	0
2163	L	0	0	0	0	0	0	0
2164	E	0	0	0	0	0	0	0
2165	S	Phosphoserine	MCKRSLESVYSLYPT	HHHHHHHHHHHHHHH	0	0	0	0
2166	V	0	0	0	0	0	0	0
2167	Y	Phosphotyrosine	KRSLESVYSLYPTLS	HHHHHHHHHHHHHHH	0	0	0	0
2168	S	Phosphoserine	RSLESVYSLYPTLSR	HHHHHHHHHHHHHHH	0	0	0	0
2169	L	0	0	0	0	0	0	0
2170	Y	Phosphotyrosine	LESVYSLYPTLSRLQ	HHHHHHHHHHHHHHH	0	0	0	0
2171	P	0	0	0	0	0	0	0
2172	T	Phosphothreonine	SVYSLYPTLSRLQAI	HHHHHHHHHHHHHHH	0	0	0	0
2173	L	0	0	0	0	0	0	0
2174	S	Phosphoserine	YSLYPTLSRLQAIGE	HHHHHHHHHHHHHHC	0	0	0	0
2175	R	0	0	0	0	0	0	0
2176	L	0	0	0	0	0	0	0
2177	Q	0	0	0	0	0	0	0
2178	A	0	0	0	0	0	0	0
2179	I	0	0	0	0	0	0	0
2180	G	0	0	0	0	0	0	0
2181	E	0	0	0	0	0	0	0
2182	L	0	0	0	0	0	0	0
2183	E	0	0	0	0	0	0	0
2184	S	0	0	0	0	0	0	0
2185	I	0	0	0	0	0	0	0
2186	G	0	0	0	0	0	0	0
2187	E	0	0	0	0	0	0	0
2188	L	0	0	0	0	0	0	0
2189	F	0	0	0	0	0	0	0
2190	S	0	0	0	0	0	0	0
2191	R	0	0	0	0	0	0	0
2192	S	0	0	0	0	0	0	0
2193	V	0	0	0	0	0	0	0
2194	T	0	0	0	0	0	0	0
2195	H	0	0	0	0	0	0	0
2196	R	0	0	0	0	0	0	0
2197	Q	0	0	0	0	0	0	0
2198	L	0	0	0	0	0	0	0
2199	S	0	0	0	0	0	0	0
2200	E	0	0	0	0	0	0	0
2201	V	0	0	0	0	0	0	0
2202	Y	0	0	0	0	0	0	0
2203	I	0	0	0	0	0	0	0
2204	K	0	0	0	0	0	0	0
2205	W	0	0	0	0	0	0	0
2206	Q	0	0	0	0	0	0	0
2207	K	0	0	0	0	0	0	0
2208	H	0	0	0	0	0	0	0
2209	S	0	0	0	0	0	0	0
2210	Q	0	0	0	0	0	0	0
2211	L	0	0	0	0	0	0	0
2212	L	0	0	0	0	0	0	0
2213	K	0	0	0	0	0	0	0
2214	D	0	0	0	0	0	0	0
2215	S	0	0	0	0	0	0	0
2216	D	0	0	0	0	0	0	0
2217	F	0	0	0	0	0	0	0
2218	S	0	0	0	0	0	0	0
2219	F	0	0	0	0	0	0	0
2220	Q	0	0	0	0	0	0	0
2221	E	0	0	0	0	0	0	0
2222	P	0	0	0	0	0	0	0
2223	I	0	0	0	0	0	0	0
2224	M	0	0	0	0	0	0	0
2225	A	0	0	0	0	0	0	0
2226	L	0	0	0	0	0	0	0
2227	R	0	0	0	0	0	0	0
2228	T	0	0	0	0	0	0	0
2229	V	0	0	0	0	0	0	0
2230	I	0	0	0	0	0	0	0
2231	L	0	0	0	0	0	0	0
2232	E	0	0	0	0	0	0	0
2233	I	0	0	0	0	0	0	0
2234	L	0	0	0	0	0	0	0
2235	M	0	0	0	0	0	0	0
2236	E	0	0	0	0	0	0	0
2237	K	0	0	0	0	0	0	0
2238	E	0	0	0	0	0	0	0
2239	M	0	0	0	0	0	0	0
2240	D	0	0	0	0	0	0	0
2241	N	0	0	0	0	0	0	0
2242	S	Phosphoserine	MEKEMDNSQRECIKD	HHHCCCHHHHHHHHH	0	0	0	0
2243	Q	0	0	0	0	0	0	0
2244	R	0	0	0	0	0	0	0
2245	E	0	0	0	0	0	0	0
2246	C	0	0	0	0	0	0	0
2247	I	0	0	0	0	0	0	0
2248	K	0	0	0	0	0	0	0
2249	D	0	0	0	0	0	0	0
2250	I	0	0	0	0	0	0	0
2251	L	0	0	0	0	0	0	0
2252	T	0	0	0	0	0	0	0
2253	K	0	0	0	0	0	0	0
2254	H	0	0	0	0	0	0	0
2255	L	0	0	0	0	0	0	0
2256	V	0	0	0	0	0	0	0
2257	E	0	0	0	0	0	0	0
2258	L	0	0	0	0	0	0	0
2259	S	0	0	0	0	0	0	0
2260	I	0	0	0	0	0	0	0
2261	L	0	0	0	0	0	0	0
2262	A	0	0	0	0	0	0	0
2263	R	0	0	0	0	0	0	0
2264	T	0	0	0	0	0	0	0
2265	F	0	0	0	0	0	0	0
2266	K	0	0	0	0	0	0	0
2267	N	0	0	0	0	0	0	0
2268	T	0	0	0	0	0	0	0
2269	Q	0	0	0	0	0	0	0
2270	L	0	0	0	0	0	0	0
2271	P	0	0	0	0	0	0	0
2272	E	0	0	0	0	0	0	0
2273	R	0	0	0	0	0	0	0
2274	A	0	0	0	0	0	0	0
2275	I	0	0	0	0	0	0	0
2276	F	0	0	0	0	0	0	0
2277	Q	0	0	0	0	0	0	0
2278	I	0	0	0	0	0	0	0
2279	K	0	0	0	0	0	0	0
2280	Q	0	0	0	0	0	0	0
2281	Y	0	0	0	0	0	0	0
2282	N	0	0	0	0	0	0	0
2283	S	0	0	0	0	0	0	0
2284	V	0	0	0	0	0	0	0
2285	S	0	0	0	0	0	0	0
2286	C	0	0	0	0	0	0	0
2287	G	0	0	0	0	0	0	0
2288	V	0	0	0	0	0	0	0
2289	S	0	0	0	0	0	0	0
2290	E	0	0	0	0	0	0	0
2291	W	0	0	0	0	0	0	0
2292	Q	0	0	0	0	0	0	0
2293	L	0	0	0	0	0	0	0
2294	E	0	0	0	0	0	0	0
2295	E	0	0	0	0	0	0	0
2296	A	0	0	0	0	0	0	0
2297	Q	0	0	0	0	0	0	0
2298	V	0	0	0	0	0	0	0
2299	F	0	0	0	0	0	0	0
2300	W	0	0	0	0	0	0	0
2301	A	0	0	0	0	0	0	0
2302	K	0	0	0	0	0	0	0
2303	K	0	0	0	0	0	0	0
2304	E	0	0	0	0	0	0	0
2305	Q	0	0	0	0	0	0	0
2306	S	0	0	0	0	0	0	0
2307	L	0	0	0	0	0	V;F	2310
2308	A	0	0	0	0	0	0	0
2309	L	0	0	0	0	0	0	0
2310	S	Phosphoserine	KEQSLALSILKQMIK	HHHHHHHHHHHHHHH	Alzheimer's disease (late onset):late-onset Alzheimers disease	2307 (3)	0	0
2311	I	0	0	0	0	0	0	0
2312	L	0	0	0	0	0	0	0
2313	K	0	0	0	0	0	0	0
2314	Q	0	0	0	0	0	0	0
2315	M	0	0	0	0	0	0	0
2316	I	0	0	0	0	0	0	0
2317	K	0	0	0	0	0	0	0
2318	K	0	0	0	0	0	0	0
2319	L	0	0	0	0	0	0	0
2320	D	0	0	0	0	0	0	0
2321	A	0	0	0	0	0	0	0
2322	S	0	0	0	0	0	0	0
2323	C	0	0	0	0	0	0	0
2324	A	0	0	0	0	0	0	0
2325	A	0	0	0	0	0	0	0
2326	N	0	0	0	0	0	0	0
2327	N	0	0	0	0	0	0	0
2328	P	0	0	0	0	0	0	0
2329	S	0	0	0	0	0	0	0
2330	L	0	0	0	0	0	0	0
2331	K	0	0	0	0	0	0	0
2332	L	0	0	0	0	0	0	0
2333	T	0	0	0	0	0	0	0
2334	Y	0	0	0	0	0	0	0
2335	T	0	0	0	0	0	0	0
2336	E	0	0	0	0	0	0	0
2337	C	0	0	0	0	0	0	0
2338	L	0	0	0	0	0	0	0
2339	R	0	0	0	0	0	0	0
2340	V	0	0	0	0	0	0	0
2341	C	0	0	0	0	0	0	0
2342	G	0	0	0	0	0	0	0
2343	N	0	0	0	0	0	0	0
2344	W	0	0	0	0	0	0	0
2345	L	0	0	0	0	0	0	0
2346	A	0	0	0	0	0	0	0
2347	E	0	0	0	0	0	0	0
2348	T	0	0	0	0	0	0	0
2349	C	0	0	0	0	0	0	0
2350	L	0	0	0	0	0	0	0
2351	E	0	0	0	0	0	0	0
2352	N	0	0	0	0	0	0	0
2353	P	0	0	0	0	0	0	0
2354	A	0	0	0	0	0	0	0
2355	V	0	0	0	0	0	0	0
2356	I	0	0	0	0	0	0	0
2357	M	0	0	0	0	0	0	0
2358	Q	0	0	0	0	0	0	0
2359	T	0	0	0	0	0	0	0
2360	Y	0	0	0	0	0	0	0
2361	L	0	0	0	0	0	0	0
2362	E	0	0	0	0	0	0	0
2363	K	0	0	0	0	0	0	0
2364	A	0	0	0	0	0	0	0
2365	V	0	0	0	0	0	0	0
2366	E	0	0	0	0	0	0	0
2367	V	0	0	0	0	0	0	0
2368	A	0	0	0	0	0	0	0
2369	G	0	0	0	0	0	0	0
2370	N	0	0	0	0	0	0	0
2371	Y	0	0	0	0	0	0	0
2372	D	0	0	0	0	0	0	0
2373	G	0	0	0	0	0	0	0
2374	E	0	0	0	0	0	0	0
2375	S	0	0	0	0	0	0	0
2376	S	0	0	0	0	0	0	0
2377	D	0	0	0	0	0	0	0
2378	E	0	0	0	0	0	0	0
2379	L	0	0	0	0	0	0	0
2380	R	0	0	0	0	0	0	0
2381	N	0	0	0	0	0	0	0
2382	G	0	0	0	0	0	0	0
2383	K	0	0	0	0	0	0	0
2384	M	0	0	0	0	0	0	0
2385	K	0	0	0	0	0	0	0
2386	A	0	0	0	0	0	0	0
2387	F	0	0	0	0	0	0	0
2388	L	0	0	0	0	0	0	0
2389	S	0	0	0	0	0	0	0
2390	L	0	0	0	0	0	0	0
2391	A	0	0	0	0	0	0	0
2392	R	0	0	0	0	0	0	0
2393	F	0	0	0	0	0	0	0
2394	S	0	0	0	0	0	0	0
2395	D	0	0	0	0	0	0	0
2396	T	0	0	0	0	0	0	0
2397	Q	0	0	0	0	0	0	0
2398	Y	0	0	0	0	0	0	0
2399	Q	0	0	0	0	0	0	0
2400	R	0	0	0	0	0	0	0
2401	I	0	0	0	0	0	0	0
2402	E	0	0	0	0	0	0	0
2403	N	0	0	0	0	0	0	0
2404	Y	0	0	0	0	0	0	0
2405	M	0	0	0	0	0	0	0
2406	K	0	0	0	0	0	0	0
2407	S	0	0	0	0	0	0	0
2408	S	0	0	0	0	0	0	0
2409	E	0	0	0	0	0	0	0
2410	F	0	0	0	0	0	0	0
2411	E	0	0	0	0	0	0	0
2412	N	0	0	0	0	0	0	0
2413	K	0	0	0	0	0	0	0
2414	Q	0	0	0	0	0	0	0
2415	A	0	0	0	0	0	0	0
2416	L	0	0	0	0	0	0	0
2417	L	0	0	0	0	0	0	0
2418	K	0	0	0	0	0	0	0
2419	R	0	0	0	0	0	0	0
2420	A	0	0	0	0	0	0	0
2421	K	0	0	0	0	0	0	0
2422	E	0	0	0	0	0	0	0
2423	E	0	0	0	0	0	0	0
2424	V	0	0	0	0	0	0	0
2425	G	0	0	0	0	0	0	0
2426	L	0	0	0	0	0	0	0
2427	L	0	0	0	0	0	0	0
2428	R	0	0	0	0	0	0	0
2429	E	0	0	0	0	0	0	0
2430	H	0	0	0	0	0	0	0
2431	K	0	0	0	0	0	0	0
2432	I	0	0	0	0	0	0	0
2433	Q	0	0	0	0	0	0	0
2434	T	0	0	0	0	0	0	0
2435	N	0	0	0	0	0	0	0
2436	R	0	0	0	0	0	0	0
2437	Y	0	0	0	0	0	0	0
2438	T	0	0	0	0	0	0	0
2439	V	0	0	0	0	0	0	0
2440	K	N6-acetyllysine	QTNRYTVKVQRELEL	CCCCEEEEEEHHHHH	0	0	0	0
2441	V	0	0	0	0	0	0	0
2442	Q	0	0	0	0	0	0	0
2443	R	0	0	0	0	0	0	0
2444	E	0	0	0	0	0	0	0
2445	L	0	0	0	0	0	0	0
2446	E	0	0	0	0	0	0	0
2447	L	0	0	0	0	0	0	0
2448	D	0	0	0	0	0	0	0
2449	E	0	0	0	0	0	0	0
2450	L	0	0	0	0	0	0	0
2451	A	0	0	0	0	0	0	0
2452	L	0	0	0	0	0	0	0
2453	R	0	0	0	0	0	0	0
2454	A	0	0	0	0	0	0	0
2455	L	0	0	0	0	0	0	0
2456	K	0	0	0	0	0	0	0
2457	E	0	0	0	0	0	0	0
2458	D	0	0	0	0	0	0	0
2459	R	0	0	0	0	0	0	0
2460	K	0	0	0	0	0	0	0
2461	R	0	0	0	0	0	0	0
2462	F	0	0	0	0	0	0	0
2463	L	0	0	0	0	0	0	0
2464	C	0	0	0	0	0	0	0
2465	K	0	0	0	0	0	0	0
2466	A	0	0	0	0	0	0	0
2467	V	0	0	0	0	0	0	0
2468	E	0	0	0	0	0	0	0
2469	N	0	0	0	0	0	0	0
2470	Y	0	0	0	0	0	0	0
2471	I	0	0	0	0	0	0	0
2472	N	0	0	0	0	0	0	0
2473	C	0	0	0	0	0	0	0
2474	L	0	0	0	0	0	0	0
2475	L	0	0	0	0	0	0	0
2476	S	0	0	0	0	0	0	0
2477	G	0	0	0	0	0	0	0
2478	E	0	0	0	0	0	0	0
2479	E	0	0	0	0	0	0	0
2480	H	0	0	0	0	0	0	0
2481	D	0	0	0	0	0	0	0
2482	M	0	0	0	0	0	0	0
2483	W	0	0	0	0	0	0	0
2484	V	0	0	0	0	0	0	0
2485	F	0	0	0	0	0	0	0
2486	R	0	0	0	0	0	0	0
2487	L	0	0	0	0	0	0	0
2488	C	0	0	0	0	0	0	0
2489	S	0	0	0	0	0	0	0
2490	L	0	0	0	0	0	0	0
2491	W	0	0	0	0	0	0	0
2492	L	0	0	0	0	0	0	0
2493	E	0	0	0	0	0	0	0
2494	N	0	0	0	0	0	0	0
2495	S	0	0	0	0	0	0	0
2496	G	0	0	0	0	0	0	0
2497	V	0	0	0	0	0	0	0
2498	S	0	0	0	0	0	0	0
2499	E	0	0	0	0	0	0	0
2500	V	0	0	0	0	0	0	0
2501	N	0	0	0	0	0	0	0
2502	G	0	0	0	0	0	0	0
2503	M	0	0	0	0	0	0	0
2504	M	0	0	0	0	0	0	0
2505	K	0	0	0	0	0	0	0
2506	R	0	0	0	0	0	0	0
2507	D	0	0	0	0	0	0	0
2508	G	0	0	0	0	0	0	0
2509	M	0	0	0	0	0	0	0
2510	K	0	0	0	0	0	0	0
2511	I	0	0	0	0	0	0	0
2512	P	0	0	0	0	0	0	0
2513	T	0	0	0	0	0	0	0
2514	Y	0	0	0	0	0	0	0
2515	K	0	0	0	0	0	0	0
2516	F	0	0	0	0	0	0	0
2517	L	0	0	0	0	0	0	0
2518	P	0	0	0	0	0	0	0
2519	L	0	0	0	0	0	0	0
2520	M	0	0	0	0	0	0	0
2521	Y	0	0	0	0	0	0	0
2522	Q	0	0	0	0	0	0	0
2523	L	0	0	0	0	0	0	0
2524	A	0	0	0	0	0	0	0
2525	A	0	0	0	0	0	0	0
2526	R	0	0	0	0	0	0	0
2527	M	0	0	0	0	0	0	0
2528	G	0	0	0	0	0	0	0
2529	T	0	0	0	0	0	0	0
2530	K	0	0	0	0	0	0	0
2531	M	0	0	0	0	0	0	0
2532	M	0	0	0	0	0	0	0
2533	G	0	0	0	0	0	0	0
2534	G	0	0	0	0	0	0	0
2535	L	0	0	0	0	0	0	0
2536	G	0	0	0	0	0	0	0
2537	F	0	0	0	0	0	0	0
2538	H	0	0	0	0	0	0	0
2539	E	0	0	0	0	0	0	0
2540	V	0	0	0	0	0	0	0
2541	L	0	0	0	0	0	0	0
2542	N	0	0	0	0	0	0	0
2543	N	0	0	0	0	0	0	0
2544	L	0	0	0	0	0	0	0
2545	I	0	0	0	0	0	0	0
2546	S	0	0	0	0	0	0	0
2547	R	0	0	0	0	0	0	0
2548	I	0	0	0	0	0	0	0
2549	S	0	0	0	0	0	0	0
2550	M	0	0	0	0	0	0	0
2551	D	0	0	0	0	0	0	0
2552	H	0	0	0	0	0	0	0
2553	P	0	0	0	0	0	0	0
2554	H	0	0	0	0	0	0	0
2555	H	0	0	0	0	0	0	0
2556	T	0	0	0	0	0	0	0
2557	L	0	0	0	0	0	0	0
2558	F	0	0	0	0	0	0	0
2559	I	0	0	0	0	0	0	0
2560	I	0	0	0	0	0	0	0
2561	L	0	0	0	0	0	0	0
2562	A	0	0	0	0	0	0	0
2563	L	0	0	0	0	0	0	0
2564	A	0	0	0	0	0	0	0
2565	N	0	0	0	0	0	0	0
2566	A	0	0	0	0	0	0	0
2567	N	0	0	0	0	0	0	0
2568	R	0	0	0	0	0	0	0
2569	D	0	0	0	0	0	0	0
2570	E	0	0	0	0	0	0	0
2571	F	0	0	0	0	0	0	0
2572	L	0	0	0	0	0	0	0
2573	T	0	0	0	0	0	0	0
2574	K	0	0	0	0	0	0	0
2575	P	0	0	0	0	0	0	0
2576	E	0	0	0	0	0	0	0
2577	V	0	0	0	0	0	0	0
2578	A	0	0	0	0	0	0	0
2579	R	0	0	0	0	0	0	0
2580	R	0	0	0	0	0	0	0
2581	S	0	0	0	0	0	0	0
2582	R	0	0	0	0	0	0	0
2583	I	0	0	0	0	0	0	0
2584	T	0	0	0	0	0	0	0
2585	K	0	0	0	0	0	0	0
2586	N	0	0	0	0	0	0	0
2587	V	0	0	0	0	0	0	0
2588	P	0	0	0	0	0	0	0
2589	K	0	0	0	0	0	0	0
2590	Q	0	0	0	0	0	0	0
2591	S	0	0	0	0	0	0	0
2592	S	Phosphoserine	KNVPKQSSQLDEDRT	CCCCCCCCCCCHHHH	0	0	0	0
2593	Q	0	0	0	0	0	0	0
2594	L	0	0	0	0	0	0	0
2595	D	0	0	0	0	0	0	0
2596	E	0	0	0	0	0	0	0
2597	D	0	0	0	0	0	0	0
2598	R	0	0	0	0	0	0	0
2599	T	0	0	0	0	0	0	0
2600	E	0	0	0	0	0	0	0
2601	A	0	0	0	0	0	0	0
2602	A	0	0	0	0	0	0	0
2603	N	0	0	0	0	0	0	0
2604	R	0	0	0	0	0	0	0
2605	I	0	0	0	0	0	0	0
2606	I	0	0	0	0	0	0	0
2607	C	0	0	0	0	0	0	0
2608	T	0	0	0	0	0	0	0
2609	I	0	0	0	0	0	0	0
2610	R	0	0	0	0	0	0	0
2611	S	0	0	0	0	0	0	0
2612	R	0	0	0	0	0	0	0
2613	R	0	0	0	0	0	0	0
2614	P	0	0	0	0	0	0	0
2615	Q	0	0	0	0	0	0	0
2616	M	0	0	0	0	0	0	0
2617	V	0	0	0	0	0	0	0
2618	R	0	0	0	0	0	0	0
2619	S	0	0	0	0	0	0	0
2620	V	0	0	0	0	0	0	0
2621	E	0	0	0	0	0	0	0
2622	A	0	0	0	0	0	0	0
2623	L	0	0	0	0	0	0	0
2624	C	0	0	0	0	0	0	0
2625	D	0	0	0	0	0	0	0
2626	A	0	0	0	0	0	0	0
2627	Y	0	0	0	0	0	0	0
2628	I	0	0	0	0	0	0	0
2629	I	0	0	0	0	0	0	0
2630	L	0	0	0	0	0	0	0
2631	A	0	0	0	0	0	0	0
2632	N	0	0	0	0	0	0	0
2633	L	0	0	0	0	0	0	0
2634	D	0	0	0	0	0	0	0
2635	A	0	0	0	0	0	0	0
2636	T	0	0	0	0	0	0	0
2637	Q	0	0	0	0	0	0	0
2638	W	0	0	0	0	0	0	0
2639	K	0	0	0	0	0	0	0
2640	T	0	0	0	0	0	0	0
2641	Q	0	0	0	0	0	0	0
2642	R	0	0	0	0	0	0	0
2643	K	N6-methyllysine	TQWKTQRKGINIPAD	CHHCHHCCCCCCCCC	0	0	0	0
2644	G	0	0	0	0	0	0	0
2645	I	0	0	0	0	0	0	0
2646	N	0	0	0	0	0	0	0
2647	I	0	0	0	0	0	0	0
2648	P	0	0	0	0	0	0	0
2649	A	0	0	0	0	0	0	0
2650	D	0	0	0	0	0	0	0
2651	Q	0	0	0	0	0	0	0
2652	P	0	0	0	0	0	0	0
2653	I	0	0	0	0	0	0	0
2654	T	0	0	0	0	0	0	0
2655	K	0	0	0	0	0	0	0
2656	L	0	0	0	0	0	0	0
2657	K	0	0	0	0	0	0	0
2658	N	0	0	0	0	0	0	0
2659	L	0	0	0	0	0	0	0
2660	E	0	0	0	0	0	0	0
2661	D	0	0	0	0	0	0	0
2662	V	0	0	0	0	0	0	0
2663	V	0	0	0	0	0	0	0
2664	V	0	0	0	0	0	0	0
2665	P	0	0	0	0	0	0	0
2666	T	0	0	0	0	0	0	0
2667	M	0	0	0	0	0	0	0
2668	E	0	0	0	0	0	0	0
2669	I	0	0	0	0	0	0	0
2670	K	0	0	0	0	0	0	0
2671	V	0	0	0	0	0	0	0
2672	D	0	0	0	0	0	0	0
2673	H	0	0	0	0	0	0	0
2674	T	Phosphothreonine	MEIKVDHTGEYGNLV	EEEEECCCCCCCCEE	0	0	0	0
2675	G	0	0	0	0	0	0	0
2676	E	0	0	0	0	0	0	0
2677	Y	Phosphotyrosine	KVDHTGEYGNLVTIQ	EECCCCCCCCEEEEE	0	0	0	0
2678	G	0	0	0	0	0	0	0
2679	N	0	0	0	0	0	0	0
2680	L	0	0	0	0	0	0	0
2681	V	0	0	0	0	0	0	0
2682	T	Phosphothreonine	GEYGNLVTIQSFKAE	CCCCCEEEEEEEEEE	0	0	0	0
2683	I	0	0	0	0	0	0	0
2684	Q	0	0	0	0	0	0	0
2685	S	0	0	0	0	0	0	0
2686	F	0	0	0	0	0	0	0
2687	K	0	0	0	0	0	0	0
2688	A	0	0	0	0	0	0	0
2689	E	0	0	0	0	0	0	0
2690	F	0	0	0	0	0	0	0
2691	R	0	0	0	0	0	0	0
2692	L	0	0	0	0	0	0	0
2693	A	0	0	0	0	0	0	0
2694	G	0	0	0	0	0	0	0
2695	G	0	0	0	0	0	0	0
2696	V	0	0	0	0	0	0	0
2697	N	0	0	0	0	0	0	0
2698	L	0	0	0	0	0	0	0
2699	P	0	0	0	0	0	0	0
2700	K	0	0	0	0	0	0	0
2701	I	0	0	0	0	0	0	0
2702	I	0	0	0	0	0	0	0
2703	D	0	0	0	0	0	0	0
2704	C	0	0	0	0	0	0	0
2705	V	0	0	0	0	0	0	0
2706	G	0	0	0	0	0	0	0
2707	S	0	0	0	0	0	0	0
2708	D	0	0	0	0	0	0	0
2709	G	0	0	0	0	0	0	0
2710	K	0	0	0	0	0	0	0
2711	E	0	0	0	0	0	0	0
2712	R	0	0	0	0	0	0	0
2713	R	0	0	0	0	0	0	0
2714	Q	0	0	0	0	0	0	0
2715	L	0	0	0	0	0	0	0
2716	V	0	0	0	0	0	0	0
2717	K	0	0	0	0	0	0	0
2718	G	0	0	0	0	0	0	0
2719	R	0	0	0	0	0	0	0
2720	D	0	0	0	0	0	0	0
2721	D	0	0	0	0	0	0	0
2722	L	0	0	0	0	0	0	0
2723	R	0	0	0	0	0	0	0
2724	Q	0	0	0	0	0	0	0
2725	D	0	0	0	0	0	0	0
2726	A	0	0	0	0	0	0	0
2727	V	0	0	0	0	0	0	0
2728	M	0	0	0	0	0	0	0
2729	Q	0	0	0	0	0	0	0
2730	Q	0	0	0	0	0	0	0
2731	V	0	0	0	0	0	0	0
2732	F	0	0	0	0	0	0	0
2733	Q	0	0	0	0	0	0	0
2734	M	0	0	0	0	0	0	0
2735	C	0	0	0	0	0	0	0
2736	N	0	0	0	0	0	0	0
2737	T	0	0	0	0	0	0	0
2738	L	0	0	0	0	0	0	0
2739	L	0	0	0	0	0	0	0
2740	Q	0	0	0	0	0	0	0
2741	R	0	0	0	0	0	0	0
2742	N	0	0	0	0	0	0	0
2743	T	0	0	0	0	0	0	0
2744	E	0	0	0	0	0	0	0
2745	T	0	0	0	0	0	0	0
2746	R	0	0	0	0	0	0	0
2747	K	0	0	0	0	0	0	0
2748	R	0	0	0	0	0	0	0
2749	K	0	0	0	0	0	0	0
2750	L	0	0	0	0	0	0	0
2751	T	Phosphothreonine	ETRKRKLTICTYKVV	HHHCCCEEEEEEEEE	0	0	0	0
2752	I	0	0	0	0	0	0	0
2753	C	0	0	0	0	0	0	0
2754	T	0	0	0	0	0	0	0
2755	Y	Phosphotyrosine	RKLTICTYKVVPLSQ	CCEEEEEEEEEEHHH	0	0	0	0
2756	K	0	0	0	0	0	0	0
2757	V	0	0	0	0	0	0	0
2758	V	0	0	0	0	0	0	0
2759	P	0	0	0	0	0	0	0
2760	L	0	0	0	0	0	0	0
2761	S	0	0	0	0	0	0	0
2762	Q	0	0	0	0	0	0	0
2763	R	0	0	0	0	0	0	0
2764	S	0	0	0	0	0	0	0
2765	G	0	0	0	0	0	0	0
2766	V	0	0	0	0	0	0	0
2767	L	0	0	0	0	0	0	0
2768	E	0	0	0	0	0	0	0
2769	W	0	0	0	0	0	0	0
2770	C	0	0	0	0	0	0	0
2771	T	0	0	0	0	0	0	0
2772	G	0	0	0	0	0	0	0
2773	T	0	0	0	0	0	0	0
2774	V	0	0	0	0	0	0	0
2775	P	0	0	0	0	0	0	0
2776	I	0	0	0	0	0	0	0
2777	G	0	0	0	0	0	0	0
2778	E	0	0	0	0	0	0	0
2779	F	0	0	0	0	0	0	0
2780	L	0	0	0	0	0	0	0
2781	V	0	0	0	0	0	0	0
2782	N	0	0	0	0	0	0	0
2783	N	0	0	0	0	0	0	0
2784	E	0	0	0	0	0	0	0
2785	D	0	0	0	0	0	0	0
2786	G	0	0	0	0	0	0	0
2787	A	0	0	0	0	0	0	0
2788	H	0	0	0	0	0	0	0
2789	K	0	0	0	0	0	0	0
2790	R	0	0	0	0	0	0	0
2791	Y	0	0	0	0	0	0	0
2792	R	0	0	0	0	0	0	0
2793	P	0	0	0	0	0	0	0
2794	N	0	0	0	0	0	0	0
2795	D	0	0	0	0	0	0	0
2796	F	0	0	0	0	0	0	0
2797	S	0	0	0	0	0	0	0
2798	A	0	0	0	0	0	0	0
2799	F	0	0	0	0	0	0	0
2800	Q	0	0	0	0	0	0	0
2801	C	0	0	0	0	0	0	0
2802	Q	0	0	0	0	0	0	0
2803	K	0	0	0	0	0	0	0
2804	K	0	0	0	0	0	0	0
2805	M	0	0	0	0	0	0	0
2806	M	0	0	0	0	0	0	0
2807	E	0	0	0	0	0	0	0
2808	V	0	0	0	0	0	0	0
2809	Q	0	0	0	0	0	0	0
2810	K	0	0	0	0	0	0	0
2811	K	0	0	0	0	0	0	0
2812	S	0	0	0	0	0	0	0
2813	F	0	0	0	0	0	0	0
2814	E	0	0	0	0	0	0	0
2815	E	0	0	0	0	0	0	0
2816	K	0	0	0	0	0	0	0
2817	Y	0	0	0	0	0	0	0
2818	E	0	0	0	0	0	0	0
2819	V	0	0	0	0	0	0	0
2820	F	0	0	0	0	0	0	0
2821	M	0	0	0	0	0	0	0
2822	D	0	0	0	0	0	0	0
2823	V	0	0	0	0	0	0	0
2824	C	0	0	0	0	0	0	0
2825	Q	0	0	0	0	0	0	0
2826	N	0	0	0	0	0	0	0
2827	F	0	0	0	0	0	0	0
2828	Q	0	0	0	0	0	0	0
2829	P	0	0	0	0	0	0	0
2830	V	0	0	0	0	0	0	0
2831	F	0	0	0	0	0	0	0
2832	R	0	0	0	0	0	0	0
2833	Y	0	0	0	0	0	0	0
2834	F	0	0	0	0	0	0	0
2835	C	0	0	0	0	0	0	0
2836	M	0	0	0	0	0	0	0
2837	E	0	0	0	0	0	0	0
2838	K	0	0	0	0	0	0	0
2839	F	0	0	0	0	0	0	0
2840	L	0	0	0	0	0	0	0
2841	D	0	0	0	0	0	0	0
2842	P	0	0	0	0	0	0	0
2843	A	0	0	0	0	0	0	0
2844	I	0	0	0	0	0	0	0
2845	W	0	0	0	0	0	0	0
2846	F	0	0	0	0	0	0	0
2847	E	0	0	0	0	0	0	0
2848	K	0	0	0	0	0	0	0
2849	R	0	0	0	0	0	0	0
2850	L	0	0	0	0	0	0	0
2851	A	0	0	0	0	0	0	0
2852	Y	0	0	0	0	0	0	0
2853	T	0	0	0	0	0	0	0
2854	R	0	0	0	0	0	0	0
2855	S	0	0	0	0	0	0	0
2856	V	0	0	0	0	0	0	0
2857	A	0	0	0	0	0	0	0
2858	T	0	0	0	0	0	0	0
2859	S	0	0	0	0	0	0	0
2860	S	0	0	0	0	0	0	0
2861	I	0	0	0	0	0	0	0
2862	V	0	0	0	0	0	0	0
2863	G	0	0	0	0	0	0	0
2864	Y	0	0	0	0	0	0	0
2865	I	0	0	0	0	0	0	0
2866	L	0	0	0	0	0	0	0
2867	G	0	0	0	0	0	0	0
2868	L	0	0	0	0	0	0	0
2869	G	0	0	0	0	0	0	0
2870	D	0	0	0	0	0	0	0
2871	R	0	0	0	0	0	0	0
2872	H	0	0	0	0	0	0	0
2873	V	0	0	0	0	0	0	0
2874	Q	0	0	0	0	0	0	0
2875	N	0	0	0	0	0	0	0
2876	I	0	0	0	0	0	0	0
2877	L	0	0	0	0	0	0	0
2878	I	0	0	0	0	0	0	0
2879	N	0	0	0	0	0	0	0
2880	E	0	0	0	0	0	0	0
2881	Q	0	0	0	0	0	0	0
2882	S	0	0	0	0	0	0	0
2883	A	0	0	0	0	0	0	0
2884	E	0	0	0	0	0	0	0
2885	L	0	0	0	0	0	0	0
2886	V	0	0	0	0	0	0	0
2887	H	0	0	0	0	0	0	0
2888	I	0	0	0	0	0	0	0
2889	D	0	0	0	0	0	0	0
2890	L	0	0	0	0	0	0	0
2891	G	0	0	0	0	0	0	0
2892	V	0	0	0	0	0	0	0
2893	A	0	0	0	0	0	0	0
2894	F	0	0	0	0	0	0	0
2895	E	0	0	0	0	0	0	0
2896	Q	0	0	0	0	0	0	0
2897	G	0	0	0	0	0	0	0
2898	K	0	0	0	0	0	0	0
2899	I	0	0	0	0	0	0	0
2900	L	0	0	0	0	0	0	0
2901	P	0	0	0	0	0	0	0
2902	T	0	0	0	0	0	0	0
2903	P	0	0	0	0	0	0	0
2904	E	0	0	0	0	0	0	0
2905	T	0	0	0	0	0	0	0
2906	V	0	0	0	0	0	0	0
2907	P	0	0	0	0	0	0	0
2908	F	0	0	0	0	0	0	0
2909	R	0	0	0	0	0	0	0
2910	L	0	0	0	0	0	0	0
2911	T	0	0	0	0	0	0	0
2912	R	0	0	0	0	0	0	0
2913	D	0	0	0	0	0	0	0
2914	I	0	0	0	0	0	0	0
2915	V	0	0	0	0	0	0	0
2916	D	0	0	0	0	0	0	0
2917	G	0	0	0	0	0	0	0
2918	M	0	0	0	0	0	0	0
2919	G	0	0	0	0	0	0	0
2920	I	0	0	0	0	0	0	0
2921	T	0	0	0	0	0	0	0
2922	G	0	0	0	0	0	0	0
2923	V	0	0	0	0	0	0	0
2924	E	0	0	0	0	0	0	0
2925	G	0	0	0	0	0	0	0
2926	V	0	0	0	0	0	0	0
2927	F	0	0	0	0	0	0	0
2928	R	0	0	0	0	0	0	0
2929	R	0	0	0	0	0	0	0
2930	C	0	0	0	0	0	0	0
2931	C	0	0	0	0	0	0	0
2932	E	0	0	0	0	0	0	0
2933	K	0	0	0	0	0	0	0
2934	T	0	0	0	0	0	0	0
2935	M	0	0	0	0	0	0	0
2936	E	0	0	0	0	0	0	0
2937	V	0	0	0	0	0	0	0
2938	M	0	0	0	0	0	0	0
2939	R	0	0	0	0	0	0	0
2940	N	0	0	0	0	0	0	0
2941	S	0	0	0	0	0	0	0
2942	Q	0	0	0	0	0	0	0
2943	E	0	0	0	0	0	0	0
2944	T	0	0	0	0	0	0	0
2945	L	0	0	0	0	0	0	0
2946	L	0	0	0	0	0	0	0
2947	T	0	0	0	0	0	0	0
2948	I	0	0	0	0	0	0	0
2949	V	0	0	0	0	0	0	0
2950	E	0	0	0	0	0	0	0
2951	V	0	0	0	0	0	0	0
2952	L	0	0	0	0	0	0	0
2953	L	0	0	0	0	0	0	0
2954	Y	0	0	0	0	0	0	0
2955	D	0	0	0	0	0	0	0
2956	P	0	0	0	0	0	0	0
2957	L	0	0	0	0	0	0	0
2958	F	0	0	0	0	0	0	0
2959	D	0	0	0	0	0	0	0
2960	W	0	0	0	0	0	0	0
2961	T	0	0	0	0	0	0	0
2962	M	0	0	0	0	0	0	0
2963	N	0	0	0	0	0	0	0
2964	P	0	0	0	0	0	0	0
2965	L	0	0	0	0	0	0	0
2966	K	0	0	0	0	0	0	0
2967	A	0	0	0	0	0	0	0
2968	L	0	0	0	0	0	0	0
2969	Y	Phosphotyrosine	MNPLKALYLQQRPED	CCHHHHHHHCCCCCC	0	0	0	0
2970	L	0	0	0	0	0	0	0
2971	Q	0	0	0	0	0	0	0
2972	Q	0	0	0	0	0	0	0
2973	R	0	0	0	0	0	0	0
2974	P	0	0	0	0	0	0	0
2975	E	0	0	0	0	0	0	0
2976	D	0	0	0	0	0	0	0
2977	E	0	0	0	0	0	0	0
2978	T	0	0	0	0	0	0	0
2979	E	0	0	0	0	0	0	0
2980	L	0	0	0	0	0	0	0
2981	H	0	0	0	0	0	0	0
2982	P	0	0	0	0	0	0	0
2983	T	0	0	0	0	0	0	0
2984	L	0	0	0	0	0	0	0
2985	N	0	0	0	0	0	0	0
2986	A	0	0	0	0	0	0	0
2987	D	0	0	0	0	0	0	0
2988	D	0	0	0	0	0	0	0
2989	Q	0	0	0	0	0	0	0
2990	E	0	0	0	0	0	0	0
2991	C	0	0	0	0	0	0	0
2992	K	0	0	0	0	0	0	0
2993	R	0	0	0	0	0	0	0
2994	N	0	0	0	0	0	0	0
2995	L	0	0	0	0	0	0	0
2996	S	Phosphoserine	QECKRNLSDIDQSFN	HHHHHHHHHHHHHHH	0	0	0	0
2997	D	0	0	0	0	0	0	0
2998	I	0	0	0	0	0	0	0
2999	D	0	0	0	0	0	0	0
3000	Q	0	0	0	0	0	0	0
3001	S	0	0	0	0	0	0	0
3002	F	0	0	0	0	0	0	0
3003	N	0	0	0	0	0	0	0
3004	K	0	0	0	0	0	0	0
3005	V	0	0	0	0	0	0	0
3006	A	0	0	0	0	0	0	0
3007	E	0	0	0	0	0	0	0
3008	R	0	0	0	0	0	0	0
3009	V	0	0	0	0	0	0	0
3010	L	0	0	0	0	0	0	0
3011	M	0	0	0	0	0	0	0
3012	R	0	0	0	0	0	0	0
3013	L	0	0	0	0	0	0	0
3014	Q	0	0	0	0	0	0	0
3015	E	0	0	0	0	0	0	0
3016	K	N6-acetyllysine	VLMRLQEKLKGVEEG	HHHHHHHHHCCCCCC	0	0	0	0
3017	L	0	0	0	0	0	0	0
3018	K	0	0	0	0	0	0	0
3019	G	0	0	0	0	0	0	0
3020	V	0	0	0	0	0	0	0
3021	E	0	0	0	0	0	0	0
3022	E	0	0	0	0	0	0	0
3023	G	0	0	0	0	0	0	0
3024	T	0	0	0	0	0	0	0
3025	V	0	0	0	0	0	0	0
3026	L	0	0	0	0	0	0	0
3027	S	0	0	0	0	0	0	0
3028	V	0	0	0	0	0	0	0
3029	G	0	0	0	0	0	0	0
3030	G	0	0	0	0	0	0	0
3031	Q	0	0	0	0	0	0	0
3032	V	0	0	0	0	0	0	0
3033	N	0	0	0	0	0	0	0
3034	L	0	0	0	0	0	0	0
3035	L	0	0	0	0	0	0	0
3036	I	0	0	0	0	0	0	0
3037	Q	0	0	0	0	0	0	0
3038	Q	0	0	0	0	0	0	0
3039	A	0	0	0	0	0	0	0
3040	I	0	0	0	0	0	0	0
3041	D	0	0	0	0	0	0	0
3042	P	0	0	0	0	0	0	0
3043	K	0	0	0	0	0	0	0
3044	N	0	0	0	0	0	0	0
3045	L	0	0	0	0	0	0	0
3046	S	0	0	0	0	0	0	0
3047	R	0	0	0	0	0	0	0
3048	L	0	0	0	0	0	0	0
3049	F	0	0	0	0	0	0	0
3050	P	0	0	0	0	0	0	0
3051	G	0	0	0	0	0	0	0
3052	W	0	0	0	0	0	0	0
3053	K	0	0	0	0	0	0	0
3054	A	0	0	0	0	0	0	0
3055	W	0	0	0	0	0	0	0
3056	V	0	0	0	0	0	0	0
