location	residue	Modification	seq	secStruc	RelatedDisease	VariantPosition	ResidueChange	DaPSbySAP
1	M	0	0	0	0	0	0	0
2	F	0	0	0	0	0	0	0
3	E	0	0	0	0	0	0	0
4	A	0	0	0	0	0	0	0
5	I	0	0	0	0	0	0	0
6	F	0	0	0	0	0	0	0
7	P	0	0	0	0	0	0	0
8	S	0	0	0	0	0	0	0
9	T	0	0	0	0	0	0	0
10	P	0	0	0	0	0	0	0
11	Q	0	0	0	0	0	0	0
12	A	0	0	0	0	0	0	0
13	R	0	0	0	0	0	0	0
14	L	0	0	0	0	0	0	0
15	K	0	0	0	0	0	0	0
16	R	0	0	0	0	0	0	0
17	D	0	0	0	0	0	0	0
18	P	0	0	0	0	0	0	0
19	R	0	0	0	0	0	0	0
20	E	0	0	0	0	0	0	0
21	K	0	0	0	0	0	0	0
22	P	0	0	0	0	0	0	0
23	G	0	0	0	0	0	0	0
24	L	0	0	0	0	0	0	0
25	S	0	0	0	0	0	0	0
26	S	0	0	0	0	0	0	0
27	F	0	0	0	0	0	0	0
28	R	0	0	0	0	0	0	0
29	S	0	0	0	0	0	0	0
30	T	0	0	0	0	0	0	0
31	F	0	0	0	0	0	0	0
32	R	0	0	0	0	0	0	0
33	Q	0	0	0	0	0	0	0
34	Q	0	0	0	0	0	0	0
35	S	0	0	0	0	0	0	0
36	S	0	0	0	0	0	0	0
37	L	0	0	0	0	0	0	0
38	G	0	0	0	0	0	0	0
39	L	0	0	0	0	0	0	0
40	C	0	0	0	0	0	0	0
41	I	0	0	0	0	0	0	0
42	P	0	0	0	0	0	0	0
43	R	0	0	0	0	0	0	0
44	L	0	0	0	0	0	0	0
45	M	0	0	0	0	0	0	0
46	L	0	0	0	0	0	0	0
47	P	0	0	0	0	0	0	0
48	K	0	0	0	0	0	0	0
49	E	0	0	0	0	0	0	0
50	A	0	0	0	0	0	0	0
51	S	0	0	0	0	0	0	0
52	P	0	0	0	0	0	0	0
53	S	0	0	0	0	0	0	0
54	Q	0	0	0	0	0	0	0
55	R	0	0	0	0	0	0	0
56	H	0	0	0	0	0	0	0
57	S	0	0	0	0	0	0	0
58	S	0	0	0	0	0	0	0
59	M	0	0	0	0	0	0	0
60	S	0	0	0	0	0	0	0
61	S	0	0	0	0	0	0	0
62	S	0	0	0	0	0	0	0
63	M	0	0	0	0	0	0	0
64	A	0	0	0	0	0	0	0
65	R	0	0	0	0	0	0	0
66	A	0	0	0	0	0	0	0
67	L	0	0	0	0	0	0	0
68	V	0	0	0	0	0	0	0
69	L	0	0	0	0	0	0	0
70	L	0	0	0	0	0	0	0
71	Q	0	0	0	0	0	0	0
72	S	0	0	0	0	0	0	0
73	M	0	0	0	0	0	0	0
74	A	0	0	0	0	0	0	0
75	S	0	0	0	0	0	0	0
76	R	0	0	0	0	0	0	0
77	D	0	0	0	0	0	0	0
78	A	0	0	0	0	0	0	0
79	R	0	0	0	0	0	0	0
80	C	0	0	0	0	0	0	0
81	P	0	0	0	0	0	0	0
82	E	0	0	0	0	0	0	0
83	W	0	0	0	0	0	0	0
84	K	0	0	0	0	0	0	0
85	P	0	0	0	0	0	0	0
86	H	0	0	0	0	0	0	0
87	Q	0	0	0	0	0	0	0
88	K	0	0	0	0	0	0	0
89	P	0	0	0	0	0	0	0
90	R	0	0	0	0	0	0	0
91	T	Phosphothreonine	KPHQKPRTLSKSVQT	CCCCCCCCCCHHHHH	0	0	0	0
92	L	0	0	0	0	0	0	0
93	S	0	0	0	0	0	0	0
94	K	0	0	0	0	0	0	0
95	S	0	0	0	0	0	0	0
96	V	0	0	0	0	0	0	0
97	Q	0	0	0	0	0	0	0
98	T	0	0	0	0	0	0	0
99	I	0	0	0	0	0	0	0
100	S	Phosphoserine	SKSVQTISRYYRKTS	CHHHHHHHHHHHCCC	Obesity-related traits:physical activity	104 (4)	0	0
101	R	0	0	0	0	0	0	0
102	Y	0	0	0	0	0	0	0
103	Y	0	0	0	0	0	0	0
104	R	0	0	0	0	0	K	100
105	K	0	0	0	0	0	0	0
106	T	0	0	0	0	0	0	0
107	S	0	0	0	0	0	0	0
108	E	0	0	0	0	0	0	0
109	P	0	0	0	0	0	0	0
110	K	0	0	0	0	0	0	0
111	D	0	0	0	0	0	0	0
112	A	0	0	0	0	0	0	0
113	A	0	0	0	0	0	0	0
114	S	0	0	0	0	0	0	0
115	L	0	0	0	0	0	0	0
116	T	0	0	0	0	0	0	0
117	G	0	0	0	0	0	0	0
118	F	0	0	0	0	0	0	0
119	M	0	0	0	0	0	0	0
120	S	0	0	0	0	0	0	0
121	K	0	0	0	0	0	0	0
122	M	0	0	0	0	0	0	0
123	E	0	0	0	0	0	0	0
124	L	0	0	0	0	0	0	0
125	R	0	0	0	0	0	0	0
126	R	0	0	0	0	0	0	0
127	V	0	0	0	0	0	0	0
128	F	0	0	0	0	0	0	0
129	P	0	0	0	0	0	0	0
130	T	0	0	0	0	0	0	0
131	H	0	0	0	0	0	0	0
132	P	0	0	0	0	0	0	0
133	D	0	0	0	0	0	0	0
134	C	0	0	0	0	0	0	0
135	P	0	0	0	0	0	0	0
136	Q	0	0	0	0	0	0	0
137	F	0	0	0	0	0	0	0
138	S	0	0	0	0	0	0	0
139	T	0	0	0	0	0	0	0
140	R	0	0	0	0	0	0	0
141	A	0	0	0	0	0	0	0
142	T	Phosphothreonine	PQFSTRATSMSHCGS	CCCCCCCCCCCCCCC	0	0	0	0
143	S	Phosphoserine	QFSTRATSMSHCGSP	CCCCCCCCCCCCCCC	0	0	0	0
144	M	0	0	0	0	0	0	0
145	S	0	0	0	0	0	0	0
146	H	0	0	0	0	0	0	0
147	C	0	0	0	0	0	0	0
148	G	0	0	0	0	0	0	0
149	S	0	0	0	0	0	0	0
150	P	0	0	0	0	0	0	0
151	T	0	0	0	0	0	0	0
152	E	0	0	0	0	0	0	0
153	A	0	0	0	0	0	0	0
154	D	0	0	0	0	0	0	0
155	L	0	0	0	0	0	0	0
156	S	Phosphoserine	SPTEADLSGEIDNSS	CCCCHHHCCCCCCCC	0	0	0	0
157	G	0	0	0	0	0	0	0
158	E	0	0	0	0	0	0	0
159	I	0	0	0	0	0	0	0
160	D	0	0	0	0	0	0	0
161	N	0	0	0	0	0	0	0
162	S	0	0	0	0	0	0	0
163	S	0	0	0	0	0	0	0
164	E	0	0	0	0	0	0	0
165	T	0	0	0	0	0	0	0
166	W	0	0	0	0	0	0	0
167	R	0	0	0	0	0	0	0
168	G	0	0	0	0	0	0	0
169	T	0	0	0	0	0	0	0
170	Q	0	0	0	0	0	0	0
171	D	0	0	0	0	0	0	0
172	L	0	0	0	0	0	0	0
173	F	0	0	0	0	0	0	0
174	L	0	0	0	0	0	0	0
175	A	0	0	0	0	0	0	0
176	R	0	0	0	0	0	0	0
177	R	0	0	0	0	0	0	0
178	G	0	0	0	0	0	0	0
179	S	0	0	0	0	0	0	0
180	D	0	0	0	0	0	0	0
181	T	0	0	0	0	0	0	0
182	N	0	0	0	0	0	0	0
183	V	0	0	0	0	0	0	0
184	D	0	0	0	0	0	0	0
185	G	0	0	0	0	0	0	0
186	Y	0	0	0	0	0	0	0
187	L	0	0	0	0	0	0	0
188	L	0	0	0	0	0	0	0
189	P	0	0	0	0	0	0	0
190	F	0	0	0	0	0	0	0
191	S	0	0	0	0	0	0	0
192	K	0	0	0	0	0	0	0
193	S	0	0	0	0	0	0	0
194	I	0	0	0	0	0	0	0
195	C	0	0	0	0	0	0	0
196	E	0	0	0	0	0	0	0
197	F	0	0	0	0	0	0	0
198	D	0	0	0	0	0	0	0
199	Y	0	0	0	0	0	0	0
200	L	0	0	0	0	0	0	0
201	R	0	0	0	0	0	0	0
202	K	0	0	0	0	0	0	0
203	R	0	0	0	0	0	0	0
204	R	0	0	0	0	0	0	0
205	K	0	0	0	0	0	0	0
206	S	Phosphoserine	YLRKRRKSQTLSPVT	HHHHHCCCCCCCCCC	0	0	0	0
207	Q	0	0	0	0	0	0	0
208	T	Phosphothreonine	RKRRKSQTLSPVTSS	HHHCCCCCCCCCCCC	0	0	0	0
209	L	0	0	0	0	0	0	0
210	S	Phosphoserine	RRKSQTLSPVTSSSV	HCCCCCCCCCCCCHH	0	0	0	0
211	P	0	0	0	0	0	0	0
212	V	0	0	0	0	0	0	0
213	T	0	0	0	0	0	0	0
214	S	0	0	0	0	0	0	0
215	S	0	0	0	0	0	0	0
216	S	0	0	0	0	0	0	0
217	V	0	0	0	0	0	0	0
218	A	0	0	0	0	0	0	0
219	S	0	0	0	0	0	0	0
220	Q	0	0	0	0	0	0	0
221	S	0	0	0	0	0	0	0
222	C	0	0	0	0	0	0	0
223	L	0	0	0	0	0	0	0
224	R	0	0	0	0	0	0	0
225	K	0	0	0	0	0	0	0
226	R	0	0	0	0	0	0	0
227	M	0	0	0	0	0	0	0
228	P	0	0	0	0	0	0	0
229	W	0	0	0	0	0	0	0
230	Y	0	0	0	0	0	0	0
231	L	0	0	0	0	0	0	0
232	S	0	0	0	0	0	0	0
233	V	0	0	0	0	0	0	0
234	I	0	0	0	0	0	0	0
235	H	0	0	0	0	0	0	0
236	E	0	0	0	0	0	0	0
237	K	0	0	0	0	0	0	0
238	D	0	0	0	0	0	0	0
239	H	0	0	0	0	0	0	0
240	C	0	0	0	0	0	0	0
241	L	0	0	0	0	0	0	0
242	S	0	0	0	0	0	0	0
243	E	0	0	0	0	0	0	0
244	L	0	0	0	0	0	0	0
245	E	0	0	0	0	0	0	0
246	I	0	0	0	0	0	0	0
247	Q	0	0	0	0	0	0	0
248	V	0	0	0	0	0	0	0
249	Q	0	0	0	0	0	0	0
250	K	0	0	0	0	0	0	0
251	K	0	0	0	0	0	0	0
252	D	0	0	0	0	0	0	0
253	E	0	0	0	0	0	0	0
254	E	0	0	0	0	0	0	0
255	I	0	0	0	0	0	0	0
256	L	0	0	0	0	0	0	0
257	L	0	0	0	0	0	0	0
258	L	0	0	0	0	0	0	0
259	Q	0	0	0	0	0	0	0
260	E	0	0	0	0	0	0	0
261	E	0	0	0	0	0	0	0
262	R	0	0	0	0	0	0	0
263	E	0	0	0	0	0	0	0
264	A	0	0	0	0	0	0	0
265	L	0	0	0	0	0	0	0
266	K	0	0	0	0	0	0	0
267	M	0	0	0	0	0	0	0
268	Q	0	0	0	0	0	0	0
269	L	0	0	0	0	0	0	0
270	K	0	0	0	0	0	0	0
271	C	0	0	0	0	0	0	0
272	L	0	0	0	0	0	0	0
273	L	0	0	0	0	0	0	0
274	K	0	0	0	0	0	0	0
275	G	0	0	0	0	0	0	0
276	K	0	0	0	0	0	0	0
277	G	0	0	0	0	0	0	0
278	Q	0	0	0	0	0	0	0
279	E	0	0	0	0	0	0	0
280	T	0	0	0	0	0	0	0
281	S	0	0	0	0	0	0	0
282	M	0	0	0	0	0	0	0
283	S	0	0	0	0	0	0	0
284	P	0	0	0	0	0	0	0
285	G	0	0	0	0	0	0	0
286	R	0	0	0	0	0	0	0
287	R	0	0	0	0	0	0	0
288	E	0	0	0	0	0	0	0
289	Q	0	0	0	0	0	0	0
290	L	0	0	0	0	0	0	0
291	S	Phosphoserine	PGRREQLSDASLKLG	CCCHHHHCHHHHHHH	0	0	0	0
292	D	0	0	0	0	0	0	0
293	A	0	0	0	0	0	0	0
294	S	0	0	0	0	0	0	0
295	L	0	0	0	0	0	0	0
296	K	0	0	0	0	0	0	0
297	L	0	0	0	0	0	0	0
298	G	0	0	0	0	0	0	0
299	R	0	0	0	0	0	0	0
300	L	0	0	0	0	0	0	0
301	S	0	0	0	0	0	0	0
302	L	0	0	0	0	0	0	0
303	L	0	0	0	0	0	0	0
304	K	0	0	0	0	0	0	0
305	A	0	0	0	0	0	0	0
306	F	0	0	0	0	0	0	0
307	S	0	0	0	0	0	0	0
308	R	0	0	0	0	0	0	0
309	H	0	0	0	0	0	0	0
310	E	0	0	0	0	0	0	0
311	E	0	0	0	0	0	0	0
312	E	0	0	0	0	0	0	0
313	L	0	0	0	0	0	0	0
314	Q	0	0	0	0	0	0	0
315	H	0	0	0	0	0	0	0
316	W	0	0	0	0	0	0	0
317	W	0	0	0	0	0	0	0
318	Q	0	0	0	0	0	0	0
319	M	0	0	0	0	0	0	0
320	Q	0	0	0	0	0	0	0
321	E	0	0	0	0	0	0	0
322	E	0	0	0	0	0	0	0
323	S	0	0	0	0	0	0	0
324	A	0	0	0	0	0	0	0
325	A	0	0	0	0	0	0	0
326	P	0	0	0	0	0	0	0
327	E	0	0	0	0	0	0	0
328	R	0	0	0	0	0	0	0
329	G	0	0	0	0	0	0	0
330	K	0	0	0	0	0	0	0
331	E	0	0	0	0	0	0	0
332	P	0	0	0	0	0	0	0
333	D	0	0	0	0	0	0	0
334	L	0	0	0	0	0	0	0
335	G	0	0	0	0	0	0	0
336	G	0	0	0	0	0	0	0
337	G	0	0	0	0	0	0	0
338	E	0	0	0	0	0	0	0
339	E	0	0	0	0	0	0	0
340	D	0	0	0	0	0	0	0
341	E	0	0	0	0	0	0	0
342	G	0	0	0	0	0	0	0
343	L	0	0	0	0	0	0	0
344	E	0	0	0	0	0	0	0
345	G	0	0	0	0	0	0	0
346	E	0	0	0	0	0	0	0
347	P	0	0	0	0	0	0	0
348	D	0	0	0	0	0	0	0
349	G	0	0	0	0	0	0	0
350	V	0	0	0	0	0	0	0
351	E	0	0	0	0	0	0	0
352	D	0	0	0	0	0	0	0
353	T	0	0	0	0	0	0	0
354	G	0	0	0	0	0	0	0
355	A	0	0	0	0	0	0	0
356	W	0	0	0	0	0	0	0
357	G	0	0	0	0	0	0	0
358	G	0	0	0	0	0	0	0
359	V	0	0	0	0	0	0	0
360	S	0	0	0	0	0	0	0
361	Q	0	0	0	0	0	0	0
362	M	0	0	0	0	0	0	0
363	G	0	0	0	0	0	0	0
364	S	0	0	0	0	0	0	0
365	V	0	0	0	0	0	0	0
366	H	0	0	0	0	0	0	0
367	E	0	0	0	0	0	0	0
368	E	0	0	0	0	0	0	0
369	G	0	0	0	0	0	0	0
370	S	0	0	0	0	0	0	0
371	E	0	0	0	0	0	0	0
372	E	0	0	0	0	0	0	0
373	E	0	0	0	0	0	0	0
374	E	0	0	0	0	0	0	0
375	E	0	0	0	0	0	0	0
376	E	0	0	0	0	0	0	0
377	E	0	0	0	0	0	0	0
378	G	0	0	0	0	0	0	0
379	D	0	0	0	0	0	0	0
380	R	0	0	0	0	0	0	0
381	D	0	0	0	0	0	0	0
382	E	0	0	0	0	0	0	0
383	D	0	0	0	0	0	0	0
384	S	0	0	0	0	0	0	0
385	E	0	0	0	0	0	0	0
386	E	0	0	0	0	0	0	0
387	R	0	0	0	0	0	0	0
388	E	0	0	0	0	0	0	0
389	L	0	0	0	0	0	0	0
390	P	0	0	0	0	0	0	0
391	E	0	0	0	0	0	0	0
392	E	0	0	0	0	0	0	0
393	E	0	0	0	0	0	0	0
394	E	0	0	0	0	0	0	0
395	I	0	0	0	0	0	0	0
396	P	0	0	0	0	0	0	0
397	R	0	0	0	0	0	0	0
398	R	0	0	0	0	0	0	0
399	R	0	0	0	0	0	0	0
400	A	0	0	0	0	0	0	0
401	S	0	0	0	0	0	0	0
402	S	0	0	0	0	0	0	0
403	L	0	0	0	0	0	0	0
404	A	0	0	0	0	0	0	0
405	E	0	0	0	0	0	0	0
406	S	0	0	0	0	0	0	0
407	F	0	0	0	0	0	0	0
408	E	0	0	0	0	0	0	0
409	E	0	0	0	0	0	0	0
410	E	0	0	0	0	0	0	0
411	L	0	0	0	0	0	0	0
412	L	0	0	0	0	0	0	0
413	A	0	0	0	0	0	0	0
414	Q	0	0	0	0	0	0	0
415	L	0	0	0	0	0	0	0
416	E	0	0	0	0	0	0	0
417	E	0	0	0	0	0	0	0
418	Y	0	0	0	0	0	0	0
419	E	0	0	0	0	0	0	0
420	Q	0	0	0	0	0	0	0
421	V	0	0	0	0	0	0	0
422	I	0	0	0	0	0	0	0
423	L	0	0	0	0	0	0	0
424	D	0	0	0	0	0	0	0
425	F	0	0	0	0	0	0	0
426	Q	0	0	0	0	0	0	0
427	F	0	0	0	0	0	0	0
428	N	0	0	0	0	0	0	0
429	L	0	0	0	0	0	0	0
430	E	0	0	0	0	0	0	0
431	A	0	0	0	0	0	0	0
432	T	0	0	0	0	0	0	0
433	R	0	0	0	0	0	0	0
434	T	0	0	0	0	0	0	0
435	R	0	0	0	0	0	0	0
436	Y	0	0	0	0	0	0	0
437	S	0	0	0	0	0	0	0
438	L	0	0	0	0	0	0	0
439	A	0	0	0	0	0	0	0
440	T	0	0	0	0	0	0	0
441	G	0	0	0	0	0	0	0
442	V	0	0	0	0	0	0	0
443	I	0	0	0	0	0	0	0
444	A	0	0	0	0	0	0	0
445	S	0	0	0	0	0	0	0
446	L	0	0	0	0	0	0	0
447	Q	0	0	0	0	0	0	0
448	Q	0	0	0	0	0	0	0
449	Q	0	0	0	0	0	0	0
450	V	0	0	0	0	0	0	0
451	D	0	0	0	0	0	0	0
452	F	0	0	0	0	0	0	0
453	Q	0	0	0	0	0	0	0
454	E	0	0	0	0	0	0	0
455	T	0	0	0	0	0	0	0
456	Q	0	0	0	0	0	0	0
457	L	0	0	0	0	0	0	0
458	R	0	0	0	0	0	0	0
459	K	0	0	0	0	0	0	0
460	I	0	0	0	0	0	0	0
461	N	0	0	0	0	0	0	0
462	T	0	0	0	0	0	0	0
463	E	0	0	0	0	0	0	0
464	N	0	0	0	0	0	0	0
465	E	0	0	0	0	0	0	0
466	T	0	0	0	0	0	0	0
467	L	0	0	0	0	0	0	0
468	Q	0	0	0	0	0	0	0
469	K	0	0	0	0	0	0	0
470	E	0	0	0	0	0	0	0
471	L	0	0	0	0	0	0	0
472	R	0	0	0	0	0	0	0
473	E	0	0	0	0	0	0	0
474	R	0	0	0	0	0	0	0
475	R	0	0	0	0	0	0	0
476	Q	0	0	0	0	0	0	0
477	Q	0	0	0	0	0	0	0
478	L	0	0	0	0	0	0	0
479	Q	0	0	0	0	0	0	0
480	A	0	0	0	0	0	0	0
481	M	0	0	0	0	0	0	0
482	T	0	0	0	0	0	0	0
483	D	0	0	0	0	0	0	0
484	K	0	0	0	0	0	0	0
485	F	0	0	0	0	0	0	0
486	S	0	0	0	0	0	0	0
487	N	0	0	0	0	0	0	0
488	L	0	0	0	0	0	0	0
489	R	0	0	0	0	0	0	0
490	E	0	0	0	0	0	0	0
491	D	0	0	0	0	0	0	0
492	K	0	0	0	0	0	0	0
493	K	0	0	0	0	0	0	0
494	H	0	0	0	0	0	0	0
495	Q	0	0	0	0	0	0	0
496	E	0	0	0	0	0	0	0
497	M	0	0	0	0	0	0	0
498	M	0	0	0	0	0	0	0
499	G	0	0	0	0	0	0	0
500	L	0	0	0	0	0	0	0
501	I	0	0	0	0	0	0	0
502	E	0	0	0	0	0	0	0
503	K	0	0	0	0	0	0	0
504	D	0	0	0	0	0	0	0
505	N	0	0	0	0	0	0	0
506	Q	0	0	0	0	0	0	0
507	L	0	0	0	0	0	0	0
508	L	0	0	0	0	0	0	0
509	R	0	0	0	0	0	0	0
510	Q	0	0	0	0	0	0	0
511	Q	0	0	0	0	0	0	0
512	V	0	0	0	0	0	0	0
513	S	0	0	0	0	0	0	0
514	E	0	0	0	0	0	0	0
515	L	0	0	0	0	0	0	0
516	E	0	0	0	0	0	0	0
517	R	0	0	0	0	0	0	0
518	K	0	0	0	0	0	0	0
519	L	0	0	0	0	0	0	0
520	T	0	0	0	0	0	0	0
521	K	0	0	0	0	0	0	0
522	R	0	0	0	0	0	0	0
523	D	0	0	0	0	0	0	0
524	C	0	0	0	0	0	0	0
525	V	0	0	0	0	0	0	0
526	I	0	0	0	0	0	0	0
527	S	0	0	0	0	0	0	0
528	E	0	0	0	0	0	0	0
529	L	0	0	0	0	0	0	0
530	D	0	0	0	0	0	0	0
531	T	0	0	0	0	0	0	0
532	K	0	0	0	0	0	0	0
533	V	0	0	0	0	0	0	0
534	S	0	0	0	0	0	0	0
535	Q	0	0	0	0	0	0	0
536	L	0	0	0	0	0	0	0
537	Q	0	0	0	0	0	0	0
538	E	0	0	0	0	0	0	0
539	Q	0	0	0	0	0	0	0
540	V	0	0	0	0	0	0	0
541	E	0	0	0	0	0	0	0
542	L	0	0	0	0	0	0	0
543	D	0	0	0	0	0	0	0
544	Q	0	0	0	0	0	0	0
545	N	0	0	0	0	0	0	0
546	H	0	0	0	0	0	0	0
547	L	0	0	0	0	0	0	0
548	Q	0	0	0	0	0	0	0
549	R	0	0	0	0	0	0	0
550	W	0	0	0	0	0	0	0
551	K	0	0	0	0	0	0	0
552	Q	0	0	0	0	0	0	0
553	L	0	0	0	0	0	0	0
554	Q	0	0	0	0	0	0	0
555	E	0	0	0	0	0	0	0
556	D	0	0	0	0	0	0	0
557	L	0	0	0	0	0	0	0
558	Q	0	0	0	0	0	0	0
559	S	0	0	0	0	0	0	0
560	K	0	0	0	0	0	0	0
561	K	0	0	0	0	0	0	0
562	E	0	0	0	0	0	0	0
563	M	0	0	0	0	0	0	0
564	I	0	0	0	0	0	0	0
565	Q	0	0	0	0	0	0	0
566	Q	0	0	0	0	0	0	0
567	A	0	0	0	0	0	0	0
568	E	0	0	0	0	0	0	0
569	Q	0	0	0	0	0	0	0
570	H	0	0	0	0	0	0	0
571	T	0	0	0	0	0	0	0
572	R	0	0	0	0	0	0	0
573	V	0	0	0	0	0	0	0
574	A	0	0	0	0	0	0	0
575	L	0	0	0	0	0	0	0
576	E	0	0	0	0	0	0	0
577	S	0	0	0	0	0	0	0
578	S	0	0	0	0	0	0	0
579	Q	0	0	0	0	0	0	0
580	S	0	0	0	0	0	0	0
581	R	0	0	0	0	0	0	0
582	L	0	0	0	0	0	0	0
583	E	0	0	0	0	0	0	0
584	R	0	0	0	0	0	0	0
585	L	0	0	0	0	0	0	0
586	R	0	0	0	0	0	0	0
587	N	0	0	0	0	0	0	0
588	K	0	0	0	0	0	0	0
589	I	0	0	0	0	0	0	0
590	I	0	0	0	0	0	0	0
591	Q	0	0	0	0	0	0	0
592	A	0	0	0	0	0	0	0
593	T	0	0	0	0	0	0	0
594	F	0	0	0	0	0	0	0
595	S	0	0	0	0	0	0	0
596	I	0	0	0	0	0	0	0
597	S	0	0	0	0	0	0	0
598	G	0	0	0	0	0	0	0
599	T	0	0	0	0	0	0	0
600	K	0	0	0	0	0	0	0
601	S	0	0	0	0	0	0	0
602	L	0	0	0	0	0	0	0
603	A	0	0	0	0	0	0	0
604	N	0	0	0	0	0	0	0
605	E	0	0	0	0	0	0	0
606	I	0	0	0	0	0	0	0
607	S	0	0	0	0	0	0	0
608	D	0	0	0	0	0	0	0
609	N	0	0	0	0	0	0	0
610	D	0	0	0	0	0	0	0
611	I	0	0	0	0	0	0	0
612	L	0	0	0	0	0	0	0
613	E	0	0	0	0	0	0	0
614	A	0	0	0	0	0	0	0
615	L	0	0	0	0	0	0	0
616	Q	0	0	0	0	0	0	0
617	R	0	0	0	0	0	0	0
618	I	0	0	0	0	0	0	0
619	I	0	0	0	0	0	0	0
620	S	0	0	0	0	0	0	0
621	E	0	0	0	0	0	0	0
622	R	0	0	0	0	0	0	0
623	S	0	0	0	0	0	0	0
624	D	0	0	0	0	0	0	0
625	Y	0	0	0	0	0	0	0
626	Y	0	0	0	0	0	0	0
627	N	0	0	0	0	0	0	0
628	Q	0	0	0	0	0	0	0
629	L	0	0	0	0	0	0	0
630	K	0	0	0	0	0	0	0
631	Q	0	0	0	0	0	0	0
632	K	0	0	0	0	0	0	0
633	G	0	0	0	0	0	0	0
634	V	0	0	0	0	0	0	0
635	K	0	0	0	0	0	0	0
636	V	0	0	0	0	0	0	0
637	P	0	0	0	0	0	0	0
638	P	0	0	0	0	0	0	0
639	L	0	0	0	0	0	0	0
640	Q	0	0	0	0	0	0	0
641	Q	0	0	0	0	0	0	0
642	S	0	0	0	0	0	0	0
643	E	0	0	0	0	0	0	0
644	A	0	0	0	0	0	0	0
645	F	0	0	0	0	0	0	0
646	L	0	0	0	0	0	0	0
647	T	0	0	0	0	0	0	0
648	S	0	0	0	0	0	0	0
649	K	0	0	0	0	0	0	0
650	S	0	0	0	0	0	0	0
651	K	0	0	0	0	0	0	0
652	K	0	0	0	0	0	0	0
653	G	0	0	0	0	0	0	0
654	T	0	0	0	0	0	0	0
655	S	0	0	0	0	0	0	0
656	K	0	0	0	0	0	0	0
