location	residue	Modification	seq	secStruc	RelatedDisease	VariantPosition	ResidueChange	DaPSbySAP
1	M	0	0	0	0	0	0	0
2	A	0	0	0	0	0	0	0
3	C	0	0	0	0	0	0	0
4	S	0	0	0	0	0	0	0
5	L	0	0	0	0	0	0	0
6	Q	0	0	0	0	0	0	0
7	K	0	0	0	0	0	0	0
8	L	0	0	0	0	0	0	0
9	F	0	0	0	0	0	0	0
10	A	0	0	0	0	0	0	0
11	V	0	0	0	0	0	0	0
12	E	0	0	0	0	0	0	0
13	E	0	0	0	0	0	0	0
14	E	0	0	0	0	0	0	0
15	F	0	0	0	0	0	0	0
16	E	0	0	0	0	0	0	0
17	D	0	0	0	0	0	0	0
18	E	0	0	0	0	0	0	0
19	D	0	0	0	0	0	0	0
20	F	0	0	0	0	0	0	0
21	L	0	0	0	0	0	0	0
22	S	0	0	0	0	0	0	0
23	A	0	0	0	0	0	0	0
24	V	0	0	0	0	0	0	0
25	E	0	0	0	0	0	0	0
26	D	0	0	0	0	0	0	0
27	A	0	0	0	0	0	0	0
28	E	0	0	0	0	0	0	0
29	N	0	0	0	0	0	0	0
30	R	0	0	0	0	0	0	0
31	F	0	0	0	0	0	0	0
32	T	0	0	0	0	0	0	0
33	G	0	0	0	0	0	0	0
34	S	0	0	0	0	0	0	0
35	L	0	0	0	0	0	0	0
36	P	0	0	0	0	0	0	0
37	V	0	0	0	0	0	0	0
38	N	0	0	0	0	0	0	0
39	A	0	0	0	0	0	0	0
40	G	0	0	0	0	0	0	0
41	R	0	0	0	0	0	0	0
42	L	0	0	0	0	0	0	0
43	R	0	0	0	0	0	0	0
44	P	0	0	0	0	0	0	0
45	V	0	0	0	0	0	0	0
46	S	Phosphoserine	AGRLRPVSSRPQETV	CCCCCCCCCCCHHHH	0	0	0	0
47	S	Phosphoserine	GRLRPVSSRPQETVQ	CCCCCCCCCCHHHHH	0	0	0	0
48	R	0	0	0	0	0	0	0
49	P	0	0	0	0	0	0	0
50	Q	0	0	0	0	0	0	0
51	E	0	0	0	0	0	0	0
52	T	0	0	0	0	0	0	0
53	V	0	0	0	0	0	0	0
54	Q	0	0	0	0	0	0	0
55	A	0	0	0	0	0	0	0
56	Q	0	0	0	0	0	0	0
57	S	Phosphoserine	QETVQAQSSRLLLLH	HHHHHHHHCEEEEEC	0	0	0	0
58	S	Phosphoserine	ETVQAQSSRLLLLHP	HHHHHHHCEEEEECC	0	0	0	0
59	R	0	0	0	0	0	0	0
60	L	0	0	0	0	0	0	0
61	L	0	0	0	0	0	0	0
62	L	0	0	0	0	0	0	0
63	L	0	0	0	0	0	0	0
64	H	0	0	0	0	0	0	0
65	P	0	0	0	0	0	0	0
66	T	0	0	0	0	0	0	0
67	A	0	0	0	0	0	0	0
68	P	0	0	0	0	0	0	0
69	S	0	0	0	0	0	0	0
70	E	0	0	0	0	0	0	0
71	A	0	0	0	0	0	0	0
72	L	0	0	0	0	0	0	0
73	G	0	0	0	0	0	0	0
74	L	0	0	0	0	0	0	0
75	P	0	0	0	0	0	0	0
76	D	0	0	0	0	0	0	0
77	L	0	0	0	0	0	0	0
78	D	0	0	0	0	0	0	0
79	L	0	0	0	0	0	0	0
80	C	0	0	0	0	0	0	0
81	L	0	0	0	0	0	0	0
82	P	0	0	0	0	0	0	0
83	A	0	0	0	0	0	0	0
84	S	0	0	0	0	0	0	0
85	S	0	0	0	0	0	0	0
86	T	0	0	0	0	0	0	0
87	P	0	0	0	0	0	0	0
88	S	0	0	0	0	0	0	0
89	A	0	0	0	0	0	0	0
90	D	0	0	0	0	0	0	0
91	S	0	0	0	0	0	0	0
92	R	0	0	0	0	0	0	0
93	P	0	0	0	0	0	0	0
94	S	0	0	0	0	0	0	0
95	C	0	0	0	0	0	0	0
96	I	0	0	0	0	0	0	0
97	G	0	0	0	0	0	0	0
98	A	0	0	0	0	0	0	0
99	A	0	0	0	0	0	0	0
100	P	0	0	0	0	0	0	0
101	L	0	0	0	0	0	0	0
102	R	0	0	0	0	0	0	0
103	P	0	0	0	0	0	0	0
104	V	0	0	0	0	0	0	0
105	S	0	0	0	0	0	0	0
106	T	0	0	0	0	0	0	0
107	S	0	0	0	0	0	0	0
108	S	0	0	0	0	0	0	0
109	S	0	0	0	0	0	0	0
110	W	0	0	0	0	0	0	0
111	I	0	0	0	0	0	0	0
112	G	0	0	0	0	0	0	0
113	N	0	0	0	0	0	0	0
114	Q	0	0	0	0	0	0	0
115	R	0	0	0	0	0	0	0
116	R	0	0	0	0	0	0	0
117	V	0	0	0	0	0	0	0
118	T	0	0	0	0	0	0	0
119	V	0	0	0	0	0	0	0
120	T	Phosphothreonine	NQRRVTVTEVLRETA	CCCEEEHHHHHHHHC	Bone mineral density:bone density;Bone mineral density (hip):bone density	126 (6)	0	0
121	E	0	0	0	0	0	0	0
122	V	0	0	0	0	0	0	0
123	L	0	0	0	0	0	0	0
124	R	0	0	0	0	0	0	0
125	E	0	0	0	0	0	0	0
126	T	0	0	0	0	0	P	120
127	A	0	0	0	0	0	0	0
128	R	0	0	0	0	0	0	0
129	P	0	0	0	0	0	0	0
130	Q	0	0	0	0	0	0	0
131	S	0	0	0	0	0	0	0
132	S	0	0	0	0	0	0	0
133	A	0	0	0	0	0	0	0
134	L	0	0	0	0	0	0	0
135	H	0	0	0	0	0	0	0
136	P	0	0	0	0	0	0	0
137	L	0	0	0	0	0	0	0
138	L	0	0	0	0	0	0	0
139	T	0	0	0	0	0	0	0
140	F	0	0	0	0	0	0	0
141	E	0	0	0	0	0	0	0
142	S	0	0	0	0	0	0	0
143	Q	0	0	0	0	0	0	0
144	Q	0	0	0	0	0	0	0
145	Q	0	0	0	0	0	0	0
146	Q	0	0	0	0	0	0	0
147	V	0	0	0	0	0	0	0
148	G	0	0	0	0	0	0	0
149	G	0	0	0	0	0	0	0
150	F	0	0	0	0	0	0	0
151	E	0	0	0	0	0	0	0
152	G	0	0	0	0	0	0	0
153	P	0	0	0	0	0	0	0
154	E	0	0	0	0	0	0	0
155	Q	0	0	0	0	0	0	0
156	D	0	0	0	0	0	0	0
157	E	0	0	0	0	0	0	0
158	F	0	0	0	0	0	0	0
159	D	0	0	0	0	0	0	0
160	K	0	0	0	0	0	0	0
161	V	0	0	0	0	0	0	0
162	L	0	0	0	0	0	0	0
163	A	0	0	0	0	0	0	0
164	S	0	0	0	0	0	0	0
165	M	0	0	0	0	0	0	0
166	E	0	0	0	0	0	0	0
167	L	0	0	0	0	0	0	0
168	E	0	0	0	0	0	0	0
169	E	0	0	0	0	0	0	0
170	P	0	0	0	0	0	0	0
171	G	0	0	0	0	0	0	0
172	M	0	0	0	0	0	0	0
173	E	0	0	0	0	0	0	0
174	L	0	0	0	0	0	0	0
175	E	0	0	0	0	0	0	0
176	C	0	0	0	0	0	0	0
177	G	0	0	0	0	0	0	0
178	V	0	0	0	0	0	0	0
179	S	0	0	0	0	0	0	0
180	S	0	0	0	0	0	0	0
181	E	0	0	0	0	0	0	0
182	A	0	0	0	0	0	0	0
183	I	0	0	0	0	0	0	0
184	P	0	0	0	0	0	0	0
185	I	0	0	0	0	0	0	0
186	L	0	0	0	0	0	0	0
187	P	0	0	0	0	0	0	0
188	A	0	0	0	0	0	0	0
189	Q	0	0	0	0	0	0	0
190	Q	0	0	0	0	0	0	0
191	R	0	0	0	0	0	0	0
192	E	0	0	0	0	0	0	0
193	G	0	0	0	0	0	0	0
194	S	0	0	0	0	0	0	0
195	V	0	0	0	0	0	0	0
196	L	0	0	0	0	0	0	0
197	A	0	0	0	0	0	0	0
198	K	0	0	0	0	0	0	0
199	K	0	0	0	0	0	0	0
200	A	0	0	0	0	0	0	0
201	R	0	0	0	0	0	0	0
202	V	0	0	0	0	0	0	0
203	V	0	0	0	0	0	0	0
204	D	0	0	0	0	0	0	0
205	L	0	0	0	0	0	0	0
206	S	0	0	0	0	0	0	0
207	G	0	0	0	0	0	0	0
208	S	Phosphoserine	RVVDLSGSCQKGPVP	EEEECCCCCCCCCCC	0	0	0	0
209	C	0	0	0	0	0	0	0
210	Q	0	0	0	0	0	0	0
211	K	0	0	0	0	0	0	0
212	G	0	0	0	0	0	0	0
213	P	0	0	0	0	0	0	0
214	V	0	0	0	0	0	0	0
215	P	0	0	0	0	0	0	0
216	A	0	0	0	0	0	0	0
217	I	0	0	0	0	0	0	0
218	H	0	0	0	0	0	0	0
219	K	0	0	0	0	0	0	0
220	A	0	0	0	0	0	0	0
221	G	0	0	0	0	0	0	0
222	I	0	0	0	0	0	0	0
223	M	0	0	0	0	0	0	0
224	S	0	0	0	0	0	0	0
225	A	0	0	0	0	0	0	0
226	Q	0	0	0	0	0	0	0
227	D	0	0	0	0	0	0	0
228	E	0	0	0	0	0	0	0
229	S	0	0	0	0	0	0	0
230	L	0	0	0	0	0	0	0
231	D	0	0	0	0	0	0	0
232	P	0	0	0	0	0	0	0
233	V	0	0	0	0	0	0	0
234	I	0	0	0	0	0	0	0
235	Q	0	0	0	0	0	0	0
236	C	0	0	0	0	0	0	0
237	R	0	0	0	0	0	0	0
238	T	0	0	0	0	0	0	0
239	P	0	0	0	0	0	0	0
240	R	0	0	0	0	0	0	0
241	P	0	0	0	0	0	0	0
242	P	0	0	0	0	0	0	0
243	L	0	0	0	0	0	0	0
244	R	0	0	0	0	0	0	0
245	P	0	0	0	0	0	0	0
246	G	0	0	0	0	0	0	0
247	A	0	0	0	0	0	0	0
248	V	0	0	0	0	0	0	0
249	G	0	0	0	0	0	0	0
250	H	0	0	0	0	0	0	0
251	L	0	0	0	0	0	0	0
252	P	0	0	0	0	0	0	0
253	V	0	0	0	0	0	0	0
254	P	0	0	0	0	0	0	0
255	T	0	0	0	0	0	0	0
256	A	0	0	0	0	0	0	0
257	L	0	0	0	0	0	0	0
258	T	0	0	0	0	0	0	0
259	V	0	0	0	0	0	0	0
260	P	0	0	0	0	0	0	0
261	T	0	0	0	0	0	0	0
262	Q	0	0	0	0	0	0	0
263	Q	0	0	0	0	0	0	0
264	L	0	0	0	0	0	0	0
265	H	0	0	0	0	0	0	0
266	W	0	0	0	0	0	0	0
267	E	0	0	0	0	0	0	0
268	V	0	0	0	0	0	0	0
269	C	0	0	0	0	0	0	0
270	P	0	0	0	0	0	0	0
271	Q	0	0	0	0	0	0	0
272	R	0	0	0	0	0	0	0
273	S	Phosphoserine	WEVCPQRSPVQALQP	EEECCCCCCCHHHHH	0	0	0	0
274	P	0	0	0	0	0	0	0
275	V	0	0	0	0	0	0	0
276	Q	0	0	0	0	0	0	0
277	A	0	0	0	0	0	0	0
278	L	0	0	0	0	0	0	0
279	Q	0	0	0	0	0	0	0
280	P	0	0	0	0	0	0	0
281	L	0	0	0	0	0	0	0
282	Q	0	0	0	0	0	0	0
283	A	0	0	0	0	0	0	0
284	A	0	0	0	0	0	0	0
285	R	Asymmetric dimethylarginine	LQPLQAARGTIQSSP	HHHHHHHHCCCCCCC	0	0	0	0
286	G	0	0	0	0	0	0	0
287	T	0	0	0	0	0	0	0
288	I	0	0	0	0	0	0	0
289	Q	0	0	0	0	0	0	0
290	S	0	0	0	0	0	0	0
291	S	0	0	0	0	0	0	0
292	P	0	0	0	0	0	0	0
293	Q	0	0	0	0	0	0	0
294	N	0	0	0	0	0	0	0
295	R	Asymmetric dimethylarginine	IQSSPQNRFPCQPFQ	CCCCCCCCCCCCCCC	0	0	0	0
296	F	0	0	0	0	0	0	0
297	P	0	0	0	0	0	0	0
298	C	0	0	0	0	0	0	0
299	Q	0	0	0	0	0	0	0
300	P	0	0	0	0	0	0	0
301	F	0	0	0	0	0	0	0
302	Q	0	0	0	0	0	0	0
303	S	Phosphoserine	FPCQPFQSPSSWLSG	CCCCCCCCCCHHHCC	0	0	0	0
304	P	0	0	0	0	0	0	0
305	S	0	0	0	0	0	0	0
306	S	0	0	0	0	0	0	0
307	W	0	0	0	0	0	0	0
308	L	0	0	0	0	0	0	0
309	S	0	0	0	0	0	0	0
310	G	0	0	0	0	0	0	0
311	K	0	0	0	0	0	0	0
312	A	0	0	0	0	0	0	0
313	H	0	0	0	0	0	0	0
314	L	0	0	0	0	0	0	0
315	P	0	0	0	0	0	0	0
316	R	0	0	0	0	0	0	0
317	P	0	0	0	0	0	0	0
318	R	0	0	0	0	0	0	0
319	T	Phosphothreonine	AHLPRPRTPNSSCST	CCCCCCCCCCCCCCC	0	0	0	0
320	P	0	0	0	0	0	0	0
321	N	0	0	0	0	0	0	0
322	S	0	0	0	0	0	0	0
323	S	0	0	0	0	0	0	0
324	C	0	0	0	0	0	0	0
325	S	0	0	0	0	0	0	0
326	T	0	0	0	0	0	0	0
327	P	0	0	0	0	0	0	0
328	S	Phosphoserine	NSSCSTPSRTSSGLF	CCCCCCCCCCCCCCC	0	0	0	0
329	R	Asymmetric dimethylarginine	SSCSTPSRTSSGLFP	CCCCCCCCCCCCCCC	0	0	0	0
330	T	0	0	0	0	0	0	0
331	S	0	0	0	0	0	0	0
332	S	Phosphoserine	STPSRTSSGLFPRIP	CCCCCCCCCCCCCCC	0	0	0	0
333	G	0	0	0	0	0	0	0
334	L	0	0	0	0	0	0	0
335	F	0	0	0	0	0	0	0
336	P	0	0	0	0	0	0	0
337	R	Asymmetric dimethylarginine	TSSGLFPRIPLQPQA	CCCCCCCCCCCCCCC	0	0	0	0
338	I	0	0	0	0	0	0	0
339	P	0	0	0	0	0	0	0
340	L	0	0	0	0	0	0	0
341	Q	0	0	0	0	0	0	0
342	P	0	0	0	0	0	0	0
343	Q	0	0	0	0	0	0	0
344	A	0	0	0	0	0	0	0
345	P	0	0	0	0	0	0	0
346	V	0	0	0	0	0	0	0
347	S	Phosphoserine	LQPQAPVSSIGSPVG	CCCCCCCCCCCCCCC	0	0	0	0
348	S	Phosphoserine	QPQAPVSSIGSPVGT	CCCCCCCCCCCCCCC	0	0	0	0
349	I	0	0	0	0	0	0	0
350	G	0	0	0	0	0	0	0
351	S	Phosphoserine	APVSSIGSPVGTPKG	CCCCCCCCCCCCCCC	0	0	0	0
352	P	0	0	0	0	0	0	0
353	V	0	0	0	0	0	0	0
354	G	0	0	0	0	0	0	0
355	T	Phosphothreonine	SIGSPVGTPKGPQGA	CCCCCCCCCCCCCCC	0	0	0	0
356	P	0	0	0	0	0	0	0
357	K	0	0	0	0	0	0	0
358	G	0	0	0	0	0	0	0
359	P	0	0	0	0	0	0	0
360	Q	0	0	0	0	0	0	0
361	G	0	0	0	0	0	0	0
362	A	0	0	0	0	0	0	0
363	L	0	0	0	0	0	0	0
364	Q	0	0	0	0	0	0	0
365	T	Phosphothreonine	GPQGALQTPIVTNHL	CCCCCCCCHHHHHHH	0	0	0	0
366	P	0	0	0	0	0	0	0
367	I	0	0	0	0	0	0	0
368	V	0	0	0	0	0	0	0
369	T	0	0	0	0	0	0	0
370	N	0	0	0	0	0	0	0
371	H	0	0	0	0	0	0	0
372	L	0	0	0	0	0	0	0
373	V	0	0	0	0	0	0	0
374	Q	0	0	0	0	0	0	0
375	L	0	0	0	0	0	0	0
376	V	0	0	0	0	0	0	0
377	T	0	0	0	0	0	0	0
378	A	0	0	0	0	0	0	0
379	A	0	0	0	0	0	0	0
380	S	0	0	0	0	0	0	0
381	R	0	0	0	0	0	0	0
382	T	0	0	0	0	0	0	0
383	P	0	0	0	0	0	0	0
384	Q	0	0	0	0	0	0	0
385	Q	0	0	0	0	0	0	0
386	P	0	0	0	0	0	0	0
387	T	0	0	0	0	0	0	0
388	H	0	0	0	0	0	0	0
389	P	0	0	0	0	0	0	0
390	S	0	0	0	0	0	0	0
391	T	0	0	0	0	0	0	0
392	R	0	0	0	0	0	0	0
393	A	0	0	0	0	0	0	0
394	K	0	0	0	0	0	0	0
395	T	0	0	0	0	0	0	0
396	R	0	0	0	0	0	0	0
397	R	0	0	0	0	0	0	0
398	F	0	0	0	0	0	0	0
399	P	0	0	0	0	0	0	0
400	G	0	0	0	0	0	0	0
401	P	0	0	0	0	0	0	0
402	A	0	0	0	0	0	0	0
403	G	0	0	0	0	0	0	0
404	I	0	0	0	0	0	0	0
405	L	0	0	0	0	0	0	0
406	P	0	0	0	0	0	0	0
407	H	0	0	0	0	0	0	0
408	Q	0	0	0	0	0	0	0
409	Q	0	0	0	0	0	0	0
410	S	0	0	0	0	0	0	0
411	G	0	0	0	0	0	0	0
412	R	0	0	0	0	0	0	0
413	S	0	0	0	0	0	0	0
414	L	0	0	0	0	0	0	0
415	E	0	0	0	0	0	0	0
416	D	0	0	0	0	0	0	0
417	I	0	0	0	0	0	0	0
418	M	0	0	0	0	0	0	0
419	V	0	0	0	0	0	0	0
420	S	0	0	0	0	0	0	0
421	A	0	0	0	0	0	0	0
422	P	0	0	0	0	0	0	0
423	Q	0	0	0	0	0	0	0
424	T	Phosphothreonine	IMVSAPQTPTHGALA	HHCCCCCCCCCCHHH	0	0	0	0
425	P	0	0	0	0	0	0	0
426	T	0	0	0	0	0	0	0
427	H	0	0	0	0	0	0	0
428	G	0	0	0	0	0	0	0
429	A	0	0	0	0	0	0	0
430	L	0	0	0	0	0	0	0
431	A	0	0	0	0	0	0	0
432	K	0	0	0	0	0	0	0
433	F	0	0	0	0	0	0	0
434	Q	0	0	0	0	0	0	0
435	T	Phosphothreonine	GALAKFQTEIVASSQ	CHHHHHHHHHHHCCC	0	0	0	0
436	E	0	0	0	0	0	0	0
437	I	0	0	0	0	0	0	0
438	V	0	0	0	0	0	0	0
439	A	0	0	0	0	0	0	0
440	S	0	0	0	0	0	0	0
441	S	0	0	0	0	0	0	0
442	Q	0	0	0	0	0	0	0
443	A	0	0	0	0	0	0	0
444	S	Phosphoserine	IVASSQASVEEDFGR	HHHCCCCCHHHHCCC	0	0	0	0
445	V	0	0	0	0	0	0	0
446	E	0	0	0	0	0	0	0
447	E	0	0	0	0	0	0	0
448	D	0	0	0	0	0	0	0
449	F	0	0	0	0	0	0	0
450	G	0	0	0	0	0	0	0
451	R	0	0	0	0	0	0	0
452	G	0	0	0	0	0	0	0
453	P	0	0	0	0	0	0	0
454	W	0	0	0	0	0	0	0
455	L	0	0	0	0	0	0	0
456	T	Phosphothreonine	FGRGPWLTMKSTLGL	CCCCCCCCCHHHCCC	0	0	0	0
457	M	0	0	0	0	0	0	0
458	K	0	0	0	0	0	0	0
459	S	0	0	0	0	0	0	0
460	T	0	0	0	0	0	0	0
461	L	0	0	0	0	0	0	0
462	G	0	0	0	0	0	0	0
463	L	0	0	0	0	0	0	0
464	D	0	0	0	0	0	0	0
465	E	0	0	0	0	0	0	0
466	R	0	0	0	0	0	0	0
467	D	0	0	0	0	0	0	0
468	P	0	0	0	0	0	0	0
469	S	0	0	0	0	0	0	0
470	C	0	0	0	0	0	0	0
471	F	0	0	0	0	0	0	0
472	L	0	0	0	0	0	0	0
473	C	0	0	0	0	0	0	0
474	T	0	0	0	0	0	0	0
475	Y	0	0	0	0	0	0	0
476	S	0	0	0	0	0	0	0
477	I	0	0	0	0	0	0	0
478	V	0	0	0	0	0	0	0
479	M	0	0	0	0	0	0	0
480	V	0	0	0	0	0	0	0
481	L	0	0	0	0	0	0	0
482	R	0	0	0	0	0	0	0
483	K	0	0	0	0	0	0	0
484	Q	0	0	0	0	0	0	0
485	A	0	0	0	0	0	0	0
486	A	0	0	0	0	0	0	0
487	L	0	0	0	0	0	0	0
488	K	0	0	0	0	0	0	0
489	Q	0	0	0	0	0	0	0
490	L	0	0	0	0	0	0	0
491	P	0	0	0	0	0	0	0
492	R	0	0	0	0	0	0	0
493	N	0	0	0	0	0	0	0
494	K	0	0	0	0	0	0	0
495	V	0	0	0	0	0	0	0
496	P	0	0	0	0	0	0	0
497	N	0	0	0	0	0	0	0
498	M	0	0	0	0	0	0	0
499	A	0	0	0	0	0	0	0
500	V	0	0	0	0	0	0	0
501	M	0	0	0	0	0	0	0
502	I	0	0	0	0	0	0	0
503	K	0	0	0	0	0	0	0
504	S	0	0	0	0	0	0	0
505	L	0	0	0	0	0	0	0
506	T	0	0	0	0	0	0	0
507	R	0	0	0	0	0	0	0
508	S	0	0	0	0	0	0	0
509	T	0	0	0	0	0	0	0
510	M	0	0	0	0	0	0	0
511	D	0	0	0	0	0	0	0
512	A	0	0	0	0	0	0	0
513	S	0	0	0	0	0	0	0
514	V	0	0	0	0	0	0	0
515	V	0	0	0	0	0	0	0
516	F	0	0	0	0	0	0	0
517	K	0	0	0	0	0	0	0
518	D	0	0	0	0	0	0	0
519	P	0	0	0	0	0	0	0
520	T	0	0	0	0	0	0	0
521	G	0	0	0	0	0	0	0
522	E	0	0	0	0	0	0	0
523	M	0	0	0	0	0	0	0
524	Q	0	0	0	0	0	0	0
525	G	0	0	0	0	0	0	0
526	T	0	0	0	0	0	0	0
527	V	0	0	0	0	0	0	0
528	H	0	0	0	0	0	0	0
529	R	0	0	0	0	0	0	0
530	L	0	0	0	0	0	0	0
531	L	0	0	0	0	0	0	0
532	L	0	0	0	0	0	0	0
533	E	0	0	0	0	0	0	0
534	T	0	0	0	0	0	0	0
535	C	0	0	0	0	0	0	0
536	Q	0	0	0	0	0	0	0
537	N	0	0	0	0	0	0	0
538	E	0	0	0	0	0	0	0
539	L	0	0	0	0	0	0	0
540	K	0	0	0	0	0	0	0
541	P	0	0	0	0	0	0	0
542	G	0	0	0	0	0	0	0
543	S	0	0	0	0	0	0	0
544	V	0	0	0	0	0	0	0
545	L	0	0	0	0	0	0	0
546	L	0	0	0	0	0	0	0
547	L	0	0	0	0	0	0	0
548	K	0	0	0	0	0	0	0
549	Q	0	0	0	0	0	0	0
550	I	0	0	0	0	0	0	0
551	G	0	0	0	0	0	0	0
552	V	0	0	0	0	0	0	0
553	F	0	0	0	0	0	0	0
554	S	0	0	0	0	0	0	0
555	P	0	0	0	0	0	0	0
556	S	0	0	0	0	0	0	0
557	L	0	0	0	0	0	0	0
558	R	0	0	0	0	0	0	0
559	N	0	0	0	0	0	0	0
560	H	0	0	0	0	0	0	0
561	Y	0	0	0	0	0	0	0
562	L	0	0	0	0	0	0	0
563	N	0	0	0	0	0	0	0
564	V	0	0	0	0	0	0	0
565	T	0	0	0	0	0	0	0
566	P	0	0	0	0	0	0	0
567	N	0	0	0	0	0	0	0
568	N	0	0	0	0	0	0	0
569	L	0	0	0	0	0	0	0
570	V	0	0	0	0	0	0	0
571	H	0	0	0	0	0	0	0
572	I	0	0	0	0	0	0	0
573	Y	0	0	0	0	0	0	0
574	S	0	0	0	0	0	0	0
575	P	0	0	0	0	0	0	0
576	D	0	0	0	0	0	0	0
577	S	0	0	0	0	0	0	0
578	G	0	0	0	0	0	0	0
579	D	0	0	0	0	0	0	0
580	G	0	0	0	0	0	0	0
581	S	0	0	0	0	0	0	0
582	F	0	0	0	0	0	0	0
583	L	0	0	0	0	0	0	0
584	K	0	0	0	0	0	0	0
585	P	0	0	0	0	0	0	0
586	S	0	0	0	0	0	0	0
587	Q	0	0	0	0	0	0	0
588	P	0	0	0	0	0	0	0
589	F	0	0	0	0	0	0	0
590	P	0	0	0	0	0	0	0
591	K	0	0	0	0	0	0	0
592	D	0	0	0	0	0	0	0
593	S	0	0	0	0	0	0	0
594	G	0	0	0	0	0	0	0
595	S	0	0	0	0	0	0	0
596	F	0	0	0	0	0	0	0
597	Q	0	0	0	0	0	0	0
598	H	0	0	0	0	0	0	0
599	D	0	0	0	0	0	0	0
600	V	0	0	0	0	0	0	0
601	A	0	0	0	0	0	0	0
602	A	0	0	0	0	0	0	0
603	K	0	0	0	0	0	0	0
604	P	0	0	0	0	0	0	0
605	E	0	0	0	0	0	0	0
606	E	0	0	0	0	0	0	0
607	G	0	0	0	0	0	0	0
608	F	0	0	0	0	0	0	0
609	R	0	0	0	0	0	0	0
610	T	0	0	0	0	0	0	0
611	A	0	0	0	0	0	0	0
612	Q	0	0	0	0	0	0	0
613	N	0	0	0	0	0	0	0
614	L	0	0	0	0	0	0	0
615	E	0	0	0	0	0	0	0
616	A	0	0	0	0	0	0	0
617	E	0	0	0	0	0	0	0
618	A	0	0	0	0	0	0	0
619	S	Phosphoserine	QNLEAEASPEEELPE	HHHHCCCCCHHHCCC	0	0	0	0
620	P	0	0	0	0	0	0	0
621	E	0	0	0	0	0	0	0
622	E	0	0	0	0	0	0	0
623	E	0	0	0	0	0	0	0
624	L	0	0	0	0	0	0	0
625	P	0	0	0	0	0	0	0
626	E	0	0	0	0	0	0	0
627	A	0	0	0	0	0	0	0
628	D	0	0	0	0	0	0	0
629	D	0	0	0	0	0	0	0
630	L	0	0	0	0	0	0	0
631	D	0	0	0	0	0	0	0
632	G	0	0	0	0	0	0	0
633	L	0	0	0	0	0	0	0
634	L	0	0	0	0	0	0	0
635	S	0	0	0	0	0	0	0
636	E	0	0	0	0	0	0	0
637	L	0	0	0	0	0	0	0
638	P	0	0	0	0	0	0	0
639	E	0	0	0	0	0	0	0
640	D	0	0	0	0	0	0	0
641	F	0	0	0	0	0	0	0
642	F	0	0	0	0	0	0	0
643	C	0	0	0	0	0	0	0
644	G	0	0	0	0	0	0	0
645	T	0	0	0	0	0	0	0
646	S	0	0	0	0	0	0	0
647	S	0	0	0	0	0	0	0
