location	residue	Modification	seq	secStruc	RelatedDisease	VariantPosition	ResidueChange	DaPSbySAP
1	M	0	0	0	0	0	0	0
2	S	0	0	0	0	0	0	0
3	N	0	0	0	0	0	0	0
4	I	0	0	0	0	0	0	0
5	T	0	0	0	0	0	0	0
6	D	0	0	0	0	0	0	0
7	P	0	0	0	0	0	0	0
8	Q	0	0	0	0	0	0	0
9	M	0	0	0	0	0	0	0
10	W	0	0	0	0	0	0	0
11	D	0	0	0	0	0	0	0
12	F	0	0	0	0	0	0	0
13	D	0	0	0	0	0	0	0
14	D	0	0	0	0	0	0	0
15	L	0	0	0	0	0	0	0
16	N	0	0	0	0	0	0	0
17	F	0	0	0	0	0	0	0
18	T	0	0	0	0	0	0	0
19	G	0	0	0	0	0	0	0
20	M	0	0	0	0	0	0	0
21	P	0	0	0	0	0	0	0
22	P	0	0	0	0	0	0	0
23	A	0	0	0	0	0	0	0
24	D	0	0	0	0	0	0	0
25	E	0	0	0	0	0	0	0
26	D	0	0	0	0	0	0	0
27	Y	0	0	0	0	0	0	0
28	S	0	0	0	0	0	0	0
29	P	0	0	0	0	0	0	0
30	C	0	0	0	0	0	0	0
31	M	0	0	0	0	0	0	0
32	L	0	0	0	0	0	0	0
33	E	0	0	0	0	0	0	0
34	T	0	0	0	0	0	0	0
35	E	0	0	0	0	0	0	0
36	T	0	0	0	0	0	0	0
37	L	0	0	0	0	0	0	0
38	N	0	0	0	0	0	0	0
39	K	0	0	0	0	0	0	0
40	Y	0	0	0	0	0	0	0
41	V	0	0	0	0	0	0	0
42	V	0	0	0	0	0	0	0
43	I	0	0	0	0	0	0	0
44	I	0	0	0	0	0	0	0
45	A	0	0	0	0	0	0	0
46	Y	0	0	0	0	0	0	0
47	A	0	0	0	0	0	0	0
48	L	0	0	0	0	0	0	0
49	V	0	0	0	0	0	0	0
50	F	0	0	0	0	0	0	0
51	L	0	0	0	0	0	0	0
52	L	0	0	0	0	0	0	0
53	S	0	0	0	0	0	0	0
54	L	0	0	0	0	0	0	0
55	L	0	0	0	0	0	0	0
56	G	0	0	0	0	0	0	0
57	N	0	0	0	0	0	0	0
58	S	0	0	0	0	0	0	0
59	L	0	0	0	0	0	0	0
60	V	0	0	0	0	0	0	0
61	M	0	0	0	0	0	0	0
62	L	0	0	0	0	0	0	0
63	V	0	0	0	0	0	0	0
64	I	0	0	0	0	0	0	0
65	L	0	0	0	0	0	0	0
66	Y	0	0	0	0	0	0	0
67	S	0	0	0	0	0	0	0
68	R	0	0	0	0	0	0	0
69	V	0	0	0	0	0	0	0
70	G	0	0	0	0	0	0	0
71	R	0	0	0	0	0	0	0
72	S	0	0	0	0	0	0	0
73	V	0	0	0	0	0	0	0
74	T	0	0	0	0	0	0	0
75	D	0	0	0	0	0	0	0
76	V	0	0	0	0	0	0	0
77	Y	0	0	0	0	0	0	0
78	L	0	0	0	0	0	0	0
79	L	0	0	0	0	0	0	0
80	N	0	0	0	0	0	0	0
81	L	0	0	0	0	0	0	0
82	A	0	0	0	0	0	0	0
83	L	0	0	0	0	0	0	0
84	A	0	0	0	0	0	0	0
85	D	0	0	0	0	0	0	0
86	L	0	0	0	0	0	0	0
87	L	0	0	0	0	0	0	0
88	F	0	0	0	0	0	0	0
89	A	0	0	0	0	0	0	0
90	L	0	0	0	0	0	0	0
91	T	0	0	0	0	0	0	0
92	L	0	0	0	0	0	0	0
93	P	0	0	0	0	0	0	0
94	I	0	0	0	0	0	0	0
95	W	0	0	0	0	0	0	0
96	A	0	0	0	0	0	0	0
97	A	0	0	0	0	0	0	0
98	S	0	0	0	0	0	0	0
99	K	0	0	0	0	0	0	0
100	V	0	0	0	0	0	0	0
101	N	0	0	0	0	0	0	0
102	G	0	0	0	0	0	0	0
103	W	0	0	0	0	0	0	0
104	I	0	0	0	0	0	0	0
105	F	0	0	0	0	0	0	0
106	G	0	0	0	0	0	0	0
107	T	0	0	0	0	0	0	0
108	F	0	0	0	0	0	0	0
109	L	0	0	0	0	0	0	0
110	C	0	0	0	0	0	0	0
111	K	0	0	0	0	0	0	0
112	V	0	0	0	0	0	0	0
113	V	0	0	0	0	0	0	0
114	S	0	0	0	0	0	0	0
115	L	0	0	0	0	0	0	0
116	L	0	0	0	0	0	0	0
117	K	0	0	0	0	0	0	0
118	E	0	0	0	0	0	0	0
119	V	0	0	0	0	0	0	0
120	N	0	0	0	0	0	0	0
121	F	0	0	0	0	0	0	0
122	Y	0	0	0	0	0	0	0
123	S	0	0	0	0	0	0	0
124	G	0	0	0	0	0	0	0
125	I	0	0	0	0	0	0	0
126	L	0	0	0	0	0	0	0
127	L	0	0	0	0	0	0	0
128	L	0	0	0	0	0	0	0
129	A	0	0	0	0	0	0	0
130	C	0	0	0	0	0	0	0
131	I	0	0	0	0	0	0	0
132	S	0	0	0	0	0	0	0
133	V	0	0	0	0	0	0	0
134	D	0	0	0	0	0	0	0
135	R	0	0	0	0	0	0	0
136	Y	0	0	0	0	0	0	0
137	L	0	0	0	0	0	0	0
138	A	0	0	0	0	0	0	0
139	I	0	0	0	0	0	0	0
140	V	0	0	0	0	0	0	0
141	H	0	0	0	0	0	0	0
142	A	0	0	0	0	0	0	0
143	T	0	0	0	0	0	0	0
144	R	0	0	0	0	0	0	0
145	T	0	0	0	0	0	0	0
146	L	0	0	0	0	0	0	0
147	T	0	0	0	0	0	0	0
148	Q	0	0	0	0	0	0	0
149	K	0	0	0	0	0	0	0
150	R	0	0	0	0	0	0	0
151	H	0	0	0	0	0	0	0
152	L	0	0	0	0	0	0	0
153	V	0	0	0	0	0	0	0
154	K	0	0	0	0	0	0	0
155	F	0	0	0	0	0	0	0
156	V	0	0	0	0	0	0	0
157	C	0	0	0	0	0	0	0
158	L	0	0	0	0	0	0	0
159	G	0	0	0	0	0	0	0
160	C	0	0	0	0	0	0	0
161	W	0	0	0	0	0	0	0
162	G	0	0	0	0	0	0	0
163	L	0	0	0	0	0	0	0
164	S	0	0	0	0	0	0	0
165	M	0	0	0	0	0	0	0
166	N	0	0	0	0	0	0	0
167	L	0	0	0	0	0	0	0
168	S	0	0	0	0	0	0	0
169	L	0	0	0	0	0	0	0
170	P	0	0	0	0	0	0	0
171	F	0	0	0	0	0	0	0
172	F	0	0	0	0	0	0	0
173	L	0	0	0	0	0	0	0
174	F	0	0	0	0	0	0	0
175	R	0	0	0	0	0	0	0
176	Q	0	0	0	0	0	0	0
177	A	0	0	0	0	0	0	0
178	Y	0	0	0	0	0	0	0
179	H	0	0	0	0	0	0	0
180	P	0	0	0	0	0	0	0
181	N	0	0	0	0	0	0	0
182	N	0	0	0	0	0	0	0
183	S	0	0	0	0	0	0	0
184	S	0	0	0	0	0	0	0
185	P	0	0	0	0	0	0	0
186	V	0	0	0	0	0	0	0
187	C	0	0	0	0	0	0	0
188	Y	0	0	0	0	0	0	0
189	E	0	0	0	0	0	0	0
190	V	0	0	0	0	0	0	0
191	L	0	0	0	0	0	0	0
192	G	0	0	0	0	0	0	0
193	N	0	0	0	0	0	0	0
194	D	0	0	0	0	0	0	0
195	T	0	0	0	0	0	0	0
196	A	0	0	0	0	0	0	0
197	K	0	0	0	0	0	0	0
198	W	0	0	0	0	0	0	0
199	R	0	0	0	0	0	0	0
200	M	0	0	0	0	0	0	0
201	V	0	0	0	0	0	0	0
202	L	0	0	0	0	0	0	0
203	R	0	0	0	0	0	0	0
204	I	0	0	0	0	0	0	0
205	L	0	0	0	0	0	0	0
206	P	0	0	0	0	0	0	0
207	H	0	0	0	0	0	0	0
208	T	0	0	0	0	0	0	0
209	F	0	0	0	0	0	0	0
210	G	0	0	0	0	0	0	0
211	F	0	0	0	0	0	0	0
212	I	0	0	0	0	0	0	0
213	V	0	0	0	0	0	0	0
214	P	0	0	0	0	0	0	0
215	L	0	0	0	0	0	0	0
216	F	0	0	0	0	0	0	0
217	V	0	0	0	0	0	0	0
218	M	0	0	0	0	0	0	0
219	L	0	0	0	0	0	0	0
220	F	0	0	0	0	0	0	0
221	C	0	0	0	0	0	0	0
222	Y	0	0	0	0	0	0	0
223	G	0	0	0	0	0	0	0
224	F	0	0	0	0	0	0	0
225	T	0	0	0	0	0	0	0
226	L	0	0	0	0	0	0	0
227	R	0	0	0	0	0	0	0
228	T	0	0	0	0	0	0	0
229	L	0	0	0	0	0	0	0
230	F	0	0	0	0	0	0	0
231	K	0	0	0	0	0	0	0
232	A	0	0	0	0	0	0	0
233	H	0	0	0	0	0	0	0
234	M	0	0	0	0	0	0	0
235	G	0	0	0	0	0	0	0
236	Q	0	0	0	0	0	0	0
237	K	0	0	0	0	0	0	0
238	H	0	0	0	0	0	0	0
239	R	0	0	0	0	0	0	0
240	A	0	0	0	0	0	0	0
241	M	0	0	0	0	0	0	0
242	R	0	0	0	0	0	0	0
243	V	0	0	0	0	0	0	0
244	I	0	0	0	0	0	0	0
245	F	0	0	0	0	0	0	0
246	A	0	0	0	0	0	0	0
247	V	0	0	0	0	0	0	0
248	V	0	0	0	0	0	0	0
249	L	0	0	0	0	0	0	0
250	I	0	0	0	0	0	0	0
251	F	0	0	0	0	0	0	0
252	L	0	0	0	0	0	0	0
253	L	0	0	0	0	0	0	0
254	C	0	0	0	0	0	0	0
255	W	0	0	0	0	0	0	0
256	L	0	0	0	0	0	0	0
257	P	0	0	0	0	0	0	0
258	Y	0	0	0	0	0	0	0
259	N	0	0	0	0	0	0	0
260	L	0	0	0	0	0	0	0
261	V	0	0	0	0	0	0	0
262	L	0	0	0	0	0	0	0
263	L	0	0	0	0	0	0	0
264	A	0	0	0	0	0	0	0
265	D	0	0	0	0	0	0	0
266	T	0	0	0	0	0	0	0
267	L	0	0	0	0	0	0	0
268	M	0	0	0	0	0	0	0
269	R	0	0	0	0	0	0	0
270	T	0	0	0	0	0	0	0
271	Q	0	0	0	0	0	0	0
272	V	0	0	0	0	0	0	0
273	I	0	0	0	0	0	0	0
274	Q	0	0	0	0	0	0	0
275	E	0	0	0	0	0	0	0
276	S	0	0	0	0	0	T	279,280
277	C	0	0	0	0	0	0	0
278	E	0	0	0	0	0	0	0
279	R	N6-methyllysine	VIQESCERRNNIGRA	HHHHHHHHHCCHHHH	Idiopathic intracranial hypertension:pseudotumor cerebri	276 (3)	0	0
280	R	N6-methyllysine	IQESCERRNNIGRAL	HHHHHHHHCCHHHHH	Idiopathic intracranial hypertension:pseudotumor cerebri	276 (4)	0	0
281	N	0	0	0	0	0	0	0
282	N	0	0	0	0	0	0	0
283	I	0	0	0	0	0	0	0
284	G	0	0	0	0	0	0	0
285	R	0	0	0	0	0	0	0
286	A	0	0	0	0	0	0	0
287	L	0	0	0	0	0	0	0
288	D	0	0	0	0	0	0	0
289	A	0	0	0	0	0	0	0
290	T	0	0	0	0	0	0	0
291	E	0	0	0	0	0	0	0
292	I	0	0	0	0	0	0	0
293	L	0	0	0	0	0	0	0
294	G	0	0	0	0	0	0	0
295	F	0	0	0	0	0	0	0
296	L	0	0	0	0	0	0	0
297	H	0	0	0	0	0	0	0
298	S	0	0	0	0	0	0	0
299	C	0	0	0	0	0	0	0
300	L	0	0	0	0	0	0	0
301	N	0	0	0	0	0	0	0
302	P	0	0	0	0	0	0	0
303	I	0	0	0	0	0	0	0
304	I	0	0	0	0	0	0	0
305	Y	0	0	0	0	0	0	0
306	A	0	0	0	0	0	0	0
307	F	0	0	0	0	0	0	0
308	I	0	0	0	0	0	0	0
309	G	0	0	0	0	0	0	0
310	Q	0	0	0	0	0	0	0
311	N	0	0	0	0	0	0	0
312	F	0	0	0	0	0	0	0
313	R	0	0	0	0	0	0	0
314	H	0	0	0	0	0	0	0
315	G	0	0	0	0	0	0	0
316	F	0	0	0	0	0	0	0
317	L	0	0	0	0	0	0	0
318	K	0	0	0	0	0	0	0
319	I	0	0	0	0	0	0	0
320	L	0	0	0	0	0	0	0
321	A	0	0	0	0	0	0	0
322	M	0	0	0	0	0	0	0
323	H	0	0	0	0	0	0	0
324	G	0	0	0	0	0	0	0
325	L	0	0	0	0	0	0	0
326	V	0	0	0	0	0	0	0
327	S	0	0	0	0	0	0	0
328	K	0	0	0	0	0	0	0
329	E	0	0	0	0	0	0	0
330	F	0	0	0	0	0	0	0
331	L	0	0	0	0	0	0	0
332	A	0	0	0	0	0	0	0
333	R	0	0	0	0	0	0	0
334	H	0	0	0	0	0	0	0
335	R	0	0	0	0	0	0	0
336	V	0	0	0	0	0	0	0
337	T	0	0	0	0	0	0	0
338	S	0	0	0	0	0	0	0
339	Y	0	0	0	0	0	0	0
340	T	0	0	0	0	0	0	0
341	S	0	0	0	0	0	0	0
342	S	0	0	0	0	0	0	0
343	S	0	0	0	0	0	0	0
344	V	0	0	0	0	0	0	0
345	N	0	0	0	0	0	0	0
346	V	0	0	0	0	0	0	0
347	S	0	0	0	0	0	0	0
348	S	0	0	0	0	0	0	0
349	N	0	0	0	0	0	0	0
350	L	0	0	0	0	0	0	0
