location	residue	Modification	seq	secStruc	RelatedDisease	VariantPosition	ResidueChange	DaPSbySAP
1	M	0	0	0	0	0	0	0
2	G	0	0	0	0	0	0	0
3	S	0	0	0	0	0	0	0
4	R	0	0	0	0	0	0	0
5	A	0	0	0	0	0	0	0
6	E	0	0	0	0	0	0	0
7	L	0	0	0	0	0	0	0
8	C	0	0	0	0	0	0	0
9	T	0	0	0	0	0	0	0
10	L	0	0	0	0	0	0	0
11	L	0	0	0	0	0	0	0
12	G	0	0	0	0	0	0	0
13	G	0	0	0	0	0	0	0
14	F	0	0	0	0	0	0	0
15	S	0	0	0	0	0	0	0
16	F	0	0	0	0	0	0	0
17	L	0	0	0	0	0	0	0
18	L	0	0	0	0	0	0	0
19	L	0	0	0	0	0	0	0
20	L	0	0	0	0	0	0	0
21	I	0	0	0	0	0	0	0
22	P	0	0	0	0	0	0	0
23	G	0	0	0	0	0	0	0
24	E	0	0	0	0	0	0	0
25	G	0	0	0	0	0	0	0
26	A	0	0	0	0	0	0	0
27	K	0	0	0	0	0	0	0
28	G	0	0	0	0	0	0	0
29	G	0	0	0	0	0	0	0
30	S	0	0	0	0	0	0	0
31	L	0	0	0	0	0	0	0
32	R	0	0	0	0	0	0	0
33	E	0	0	0	0	0	0	0
34	S	0	0	0	0	0	0	0
35	Q	0	0	0	0	0	0	0
36	G	0	0	0	0	0	0	0
37	V	0	0	0	0	0	0	0
38	C	0	0	0	0	0	0	0
39	S	0	0	0	0	0	0	0
40	K	0	0	0	0	0	0	0
41	Q	0	0	0	0	0	0	0
42	T	0	0	0	0	0	0	0
43	L	0	0	0	0	0	0	0
44	V	0	0	0	0	0	0	0
45	V	0	0	0	0	0	0	0
46	P	0	0	0	0	0	0	0
47	L	0	0	0	0	0	0	0
48	H	0	0	0	0	0	0	0
49	Y	0	0	0	0	0	0	0
50	N	0	0	0	0	0	0	0
51	E	0	0	0	0	0	0	0
52	S	0	0	0	0	0	0	0
53	Y	0	0	0	0	0	0	0
54	S	0	0	0	0	0	0	0
55	Q	0	0	0	0	0	0	0
56	P	0	0	0	0	0	0	0
57	V	0	0	0	0	0	0	0
58	Y	0	0	0	0	0	0	0
59	K	0	0	0	0	0	0	0
60	P	0	0	0	0	0	0	0
61	Y	0	0	0	0	0	0	0
62	L	0	0	0	0	0	0	0
63	T	0	0	0	0	0	0	0
64	L	0	0	0	0	0	0	0
65	C	0	0	0	0	0	0	0
66	A	0	0	0	0	0	0	0
67	G	0	0	0	0	0	0	0
68	R	0	0	0	0	0	0	0
69	R	0	0	0	0	0	0	0
70	I	0	0	0	0	0	0	0
71	C	0	0	0	0	0	0	0
72	S	0	0	0	0	0	0	0
73	T	0	0	0	0	0	0	0
74	Y	0	0	0	0	0	0	0
75	R	0	0	0	0	0	0	0
76	T	0	0	0	0	0	0	0
77	M	0	0	0	0	0	0	0
78	Y	Phosphotyrosine	CSTYRTMYRVMWREV	HHHHHHHHHHHHHHH	Idiopathic membranous nephropathy:membranous glomerulonephritis	86 (8)	0	0
79	R	0	0	0	0	0	0	0
80	V	0	0	0	0	0	0	0
81	M	0	0	0	0	0	0	0
82	W	0	0	0	0	0	0	0
83	R	0	0	0	0	0	0	0
84	E	0	0	0	0	0	0	0
85	V	0	0	0	0	0	0	0
86	R	0	0	0	0	0	K	78
87	R	0	0	0	0	0	0	0
88	E	0	0	0	0	0	0	0
89	V	0	0	0	0	0	0	0
90	Q	0	0	0	0	0	0	0
91	Q	0	0	0	0	0	0	0
92	T	0	0	0	0	0	0	0
93	H	0	0	0	0	0	0	0
94	A	0	0	0	0	0	0	0
95	V	0	0	0	0	0	0	0
96	C	0	0	0	0	0	0	0
97	C	0	0	0	0	0	0	0
98	Q	0	0	0	0	0	0	0
99	G	0	0	0	0	0	0	0
100	W	0	0	0	0	0	0	0
101	K	0	0	0	0	0	0	0
102	K	0	0	0	0	0	0	0
103	R	0	0	0	0	0	0	0
104	H	0	0	0	0	0	0	0
105	P	0	0	0	0	0	0	0
106	G	0	0	0	0	0	0	0
107	A	0	0	0	0	0	0	0
108	L	0	0	0	0	0	0	0
109	T	0	0	0	0	0	0	0
110	C	0	0	0	0	0	0	0
111	E	0	0	0	0	0	0	0
112	A	0	0	0	0	0	0	0
113	I	0	0	0	0	0	0	0
114	C	0	0	0	0	0	0	0
115	A	0	0	0	0	0	0	0
116	K	0	0	0	0	0	0	0
117	P	0	0	0	0	0	0	0
118	C	0	0	0	0	0	0	0
119	L	0	0	0	0	0	0	0
120	N	0	0	0	0	0	0	0
121	G	0	0	0	0	0	0	0
122	G	0	0	0	0	0	0	0
123	V	0	0	0	0	0	0	0
124	C	0	0	0	0	0	0	0
125	V	0	0	0	0	0	0	0
126	R	0	0	0	0	0	0	0
127	P	0	0	0	0	0	0	0
128	D	0	0	0	0	0	0	0
129	Q	0	0	0	0	0	0	0
130	C	0	0	0	0	0	0	0
131	E	0	0	0	0	0	0	0
132	C	0	0	0	0	0	0	0
133	A	0	0	0	0	0	0	0
134	P	0	0	0	0	0	0	0
135	G	0	0	0	0	0	0	0
136	W	0	0	0	0	0	0	0
137	G	0	0	0	0	0	0	0
138	G	0	0	0	0	0	0	0
139	K	0	0	0	0	0	0	0
140	H	0	0	0	0	0	0	0
141	C	0	0	0	0	0	0	0
142	H	0	0	0	0	0	0	0
143	V	0	0	0	0	0	0	0
144	D	0	0	0	0	0	0	0
145	V	0	0	0	0	0	0	0
146	D	0	0	0	0	0	0	0
147	E	0	0	0	0	0	0	0
148	C	0	0	0	0	0	0	0
149	R	0	0	0	0	0	0	0
150	T	0	0	0	0	0	0	0
151	S	0	0	0	0	0	0	0
152	I	0	0	0	0	0	0	0
153	T	0	0	0	0	0	0	0
154	L	0	0	0	0	0	0	0
155	C	0	0	0	0	0	0	0
156	S	0	0	0	0	0	0	0
157	H	0	0	0	0	0	0	0
158	H	0	0	0	0	0	0	0
159	C	0	0	0	0	0	0	0
160	F	0	0	0	0	0	0	0
161	N	0	0	0	0	0	0	0
162	T	0	0	0	0	0	0	0
163	A	0	0	0	0	0	0	0
164	G	0	0	0	0	0	0	0
165	S	0	0	0	0	0	0	0
166	F	0	0	0	0	0	0	0
167	T	0	0	0	0	0	0	0
168	C	0	0	0	0	0	0	0
169	G	0	0	0	0	0	0	0
170	C	0	0	0	0	0	0	0
171	P	0	0	0	0	0	0	0
172	H	0	0	0	0	0	0	0
173	D	0	0	0	0	0	0	0
174	L	0	0	0	0	0	0	0
175	V	0	0	0	0	0	0	0
176	L	0	0	0	0	0	0	0
177	G	0	0	0	0	0	0	0
178	V	0	0	0	0	0	0	0
179	D	0	0	0	0	0	0	0
180	G	0	0	0	0	0	0	0
181	R	0	0	0	0	0	0	0
182	T	0	0	0	0	0	0	0
183	C	0	0	0	0	0	0	0
184	M	0	0	0	0	0	0	0
185	E	0	0	0	0	0	0	0
186	G	0	0	0	0	0	0	0
187	S	0	0	0	0	0	0	0
188	P	0	0	0	0	0	0	0
189	E	0	0	0	0	0	0	0
190	P	0	0	0	0	0	0	0
191	P	0	0	0	0	0	0	0
192	T	Phosphothreonine	EGSPEPPTSASILSV	CCCCCCCCCHHHHHH	0	0	0	0
193	S	Phosphoserine	GSPEPPTSASILSVA	CCCCCCCCHHHHHHH	0	0	0	0
194	A	0	0	0	0	0	0	0
195	S	Phosphoserine	PEPPTSASILSVAVR	CCCCCCHHHHHHHHH	0	0	0	0
196	I	0	0	0	0	0	0	0
197	L	0	0	0	0	0	0	0
198	S	Phosphoserine	PTSASILSVAVREAE	CCCHHHHHHHHHHHH	0	0	0	0
199	V	0	0	0	0	0	0	0
200	A	0	0	0	0	0	0	0
201	V	0	0	0	0	0	0	0
202	R	0	0	0	0	0	0	0
203	E	0	0	0	0	0	0	0
204	A	0	0	0	0	0	0	0
205	E	0	0	0	0	0	0	0
206	K	0	0	0	0	0	0	0
207	D	0	0	0	0	0	0	0
208	E	0	0	0	0	0	0	0
209	R	0	0	0	0	0	0	0
210	A	0	0	0	0	0	0	0
211	L	0	0	0	0	0	0	0
212	K	0	0	0	0	0	0	0
213	Q	0	0	0	0	0	0	0
214	E	0	0	0	0	0	0	0
215	I	0	0	0	0	0	0	0
216	H	0	0	0	0	0	0	0
217	E	0	0	0	0	0	0	0
218	L	0	0	0	0	0	0	0
219	R	0	0	0	0	0	0	0
220	G	0	0	0	0	0	0	0
221	R	0	0	0	0	0	0	0
222	L	0	0	0	0	0	0	0
223	E	0	0	0	0	0	0	0
224	R	0	0	0	0	0	0	0
225	L	0	0	0	0	0	0	0
226	E	0	0	0	0	0	0	0
227	Q	0	0	0	0	0	0	0
228	W	0	0	0	0	0	0	0
229	A	0	0	0	0	0	0	0
230	G	0	0	0	0	0	0	0
231	Q	0	0	0	0	0	0	0
232	A	0	0	0	0	0	0	0
233	G	0	0	0	0	0	0	0
234	A	0	0	0	0	0	0	0
235	W	0	0	0	0	0	0	0
236	V	0	0	0	0	0	0	0
237	R	0	0	0	0	0	0	0
238	A	0	0	0	0	0	0	0
239	V	0	0	0	0	0	0	0
240	L	0	0	0	0	0	0	0
241	P	0	0	0	0	0	0	0
242	V	0	0	0	0	0	0	0
243	P	0	0	0	0	0	0	0
244	P	0	0	0	0	0	0	0
245	E	0	0	0	0	0	0	0
246	E	0	0	0	0	0	0	0
247	L	0	0	0	0	0	0	0
248	Q	0	0	0	0	0	0	0
249	P	0	0	0	0	0	0	0
250	E	0	0	0	0	0	0	0
251	Q	0	0	0	0	0	0	0
252	V	0	0	0	0	0	0	0
253	A	0	0	0	0	0	0	0
254	E	0	0	0	0	0	0	0
255	L	0	0	0	0	0	0	0
256	W	0	0	0	0	0	0	0
257	G	0	0	0	0	0	0	0
258	R	0	0	0	0	0	0	0
259	G	0	0	0	0	0	0	0
260	D	0	0	0	0	0	0	0
261	R	0	0	0	0	0	0	0
262	I	0	0	0	0	0	0	0
263	E	0	0	0	0	0	0	0
264	S	0	0	0	0	0	0	0
265	L	0	0	0	0	0	0	0
266	S	0	0	0	0	0	0	0
267	D	0	0	0	0	0	0	0
268	Q	0	0	0	0	0	0	0
269	V	0	0	0	0	0	0	0
270	L	0	0	0	0	0	0	0
271	L	0	0	0	0	0	0	0
272	L	0	0	0	0	0	0	0
273	E	0	0	0	0	0	0	0
274	E	0	0	0	0	0	0	0
275	R	0	0	0	0	0	0	0
276	L	0	0	0	0	0	0	0
277	G	0	0	0	0	0	0	0
278	A	0	0	0	0	0	0	0
279	C	0	0	0	0	0	0	0
280	S	0	0	0	0	0	0	0
281	C	0	0	0	0	0	0	0
282	E	0	0	0	0	0	0	0
283	D	0	0	0	0	0	0	0
284	N	0	0	0	0	0	0	0
285	S	0	0	0	0	0	0	0
286	L	0	0	0	0	0	0	0
287	G	0	0	0	0	0	0	0
288	L	0	0	0	0	0	0	0
289	G	0	0	0	0	0	0	0
290	V	0	0	0	0	0	0	0
291	N	0	0	0	0	0	0	0
292	H	0	0	0	0	0	0	0
293	R	0	0	0	0	0	0	0
