location	residue	Modification	seq	secStruc	RelatedDisease	VariantPosition	ResidueChange	DaPSbySAP
1	M	0	0	0	0	0	0	0
2	T	0	0	0	0	0	0	0
3	S	0	0	0	0	0	0	0
4	V	0	0	0	0	0	0	0
5	W	0	0	0	0	0	0	0
6	K	0	0	0	0	0	0	0
7	R	0	0	0	0	0	0	0
8	L	0	0	0	0	0	0	0
9	Q	0	0	0	0	0	0	0
10	R	0	0	0	0	0	0	0
11	V	0	0	0	0	0	0	0
12	G	0	0	0	0	0	0	0
13	K	0	0	0	0	0	0	0
14	R	0	0	0	0	0	0	0
15	A	0	0	0	0	0	0	0
16	A	0	0	0	0	0	0	0
17	K	0	0	0	0	0	0	0
18	F	0	0	0	0	0	0	0
19	Q	0	0	0	0	0	0	0
20	F	0	0	0	0	0	0	0
21	V	0	0	0	0	0	0	0
22	A	0	0	0	0	0	0	0
23	C	0	0	0	0	0	0	0
24	Y	0	0	0	0	0	0	0
25	H	0	0	0	0	0	0	0
26	E	0	0	0	0	0	0	0
27	L	0	0	0	0	0	0	0
28	V	0	0	0	0	0	0	0
29	L	0	0	0	0	0	0	0
30	E	0	0	0	0	0	0	0
31	C	0	0	0	0	0	0	0
32	T	0	0	0	0	0	0	0
33	K	0	0	0	0	0	0	0
34	K	0	0	0	0	0	0	0
35	W	0	0	0	0	0	0	0
36	Q	0	0	0	0	0	0	0
37	P	0	0	0	0	0	0	0
38	D	0	0	0	0	0	0	0
39	K	0	0	0	0	0	0	0
40	L	0	0	0	0	0	0	0
41	V	0	0	0	0	0	0	0
42	V	0	0	0	0	0	0	0
43	V	0	0	0	0	0	0	0
44	W	0	0	0	0	0	0	0
45	T	0	0	0	0	0	0	0
46	R	0	0	0	0	0	0	0
47	R	0	0	0	0	0	0	0
48	N	0	0	0	0	0	0	0
49	R	0	0	0	0	0	0	0
50	R	0	0	0	0	0	0	0
51	I	0	0	0	0	0	0	0
52	C	0	0	0	0	0	0	0
53	S	0	0	0	0	0	0	0
54	K	0	0	0	0	0	0	0
55	A	0	0	0	0	0	0	0
56	H	0	0	0	0	0	0	0
57	S	0	0	0	0	0	0	0
58	W	0	0	0	0	0	0	0
59	Q	0	0	0	0	0	0	0
60	P	0	0	0	0	0	0	0
61	G	0	0	0	0	0	0	0
62	I	0	0	0	0	0	0	0
63	Q	0	0	0	0	0	0	0
64	N	0	0	0	0	0	0	0
65	P	0	0	0	0	0	0	0
66	Y	Phosphotyrosine	QPGIQNPYRGTVVWM	CCCCCCCCCCEEEEE	0	0	0	0
67	R	0	0	0	0	0	0	0
68	G	0	0	0	0	0	0	0
69	T	0	0	0	0	0	0	0
70	V	0	0	0	0	0	0	0
71	V	0	0	0	0	0	0	0
72	W	0	0	0	0	0	0	0
73	M	0	0	0	0	0	0	0
74	V	0	0	0	0	0	0	0
75	P	0	0	0	0	0	0	0
76	E	0	0	0	0	0	0	0
77	N	0	0	0	0	0	0	0
78	V	0	0	0	0	0	0	0
79	D	0	0	0	0	0	0	0
80	I	0	0	0	0	0	0	0
81	S	0	0	0	0	0	0	0
82	V	0	0	0	0	0	0	0
83	T	0	0	0	0	0	0	0
84	L	0	0	0	0	0	0	0
85	Y	Phosphotyrosine	VDISVTLYRDPHVDQ	CEEEEEEEECCCCHH	0	0	0	0
86	R	0	0	0	0	0	0	0
87	D	0	0	0	0	0	0	0
88	P	0	0	0	0	0	0	0
89	H	0	0	0	0	0	0	0
90	V	0	0	0	0	0	0	0
91	D	0	0	0	0	0	0	0
92	Q	0	0	0	0	0	0	0
93	Y	0	0	0	0	0	0	0
94	E	0	0	0	0	0	0	0
95	A	0	0	0	0	0	0	0
96	K	0	0	0	0	0	0	0
97	E	0	0	0	0	0	0	0
98	W	0	0	0	0	0	0	0
99	T	0	0	0	0	0	0	0
100	F	0	0	0	0	0	0	0
101	I	0	0	0	0	0	0	0
102	I	0	0	0	0	0	0	0
103	E	0	0	0	0	0	0	0
104	N	0	0	0	0	0	0	0
105	E	0	0	0	0	0	0	0
106	S	0	0	0	0	0	0	0
107	K	0	0	0	0	0	0	0
108	G	0	0	0	0	0	0	0
109	Q	0	0	0	0	0	0	0
110	R	0	0	0	0	0	0	0
111	K	0	0	0	0	0	0	0
112	V	0	0	0	0	0	0	0
113	L	0	0	0	0	0	0	0
114	A	0	0	0	0	0	0	0
115	T	0	0	0	0	0	0	0
116	A	0	0	0	0	0	0	0
117	E	0	0	0	0	0	0	0
118	V	0	0	0	0	0	0	0
119	D	0	0	0	0	0	0	0
120	L	0	0	0	0	0	0	0
121	A	0	0	0	0	0	0	0
122	R	0	0	0	0	0	0	0
123	H	0	0	0	0	0	0	0
124	A	0	0	0	0	0	0	0
125	G	0	0	0	0	0	0	0
126	P	0	0	0	0	0	0	0
127	V	0	0	0	0	0	0	0
128	P	0	0	0	0	0	0	0
129	V	0	0	0	0	0	0	0
130	Q	0	0	0	0	0	0	0
131	V	0	0	0	0	0	0	0
132	P	0	0	0	0	0	0	0
133	V	0	0	0	0	0	0	0
134	R	0	0	0	0	0	0	0
135	L	0	0	0	0	0	0	0
136	R	0	0	0	0	0	0	0
137	L	0	0	0	0	0	0	0
138	K	0	0	0	0	0	0	0
139	P	0	0	0	0	0	0	0
140	K	0	0	0	0	0	0	0
141	S	0	0	0	0	0	0	0
142	V	0	0	0	0	0	0	0
143	K	0	0	0	0	0	0	0
144	V	0	0	0	0	0	0	0
145	V	0	0	0	0	0	0	0
146	Q	0	0	0	0	0	0	0
147	A	0	0	0	0	0	0	0
148	E	0	0	0	0	0	0	0
149	L	0	0	0	0	0	0	0
150	S	0	0	0	0	0	0	0
151	L	0	0	0	0	0	0	0
152	T	0	0	0	0	0	0	0
153	L	0	0	0	0	0	0	0
154	S	0	0	0	0	0	0	0
155	G	0	0	0	0	0	0	0
156	V	0	0	0	0	0	0	0
157	L	0	0	0	0	0	0	0
158	L	0	0	0	0	0	0	0
159	R	0	0	0	0	0	0	0
160	E	0	0	0	0	0	0	0
161	G	0	0	0	0	0	0	0
162	R	0	0	0	0	0	0	0
163	A	0	0	0	0	0	0	0
164	T	0	0	0	0	0	0	0
165	D	0	0	0	0	0	0	0
166	D	0	0	0	0	0	0	0
167	D	0	0	0	0	0	0	0
168	M	0	0	0	0	0	0	0
169	Q	0	0	0	0	0	0	0
170	S	Phosphoserine	ATDDDMQSLASLMSV	CCHHHHHHHHHHHCC	0	0	0	0
171	L	0	0	0	0	0	0	0
172	A	0	0	0	0	0	0	0
173	S	Phosphoserine	DDMQSLASLMSVKPS	HHHHHHHHHHCCCHH	0	0	0	0
174	L	0	0	0	0	0	0	0
175	M	0	0	0	0	0	0	0
176	S	Phosphoserine	QSLASLMSVKPSDVG	HHHHHHHCCCHHHCC	0	0	0	0
177	V	0	0	0	0	0	0	0
178	K	0	0	0	0	0	0	0
179	P	0	0	0	0	0	0	0
180	S	Phosphoserine	SLMSVKPSDVGNLDD	HHHCCCHHHCCCHHH	0	0	0	0
181	D	0	0	0	0	0	0	0
182	V	0	0	0	0	0	0	0
183	G	0	0	0	0	0	0	0
184	N	0	0	0	0	0	0	0
185	L	0	0	0	0	0	0	0
186	D	0	0	0	0	0	0	0
187	D	0	0	0	0	0	0	0
188	F	0	0	0	0	0	0	0
189	A	0	0	0	0	0	0	0
190	E	0	0	0	0	0	0	0
191	S	Phosphoserine	NLDDFAESDEDEAHG	CHHHHHHCCCCHHCC	0	0	0	0
192	D	0	0	0	0	0	0	0
193	E	0	0	0	0	0	0	0
194	D	0	0	0	0	0	0	0
195	E	0	0	0	0	0	0	0
196	A	0	0	0	0	0	0	0
197	H	0	0	0	0	0	0	0
198	G	0	0	0	0	0	0	0
199	P	0	0	0	0	0	0	0
200	G	0	0	0	0	0	0	0
201	A	0	0	0	0	0	0	0
202	P	0	0	0	0	0	0	0
203	E	0	0	0	0	0	0	0
204	A	0	0	0	0	0	0	0
205	R	0	0	0	0	0	0	0
206	A	0	0	0	0	0	0	0
207	R	0	0	0	0	0	0	0
208	V	0	0	0	0	0	0	0
209	P	0	0	0	0	0	0	0
210	Q	0	0	0	0	0	0	0
211	P	0	0	0	0	0	0	0
212	D	0	0	0	0	0	0	0
213	P	0	0	0	0	0	0	0
214	S	0	0	0	0	0	0	0
215	R	0	0	0	0	0	0	0
216	E	0	0	0	0	0	0	0
217	L	0	0	0	0	0	0	0
218	K	0	0	0	0	0	0	0
219	T	0	0	0	0	0	0	0
220	L	0	0	0	0	0	0	0
221	C	0	0	0	0	0	0	0
222	E	0	0	0	0	0	0	0
223	E	0	0	0	0	0	0	0
224	E	0	0	0	0	0	0	0
225	E	0	0	0	0	0	0	0
226	E	0	0	0	0	0	0	0
227	G	0	0	0	0	0	0	0
228	Q	0	0	0	0	0	0	0
229	G	0	0	0	0	0	0	0
230	R	0	0	0	0	0	0	0
231	P	0	0	0	0	0	0	0
232	Q	0	0	0	0	0	0	0
233	Q	0	0	0	0	0	0	0
234	A	0	0	0	0	0	0	0
235	V	0	0	0	0	0	0	0
236	A	0	0	0	0	0	0	0
237	S	Phosphoserine	RPQQAVASPSNAEDT	CCCCCCCCCCCCCCC	0	0	0	0
238	P	0	0	0	0	0	0	0
239	S	Phosphoserine	QQAVASPSNAEDTSP	CCCCCCCCCCCCCCC	0	0	0	0
240	N	0	0	0	0	0	0	0
241	A	0	0	0	0	0	0	0
242	E	0	0	0	0	0	0	0
243	D	0	0	0	0	0	0	0
244	T	Phosphothreonine	SPSNAEDTSPAPVSA	CCCCCCCCCCCCCCC	0	0	0	0
245	S	Phosphoserine	PSNAEDTSPAPVSAP	CCCCCCCCCCCCCCC	0	0	0	0
246	P	0	0	0	0	0	0	0
247	A	0	0	0	0	0	0	0
248	P	0	0	0	0	0	0	0
249	V	0	0	0	0	0	0	0
250	S	0	0	0	0	0	0	0
251	A	0	0	0	0	0	0	0
252	P	0	0	0	0	0	0	0
253	A	0	0	0	0	0	0	0
254	P	0	0	0	0	0	0	0
255	P	0	0	0	0	0	0	0
256	A	0	0	0	0	0	0	0
257	R	0	0	0	0	0	0	0
258	T	Phosphothreonine	APAPPARTSRGQGSE	CCCCCCCCCCCCCCH	0	0	0	0
259	S	0	0	0	0	0	0	0
260	R	0	0	0	0	0	0	0
261	G	0	0	0	0	0	0	0
262	Q	0	0	0	0	0	0	0
263	G	0	0	0	0	0	0	0
264	S	Phosphoserine	RTSRGQGSERANEAG	CCCCCCCCHHCHHCC	0	0	0	0
265	E	0	0	0	0	0	0	0
266	R	0	0	0	0	0	0	0
267	A	0	0	0	0	0	0	0
268	N	0	0	0	0	0	0	0
269	E	0	0	0	0	0	0	0
270	A	0	0	0	0	0	0	0
271	G	0	0	0	0	0	0	0
272	G	0	0	0	0	0	0	0
273	Q	0	0	0	0	0	0	0
274	V	0	0	0	0	0	0	0
275	G	0	0	0	0	0	0	0
276	P	0	0	0	0	0	0	0
277	E	0	0	0	0	0	0	0
278	A	0	0	0	0	0	0	0
279	P	0	0	0	0	0	0	0
280	R	0	0	0	0	0	0	0
281	P	0	0	0	0	0	0	0
282	P	0	0	0	0	0	0	0
283	E	0	0	0	0	0	0	0
284	T	Phosphothreonine	EAPRPPETSPEMRSS	CCCCCCCCCHHHHHC	0	0	0	0
285	S	Phosphoserine	APRPPETSPEMRSSR	CCCCCCCCHHHHHCC	0	0	0	0
286	P	0	0	0	0	0	0	0
287	E	0	0	0	0	0	0	0
288	M	0	0	0	0	0	0	0
289	R	0	0	0	0	0	0	0
290	S	0	0	0	0	0	0	0
291	S	0	0	0	0	0	0	0
292	R	0	0	0	0	0	0	0
293	Q	0	0	0	0	0	0	0
294	P	0	0	0	0	0	0	0
295	A	0	0	0	0	0	0	0
296	Q	0	0	0	0	0	0	0
297	D	0	0	0	0	0	0	0
298	T	0	0	0	0	0	0	0
299	A	0	0	0	0	0	0	0
300	P	0	0	0	0	0	0	0
301	T	Phosphothreonine	PAQDTAPTPAPRLRK	CCCCCCCCCCCCCCC	Coronary artery disease:coronary artery disease	307 (6)	0	0
302	P	0	0	0	0	0	0	0
303	A	0	0	0	0	0	0	0
304	P	0	0	0	0	0	0	0
305	R	0	0	0	0	0	0	0
306	L	0	0	0	0	0	0	0
307	R	0	0	0	0	0	Q	301,310
308	K	0	0	0	0	0	0	0
309	G	0	0	0	0	0	0	0
310	S	Phosphoserine	APRLRKGSDALRPPV	CCCCCCCCCCCCCCC	Coronary artery disease:coronary artery disease	307 (3)	0	0
311	D	0	0	0	0	0	0	0
312	A	0	0	0	0	0	0	0
313	L	0	0	0	0	0	0	0
314	R	0	0	0	0	0	0	0
315	P	0	0	0	0	0	0	0
316	P	0	0	0	0	0	0	0
317	V	0	0	0	0	0	0	0
318	P	0	0	0	0	0	0	0
319	Q	0	0	0	0	0	0	0
320	G	0	0	0	0	0	0	0
321	E	0	0	0	0	0	0	0
322	D	0	0	0	0	0	0	0
323	E	0	0	0	0	0	0	0
324	V	0	0	0	0	0	0	0
325	P	0	0	0	0	0	0	0
326	K	0	0	0	0	0	0	0
327	A	0	0	0	0	0	0	0
328	S	Phosphoserine	EDEVPKASGAPPAGL	CCCCCCCCCCCCCCC	0	0	0	0
329	G	0	0	0	0	0	0	0
330	A	0	0	0	0	0	0	0
331	P	0	0	0	0	0	0	0
332	P	0	0	0	0	0	0	0
333	A	0	0	0	0	0	0	0
334	G	0	0	0	0	0	0	0
335	L	0	0	0	0	0	0	0
336	G	0	0	0	0	0	0	0
337	S	0	0	0	0	0	0	0
338	A	0	0	0	0	0	0	0
339	R	0	0	0	0	0	0	0
340	E	0	0	0	0	0	0	0
341	T	0	0	0	0	0	0	0
342	Q	0	0	0	0	0	0	0
343	A	0	0	0	0	0	0	0
344	Q	0	0	0	0	0	0	0
345	A	0	0	0	0	0	0	0
346	C	0	0	0	0	0	0	0
347	P	0	0	0	0	0	0	0
348	Q	0	0	0	0	0	0	0
349	E	0	0	0	0	0	0	0
350	G	0	0	0	0	0	0	0
351	T	0	0	0	0	0	0	0
352	E	0	0	0	0	0	0	0
353	A	0	0	0	0	0	0	0
354	H	0	0	0	0	0	0	0
355	G	0	0	0	0	0	0	0
356	A	0	0	0	0	0	0	0
357	R	0	0	0	0	0	0	0
358	L	0	0	0	0	0	0	0
359	G	0	0	0	0	0	0	0
360	P	0	0	0	0	0	0	0
361	S	Phosphoserine	HGARLGPSIEDKGSG	CCCCCCCCCCCCCCC	0	0	0	0
362	I	0	0	0	0	0	0	0
363	E	0	0	0	0	0	0	0
364	D	0	0	0	0	0	0	0
365	K	0	0	0	0	0	0	0
366	G	0	0	0	0	0	0	0
367	S	Phosphoserine	PSIEDKGSGDPFGRQ	CCCCCCCCCCCCHHH	0	0	0	0
368	G	0	0	0	0	0	0	0
369	D	0	0	0	0	0	0	0
370	P	0	0	0	0	0	0	0
371	F	0	0	0	0	0	0	0
372	G	0	0	0	0	0	0	0
373	R	0	0	0	0	0	0	0
374	Q	0	0	0	0	0	0	0
375	R	0	0	0	0	0	0	0
376	L	0	0	0	0	0	0	0
377	K	0	0	0	0	0	0	0
378	A	0	0	0	0	0	0	0
379	E	0	0	0	0	0	0	0
380	E	0	0	0	0	0	0	0
381	M	0	0	0	0	0	0	0
382	D	0	0	0	0	0	0	0
383	T	Phosphothreonine	LKAEEMDTEDRPEAS	HCHHHCCCCCCCHHC	0	0	0	0
384	E	0	0	0	0	0	0	0
385	D	0	0	0	0	0	0	0
386	R	0	0	0	0	0	0	0
387	P	0	0	0	0	0	0	0
388	E	0	0	0	0	0	0	0
389	A	0	0	0	0	0	0	0
390	S	Phosphoserine	TEDRPEASGVDTEPR	CCCCCHHCCCCCCCC	0	0	0	0
391	G	0	0	0	0	0	0	0
392	V	0	0	0	0	0	0	0
393	D	0	0	0	0	0	0	0
394	T	0	0	0	0	0	0	0
395	E	0	0	0	0	0	0	0
396	P	0	0	0	0	0	0	0
397	R	0	0	0	0	0	0	0
398	S	0	0	0	0	0	0	0
399	G	0	0	0	0	0	0	0
400	G	0	0	0	0	0	0	0
401	R	0	0	0	0	0	0	0
402	E	0	0	0	0	0	0	0
403	A	0	0	0	0	0	0	0
404	N	0	0	0	0	0	0	0
405	T	0	0	0	0	0	0	0
406	K	0	0	0	0	0	0	0
407	R	0	0	0	0	0	0	0
408	S	0	0	0	0	0	0	0
409	G	0	0	0	0	0	0	0
410	V	0	0	0	0	0	0	0
411	R	0	0	0	0	0	0	0
412	A	0	0	0	0	0	0	0
413	G	0	0	0	0	0	0	0
414	E	0	0	0	0	0	0	0
415	A	0	0	0	0	0	0	0
416	E	0	0	0	0	0	0	0
417	E	0	0	0	0	0	0	0
418	S	0	0	0	0	0	0	0
419	S	0	0	0	0	0	0	0
420	A	0	0	0	0	0	0	0
421	V	0	0	0	0	0	0	0
422	C	0	0	0	0	0	0	0
423	Q	0	0	0	0	0	0	0
424	V	0	0	0	0	0	0	0
425	D	0	0	0	0	0	0	0
426	A	0	0	0	0	0	0	0
427	E	0	0	0	0	0	0	0
428	Q	0	0	0	0	0	0	0
429	R	0	0	0	0	0	0	0
430	S	Phosphoserine	QVDAEQRSKVRHVDT	ECCHHHHHCCEECCC	0	0	0	0
431	K	0	0	0	0	0	0	0
432	V	0	0	0	0	0	0	0
433	R	0	0	0	0	0	0	0
434	H	0	0	0	0	0	0	0
435	V	0	0	0	0	0	0	0
436	D	0	0	0	0	0	0	0
437	T	0	0	0	0	0	0	0
438	K	0	0	0	0	0	0	0
439	G	0	0	0	0	0	0	0
440	P	0	0	0	0	0	0	0
441	E	0	0	0	0	0	0	0
442	A	0	0	0	0	0	0	0
443	T	Phosphothreonine	DTKGPEATGVMPEAR	CCCCCCCCCCCCCCC	0	0	0	0
444	G	0	0	0	0	0	0	0
445	V	0	0	0	0	0	0	0
446	M	0	0	0	0	0	0	0
447	P	0	0	0	0	0	0	0
448	E	0	0	0	0	0	0	0
449	A	0	0	0	0	0	0	0
450	R	0	0	0	0	0	0	0
451	C	0	0	0	0	0	0	0
452	R	0	0	0	0	0	0	0
453	G	0	0	0	0	0	0	0
454	T	Phosphothreonine	PEARCRGTPEAPPRG	CCCCCCCCCCCCCCC	0	0	0	0
455	P	0	0	0	0	0	0	0
456	E	0	0	0	0	0	0	0
457	A	0	0	0	0	0	0	0
458	P	0	0	0	0	0	0	0
459	P	0	0	0	0	0	0	0
460	R	0	0	0	0	0	0	0
461	G	0	0	0	0	0	0	0
462	S	Phosphoserine	PEAPPRGSQGRLGVR	CCCCCCCCCCCCCCC	0	0	0	0
463	Q	0	0	0	0	0	0	0
464	G	0	0	0	0	0	0	0
465	R	0	0	0	0	0	0	0
466	L	0	0	0	0	0	0	0
467	G	0	0	0	0	0	0	0
468	V	0	0	0	0	0	0	0
469	R	0	0	0	0	0	0	0
470	T	0	0	0	0	0	0	0
471	R	0	0	0	0	0	0	0
472	D	0	0	0	0	0	0	0
473	E	0	0	0	0	0	0	0
474	A	0	0	0	0	0	0	0
475	P	0	0	0	0	0	0	0
476	S	0	0	0	0	0	0	0
477	G	0	0	0	0	0	0	0
478	L	0	0	0	0	0	0	0
479	S	0	0	0	0	0	0	0
480	L	0	0	0	0	0	0	0
481	P	0	0	0	0	0	0	0
482	P	0	0	0	0	0	0	0
483	A	0	0	0	0	0	0	0
484	E	0	0	0	0	0	0	0
485	P	0	0	0	0	0	0	0
486	A	0	0	0	0	0	0	0
487	G	0	0	0	0	0	0	0
488	H	0	0	0	0	0	0	0
489	S	0	0	0	0	0	0	0
490	G	0	0	0	0	0	0	0
491	Q	0	0	0	0	0	0	0
492	L	0	0	0	0	0	0	0
493	G	0	0	0	0	0	0	0
494	D	0	0	0	0	0	0	0
495	L	0	0	0	0	0	0	0
496	E	0	0	0	0	0	0	0
497	G	0	0	0	0	0	0	0
498	A	0	0	0	0	0	0	0
499	R	0	0	0	0	0	0	0
500	A	0	0	0	0	0	0	0
501	A	0	0	0	0	0	0	0
502	A	0	0	0	0	0	0	0
503	G	0	0	0	0	0	0	0
504	Q	0	0	0	0	0	0	0
505	E	0	0	0	0	0	0	0
506	R	0	0	0	0	0	0	0
507	E	0	0	0	0	0	0	0
508	G	0	0	0	0	0	0	0
509	A	0	0	0	0	0	0	0
510	E	0	0	0	0	0	0	0
511	V	0	0	0	0	0	0	0
512	R	0	0	0	0	0	0	0
513	G	0	0	0	0	0	0	0
514	G	0	0	0	0	0	0	0
515	A	0	0	0	0	0	0	0
516	P	0	0	0	0	0	0	0
517	G	0	0	0	0	0	0	0
518	I	0	0	0	0	0	0	0
519	E	0	0	0	0	0	0	0
520	G	0	0	0	0	0	0	0
521	T	0	0	0	0	0	0	0
522	G	0	0	0	0	0	0	0
523	L	0	0	0	0	0	0	0
524	E	0	0	0	0	0	0	0
525	Q	0	0	0	0	0	0	0
526	G	0	0	0	0	0	0	0
527	P	0	0	0	0	0	0	0
528	S	0	0	0	0	0	0	0
529	V	0	0	0	0	0	0	0
530	G	0	0	0	0	0	0	0
531	A	0	0	0	0	0	0	0
532	I	0	0	0	0	0	0	0
533	S	0	0	0	0	0	0	0
534	T	0	0	0	0	0	0	0
535	R	0	0	0	0	0	0	0
536	P	0	0	0	0	0	0	0
537	Q	0	0	0	0	0	0	0
538	V	0	0	0	0	0	0	0
539	S	0	0	0	0	0	0	0
540	S	0	0	0	0	0	0	0
541	W	0	0	0	0	0	0	0
542	Q	0	0	0	0	0	0	0
543	G	0	0	0	0	0	0	0
544	A	0	0	0	0	0	0	0
545	L	0	0	0	0	0	0	0
546	L	0	0	0	0	0	0	0
547	S	0	0	0	0	0	0	0
548	T	0	0	0	0	0	0	0
549	A	0	0	0	0	0	0	0
550	Q	0	0	0	0	0	0	0
551	G	0	0	0	0	0	0	0
552	A	0	0	0	0	0	0	0
553	I	0	0	0	0	0	0	0
554	S	0	0	0	0	0	0	0
555	R	0	0	0	0	0	0	0
556	G	0	0	0	0	0	0	0
557	L	0	0	0	0	0	0	0
558	G	0	0	0	0	0	0	0
559	G	0	0	0	0	0	0	0
560	W	0	0	0	0	0	0	0
561	E	0	0	0	0	0	0	0
562	A	0	0	0	0	0	0	0
563	E	0	0	0	0	0	0	0
564	A	0	0	0	0	0	0	0
565	G	0	0	0	0	0	0	0
566	G	0	0	0	0	0	0	0
567	S	0	0	0	0	0	0	0
568	G	0	0	0	0	0	0	0
569	D	0	0	0	0	0	0	0
570	L	0	0	0	0	0	0	0
571	E	0	0	0	0	0	0	0
572	T	0	0	0	0	0	0	0
573	E	0	0	0	0	0	0	0
574	T	0	0	0	0	0	0	0
575	E	0	0	0	0	0	0	0
576	V	0	0	0	0	0	0	0
577	V	0	0	0	0	0	0	0
578	G	0	0	0	0	0	0	0
579	L	0	0	0	0	0	0	0
580	E	0	0	0	0	0	0	0
581	V	0	0	0	0	0	0	0
582	L	0	0	0	0	0	0	0
583	G	0	0	0	0	0	0	0
584	T	0	0	0	0	0	0	0
585	Q	0	0	0	0	0	0	0
586	E	0	0	0	0	0	0	0
587	K	0	0	0	0	0	0	0
588	E	0	0	0	0	0	0	0
589	V	0	0	0	0	0	0	0
590	E	0	0	0	0	0	0	0
591	G	0	0	0	0	0	0	0
592	S	0	0	0	0	0	0	0
593	G	0	0	0	0	0	0	0
594	F	0	0	0	0	0	0	0
595	P	0	0	0	0	0	0	0
596	E	0	0	0	0	0	0	0
597	T	Phosphothreonine	EGSGFPETRTLEIEI	CCCCCCCCCEEEEEE	0	0	0	0
598	R	0	0	0	0	0	0	0
599	T	Phosphothreonine	SGFPETRTLEIEILG	CCCCCCCEEEEEEHH	0	0	0	0
600	L	0	0	0	0	0	0	0
601	E	0	0	0	0	0	0	0
602	I	0	0	0	0	0	0	0
603	E	0	0	0	0	0	0	0
604	I	0	0	0	0	0	0	0
605	L	0	0	0	0	0	0	0
606	G	0	0	0	0	0	0	0
607	A	0	0	0	0	0	0	0
608	L	0	0	0	0	0	0	0
609	E	0	0	0	0	0	0	0
610	K	0	0	0	0	0	0	0
611	E	0	0	0	0	0	0	0
612	A	0	0	0	0	0	0	0
613	A	0	0	0	0	0	0	0
614	R	0	0	0	0	0	0	0
615	S	0	0	0	0	0	0	0
616	R	0	0	0	0	0	0	0
617	V	0	0	0	0	0	0	0
618	L	0	0	0	0	0	0	0
619	E	0	0	0	0	0	0	0
620	S	0	0	0	0	0	0	0
621	E	0	0	0	0	0	0	0
622	V	0	0	0	0	0	0	0
623	A	0	0	0	0	0	0	0
624	G	0	0	0	0	0	0	0
625	T	0	0	0	0	0	0	0
626	A	0	0	0	0	0	0	0
627	Q	0	0	0	0	0	0	0
628	C	0	0	0	0	0	0	0
629	E	0	0	0	0	0	0	0
630	G	0	0	0	0	0	0	0
631	L	0	0	0	0	0	0	0
632	E	0	0	0	0	0	0	0
633	T	0	0	0	0	0	0	0
634	Q	0	0	0	0	0	0	0
635	E	0	0	0	0	0	0	0
636	T	0	0	0	0	0	0	0
637	E	0	0	0	0	0	0	0
638	V	0	0	0	0	0	0	0
639	G	0	0	0	0	0	0	0
640	V	0	0	0	0	0	0	0
641	I	0	0	0	0	0	0	0
642	E	0	0	0	0	0	0	0
643	T	0	0	0	0	0	0	0
644	P	0	0	0	0	0	0	0
645	G	0	0	0	0	0	0	0
646	T	0	0	0	0	0	0	0
647	E	0	0	0	0	0	0	0
648	T	0	0	0	0	0	0	0
649	E	0	0	0	0	0	0	0
650	V	0	0	0	0	0	0	0
651	L	0	0	0	0	0	0	0
652	G	0	0	0	0	0	0	0
653	T	0	0	0	0	0	0	0
654	Q	0	0	0	0	0	0	0
655	K	0	0	0	0	0	0	0
656	T	0	0	0	0	0	0	0
657	E	0	0	0	0	0	0	0
658	A	0	0	0	0	0	0	0
659	G	0	0	0	0	0	0	0
660	G	0	0	0	0	0	0	0
661	S	0	0	0	0	0	0	0
662	G	0	0	0	0	0	0	0
663	V	0	0	0	0	0	0	0
664	L	0	0	0	0	0	0	0
665	Q	0	0	0	0	0	0	0
666	T	0	0	0	0	0	0	0
667	R	0	0	0	0	0	0	0
668	T	0	0	0	0	0	0	0
669	T	0	0	0	0	0	0	0
670	I	0	0	0	0	0	0	0
671	A	0	0	0	0	0	0	0
672	E	0	0	0	0	0	0	0
673	T	0	0	0	0	0	0	0
674	E	0	0	0	0	0	0	0
675	V	0	0	0	0	0	0	0
676	L	0	0	0	0	0	0	0
677	V	0	0	0	0	0	0	0
678	T	0	0	0	0	0	0	0
679	Q	0	0	0	0	0	0	0
680	E	0	0	0	0	0	0	0
681	I	0	0	0	0	0	0	0
682	S	0	0	0	0	0	0	0
683	G	0	0	0	0	0	0	0
684	D	0	0	0	0	0	0	0
685	L	0	0	0	0	0	0	0
686	G	0	0	0	0	0	0	0
687	P	0	0	0	0	0	0	0
688	L	0	0	0	0	0	0	0
689	K	0	0	0	0	0	0	0
690	I	0	0	0	0	0	0	0
691	E	0	0	0	0	0	0	0
692	D	0	0	0	0	0	0	0
693	T	0	0	0	0	0	0	0
694	I	0	0	0	0	0	0	0
695	Q	0	0	0	0	0	0	0
696	S	0	0	0	0	0	0	0
697	E	0	0	0	0	0	0	0
698	M	0	0	0	0	0	0	0
699	L	0	0	0	0	0	0	0
700	G	0	0	0	0	0	0	0
701	T	0	0	0	0	0	0	0
702	Q	0	0	0	0	0	0	0
703	E	0	0	0	0	0	0	0
704	T	0	0	0	0	0	0	0
705	E	0	0	0	0	0	0	0
706	V	0	0	0	0	0	0	0
707	E	0	0	0	0	0	0	0
708	A	0	0	0	0	0	0	0
709	S	0	0	0	0	0	0	0
710	R	0	0	0	0	0	0	0
711	V	0	0	0	0	0	0	0
712	P	0	0	0	0	0	0	0
713	E	0	0	0	0	0	0	0
714	S	0	0	0	0	0	0	0
715	E	0	0	0	0	0	0	0
716	A	0	0	0	0	0	0	0
717	E	0	0	0	0	0	0	0
718	G	0	0	0	0	0	0	0
719	T	0	0	0	0	0	0	0
720	E	0	0	0	0	0	0	0
721	A	0	0	0	0	0	0	0
722	K	0	0	0	0	0	0	0
723	I	0	0	0	0	0	0	0
724	L	0	0	0	0	0	0	0
725	G	0	0	0	0	0	0	0
726	T	Phosphothreonine	TEAKILGTQEITARD	CEEEECCEEEEEECC	0	0	0	0
727	Q	0	0	0	0	0	0	0
728	E	0	0	0	0	0	0	0
729	I	0	0	0	0	0	0	0
730	T	0	0	0	0	0	0	0
731	A	0	0	0	0	0	0	0
732	R	0	0	0	0	0	0	0
733	D	0	0	0	0	0	0	0
734	S	Phosphoserine	QEITARDSGVREIEA	EEEEECCCCCCEEEE	0	0	0	0
735	G	0	0	0	0	0	0	0
736	V	0	0	0	0	0	0	0
737	R	0	0	0	0	0	0	0
738	E	0	0	0	0	0	0	0
739	I	0	0	0	0	0	0	0
740	E	0	0	0	0	0	0	0
741	A	0	0	0	0	0	0	0
742	E	0	0	0	0	0	0	0
743	I	0	0	0	0	0	0	0
744	A	0	0	0	0	0	0	0
745	E	0	0	0	0	0	0	0
746	S	0	0	0	0	0	0	0
747	D	0	0	0	0	0	0	0
748	I	0	0	0	0	0	0	0
749	L	0	0	0	0	0	0	0
750	V	0	0	0	0	0	0	0
751	A	0	0	0	0	0	0	0
752	Q	0	0	0	0	0	0	0
753	E	0	0	0	0	0	0	0
754	I	0	0	0	0	0	0	0
755	E	0	0	0	0	0	0	0
756	V	0	0	0	0	0	0	0
757	G	0	0	0	0	0	0	0
758	L	0	0	0	0	0	0	0
759	L	0	0	0	0	0	0	0
760	G	0	0	0	0	0	0	0
761	V	0	0	0	0	0	0	0
762	L	0	0	0	0	0	0	0
763	G	0	0	0	0	0	0	0
764	I	0	0	0	0	0	0	0
765	E	0	0	0	0	0	0	0
766	T	0	0	0	0	0	0	0
767	G	0	0	0	0	0	0	0
768	A	0	0	0	0	0	0	0
769	A	0	0	0	0	0	0	0
770	E	0	0	0	0	0	0	0
771	G	0	0	0	0	0	0	0
772	A	0	0	0	0	0	0	0
773	I	0	0	0	0	0	0	0
774	L	0	0	0	0	0	0	0
775	G	0	0	0	0	0	0	0
776	T	0	0	0	0	0	0	0
777	Q	0	0	0	0	0	0	0
778	E	0	0	0	0	0	0	0
779	I	0	0	0	0	0	0	0
780	A	0	0	0	0	0	0	0
781	S	0	0	0	0	0	0	0
782	R	0	0	0	0	0	0	0
783	D	0	0	0	0	0	0	0
784	S	Phosphoserine	QEIASRDSGVPGLEA	HHHHHCCCCCCCCCC	0	0	0	0
785	G	0	0	0	0	0	0	0
786	V	0	0	0	0	0	0	0
787	P	0	0	0	0	0	0	0
788	G	0	0	0	0	0	0	0
789	L	0	0	0	0	0	0	0
790	E	0	0	0	0	0	0	0
791	A	0	0	0	0	0	0	0
792	D	0	0	0	0	0	0	0
793	T	0	0	0	0	0	0	0
794	T	0	0	0	0	0	0	0
795	G	0	0	0	0	0	0	0
796	I	0	0	0	0	0	0	0
797	Q	0	0	0	0	0	0	0
798	V	0	0	0	0	0	0	0
799	K	0	0	0	0	0	0	0
800	E	0	0	0	0	0	0	0
801	V	0	0	0	0	0	0	0
802	G	0	0	0	0	0	0	0
803	G	0	0	0	0	0	0	0
804	S	0	0	0	0	0	0	0
805	E	0	0	0	0	0	0	0
806	V	0	0	0	0	0	0	0
807	P	0	0	0	0	0	0	0
808	E	0	0	0	0	0	0	0
809	I	0	0	0	0	0	0	0
810	A	0	0	0	0	0	0	0
811	T	0	0	0	0	0	0	0
812	G	0	0	0	0	0	0	0
813	T	0	0	0	0	0	0	0
814	A	0	0	0	0	0	0	0
815	E	0	0	0	0	0	0	0
816	T	0	0	0	0	0	0	0
817	E	0	0	0	0	0	0	0
818	I	0	0	0	0	0	0	0
819	L	0	0	0	0	0	0	0
820	G	0	0	0	0	0	0	0
821	T	0	0	0	0	0	0	0
822	Q	0	0	0	0	0	0	0
823	E	0	0	0	0	0	0	0
824	I	0	0	0	0	0	0	0
825	A	0	0	0	0	0	0	0
826	S	0	0	0	0	0	0	0
827	R	0	0	0	0	0	0	0
828	S	0	0	0	0	0	0	0
829	S	Phosphoserine	QEIASRSSGVPGLES	HHHHHCCCCCCCHHH	0	0	0	0
830	G	0	0	0	0	0	0	0
831	V	0	0	0	0	0	0	0
832	P	0	0	0	0	0	0	0
833	G	0	0	0	0	0	0	0
834	L	0	0	0	0	0	0	0
835	E	0	0	0	0	0	0	0
836	S	Phosphoserine	SGVPGLESEVAGAQE	CCCCCHHHHCCCCEE	0	0	0	0
837	E	0	0	0	0	0	0	0
838	V	0	0	0	0	0	0	0
839	A	0	0	0	0	0	0	0
840	G	0	0	0	0	0	0	0
841	A	0	0	0	0	0	0	0
842	Q	0	0	0	0	0	0	0
843	E	0	0	0	0	0	0	0
844	T	0	0	0	0	0	0	0
845	E	0	0	0	0	0	0	0
846	V	0	0	0	0	0	0	0
847	G	0	0	0	0	0	0	0
848	G	0	0	0	0	0	0	0
849	S	0	0	0	0	0	0	0
850	G	0	0	0	0	0	0	0
851	I	0	0	0	0	0	0	0
852	S	0	0	0	0	0	0	0
853	G	0	0	0	0	0	0	0
854	P	0	0	0	0	0	0	0
855	E	0	0	0	0	0	0	0
856	A	0	0	0	0	0	0	0
857	G	0	0	0	0	0	0	0
858	M	0	0	0	0	0	0	0
859	A	0	0	0	0	0	0	0
860	E	0	0	0	0	0	0	0
861	A	0	0	0	0	0	0	0
862	R	0	0	0	0	0	0	0
863	V	0	0	0	0	0	0	0
864	L	0	0	0	0	0	0	0
865	M	0	0	0	0	0	0	0
866	T	Phosphothreonine	AEARVLMTRKTEIIV	HHHEEHHCCCCEEEC	0	0	0	0
867	R	0	0	0	0	0	0	0
868	K	0	0	0	0	0	0	0
869	T	Phosphothreonine	RVLMTRKTEIIVPEA	EEHHCCCCEEECCHH	0	0	0	0
870	E	0	0	0	0	0	0	0
871	I	0	0	0	0	0	0	0
872	I	0	0	0	0	0	0	0
873	V	0	0	0	0	0	0	0
874	P	0	0	0	0	0	0	0
875	E	0	0	0	0	0	0	0
876	A	0	0	0	0	0	0	0
877	E	0	0	0	0	0	0	0
878	K	0	0	0	0	0	0	0
879	E	0	0	0	0	0	0	0
880	E	0	0	0	0	0	0	0
881	A	0	0	0	0	0	0	0
882	Q	0	0	0	0	0	0	0
883	T	Phosphothreonine	AEKEEAQTSGVQEAE	HHHHHHHHCCCHHHH	0	0	0	0
884	S	Phosphoserine	EKEEAQTSGVQEAET	HHHHHHHCCCHHHHH	0	0	0	0
885	G	0	0	0	0	0	0	0
886	V	0	0	0	0	0	0	0
887	Q	0	0	0	0	0	0	0
888	E	0	0	0	0	0	0	0
889	A	0	0	0	0	0	0	0
890	E	0	0	0	0	0	0	0
891	T	0	0	0	0	0	0	0
892	R	0	0	0	0	0	0	0
893	V	0	0	0	0	0	0	0
894	G	0	0	0	0	0	0	0
895	S	0	0	0	0	0	0	0
896	A	0	0	0	0	0	0	0
897	L	0	0	0	0	0	0	0
898	K	0	0	0	0	0	0	0
899	Y	Phosphotyrosine	RVGSALKYEALRAPV	HHHHHHHHHHHCCCC	0	0	0	0
900	E	0	0	0	0	0	0	0
901	A	0	0	0	0	0	0	0
902	L	0	0	0	0	0	0	0
903	R	0	0	0	0	0	0	0
904	A	0	0	0	0	0	0	0
905	P	0	0	0	0	0	0	0
906	V	0	0	0	0	0	0	0
907	T	0	0	0	0	0	0	0
908	Q	0	0	0	0	0	0	0
909	P	0	0	0	0	0	0	0
910	R	0	0	0	0	0	0	0
911	V	0	0	0	0	0	0	0
912	L	0	0	0	0	0	0	0
913	G	0	0	0	0	0	0	0
914	S	0	0	0	0	0	0	0
915	Q	0	0	0	0	0	0	0
916	E	0	0	0	0	0	0	0
917	A	0	0	0	0	0	0	0
918	K	0	0	0	0	0	0	0
919	A	0	0	0	0	0	0	0
920	E	0	0	0	0	0	0	0
921	I	0	0	0	0	0	0	0
922	S	0	0	0	0	0	0	0
923	G	0	0	0	0	0	0	0
924	V	0	0	0	0	0	0	0
925	Q	0	0	0	0	0	0	0
926	G	0	0	0	0	0	0	0
927	S	0	0	0	0	0	0	0
928	E	0	0	0	0	0	0	0
929	T	0	0	0	0	0	0	0
930	Q	0	0	0	0	0	0	0
931	V	0	0	0	0	0	0	0
932	L	0	0	0	0	0	0	0
933	R	0	0	0	0	0	0	0
934	V	0	0	0	0	0	0	0
935	Q	0	0	0	0	0	0	0
936	E	0	0	0	0	0	0	0
937	A	0	0	0	0	0	0	0
938	E	0	0	0	0	0	0	0
939	A	0	0	0	0	0	0	0
940	G	0	0	0	0	0	0	0
941	V	0	0	0	0	0	0	0
942	W	0	0	0	0	0	0	0
943	G	0	0	0	0	0	0	0
944	M	0	0	0	0	0	0	0
945	S	0	0	0	0	0	0	0
946	E	0	0	0	0	0	0	0
947	G	0	0	0	0	0	0	0
948	K	Ubiquitinlysine	VWGMSEGKSGAWGAQ	CCCCCCCCCCCCCHH	0	0	0	0
949	S	0	0	0	0	0	0	0
950	G	0	0	0	0	0	0	0
951	A	0	0	0	0	0	0	0
952	W	0	0	0	0	0	0	0
953	G	0	0	0	0	0	0	0
954	A	0	0	0	0	0	0	0
955	Q	0	0	0	0	0	0	0
956	E	0	0	0	0	0	0	0
957	A	0	0	0	0	0	0	0
958	E	0	0	0	0	0	0	0
959	M	0	0	0	0	0	0	0
960	K	0	0	0	0	0	0	0
961	V	0	0	0	0	0	0	0
962	L	0	0	0	0	0	0	0
963	E	0	0	0	0	0	0	0
964	S	Phosphoserine	AEMKVLESPENKSGT	HEEEEECCCCCCCCC	0	0	0	0
965	P	0	0	0	0	0	0	0
966	E	0	0	0	0	0	0	0
967	N	0	0	0	0	0	0	0
968	K	0	0	0	0	0	0	0
969	S	Phosphoserine	LESPENKSGTFKAQE	ECCCCCCCCCCCHHH	0	0	0	0
970	G	0	0	0	0	0	0	0
971	T	0	0	0	0	0	0	0
972	F	0	0	0	0	0	0	0
973	K	0	0	0	0	0	0	0
974	A	0	0	0	0	0	0	0
975	Q	0	0	0	0	0	0	0
976	E	0	0	0	0	0	0	0
977	A	0	0	0	0	0	0	0
978	E	0	0	0	0	0	0	0
979	A	0	0	0	0	0	0	0
980	G	0	0	0	0	0	0	0
981	V	0	0	0	0	0	0	0
982	L	0	0	0	0	0	0	0
983	G	0	0	0	0	0	0	0
984	N	0	0	0	0	0	0	0
985	E	0	0	0	0	0	0	0
986	K	0	0	0	0	0	0	0
987	G	0	0	0	0	0	0	0
988	K	0	0	0	0	0	0	0
989	E	0	0	0	0	0	0	0
990	A	0	0	0	0	0	0	0
991	E	0	0	0	0	0	0	0
992	G	0	0	0	0	0	0	0
993	S	Phosphoserine	KGKEAEGSLTEASLP	CCCCCCCCCCCCCCC	0	0	0	0
994	L	0	0	0	0	0	0	0
995	T	Phosphothreonine	KEAEGSLTEASLPEA	CCCCCCCCCCCCCHH	0	0	0	0
996	E	0	0	0	0	0	0	0
997	A	0	0	0	0	0	0	0
998	S	Phosphoserine	EGSLTEASLPEAQVA	CCCCCCCCCCHHHHH	0	0	0	0
999	L	0	0	0	0	0	0	0
1000	P	0	0	0	0	0	0	0
1001	E	0	0	0	0	0	0	0
1002	A	0	0	0	0	0	0	0
1003	Q	0	0	0	0	0	0	0
1004	V	0	0	0	0	0	0	0
1005	A	0	0	0	0	0	0	0
1006	S	0	0	0	0	0	0	0
1007	G	0	0	0	0	0	0	0
1008	A	0	0	0	0	0	0	0
1009	G	0	0	0	0	0	0	0
1010	A	0	0	0	0	0	0	0
1011	G	0	0	0	0	0	0	0
1012	A	0	0	0	0	0	0	0
1013	P	0	0	0	0	0	0	0
1014	R	0	0	0	0	0	0	0
1015	A	0	0	0	0	0	0	0
1016	S	Phosphoserine	GAGAPRASSPEKAEE	CCCCCCCCCHHHHHH	0	0	0	0
1017	S	Phosphoserine	AGAPRASSPEKAEED	CCCCCCCCHHHHHHH	0	0	0	0
1018	P	0	0	0	0	0	0	0
1019	E	0	0	0	0	0	0	0
1020	K	0	0	0	0	0	0	0
1021	A	0	0	0	0	0	0	0
1022	E	0	0	0	0	0	0	0
1023	E	0	0	0	0	0	0	0
1024	D	0	0	0	0	0	0	0
1025	R	0	0	0	0	0	0	0
1026	R	0	0	0	0	0	0	0
1027	L	0	0	0	0	0	0	0
1028	P	0	0	0	0	0	0	0
1029	G	0	0	0	0	0	0	0
1030	S	0	0	0	0	0	0	0
1031	Q	0	0	0	0	0	0	0
1032	A	0	0	0	0	0	0	0
1033	P	0	0	0	0	0	0	0
1034	P	0	0	0	0	0	0	0
1035	A	0	0	0	0	0	0	0
1036	L	0	0	0	0	0	0	0
1037	V	0	0	0	0	0	0	0
1038	S	0	0	0	0	0	0	0
1039	S	0	0	0	0	0	0	0
1040	S	0	0	0	0	0	0	0
1041	Q	0	0	0	0	0	0	0
1042	S	0	0	0	0	0	0	0
1043	L	0	0	0	0	0	0	0
1044	L	0	0	0	0	0	0	0
1045	E	0	0	0	0	0	0	0
1046	W	0	0	0	0	0	0	0
1047	C	0	0	0	0	0	0	0
1048	Q	0	0	0	0	0	0	0
1049	E	0	0	0	0	0	0	0
1050	V	0	0	0	0	0	0	0
1051	T	0	0	0	0	0	0	0
1052	T	0	0	0	0	0	0	0
1053	G	0	0	0	0	0	0	0
1054	Y	0	0	0	0	0	0	0
1055	R	0	0	0	0	0	0	0
1056	G	0	0	0	0	0	0	0
1057	V	0	0	0	0	0	0	0
1058	R	0	0	0	0	0	0	0
1059	I	0	0	0	0	0	0	0
1060	T	0	0	0	0	0	0	0
1061	N	0	0	0	0	0	0	0
1062	F	0	0	0	0	0	0	0
1063	T	0	0	0	0	0	0	0
1064	T	0	0	0	0	0	0	0
1065	S	0	0	0	0	0	0	0
1066	W	0	0	0	0	0	0	0
1067	R	0	0	0	0	0	0	0
1068	N	0	0	0	0	0	0	0
1069	G	0	0	0	0	0	0	0
1070	L	0	0	0	0	0	0	0
1071	A	0	0	0	0	0	0	0
1072	F	0	0	0	0	0	0	0
1073	C	0	0	0	0	0	0	0
1074	A	0	0	0	0	0	0	0
1075	I	0	0	0	0	0	0	0
1076	L	0	0	0	0	0	0	0
1077	H	0	0	0	0	0	0	0
1078	R	0	0	0	0	0	0	0
1079	F	0	0	0	0	0	0	0
1080	Y	0	0	0	0	0	0	0
1081	P	0	0	0	0	0	0	0
1082	D	0	0	0	0	0	0	0
1083	K	0	0	0	0	0	0	0
1084	I	0	0	0	0	0	0	0
1085	D	0	0	0	0	0	0	0
1086	Y	0	0	0	0	0	0	0
1087	A	0	0	0	0	0	0	0
1088	S	0	0	0	0	0	0	0
1089	L	0	0	0	0	0	0	0
1090	D	0	0	0	0	0	0	0
1091	P	0	0	0	0	0	0	0
1092	L	0	0	0	0	0	0	0
1093	N	0	0	0	0	0	0	0
1094	I	0	0	0	0	0	0	0
1095	K	0	0	0	0	0	0	0
1096	Q	0	0	0	0	0	0	0
1097	N	0	0	0	0	0	0	0
1098	N	0	0	0	0	0	0	0
1099	K	0	0	0	0	0	0	0
1100	Q	0	0	0	0	0	0	0
1101	A	0	0	0	0	0	0	0
1102	F	0	0	0	0	0	0	0
1103	D	0	0	0	0	0	0	0
1104	G	0	0	0	0	0	0	0
1105	F	0	0	0	0	0	0	0
1106	A	0	0	0	0	0	0	0
1107	A	0	0	0	0	0	0	0
1108	L	0	0	0	0	0	0	0
1109	G	0	0	0	0	0	0	0
1110	V	0	0	0	0	0	0	0
1111	S	0	0	0	0	0	0	0
1112	R	0	0	0	0	0	0	0
1113	L	0	0	0	0	0	0	0
1114	L	0	0	0	0	0	0	0
1115	E	0	0	0	0	0	0	0
1116	P	0	0	0	0	0	0	0
1117	A	0	0	0	0	0	0	0
1118	D	0	0	0	0	0	0	0
1119	M	0	0	0	0	0	0	0
1120	V	0	0	0	0	0	0	0
1121	L	0	0	0	0	0	0	0
1122	L	0	0	0	0	0	0	0
1123	S	Phosphoserine	PADMVLLSVPDKLIV	CCCEEEECCCCHHHH	0	0	0	0
1124	V	0	0	0	0	0	0	0
1125	P	0	0	0	0	0	0	0
1126	D	0	0	0	0	0	0	0
1127	K	0	0	0	0	0	0	0
1128	L	0	0	0	0	0	0	0
1129	I	0	0	0	0	0	0	0
1130	V	0	0	0	0	0	0	0
1131	M	0	0	0	0	0	0	0
1132	T	0	0	0	0	0	0	0
1133	Y	0	0	0	0	0	0	0
1134	L	0	0	0	0	0	0	0
1135	C	0	0	0	0	0	0	0
1136	Q	0	0	0	0	0	0	0
1137	I	0	0	0	0	0	0	0
1138	R	0	0	0	0	0	0	0
1139	A	0	0	0	0	0	0	0
1140	F	0	0	0	0	0	0	0
1141	C	0	0	0	0	0	0	0
1142	T	0	0	0	0	0	0	0
1143	G	0	0	0	0	0	0	0
1144	Q	0	0	0	0	0	0	0
1145	E	0	0	0	0	0	0	0
1146	L	0	0	0	0	0	0	0
1147	Q	0	0	0	0	0	0	0
1148	L	0	0	0	0	0	0	0
1149	V	0	0	0	0	0	0	0
1150	Q	0	0	0	0	0	0	0
1151	L	0	0	0	0	0	0	0
1152	E	0	0	0	0	0	0	0
1153	G	0	0	0	0	0	0	0
1154	G	0	0	0	0	0	0	0
1155	G	0	0	0	0	0	0	0
1156	G	0	0	0	0	0	0	0
1157	A	0	0	0	0	0	0	0
1158	G	0	0	0	0	0	0	0
1159	T	0	0	0	0	0	0	0
1160	Y	0	0	0	0	0	0	0
1161	R	0	0	0	0	0	0	0
1162	V	0	0	0	0	0	0	0
1163	G	0	0	0	0	0	0	0
1164	S	Phosphoserine	AGTYRVGSAQPSPPD	CCEEECCCCCCCCCC	0	0	0	0
1165	A	0	0	0	0	0	0	0
1166	Q	0	0	0	0	0	0	0
1167	P	0	0	0	0	0	0	0
1168	S	Phosphoserine	RVGSAQPSPPDDLDA	ECCCCCCCCCCCCCC	0	0	0	0
1169	P	0	0	0	0	0	0	0
1170	P	0	0	0	0	0	0	0
1171	D	0	0	0	0	0	0	0
1172	D	0	0	0	0	0	0	0
1173	L	0	0	0	0	0	0	0
1174	D	0	0	0	0	0	0	0
1175	A	0	0	0	0	0	0	0
1176	G	0	0	0	0	0	0	0
1177	G	0	0	0	0	0	0	0
1178	L	0	0	0	0	0	0	0
1179	A	0	0	0	0	0	0	0
1180	Q	0	0	0	0	0	0	0
1181	R	0	0	0	0	0	0	0
1182	L	0	0	0	0	0	0	0
1183	R	0	0	0	0	0	0	0
1184	G	0	0	0	0	0	0	0
1185	H	0	0	0	0	0	0	0
1186	G	0	0	0	0	0	0	0
1187	A	0	0	0	0	0	0	0
1188	E	0	0	0	0	0	0	0
1189	G	0	0	0	0	0	0	0
1190	P	0	0	0	0	0	0	0
1191	Q	0	0	0	0	0	0	0
1192	E	0	0	0	0	0	0	0
1193	P	0	0	0	0	0	0	0
1194	K	0	0	0	0	0	0	0
1195	E	0	0	0	0	0	0	0
1196	A	0	0	0	0	0	0	0
1197	A	0	0	0	0	0	0	0
1198	D	0	0	0	0	0	0	0
1199	R	0	0	0	0	0	0	0
1200	A	0	0	0	0	0	0	0
1201	D	0	0	0	0	0	0	0
1202	G	0	0	0	0	0	0	0
1203	A	0	0	0	0	0	0	0
1204	A	0	0	0	0	0	0	0
1205	P	0	0	0	0	0	0	0
1206	G	0	0	0	0	0	0	0
1207	V	0	0	0	0	0	0	0
1208	A	0	0	0	0	0	0	0
1209	S	0	0	0	0	0	0	0
1210	R	0	0	0	0	0	0	0
1211	N	0	0	0	0	0	0	0
1212	A	0	0	0	0	0	0	0
1213	V	0	0	0	0	0	0	0
1214	A	0	0	0	0	0	0	0
1215	G	0	0	0	0	0	0	0
1216	R	0	0	0	0	0	0	0
1217	A	0	0	0	0	0	0	0
1218	S	0	0	0	0	0	0	0
1219	K	0	0	0	0	0	0	0
1220	D	0	0	0	0	0	0	0
1221	G	0	0	0	0	0	0	0
1222	G	0	0	0	0	0	0	0
1223	A	0	0	0	0	0	0	0
1224	E	0	0	0	0	0	0	0
1225	A	0	0	0	0	0	0	0
1226	P	0	0	0	0	0	0	0
1227	R	0	0	0	0	0	0	0
1228	E	0	0	0	0	0	0	0
1229	S	0	0	0	0	0	0	0
1230	R	0	0	0	0	0	0	0
1231	P	0	0	0	0	0	0	0
1232	A	0	0	0	0	0	0	0
1233	E	0	0	0	0	0	0	0
1234	V	0	0	0	0	0	0	0
1235	P	0	0	0	0	0	0	0
1236	A	0	0	0	0	0	0	0
1237	E	0	0	0	0	0	0	0
1238	G	0	0	0	0	0	0	0
1239	L	0	0	0	0	0	0	0
1240	V	0	0	0	0	0	0	0
1241	N	0	0	0	0	0	0	0
1242	G	0	0	0	0	0	0	0
1243	A	0	0	0	0	0	0	0
1244	G	0	0	0	0	0	0	0
1245	A	0	0	0	0	0	0	0
1246	P	0	0	0	0	0	0	0
1247	G	0	0	0	0	0	0	0
1248	G	0	0	0	0	0	0	0
1249	G	0	0	0	0	0	0	0
1250	G	0	0	0	0	0	0	0
1251	V	0	0	0	0	0	0	0
1252	R	0	0	0	0	0	0	0
1253	L	0	0	0	0	0	0	0
1254	R	0	0	0	0	0	0	0
1255	R	0	0	0	0	0	0	0
1256	P	0	0	0	0	0	0	0
1257	S	Phosphoserine	GVRLRRPSVNGEPGS	CEEECCCCCCCCCCC	0	0	0	0
1258	V	0	0	0	0	0	0	0
1259	N	0	0	0	0	0	0	0
1260	G	0	0	0	0	0	0	0
1261	E	0	0	0	0	0	0	0
1262	P	0	0	0	0	0	0	0
1263	G	0	0	0	0	0	0	0
1264	S	Phosphoserine	SVNGEPGSVPPPRAH	CCCCCCCCCCCCCCC	0	0	0	0
1265	V	0	0	0	0	0	0	0
1266	P	0	0	0	0	0	0	0
1267	P	0	0	0	0	0	0	0
1268	P	0	0	0	0	0	0	0
1269	R	0	0	0	0	0	0	0
1270	A	0	0	0	0	0	0	0
1271	H	0	0	0	0	0	0	0
1272	G	0	0	0	0	0	0	0
1273	S	Phosphoserine	PPPRAHGSFSHVRDA	CCCCCCCCCCCCCCH	0	0	0	0
1274	F	0	0	0	0	0	0	0
1275	S	Phosphoserine	PRAHGSFSHVRDADL	CCCCCCCCCCCCHHH	0	0	0	0
1276	H	0	0	0	0	0	0	0
1277	V	0	0	0	0	0	0	0
1278	R	0	0	0	0	0	0	0
1279	D	0	0	0	0	0	0	0
1280	A	0	0	0	0	0	0	0
1281	D	0	0	0	0	0	0	0
1282	L	0	0	0	0	0	0	0
1283	L	0	0	0	0	0	0	0
1284	K	0	0	0	0	0	0	0
1285	K	0	0	0	0	0	0	0
1286	R	0	0	0	0	0	0	0
1287	R	0	0	0	0	0	0	0
1288	S	0	0	0	0	0	0	0
1289	R	0	0	0	0	0	0	0
1290	L	0	0	0	0	0	0	0
1291	R	0	0	0	0	0	0	0
1292	N	0	0	0	0	0	0	0
1293	S	0	0	0	0	0	0	0
1294	S	0	0	0	0	0	0	0
1295	S	0	0	0	0	0	0	0
1296	F	0	0	0	0	0	0	0
1297	S	0	0	0	0	0	0	0
1298	M	0	0	0	0	0	0	0
1299	D	0	0	0	0	0	0	0
1300	D	0	0	0	0	0	0	0
1301	P	0	0	0	0	0	0	0
1302	D	0	0	0	0	0	0	0
1303	A	0	0	0	0	0	0	0
1304	G	0	0	0	0	0	0	0
1305	A	0	0	0	0	0	0	0
1306	M	0	0	0	0	0	0	0
1307	G	0	0	0	0	0	0	0
1308	A	0	0	0	0	0	0	0
1309	A	0	0	0	0	0	0	0
1310	A	0	0	0	0	0	0	0
1311	A	0	0	0	0	0	0	0
1312	E	0	0	0	0	0	0	0
1313	G	0	0	0	0	0	0	0
1314	Q	0	0	0	0	0	0	0
1315	A	0	0	0	0	0	0	0
1316	P	0	0	0	0	0	0	0
1317	D	0	0	0	0	0	0	0
1318	P	0	0	0	0	0	0	0
1319	S	0	0	0	0	0	0	0
1320	P	0	0	0	0	0	0	0
1321	A	0	0	0	0	0	0	0
1322	P	0	0	0	0	0	0	0
1323	G	0	0	0	0	0	0	0
1324	P	0	0	0	0	0	0	0
1325	P	0	0	0	0	0	0	0
1326	T	0	0	0	0	0	0	0
1327	A	0	0	0	0	0	0	0
1328	A	0	0	0	0	0	0	0
1329	D	0	0	0	0	0	0	0
1330	S	0	0	0	0	0	0	0
1331	Q	0	0	0	0	0	0	0
1332	Q	0	0	0	0	0	0	0
1333	P	0	0	0	0	0	0	0
1334	P	0	0	0	0	0	0	0
1335	G	0	0	0	0	0	0	0
1336	G	0	0	0	0	0	0	0
1337	S	0	0	0	0	0	0	0
1338	S	0	0	0	0	0	0	0
1339	P	0	0	0	0	0	0	0
1340	S	0	0	0	0	0	0	0
1341	E	0	0	0	0	0	0	0
1342	E	0	0	0	0	0	0	0
1343	P	0	0	0	0	0	0	0
1344	P	0	0	0	0	0	0	0
1345	P	0	0	0	0	0	0	0
1346	S	Phosphoserine	PSEEPPPSPGEEAGL	CCCCCCCCCCHHHHH	0	0	0	0
1347	P	0	0	0	0	0	0	0
1348	G	0	0	0	0	0	0	0
1349	E	0	0	0	0	0	0	0
1350	E	0	0	0	0	0	0	0
1351	A	0	0	0	0	0	0	0
1352	G	0	0	0	0	0	0	0
1353	L	0	0	0	0	0	0	0
1354	Q	0	0	0	0	0	0	0
1355	R	0	0	0	0	0	0	0
1356	F	0	0	0	0	0	0	0
1357	Q	0	0	0	0	0	0	0
1358	D	0	0	0	0	0	0	0
1359	T	Phosphothreonine	GLQRFQDTSQYVCAE	HHHHHHHHHHHHHHH	0	0	0	0
1360	S	0	0	0	0	0	0	0
1361	Q	0	0	0	0	0	0	0
1362	Y	Phosphotyrosine	RFQDTSQYVCAELQA	HHHHHHHHHHHHHHH	0	0	0	0
1363	V	0	0	0	0	0	0	0
1364	C	0	0	0	0	0	0	0
1365	A	0	0	0	0	0	0	0
1366	E	0	0	0	0	0	0	0
1367	L	0	0	0	0	0	0	0
1368	Q	0	0	0	0	0	0	0
1369	A	0	0	0	0	0	0	0
1370	L	0	0	0	0	0	0	0
1371	E	0	0	0	0	0	0	0
1372	Q	0	0	0	0	0	0	0
1373	E	0	0	0	0	0	0	0
1374	Q	0	0	0	0	0	0	0
1375	R	0	0	0	0	0	0	0
1376	Q	0	0	0	0	0	0	0
1377	I	0	0	0	0	0	0	0
1378	D	0	0	0	0	0	0	0
1379	G	0	0	0	0	0	0	0
1380	R	0	0	0	0	0	0	0
1381	A	0	0	0	0	0	0	0
1382	A	0	0	0	0	0	0	0
1383	E	0	0	0	0	0	0	0
1384	V	0	0	0	0	0	0	0
1385	E	0	0	0	0	0	0	0
1386	M	0	0	0	0	0	0	0
1387	Q	0	0	0	0	0	0	0
1388	L	0	0	0	0	0	0	0
1389	R	0	0	0	0	0	0	0
1390	S	0	0	0	0	0	0	0
1391	L	0	0	0	0	0	0	0
1392	M	0	0	0	0	0	0	0
1393	E	0	0	0	0	0	0	0
1394	S	0	0	0	0	0	0	0
1395	G	0	0	0	0	0	0	0
1396	A	0	0	0	0	0	0	0
1397	N	0	0	0	0	0	0	0
1398	K	0	0	0	0	0	0	0
1399	L	0	0	0	0	0	0	0
1400	Q	0	0	0	0	0	0	0
1401	E	0	0	0	0	0	0	0
1402	E	0	0	0	0	0	0	0
1403	V	0	0	0	0	0	0	0
1404	L	0	0	0	0	0	0	0
1405	I	0	0	0	0	0	0	0
1406	Q	0	0	0	0	0	0	0
1407	E	0	0	0	0	0	0	0
1408	W	0	0	0	0	0	0	0
1409	F	0	0	0	0	0	0	0
1410	T	0	0	0	0	0	0	0
1411	L	0	0	0	0	0	0	0
1412	V	0	0	0	0	0	0	0
1413	N	0	0	0	0	0	0	0
1414	K	0	0	0	0	0	0	0
1415	K	0	0	0	0	0	0	0
1416	N	0	0	0	0	0	0	0
1417	A	0	0	0	0	0	0	0
1418	L	0	0	0	0	0	0	0
1419	I	0	0	0	0	0	0	0
1420	R	0	0	0	0	0	0	0
1421	R	0	0	0	0	0	0	0
1422	Q	0	0	0	0	0	0	0
1423	D	0	0	0	0	0	0	0
1424	Q	0	0	0	0	0	0	0
1425	L	0	0	0	0	0	0	0
1426	Q	0	0	0	0	0	0	0
1427	L	0	0	0	0	0	0	0
1428	L	0	0	0	0	0	0	0
1429	M	0	0	0	0	0	0	0
1430	E	0	0	0	0	0	0	0
1431	E	0	0	0	0	0	0	0
1432	Q	0	0	0	0	0	0	0
1433	D	0	0	0	0	0	0	0
1434	L	0	0	0	0	0	0	0
1435	E	0	0	0	0	0	0	0
1436	R	0	0	0	0	0	0	0
1437	R	0	0	0	0	0	0	0
1438	F	0	0	0	0	0	0	0
1439	E	0	0	0	0	0	0	0
1440	L	0	0	0	0	0	0	0
1441	L	0	0	0	0	0	0	0
1442	S	0	0	0	0	0	0	0
1443	R	0	0	0	0	0	0	0
1444	E	0	0	0	0	0	0	0
1445	L	0	0	0	0	0	0	0
1446	R	0	0	0	0	0	0	0
1447	A	0	0	0	0	0	0	0
1448	M	0	0	0	0	0	0	0
1449	L	0	0	0	0	0	0	0
1450	A	0	0	0	0	0	0	0
1451	I	0	0	0	0	0	0	0
1452	E	0	0	0	0	0	0	0
1453	D	0	0	0	0	0	0	0
1454	W	0	0	0	0	0	0	0
1455	Q	0	0	0	0	0	0	0
1456	K	0	0	0	0	0	0	0
1457	T	0	0	0	0	0	0	0
1458	S	0	0	0	0	0	0	0
1459	A	0	0	0	0	0	0	0
1460	Q	0	0	0	0	0	0	0
1461	Q	0	0	0	0	0	0	0
1462	H	0	0	0	0	0	0	0
1463	R	0	0	0	0	0	0	0
1464	E	0	0	0	0	0	0	0
1465	Q	0	0	0	0	0	0	0
1466	L	0	0	0	0	0	0	0
1467	L	0	0	0	0	0	0	0
1468	L	0	0	0	0	0	0	0
1469	E	0	0	0	0	0	0	0
1470	E	0	0	0	0	0	0	0
1471	L	0	0	0	0	0	0	0
1472	V	0	0	0	0	0	0	0
1473	S	0	0	0	0	0	0	0
1474	L	0	0	0	0	0	0	0
1475	V	0	0	0	0	0	0	0
1476	N	0	0	0	0	0	0	0
1477	Q	0	0	0	0	0	0	0
1478	R	0	0	0	0	0	0	0
1479	D	0	0	0	0	0	0	0
1480	E	0	0	0	0	0	0	0
1481	L	0	0	0	0	0	0	0
1482	V	0	0	0	0	0	0	0
1483	R	0	0	0	0	0	0	0
1484	D	0	0	0	0	0	0	0
1485	L	0	0	0	0	0	0	0
1486	D	0	0	0	0	0	0	0
1487	H	0	0	0	0	0	0	0
1488	K	0	0	0	0	0	0	0
1489	E	0	0	0	0	0	0	0
1490	R	0	0	0	0	0	0	0
1491	I	0	0	0	0	0	0	0
1492	A	0	0	0	0	0	0	0
1493	L	0	0	0	0	0	0	0
1494	E	0	0	0	0	0	0	0
1495	E	0	0	0	0	0	0	0
1496	D	0	0	0	0	0	0	0
1497	E	0	0	0	0	0	0	0
1498	R	0	0	0	0	0	0	0
1499	L	0	0	0	0	0	0	0
1500	E	0	0	0	0	0	0	0
1501	R	0	0	0	0	0	0	0
1502	G	0	0	0	0	0	0	0
1503	L	0	0	0	0	0	0	0
1504	E	0	0	0	0	0	0	0
1505	Q	0	0	0	0	0	0	0
1506	R	0	0	0	0	0	0	0
1507	R	0	0	0	0	0	0	0
1508	R	0	0	0	0	0	0	0
1509	K	0	0	0	0	0	0	0
1510	L	0	0	0	0	0	0	0
1511	S	Phosphoserine	EQRRRKLSRQLSRRE	HHHHHHHHHHHHHHH	0	0	0	0
1512	R	0	0	0	0	0	0	0
1513	Q	0	0	0	0	0	0	0
1514	L	0	0	0	0	0	0	0
1515	S	Phosphoserine	RKLSRQLSRRERCVL	HHHHHHHHHHHHHCC	0	0	0	0
1516	R	0	0	0	0	0	0	0
1517	R	0	0	0	0	0	0	0
1518	E	0	0	0	0	0	0	0
1519	R	0	0	0	0	0	0	0
1520	C	0	0	0	0	0	0	0
1521	V	0	0	0	0	0	0	0
1522	L	0	0	0	0	0	0	0
1523	S	0	0	0	0	0	0	0
