location	residue	Modification	seq	secStruc	RelatedDisease	VariantPosition	ResidueChange	DaPSbySAP
1	M	0	0	0	0	0	0	0
2	A	0	0	0	0	0	0	0
3	E	0	0	0	0	0	0	0
4	G	0	0	0	0	0	0	0
5	L	0	0	0	0	0	0	0
6	E	0	0	0	0	0	0	0
7	R	0	0	0	0	0	0	0
8	V	0	0	0	0	0	0	0
9	R	0	0	0	0	0	0	0
10	I	0	0	0	0	0	0	0
11	S	0	0	0	0	0	0	0
12	A	0	0	0	0	0	0	0
13	S	0	0	0	0	0	0	0
14	E	0	0	0	0	0	0	0
15	L	0	0	0	0	0	0	0
16	R	0	0	0	0	0	0	0
17	G	0	0	0	0	0	0	0
18	I	0	0	0	0	0	0	0
19	L	0	0	0	0	0	0	0
20	A	0	0	0	0	0	0	0
21	T	0	0	0	0	0	0	0
22	L	0	0	0	0	0	0	0
23	A	0	0	0	0	0	0	0
24	P	0	0	0	0	0	0	0
25	Q	0	0	0	0	0	0	0
26	A	0	0	0	0	0	0	0
27	G	0	0	0	0	0	0	0
28	S	0	0	0	0	0	0	0
29	R	0	0	0	0	0	0	0
30	E	0	0	0	0	0	0	0
31	N	0	0	0	0	0	0	0
32	M	0	0	0	0	0	0	0
33	K	0	0	0	0	0	0	0
34	E	0	0	0	0	0	0	0
35	L	0	0	0	0	0	0	0
36	K	0	0	0	0	0	0	0
37	E	0	0	0	0	0	0	0
38	A	0	0	0	0	0	0	0
39	R	0	0	0	0	0	0	0
40	P	0	0	0	0	0	0	0
41	R	0	0	0	0	0	0	0
42	K	0	0	0	0	0	0	0
43	D	0	0	0	0	0	0	0
44	N	0	0	0	0	0	0	0
45	R	0	0	0	0	0	0	0
46	R	0	0	0	0	0	0	0
47	P	0	0	0	0	0	0	0
48	D	0	0	0	0	0	0	0
49	L	0	0	0	0	0	0	0
50	E	0	0	0	0	0	0	0
51	I	0	0	0	0	0	0	0
52	Y	Phosphotyrosine	RRPDLEIYKPGLSRL	CCCCCCCCCCCHHHH	0	0	0	0
53	K	N6-acetyllysine	RPDLEIYKPGLSRLR	CCCCCCCCCCHHHHC	0	0	0	0
54	P	0	0	0	0	0	0	0
55	G	0	0	0	0	0	0	0
56	L	0	0	0	0	0	0	0
57	S	Phosphoserine	EIYKPGLSRLRNKPK	CCCCCCHHHHCCCCC	0	0	0	0
58	R	0	0	0	0	0	0	0
59	L	0	0	0	0	0	0	0
60	R	0	0	0	0	0	0	0
61	N	0	0	0	0	0	0	0
62	K	0	0	0	0	0	0	0
63	P	0	0	0	0	0	0	0
64	K	0	0	0	0	0	0	0
65	I	0	0	0	0	0	0	0
66	K	0	0	0	0	0	0	0
67	E	0	0	0	0	0	0	0
68	P	0	0	0	0	0	0	0
69	P	0	0	0	0	0	0	0
70	G	0	0	0	0	0	0	0
71	S	0	0	0	0	0	0	0
72	E	0	0	0	0	0	0	0
73	E	0	0	0	0	0	0	0
74	F	0	0	0	0	0	0	0
75	K	0	0	0	0	0	0	0
76	D	0	0	0	0	0	0	0
77	E	0	0	0	0	0	0	0
78	I	0	0	0	0	0	0	0
79	V	0	0	0	0	0	0	0
80	N	0	0	0	0	0	0	0
81	D	0	0	0	0	0	0	0
82	R	0	0	0	0	0	0	0
83	D	0	0	0	0	0	0	0
84	C	0	0	0	0	0	0	0
85	S	0	0	0	0	0	0	0
86	A	0	0	0	0	0	0	0
87	V	0	0	0	0	0	0	0
88	E	0	0	0	0	0	0	0
89	N	0	0	0	0	0	0	0
90	G	0	0	0	0	0	0	0
91	T	0	0	0	0	0	0	0
92	Q	0	0	0	0	0	0	0
93	P	0	0	0	0	0	0	0
94	V	0	0	0	0	0	0	0
95	K	0	0	0	0	0	0	0
96	D	0	0	0	0	0	0	0
97	V	0	0	0	0	0	0	0
98	C	0	0	0	0	0	0	0
99	K	0	0	0	0	0	0	0
100	E	0	0	0	0	0	0	0
101	L	0	0	0	0	0	0	0
102	N	0	0	0	0	0	0	0
103	N	0	0	0	0	0	0	0
104	Q	0	0	0	0	0	0	0
105	E	0	0	0	0	0	0	0
106	Q	0	0	0	0	0	0	0
107	N	0	0	0	0	0	0	0
108	G	0	0	0	0	0	0	0
109	P	0	0	0	0	0	0	0
110	I	0	0	0	0	0	0	0
111	D	0	0	0	0	0	0	0
112	P	0	0	0	0	0	0	0
113	E	0	0	0	0	0	0	0
114	N	0	0	0	0	0	0	0
115	N	0	0	0	0	0	0	0
116	R	0	0	0	0	0	0	0
117	G	0	0	0	0	0	0	0
118	Q	0	0	0	0	0	0	0
119	E	0	0	0	0	0	0	0
120	S	0	0	0	0	0	0	0
121	F	0	0	0	0	0	0	0
122	P	0	0	0	0	0	0	0
123	R	0	0	0	0	0	0	0
124	T	0	0	0	0	0	0	0
125	A	0	0	0	0	0	0	0
126	G	0	0	0	0	0	0	0
127	Q	0	0	0	0	0	0	0
128	E	0	0	0	0	0	0	0
129	D	0	0	0	0	0	0	0
130	R	0	0	0	0	0	0	0
131	S	0	0	0	0	0	0	0
132	L	0	0	0	0	0	0	0
133	K	0	0	0	0	0	0	0
134	I	0	0	0	0	0	0	0
135	I	0	0	0	0	0	0	0
136	K	0	0	0	0	0	0	0
137	R	0	0	0	0	0	0	0
138	T	Phosphothreonine	SLKIIKRTKKPDLQI	HHHHHHCCCCCCCEE	0	0	0	0
139	K	0	0	0	0	0	0	0
140	K	0	0	0	0	0	0	0
141	P	0	0	0	0	0	0	0
142	D	0	0	0	0	0	0	0
143	L	0	0	0	0	0	0	0
144	Q	0	0	0	0	0	0	0
145	I	0	0	0	0	0	0	0
146	Y	Phosphotyrosine	KKPDLQIYQPGRRLQ	CCCCCEEECCCCCEE	0	0	0	0
147	Q	0	0	0	0	0	0	0
148	P	0	0	0	0	0	0	0
149	G	0	0	0	0	0	0	0
150	R	0	0	0	0	0	0	0
151	R	0	0	0	0	0	0	0
152	L	0	0	0	0	0	0	0
153	Q	0	0	0	0	0	0	0
154	T	0	0	0	0	0	0	0
155	V	0	0	0	0	0	0	0
156	S	0	0	0	0	0	0	0
157	K	N6-acetyllysine	RRLQTVSKESASRVE	CCEEECCHHHHCHHC	0	0	0	0
158	E	0	0	0	0	0	0	0
159	S	0	0	0	0	0	0	0
160	A	0	0	0	0	0	0	0
161	S	0	0	0	0	0	0	0
162	R	0	0	0	0	0	0	0
163	V	0	0	0	0	0	0	0
164	E	0	0	0	0	0	0	0
165	E	0	0	0	0	0	0	0
166	E	0	0	0	0	0	0	0
167	E	0	0	0	0	0	0	0
168	V	0	0	0	0	0	0	0
169	L	0	0	0	0	0	0	0
170	N	0	0	0	0	0	0	0
171	Q	0	0	0	0	0	0	0
172	V	0	0	0	0	0	0	0
173	E	0	0	0	0	0	0	0
174	Q	0	0	0	0	0	0	0
175	L	0	0	0	0	0	0	0
176	R	0	0	0	0	0	0	0
177	V	0	0	0	0	0	0	0
178	E	0	0	0	0	0	0	0
179	E	0	0	0	0	0	0	0
180	D	0	0	0	0	0	0	0
181	E	0	0	0	0	0	0	0
182	C	0	0	0	0	0	0	0
183	R	0	0	0	0	0	0	0
184	G	0	0	0	0	0	0	0
185	N	0	0	0	0	0	0	0
186	V	0	0	0	0	0	0	0
187	A	0	0	0	0	0	0	0
188	K	0	0	0	0	0	0	0
189	E	0	0	0	0	0	0	0
190	E	0	0	0	0	0	0	0
191	V	0	0	0	0	0	0	0
192	A	0	0	0	0	0	0	0
193	N	0	0	0	0	0	0	0
194	K	0	0	0	0	0	0	0
195	P	0	0	0	0	0	0	0
196	D	0	0	0	0	0	0	0
197	R	0	0	0	0	0	0	0
198	A	0	0	0	0	0	0	0
199	E	0	0	0	0	0	0	0
200	I	0	0	0	0	0	0	0
201	E	0	0	0	0	0	0	0
202	K	0	0	0	0	0	0	0
203	S	Phosphoserine	DRAEIEKSPGGGRVG	CHHHHHCCCCCCCCC	0	0	0	0
204	P	0	0	0	0	0	0	0
205	G	0	0	0	0	0	0	0
206	G	0	0	0	0	0	0	0
207	G	0	0	0	0	0	0	0
208	R	0	0	0	0	0	0	0
209	V	0	0	0	0	0	0	0
210	G	0	0	0	0	0	0	0
211	A	0	0	0	0	0	0	0
212	A	0	0	0	0	0	0	0
213	K	0	0	0	0	0	0	0
214	G	0	0	0	0	0	0	0
215	E	0	0	0	0	0	0	0
216	K	0	0	0	0	0	0	0
217	G	0	0	0	0	0	0	0
218	K	0	0	0	0	0	0	0
219	R	0	0	0	0	0	0	0
220	M	0	0	0	0	0	0	0
221	G	0	0	0	0	0	0	0
222	K	0	0	0	0	0	0	0
223	G	0	0	0	0	0	0	0
224	E	0	0	0	0	0	0	0
225	G	0	0	0	0	0	0	0
226	V	0	0	0	0	0	0	0
227	R	0	0	0	0	0	0	0
228	E	0	0	0	0	0	0	0
229	T	0	0	0	0	0	0	0
230	H	0	0	0	0	0	0	0
231	D	0	0	0	0	0	0	0
232	D	0	0	0	0	0	0	0
233	P	0	0	0	0	0	0	0
234	A	0	0	0	0	0	0	0
235	R	0	0	0	0	0	0	0
236	G	0	0	0	0	0	0	0
237	R	0	0	0	0	0	0	0
238	P	0	0	0	0	0	0	0
239	G	0	0	0	0	0	0	0
240	S	Phosphoserine	PARGRPGSAKRYSRS	CCCCCCCCHHCCCCC	0	0	0	0
241	A	0	0	0	0	0	0	0
242	K	0	0	0	0	0	0	0
243	R	0	0	0	0	0	0	0
244	Y	0	0	0	0	0	0	0
245	S	Phosphoserine	PGSAKRYSRSDKRRN	CCCHHCCCCCHHHHH	0	0	0	0
246	R	0	0	0	0	0	0	0
247	S	Phosphoserine	SAKRYSRSDKRRNRY	CHHCCCCCHHHHHCC	0	0	0	0
248	D	0	0	0	0	0	0	0
249	K	0	0	0	0	0	0	0
250	R	0	0	0	0	0	0	0
251	R	0	0	0	0	0	0	0
252	N	0	0	0	0	0	0	0
253	R	0	0	0	0	0	0	0
254	Y	0	0	0	0	0	0	0
255	R	0	0	0	0	0	0	0
256	T	Phosphothreonine	KRRNRYRTRSTSSAG	HHHHCCCCCCCCCCC	Intraocular pressure:intraocular pressure measurement	263 (7)	0	0
257	R	0	0	0	0	0	0	0
258	S	Phosphoserine	RNRYRTRSTSSAGSN	HHCCCCCCCCCCCCC	Intraocular pressure:intraocular pressure measurement	263 (5)	0	0
259	T	Phosphothreonine	NRYRTRSTSSAGSNN	HCCCCCCCCCCCCCC	Intraocular pressure:intraocular pressure measurement	263 (4)	0	0
260	S	Phosphoserine	RYRTRSTSSAGSNNS	CCCCCCCCCCCCCCC	Intraocular pressure:intraocular pressure measurement	263 (3)	0	0
261	S	Phosphoserine	YRTRSTSSAGSNNSA	CCCCCCCCCCCCCCC	Intraocular pressure:intraocular pressure measurement	263 (2)	0	0
262	A	0	0	0	0	0	0	0
263	G	0	0	0	0	0	Q	256,258,259,260,261,267
264	S	0	0	0	0	0	0	0
265	N	0	0	0	0	0	0	0
266	N	0	0	0	0	0	0	0
267	S	Phosphoserine	SSAGSNNSAEGAGLT	CCCCCCCCCCCCCCC	Intraocular pressure:intraocular pressure measurement	263 (4)	0	0
268	A	0	0	0	0	0	0	0
269	E	0	0	0	0	0	0	0
270	G	0	0	0	0	0	0	0
271	A	0	0	0	0	0	0	0
272	G	0	0	0	0	0	0	0
273	L	0	0	0	0	0	0	0
274	T	0	0	0	0	0	0	0
275	D	0	0	0	0	0	0	0
276	N	0	0	0	0	0	0	0
277	G	0	0	0	0	0	0	0
278	C	0	0	0	0	0	0	0
279	R	0	0	0	0	0	0	0
280	R	0	0	0	0	0	0	0
281	R	0	0	0	0	0	0	0
282	R	0	0	0	0	0	0	0
283	Q	0	0	0	0	0	0	0
284	D	0	0	0	0	0	0	0
285	R	0	0	0	0	0	0	0
286	T	0	0	0	0	0	0	0
287	K	0	0	0	0	0	0	0
288	E	0	0	0	0	0	0	0
289	R	0	0	0	0	0	0	0
290	P	0	0	0	0	0	0	0
291	R	0	0	0	0	0	0	0
292	L	0	0	0	0	0	0	0
293	K	0	0	0	0	0	0	0
294	K	0	0	0	0	0	0	0
295	Q	0	0	0	0	0	0	0
296	V	0	0	0	0	0	0	0
297	S	0	0	0	0	0	0	0
298	V	0	0	0	0	0	0	0
299	S	0	0	0	0	0	0	0
300	S	0	0	0	0	0	0	0
301	T	0	0	0	0	0	0	0
302	D	0	0	0	0	0	0	0
303	S	0	0	0	0	0	0	0
304	L	0	0	0	0	0	0	0
305	D	0	0	0	0	0	0	0
306	E	0	0	0	0	0	0	0
307	D	0	0	0	0	0	0	0
308	R	0	0	0	0	0	0	0
309	I	0	0	0	0	0	0	0
310	D	0	0	0	0	0	0	0
311	E	0	0	0	0	0	0	0
312	P	0	0	0	0	0	0	0
313	D	0	0	0	0	0	0	0
314	G	0	0	0	0	0	0	0
315	L	0	0	0	0	0	0	0
316	G	0	0	0	0	0	0	0
317	P	0	0	0	0	0	0	0
318	R	0	0	0	0	0	0	0
319	R	0	0	0	0	0	0	0
320	S	0	0	0	0	0	0	0
321	S	0	0	0	0	0	0	0
322	E	0	0	0	0	0	0	0
323	R	0	0	0	0	0	0	0
324	K	0	0	0	0	0	0	0
325	R	0	0	0	0	0	0	0
326	H	0	0	0	0	0	0	0
327	L	0	0	0	0	0	0	0
328	E	0	0	0	0	0	0	0
329	R	0	0	0	0	0	0	0
330	N	0	0	0	0	0	0	0
331	W	0	0	0	0	0	0	0
332	S	Phosphoserine	RHLERNWSGRGEGEQ	HHHHHHCCCCCCCCC	0	0	0	0
333	G	0	0	0	0	0	0	0
334	R	0	0	0	0	0	0	0
335	G	0	0	0	0	0	0	0
336	E	0	0	0	0	0	0	0
337	G	0	0	0	0	0	0	0
338	E	0	0	0	0	0	0	0
339	Q	0	0	0	0	0	0	0
340	K	0	0	0	0	0	0	0
341	N	0	0	0	0	0	0	0
342	S	0	0	0	0	0	0	0
343	A	0	0	0	0	0	0	0
344	K	0	0	0	0	0	0	0
345	E	0	0	0	0	0	0	0
346	Y	0	0	0	0	0	0	0
347	R	0	0	0	0	0	0	0
348	G	0	0	0	0	0	0	0
349	T	0	0	0	0	0	0	0
350	L	0	0	0	0	0	0	0
351	R	0	0	0	0	0	0	0
352	V	0	0	0	0	0	0	0
353	T	0	0	0	0	0	0	0
354	F	0	0	0	0	0	0	0
355	D	0	0	0	0	0	0	0
356	A	0	0	0	0	0	0	0
357	E	0	0	0	0	0	0	0
358	A	0	0	0	0	0	0	0
359	M	0	0	0	0	0	0	0
360	N	0	0	0	0	0	0	0
361	K	0	0	0	0	0	0	0
362	E	0	0	0	0	0	0	0
363	S	Phosphoserine	AEAMNKESPMVRSAR	HHHHCCCCCCHHHCH	0	0	0	0
364	P	0	0	0	0	0	0	0
365	M	0	0	0	0	0	0	0
366	V	0	0	0	0	0	0	0
367	R	0	0	0	0	0	0	0
368	S	0	0	0	0	0	0	0
369	A	0	0	0	0	0	0	0
370	R	0	0	0	0	0	0	0
371	D	0	0	0	0	0	0	0
372	D	0	0	0	0	0	0	0
373	M	0	0	0	0	0	0	0
374	D	0	0	0	0	0	0	0
375	R	0	0	0	0	0	0	0
376	G	0	0	0	0	0	0	0
377	K	0	0	0	0	0	0	0
378	P	0	0	0	0	0	0	0
379	D	0	0	0	0	0	0	0
380	K	0	0	0	0	0	0	0
381	G	0	0	0	0	0	0	0
382	L	0	0	0	0	0	0	0
383	S	0	0	0	0	0	0	0
384	S	0	0	0	0	0	0	0
385	G	0	0	0	0	0	0	0
386	G	0	0	0	0	0	0	0
387	K	0	0	0	0	0	0	0
388	G	0	0	0	0	0	0	0
389	S	0	0	0	0	0	0	0
390	E	0	0	0	0	0	0	0
391	K	0	0	0	0	0	0	0
392	Q	0	0	0	0	0	0	0
393	E	0	0	0	0	0	0	0
394	S	0	0	0	0	0	0	0
395	K	0	0	0	0	0	0	0
396	N	0	0	0	0	0	0	0
397	P	0	0	0	0	0	0	0
398	K	0	0	0	0	0	0	0
399	Q	0	0	0	0	0	0	0
400	E	0	0	0	0	0	0	0
401	L	0	0	0	0	0	0	0
402	R	0	0	0	0	0	0	0
403	G	0	0	0	0	0	0	0
404	R	0	0	0	0	0	0	0
405	G	0	0	0	0	0	0	0
406	R	0	0	0	0	0	0	0
407	G	0	0	0	0	0	0	0
408	I	0	0	0	0	0	0	0
409	L	0	0	0	0	0	0	0
410	I	0	0	0	0	0	0	0
411	L	0	0	0	0	0	0	0
412	P	0	0	0	0	0	0	0
413	A	0	0	0	0	0	0	0
414	H	0	0	0	0	0	0	0
415	T	0	0	0	0	0	0	0
416	T	0	0	0	0	0	0	0
417	L	0	0	0	0	0	0	0
418	S	0	0	0	0	0	0	0
419	V	0	0	0	0	0	0	0
420	N	0	0	0	0	0	0	0
421	S	0	0	0	0	0	0	0
422	A	0	0	0	0	0	0	0
423	G	0	0	0	0	0	0	0
424	S	0	0	0	0	0	0	0
425	P	0	0	0	0	0	0	0
426	E	0	0	0	0	0	0	0
427	S	0	0	0	0	0	0	0
428	A	0	0	0	0	0	0	0
429	P	0	0	0	0	0	0	0
430	L	0	0	0	0	0	0	0
431	G	0	0	0	0	0	0	0
432	P	0	0	0	0	0	0	0
433	R	0	0	0	0	0	0	0
434	L	0	0	0	0	0	0	0
435	L	0	0	0	0	0	0	0
436	F	0	0	0	0	0	0	0
437	G	0	0	0	0	0	0	0
438	S	Phosphoserine	GPRLLFGSGSKGSRS	CCEEEECCCCCCCCC	0	0	0	0
439	G	0	0	0	0	0	0	0
440	S	Phosphoserine	RLLFGSGSKGSRSWG	EEEECCCCCCCCCCC	0	0	0	0
441	K	0	0	0	0	0	0	0
442	G	0	0	0	0	0	0	0
443	S	Phosphoserine	FGSGSKGSRSWGRGG	ECCCCCCCCCCCCCC	0	0	0	0
444	R	0	0	0	0	0	0	0
445	S	0	0	0	0	0	0	0
446	W	0	0	0	0	0	0	0
447	G	0	0	0	0	0	0	0
448	R	0	0	0	0	0	0	0
449	G	0	0	0	0	0	0	0
450	G	0	0	0	0	0	0	0
451	T	0	0	0	0	0	0	0
452	T	0	0	0	0	0	0	0
453	R	0	0	0	0	0	0	0
454	R	0	0	0	0	0	0	0
455	L	0	0	0	0	0	0	0
456	W	0	0	0	0	0	0	0
457	D	0	0	0	0	0	0	0
458	P	0	0	0	0	0	0	0
459	N	0	0	0	0	0	0	0
460	N	0	0	0	0	0	0	0
461	P	0	0	0	0	0	0	0
462	D	0	0	0	0	0	0	0
463	Q	0	0	0	0	0	0	0
464	K	0	0	0	0	0	0	0
465	P	0	0	0	0	0	0	0
466	A	0	0	0	0	0	0	0
467	L	0	0	0	0	0	0	0
468	K	0	0	0	0	0	0	0
469	T	Phosphothreonine	DQKPALKTQTPQLHF	CCCCCCCCCCCCEEE	0	0	0	0
470	Q	0	0	0	0	0	0	0
471	T	Phosphothreonine	KPALKTQTPQLHFLD	CCCCCCCCCCEEECC	0	0	0	0
472	P	0	0	0	0	0	0	0
473	Q	0	0	0	0	0	0	0
474	L	0	0	0	0	0	0	0
475	H	0	0	0	0	0	0	0
476	F	0	0	0	0	0	0	0
477	L	0	0	0	0	0	0	0
478	D	0	0	0	0	0	0	0
479	T	Phosphothreonine	PQLHFLDTDDEVSPT	CCEEECCCCCCCCCC	0	0	0	0
480	D	0	0	0	0	0	0	0
481	D	0	0	0	0	0	0	0
482	E	0	0	0	0	0	0	0
483	V	0	0	0	0	0	0	0
484	S	Phosphoserine	LDTDDEVSPTSWGDS	CCCCCCCCCCCCCCC	0	0	0	0
485	P	0	0	0	0	0	0	0
486	T	Phosphothreonine	TDDEVSPTSWGDSRQ	CCCCCCCCCCCCCCH	0	0	0	0
487	S	Phosphoserine	DDEVSPTSWGDSRQA	CCCCCCCCCCCCCHH	0	0	0	0
488	W	0	0	0	0	0	0	0
489	G	0	0	0	0	0	0	0
490	D	0	0	0	0	0	0	0
491	S	0	0	0	0	0	0	0
492	R	0	0	0	0	0	0	0
493	Q	0	0	0	0	0	0	0
494	A	0	0	0	0	0	0	0
495	Q	0	0	0	0	0	0	0
496	A	0	0	0	0	0	0	0
497	S	0	0	0	0	0	0	0
498	Y	0	0	0	0	0	0	0
499	Y	0	0	0	0	0	0	0
500	K	0	0	0	0	0	0	0
501	F	0	0	0	0	0	0	0
502	Q	0	0	0	0	0	0	0
503	N	0	0	0	0	0	0	0
504	S	0	0	0	0	0	0	0
505	D	0	0	0	0	0	0	0
506	N	0	0	0	0	0	0	0
507	P	0	0	0	0	0	0	0
508	Y	Phosphotyrosine	FQNSDNPYYYPRTPG	ECCCCCCCCCCCCCC	0	0	0	0
509	Y	Phosphotyrosine	QNSDNPYYYPRTPGP	CCCCCCCCCCCCCCC	0	0	0	0
510	Y	0	0	0	0	0	0	0
511	P	0	0	0	0	0	0	0
512	R	0	0	0	0	0	0	0
513	T	0	0	0	0	0	0	0
514	P	0	0	0	0	0	0	0
515	G	0	0	0	0	0	0	0
516	P	0	0	0	0	0	0	0
517	A	0	0	0	0	0	0	0
518	S	0	0	0	0	0	0	0
519	Q	0	0	0	0	0	0	0
520	Y	0	0	0	0	0	0	0
521	P	0	0	0	0	0	0	0
522	Y	0	0	0	0	0	0	0
523	T	0	0	0	0	0	0	0
524	G	0	0	0	0	0	0	0
525	Y	0	0	0	0	0	0	0
526	N	0	0	0	0	0	0	0
527	P	0	0	0	0	0	0	0
528	L	0	0	0	0	0	0	0
529	Q	0	0	0	0	0	0	0
530	Y	0	0	0	0	0	0	0
531	P	0	0	0	0	0	0	0
532	V	0	0	0	0	0	0	0
533	G	0	0	0	0	0	0	0
534	P	0	0	0	0	0	0	0
535	T	0	0	0	0	0	0	0
536	N	0	0	0	0	0	0	0
537	G	0	0	0	0	0	0	0
538	V	0	0	0	0	0	0	0
539	Y	0	0	0	0	0	0	0
540	P	0	0	0	0	0	0	0
541	G	0	0	0	0	0	0	0
542	P	0	0	0	0	0	0	0
543	Y	0	0	0	0	0	0	0
544	Y	0	0	0	0	0	0	0
545	P	0	0	0	0	0	0	0
546	G	0	0	0	0	0	0	0
547	Y	0	0	0	0	0	0	0
548	P	0	0	0	0	0	0	0
549	T	0	0	0	0	0	0	0
550	P	0	0	0	0	0	0	0
551	S	0	0	0	0	0	0	0
552	G	0	0	0	0	0	0	0
553	Q	0	0	0	0	0	0	0
554	Y	0	0	0	0	0	0	0
555	V	0	0	0	0	0	0	0
556	C	0	0	0	0	0	0	0
557	S	0	0	0	0	0	0	0
558	P	0	0	0	0	0	0	0
559	L	0	0	0	0	0	0	0
560	P	0	0	0	0	0	0	0
561	T	0	0	0	0	0	0	0
562	S	0	0	0	0	0	0	0
563	T	0	0	0	0	0	0	0
564	M	0	0	0	0	0	0	0
565	S	0	0	0	0	0	0	0
566	P	0	0	0	0	0	0	0
567	E	0	0	0	0	0	0	0
568	E	0	0	0	0	0	0	0
569	V	0	0	0	0	0	0	0
570	E	0	0	0	0	0	0	0
571	Q	0	0	0	0	0	0	0
572	H	0	0	0	0	0	0	0
573	M	0	0	0	0	0	0	0
574	R	0	0	0	0	0	0	0
575	N	0	0	0	0	0	0	0
576	L	0	0	0	0	0	0	0
577	Q	0	0	0	0	0	0	0
578	Q	0	0	0	0	0	0	0
579	Q	0	0	0	0	0	0	0
580	E	0	0	0	0	0	0	0
581	L	0	0	0	0	0	0	0
582	H	0	0	0	0	0	0	0
583	R	0	0	0	0	0	0	0
584	L	0	0	0	0	0	0	0
585	L	0	0	0	0	0	0	0
586	R	0	0	0	0	0	0	0
587	V	0	0	0	0	0	0	0
588	A	0	0	0	0	0	0	0
589	D	0	0	0	0	0	0	0
590	N	0	0	0	0	0	0	0
591	Q	0	0	0	0	0	0	0
592	E	0	0	0	0	0	0	0
593	L	0	0	0	0	0	0	0
594	Q	0	0	0	0	0	0	0
595	L	0	0	0	0	0	0	0
596	S	0	0	0	0	0	0	0
597	N	0	0	0	0	0	0	0
598	L	0	0	0	0	0	0	0
599	L	0	0	0	0	0	0	0
600	S	0	0	0	0	0	0	0
601	R	0	0	0	0	0	0	0
602	D	0	0	0	0	0	0	0
603	R	0	0	0	0	0	0	0
604	I	0	0	0	0	0	0	0
605	S	0	0	0	0	0	0	0
606	P	0	0	0	0	0	0	0
607	E	0	0	0	0	0	0	0
608	G	0	0	0	0	0	0	0
609	L	0	0	0	0	0	0	0
610	E	0	0	0	0	0	0	0
611	K	0	0	0	0	0	0	0
612	M	0	0	0	0	0	0	0
613	A	0	0	0	0	0	0	0
614	Q	0	0	0	0	0	0	0
615	L	0	0	0	0	0	0	0
616	R	0	0	0	0	0	0	0
617	A	0	0	0	0	0	0	0
618	E	0	0	0	0	0	0	0
619	L	0	0	0	0	0	0	0
620	L	0	0	0	0	0	0	0
621	Q	0	0	0	0	0	0	0
622	L	0	0	0	0	0	0	0
623	Y	0	0	0	0	0	0	0
624	E	0	0	0	0	0	0	0
625	R	0	0	0	0	0	0	0
626	C	0	0	0	0	0	0	0
627	I	0	0	0	0	0	0	0
628	L	0	0	0	0	0	0	0
629	L	0	0	0	0	0	0	0
630	D	0	0	0	0	0	0	0
631	I	0	0	0	0	0	0	0
632	E	0	0	0	0	0	0	0
633	F	0	0	0	0	0	0	0
634	S	0	0	0	0	0	0	0
635	D	0	0	0	0	0	0	0
636	N	0	0	0	0	0	0	0
637	Q	0	0	0	0	0	0	0
638	N	0	0	0	0	0	0	0
639	V	0	0	0	0	0	0	0
640	D	0	0	0	0	0	0	0
641	Q	0	0	0	0	0	0	0
642	I	0	0	0	0	0	0	0
643	L	0	0	0	0	0	0	0
644	W	0	0	0	0	0	0	0
645	K	0	0	0	0	0	0	0
646	N	0	0	0	0	0	0	0
647	A	0	0	0	0	0	0	0
648	F	0	0	0	0	0	0	0
649	Y	0	0	0	0	0	0	0
650	Q	0	0	0	0	0	0	0
651	V	0	0	0	0	0	0	0
652	I	0	0	0	0	0	0	0
653	E	0	0	0	0	0	0	0
654	K	0	0	0	0	0	0	0
655	F	0	0	0	0	0	0	0
656	R	0	0	0	0	0	0	0
657	Q	0	0	0	0	0	0	0
658	L	0	0	0	0	0	0	0
659	V	0	0	0	0	0	0	0
660	K	0	0	0	0	0	0	0
661	D	0	0	0	0	0	0	0
662	P	0	0	0	0	0	0	0
663	N	0	0	0	0	0	0	0
664	V	0	0	0	0	0	0	0
665	E	0	0	0	0	0	0	0
666	N	0	0	0	0	0	0	0
667	P	0	0	0	0	0	0	0
668	E	0	0	0	0	0	0	0
669	Q	0	0	0	0	0	0	0
670	I	0	0	0	0	0	0	0
671	R	0	0	0	0	0	0	0
672	N	0	0	0	0	0	0	0
673	R	0	0	0	0	0	0	0
674	L	0	0	0	0	0	0	0
675	L	0	0	0	0	0	0	0
676	E	0	0	0	0	0	0	0
677	L	0	0	0	0	0	0	0
678	L	0	0	0	0	0	0	0
679	D	0	0	0	0	0	0	0
680	E	0	0	0	0	0	0	0
681	G	0	0	0	0	0	0	0
682	S	0	0	0	0	0	0	0
683	D	0	0	0	0	0	0	0
684	F	0	0	0	0	0	0	0
685	F	0	0	0	0	0	0	0
686	D	0	0	0	0	0	0	0
687	S	0	0	0	0	0	0	0
688	L	0	0	0	0	0	0	0
689	L	0	0	0	0	0	0	0
690	Q	0	0	0	0	0	0	0
691	K	0	0	0	0	0	0	0
692	L	0	0	0	0	0	0	0
693	Q	0	0	0	0	0	0	0
694	V	0	0	0	0	0	0	0
695	T	0	0	0	0	0	0	0
696	Y	0	0	0	0	0	0	0
697	K	0	0	0	0	0	0	0
698	F	0	0	0	0	0	0	0
699	K	0	0	0	0	0	0	0
700	L	0	0	0	0	0	0	0
701	E	0	0	0	0	0	0	0
702	D	0	0	0	0	0	0	0
703	Y	0	0	0	0	0	0	0
704	M	0	0	0	0	0	0	0
705	D	0	0	0	0	0	0	0
706	G	0	0	0	0	0	0	0
707	L	0	0	0	0	0	0	0
708	A	0	0	0	0	0	0	0
709	I	0	0	0	0	0	0	0
710	R	0	0	0	0	0	0	0
711	S	Phosphoserine	MDGLAIRSKPLRKTV	CCCEEECCCCHHHHH	0	0	0	0
712	K	0	0	0	0	0	0	0
713	P	0	0	0	0	0	0	0
714	L	0	0	0	0	0	0	0
715	R	0	0	0	0	0	0	0
716	K	0	0	0	0	0	0	0
717	T	0	0	0	0	0	0	0
718	V	0	0	0	0	0	0	0
719	K	0	0	0	0	0	0	0
720	Y	0	0	0	0	0	0	0
721	A	0	0	0	0	0	0	0
722	L	0	0	0	0	0	0	0
723	I	0	0	0	0	0	0	0
724	S	0	0	0	0	0	0	0
725	A	0	0	0	0	0	0	0
726	Q	0	0	0	0	0	0	0
727	R	0	0	0	0	0	0	0
728	C	0	0	0	0	0	0	0
729	M	0	0	0	0	0	0	0
730	I	0	0	0	0	0	0	0
731	C	0	0	0	0	0	0	0
732	Q	0	0	0	0	0	0	0
733	G	0	0	0	0	0	0	0
734	D	0	0	0	0	0	0	0
735	I	0	0	0	0	0	0	0
736	A	0	0	0	0	0	0	0
737	R	0	0	0	0	0	0	0
738	Y	0	0	0	0	0	0	0
739	R	0	0	0	0	0	0	0
740	E	0	0	0	0	0	0	0
741	Q	0	0	0	0	0	0	0
742	A	0	0	0	0	0	0	0
743	S	0	0	0	0	0	0	0
744	D	0	0	0	0	0	0	0
745	T	0	0	0	0	0	0	0
746	A	0	0	0	0	0	0	0
747	N	0	0	0	0	0	0	0
748	Y	0	0	0	0	0	0	0
749	G	0	0	0	0	0	0	0
750	K	0	0	0	0	0	0	0
751	A	0	0	0	0	0	0	0
752	R	0	0	0	0	0	0	0
753	S	0	0	0	0	0	0	0
754	W	0	0	0	0	0	0	0
755	Y	0	0	0	0	0	0	0
756	L	0	0	0	0	0	0	0
757	K	0	0	0	0	0	0	0
758	A	0	0	0	0	0	0	0
759	Q	0	0	0	0	0	0	0
760	H	0	0	0	0	0	0	0
761	I	0	0	0	0	0	0	0
762	A	0	0	0	0	0	0	0
763	P	0	0	0	0	0	0	0
764	K	0	0	0	0	0	0	0
765	N	0	0	0	0	0	0	0
766	G	0	0	0	0	0	0	0
767	R	0	0	0	0	0	0	0
768	P	0	0	0	0	0	0	0
769	Y	Phosphotyrosine	APKNGRPYNQLALLA	CCCCCCCCHHHHHHH	0	0	0	0
770	N	0	0	0	0	0	0	0
771	Q	0	0	0	0	0	0	0
772	L	0	0	0	0	0	0	0
773	A	0	0	0	0	0	0	0
774	L	0	0	0	0	0	0	0
775	L	0	0	0	0	0	0	0
776	A	0	0	0	0	0	0	0
777	V	0	0	0	0	0	0	0
778	Y	Phosphotyrosine	QLALLAVYTRRKLDA	HHHHHHHHHHHHHHH	0	0	0	0
779	T	0	0	0	0	0	0	0
780	R	0	0	0	0	0	0	0
781	R	0	0	0	0	0	0	0
782	K	0	0	0	0	0	0	0
783	L	0	0	0	0	0	0	0
784	D	0	0	0	0	0	0	0
785	A	0	0	0	0	0	0	0
786	V	0	0	0	0	0	0	0
787	Y	0	0	0	0	0	0	0
788	Y	Phosphotyrosine	RKLDAVYYYMRSLAA	HHHHHHHHHHHHHHH	0	0	0	0
789	Y	Phosphotyrosine	KLDAVYYYMRSLAAS	HHHHHHHHHHHHHHC	0	0	0	0
790	M	0	0	0	0	0	0	0
791	R	0	0	0	0	0	0	0
792	S	0	0	0	0	0	0	0
793	L	0	0	0	0	0	0	0
794	A	0	0	0	0	0	0	0
795	A	0	0	0	0	0	0	0
796	S	Phosphoserine	YMRSLAASNPILTAK	HHHHHHHCCCCCCHH	0	0	0	0
797	N	0	0	0	0	0	0	0
798	P	0	0	0	0	0	0	0
799	I	0	0	0	0	0	0	0
800	L	0	0	0	0	0	0	0
801	T	0	0	0	0	0	0	0
802	A	0	0	0	0	0	0	0
803	K	N-acetyllysine	SNPILTAKESLMSLF	CCCCCCHHHHHHHHH	0	0	0	0
804	E	0	0	0	0	0	0	0
805	S	0	0	0	0	0	0	0
806	L	0	0	0	0	0	0	0
807	M	0	0	0	0	0	0	0
808	S	0	0	0	0	0	0	0
809	L	0	0	0	0	0	0	0
810	F	0	0	0	0	0	0	0
811	E	0	0	0	0	0	0	0
812	E	0	0	0	0	0	0	0
813	T	0	0	0	0	0	0	0
814	K	0	0	0	0	0	0	0
815	R	0	0	0	0	0	0	0
816	K	0	0	0	0	0	0	0
817	A	0	0	0	0	0	0	0
818	E	0	0	0	0	0	0	0
819	Q	0	0	0	0	0	0	0
820	M	0	0	0	0	0	0	0
821	E	0	0	0	0	0	0	0
822	K	0	0	0	0	0	0	0
823	K	0	0	0	0	0	0	0
824	Q	0	0	0	0	0	0	0
825	H	0	0	0	0	0	0	0
826	E	0	0	0	0	0	0	0
827	E	0	0	0	0	0	0	0
828	F	0	0	0	0	0	0	0
829	D	0	0	0	0	0	0	0
830	L	0	0	0	0	0	0	0
831	S	Phosphoserine	QHEEFDLSPDQWRKG	HHHCCCCCHHHHHCC	0	0	0	0
832	P	0	0	0	0	0	0	0
833	D	0	0	0	0	0	0	0
834	Q	0	0	0	0	0	0	0
835	W	0	0	0	0	0	0	0
836	R	0	0	0	0	0	0	0
837	K	0	0	0	0	0	0	0
838	G	0	0	0	0	0	0	0
839	K	0	0	0	0	0	0	0
840	K	0	0	0	0	0	0	0
841	S	0	0	0	0	0	0	0
842	T	0	0	0	0	0	0	0
843	F	0	0	0	0	0	0	0
844	R	0	0	0	0	0	0	0
845	H	0	0	0	0	0	0	0
846	V	0	0	0	0	0	0	0
847	G	0	0	0	0	0	0	0
848	D	0	0	0	0	0	0	0
849	D	0	0	0	0	0	0	0
850	T	0	0	0	0	0	0	0
851	T	0	0	0	0	0	0	0
852	R	0	0	0	0	0	0	0
853	L	0	0	0	0	0	0	0
854	E	0	0	0	0	0	0	0
855	I	0	0	0	0	0	0	0
856	W	0	0	0	0	0	0	0
857	I	0	0	0	0	0	0	0
858	H	0	0	0	0	0	0	0
859	P	0	0	0	0	0	0	0
860	S	Phosphoserine	LEIWIHPSHPRSSQG	EEEEECCCCCCCCCC	0	0	0	0
861	H	0	0	0	0	0	0	0
862	P	0	0	0	0	0	0	0
863	R	0	0	0	0	0	0	0
864	S	Phosphoserine	IHPSHPRSSQGTESG	ECCCCCCCCCCCCCC	0	0	0	0
865	S	Phosphoserine	HPSHPRSSQGTESGK	CCCCCCCCCCCCCCC	0	0	0	0
866	Q	0	0	0	0	0	0	0
867	G	0	0	0	0	0	0	0
868	T	Phosphothreonine	HPRSSQGTESGKDSE	CCCCCCCCCCCCCCC	0	0	0	0
869	E	0	0	0	0	0	0	0
870	S	Phosphoserine	RSSQGTESGKDSEQE	CCCCCCCCCCCCCCC	0	0	0	0
871	G	0	0	0	0	0	0	0
872	K	0	0	0	0	0	0	0
873	D	0	0	0	0	0	0	0
874	S	Phosphoserine	GTESGKDSEQENGLG	CCCCCCCCCCCCCCC	0	0	0	0
875	E	0	0	0	0	0	0	0
876	Q	0	0	0	0	0	0	0
877	E	0	0	0	0	0	0	0
878	N	0	0	0	0	0	0	0
879	G	0	0	0	0	0	0	0
880	L	0	0	0	0	0	0	0
881	G	0	0	0	0	0	0	0
882	S	Phosphoserine	EQENGLGSLSPSDLN	CCCCCCCCCCHHHHH	0	0	0	0
883	L	0	0	0	0	0	0	0
884	S	Phosphoserine	ENGLGSLSPSDLNKR	CCCCCCCCHHHHHHH	0	0	0	0
885	P	0	0	0	0	0	0	0
886	S	0	0	0	0	0	0	0
887	D	0	0	0	0	0	0	0
888	L	0	0	0	0	0	0	0
889	N	0	0	0	0	0	0	0
890	K	0	0	0	0	0	0	0
891	R	0	0	0	0	0	0	0
892	F	0	0	0	0	0	0	0
893	I	0	0	0	0	0	0	0
894	L	0	0	0	0	0	0	0
895	S	0	0	0	0	0	0	0
896	F	0	0	0	0	0	0	0
897	L	0	0	0	0	0	0	0
898	H	0	0	0	0	0	0	0
899	A	0	0	0	0	0	0	0
900	H	0	0	0	0	0	0	0
901	G	0	0	0	0	0	0	0
902	K	0	0	0	0	0	0	0
903	L	0	0	0	0	0	0	0
904	F	0	0	0	0	0	0	0
905	T	0	0	0	0	0	0	0
906	R	0	0	0	0	0	0	0
907	I	0	0	0	0	0	0	0
908	G	0	0	0	0	0	0	0
909	M	0	0	0	0	0	0	0
910	E	0	0	0	0	0	0	0
911	T	0	0	0	0	0	0	0
912	F	0	0	0	0	0	0	0
913	P	0	0	0	0	0	0	0
914	A	0	0	0	0	0	0	0
915	V	0	0	0	0	0	0	0
916	A	0	0	0	0	0	0	0
917	E	0	0	0	0	0	0	0
918	K	N-acetyllysine	TFPAVAEKVLKEFQV	CCHHHHHHHHHHHHH	0	0	0	0
919	V	0	0	0	0	0	0	0
920	L	0	0	0	0	0	0	0
921	K	0	0	0	0	0	0	0
922	E	0	0	0	0	0	0	0
923	F	0	0	0	0	0	0	0
924	Q	0	0	0	0	0	0	0
925	V	0	0	0	0	0	0	0
926	L	0	0	0	0	0	0	0
927	L	0	0	0	0	0	0	0
928	Q	0	0	0	0	0	0	0
929	H	0	0	0	0	0	0	0
930	S	0	0	0	0	0	0	0
931	P	0	0	0	0	0	0	0
932	S	0	0	0	0	0	0	0
933	P	0	0	0	0	0	0	0
934	I	0	0	0	0	0	0	0
935	G	0	0	0	0	0	0	0
936	S	0	0	0	0	0	0	0
937	T	0	0	0	0	0	0	0
938	R	0	0	0	0	0	0	0
939	M	0	0	0	0	0	0	0
940	L	0	0	0	0	0	0	0
941	Q	0	0	0	0	0	0	0
942	L	0	0	0	0	0	0	0
943	M	0	0	0	0	0	0	0
944	T	0	0	0	0	0	0	0
945	I	0	0	0	0	0	0	0
946	N	0	0	0	0	0	0	0
947	M	0	0	0	0	0	0	0
948	F	0	0	0	0	0	0	0
949	A	0	0	0	0	0	0	0
950	V	0	0	0	0	0	0	0
951	H	0	0	0	0	0	0	0
952	N	0	0	0	0	0	0	0
953	S	0	0	0	0	0	0	0
954	Q	0	0	0	0	0	0	0
955	L	0	0	0	0	0	0	0
956	K	0	0	0	0	0	0	0
957	D	0	0	0	0	0	0	0
958	C	0	0	0	0	0	0	0
959	F	0	0	0	0	0	0	0
960	S	0	0	0	0	0	0	0
961	E	0	0	0	0	0	0	0
962	E	0	0	0	0	0	0	0
963	C	0	0	0	0	0	0	0
964	R	0	0	0	0	0	0	0
965	S	0	0	0	0	0	0	0
966	V	0	0	0	0	0	0	0
967	I	0	0	0	0	0	0	0
968	Q	0	0	0	0	0	0	0
969	E	0	0	0	0	0	0	0
970	Q	0	0	0	0	0	0	0
971	A	0	0	0	0	0	0	0
972	A	0	0	0	0	0	0	0
973	A	0	0	0	0	0	0	0
974	L	0	0	0	0	0	0	0
975	G	0	0	0	0	0	0	0
976	L	0	0	0	0	0	0	0
977	A	0	0	0	0	0	0	0
978	M	0	0	0	0	0	0	0
979	F	0	0	0	0	0	0	0
980	S	0	0	0	0	0	0	0
981	L	0	0	0	0	0	0	0
982	L	0	0	0	0	0	0	0
983	V	0	0	0	0	0	0	0
984	R	0	0	0	0	0	0	0
985	R	0	0	0	0	0	0	0
986	C	0	0	0	0	0	0	0
987	T	0	0	0	0	0	0	0
988	C	0	0	0	0	0	0	0
989	L	0	0	0	0	0	0	0
990	L	0	0	0	0	0	0	0
991	K	0	0	0	0	0	0	0
992	E	0	0	0	0	0	0	0
993	S	0	0	0	0	0	0	0
994	A	0	0	0	0	0	0	0
995	K	Ubiquitinlysine	CLLKESAKAQLSSPE	HHHHHHHHHHCCCCC	0	0	0	0
996	A	0	0	0	0	0	0	0
997	Q	0	0	0	0	0	0	0
998	L	0	0	0	0	0	0	0
999	S	Phosphoserine	ESAKAQLSSPEDQDD	HHHHHHCCCCCCCCC	0	0	0	0
1000	S	Phosphoserine	SAKAQLSSPEDQDDQ	HHHHHCCCCCCCCCH	0	0	0	0
1001	P	0	0	0	0	0	0	0
1002	E	0	0	0	0	0	0	0
1003	D	0	0	0	0	0	0	0
1004	Q	0	0	0	0	0	0	0
1005	D	0	0	0	0	0	0	0
1006	D	0	0	0	0	0	0	0
1007	Q	0	0	0	0	0	0	0
1008	D	0	0	0	0	0	0	0
1009	D	0	0	0	0	0	0	0
1010	I	0	0	0	0	0	0	0
1011	K	0	0	0	0	0	0	0
1012	V	0	0	0	0	0	0	0
1013	S	0	0	0	0	0	0	0
1014	S	0	0	0	0	0	0	0
1015	F	0	0	0	0	0	0	0
1016	V	0	0	0	0	0	0	0
1017	P	0	0	0	0	0	0	0
1018	D	0	0	0	0	0	0	0
1019	L	0	0	0	0	0	0	0
1020	K	0	0	0	0	0	0	0
1021	E	0	0	0	0	0	0	0
1022	L	0	0	0	0	0	0	0
1023	L	0	0	0	0	0	0	0
1024	P	0	0	0	0	0	0	0
1025	S	0	0	0	0	0	0	0
1026	V	0	0	0	0	0	0	0
1027	K	0	0	0	0	0	0	0
1028	V	0	0	0	0	0	0	0
1029	W	0	0	0	0	0	0	0
1030	S	0	0	0	0	0	0	0
1031	D	0	0	0	0	0	0	0
1032	W	0	0	0	0	0	0	0
1033	M	0	0	0	0	0	0	0
1034	L	0	0	0	0	0	0	0
1035	G	0	0	0	0	0	0	0
1036	Y	0	0	0	0	0	0	0
1037	P	0	0	0	0	0	0	0
1038	D	0	0	0	0	0	0	0
1039	T	0	0	0	0	0	0	0
1040	W	0	0	0	0	0	0	0
1041	N	0	0	0	0	0	0	0
1042	P	0	0	0	0	0	0	0
1043	P	0	0	0	0	0	0	0
1044	P	0	0	0	0	0	0	0
1045	T	0	0	0	0	0	0	0
1046	S	0	0	0	0	0	0	0
1047	L	0	0	0	0	0	0	0
1048	D	0	0	0	0	0	0	0
1049	L	0	0	0	0	0	0	0
1050	P	0	0	0	0	0	0	0
1051	S	0	0	0	0	0	0	0
1052	H	0	0	0	0	0	0	0
1053	V	0	0	0	0	0	0	0
1054	A	0	0	0	0	0	0	0
1055	V	0	0	0	0	0	0	0
1056	D	0	0	0	0	0	0	0
1057	V	0	0	0	0	0	0	0
1058	W	0	0	0	0	0	0	0
1059	S	0	0	0	0	0	0	0
1060	T	0	0	0	0	0	0	0
1061	L	0	0	0	0	0	0	0
1062	A	0	0	0	0	0	0	0
1063	D	0	0	0	0	0	0	0
1064	F	0	0	0	0	0	0	0
1065	C	0	0	0	0	0	0	0
1066	N	0	0	0	0	0	0	0
1067	I	0	0	0	0	0	0	0
1068	L	0	0	0	0	0	0	0
1069	T	0	0	0	0	0	0	0
1070	A	0	0	0	0	0	0	0
1071	V	0	0	0	0	0	0	0
1072	N	0	0	0	0	0	0	0
1073	Q	0	0	0	0	0	0	0
1074	S	0	0	0	0	0	0	0
1075	E	0	0	0	0	0	0	0
1076	V	0	0	0	0	0	0	0
1077	P	0	0	0	0	0	0	0
1078	L	0	0	0	0	0	0	0
1079	Y	0	0	0	0	0	0	0
1080	K	0	0	0	0	0	0	0
1081	D	0	0	0	0	0	0	0
1082	P	0	0	0	0	0	0	0
1083	D	0	0	0	0	0	0	0
1084	D	0	0	0	0	0	0	0
1085	D	0	0	0	0	0	0	0
1086	L	0	0	0	0	0	0	0
1087	T	0	0	0	0	0	0	0
1088	L	0	0	0	0	0	0	0
1089	L	0	0	0	0	0	0	0
1090	I	0	0	0	0	0	0	0
1091	L	0	0	0	0	0	0	0
1092	E	0	0	0	0	0	0	0
1093	E	0	0	0	0	0	0	0
1094	D	0	0	0	0	0	0	0
1095	R	0	0	0	0	0	0	0
1096	L	0	0	0	0	0	0	0
1097	L	0	0	0	0	0	0	0
1098	S	0	0	0	0	0	0	0
1099	G	0	0	0	0	0	0	0
1100	F	0	0	0	0	0	0	0
1101	V	0	0	0	0	0	0	0
1102	P	0	0	0	0	0	0	0
1103	L	0	0	0	0	0	0	0
1104	L	0	0	0	0	0	0	0
1105	A	0	0	0	0	0	0	0
1106	A	0	0	0	0	0	0	0
1107	P	0	0	0	0	0	0	0
1108	Q	0	0	0	0	0	0	0
1109	D	0	0	0	0	0	0	0
1110	P	0	0	0	0	0	0	0
1111	C	0	0	0	0	0	0	0
1112	Y	0	0	0	0	0	0	0
1113	V	0	0	0	0	0	0	0
1114	E	0	0	0	0	0	0	0
1115	K	0	0	0	0	0	0	0
1116	T	0	0	0	0	0	0	0
1117	S	0	0	0	0	0	0	0
1118	D	0	0	0	0	0	0	0
1119	K	0	0	0	0	0	0	0
1120	V	0	0	0	0	0	0	0
1121	I	0	0	0	0	0	0	0
1122	A	0	0	0	0	0	0	0
1123	A	0	0	0	0	0	0	0
1124	D	0	0	0	0	0	0	0
1125	C	0	0	0	0	0	0	0
1126	K	0	0	0	0	0	0	0
1127	R	0	0	0	0	0	0	0
1128	V	0	0	0	0	0	0	0
1129	T	0	0	0	0	0	0	0
1130	V	0	0	0	0	0	0	0
1131	L	0	0	0	0	0	0	0
1132	K	0	0	0	0	0	0	0
1133	Y	0	0	0	0	0	0	0
1134	F	0	0	0	0	0	0	0
1135	L	0	0	0	0	0	0	0
1136	E	0	0	0	0	0	0	0
1137	A	0	0	0	0	0	0	0
1138	L	0	0	0	0	0	0	0
1139	C	0	0	0	0	0	0	0
1140	G	0	0	0	0	0	0	0
1141	Q	0	0	0	0	0	0	0
1142	E	0	0	0	0	0	0	0
1143	E	0	0	0	0	0	0	0
1144	P	0	0	0	0	0	0	0
1145	L	0	0	0	0	0	0	0
1146	L	0	0	0	0	0	0	0
1147	A	0	0	0	0	0	0	0
1148	F	0	0	0	0	0	0	0
1149	K	0	0	0	0	0	0	0
1150	G	0	0	0	0	0	0	0
1151	G	0	0	0	0	0	0	0
1152	K	0	0	0	0	0	0	0
1153	Y	0	0	0	0	0	0	0
1154	V	0	0	0	0	0	0	0
1155	S	0	0	0	0	0	0	0
1156	V	0	0	0	0	0	0	0
1157	A	0	0	0	0	0	0	0
1158	P	0	0	0	0	0	0	0
1159	V	0	0	0	0	0	0	0
1160	P	0	0	0	0	0	0	0
1161	D	0	0	0	0	0	0	0
1162	T	0	0	0	0	0	0	0
1163	M	0	0	0	0	0	0	0
1164	G	0	0	0	0	0	0	0
1165	K	0	0	0	0	0	0	0
1166	E	0	0	0	0	0	0	0
1167	M	0	0	0	0	0	0	0
1168	G	0	0	0	0	0	0	0
1169	S	Phosphoserine	TMGKEMGSQEGTRLE	CCCHHCCCCCCCCCC	0	0	0	0
1170	Q	0	0	0	0	0	0	0
1171	E	0	0	0	0	0	0	0
1172	G	0	0	0	0	0	0	0
1173	T	0	0	0	0	0	0	0
1174	R	0	0	0	0	0	0	0
1175	L	0	0	0	0	0	0	0
1176	E	0	0	0	0	0	0	0
1177	D	0	0	0	0	0	0	0
1178	E	0	0	0	0	0	0	0
1179	E	0	0	0	0	0	0	0
1180	E	0	0	0	0	0	0	0
1181	D	0	0	0	0	0	0	0
1182	V	0	0	0	0	0	0	0
1183	V	0	0	0	0	0	0	0
1184	I	0	0	0	0	0	0	0
1185	E	0	0	0	0	0	0	0
1186	D	0	0	0	0	0	0	0
1187	F	0	0	0	0	0	0	0
1188	E	0	0	0	0	0	0	0
1189	E	0	0	0	0	0	0	0
1190	D	0	0	0	0	0	0	0
1191	S	0	0	0	0	0	0	0
1192	E	0	0	0	0	0	0	0
1193	A	0	0	0	0	0	0	0
1194	E	0	0	0	0	0	0	0
1195	G	0	0	0	0	0	0	0
1196	S	0	0	0	0	0	0	0
1197	G	0	0	0	0	0	0	0
1198	G	0	0	0	0	0	0	0
1199	E	0	0	0	0	0	0	0
1200	D	0	0	0	0	0	0	0
1201	D	0	0	0	0	0	0	0
1202	I	0	0	0	0	0	0	0
1203	R	0	0	0	0	0	0	0
1204	E	0	0	0	0	0	0	0
1205	L	0	0	0	0	0	0	0
1206	R	0	0	0	0	0	0	0
1207	A	0	0	0	0	0	0	0
1208	K	0	0	0	0	0	0	0
1209	K	0	0	0	0	0	0	0
1210	L	0	0	0	0	0	0	0
1211	A	0	0	0	0	0	0	0
1212	L	0	0	0	0	0	0	0
1213	A	0	0	0	0	0	0	0
1214	R	0	0	0	0	0	0	0
1215	K	0	0	0	0	0	0	0
1216	I	0	0	0	0	0	0	0
1217	A	0	0	0	0	0	0	0
1218	E	0	0	0	0	0	0	0
1219	Q	0	0	0	0	0	0	0
1220	Q	0	0	0	0	0	0	0
1221	R	0	0	0	0	0	0	0
1222	R	0	0	0	0	0	0	0
1223	Q	0	0	0	0	0	0	0
1224	E	0	0	0	0	0	0	0
1225	K	0	0	0	0	0	0	0
1226	I	0	0	0	0	0	0	0
1227	Q	0	0	0	0	0	0	0
1228	A	0	0	0	0	0	0	0
1229	V	0	0	0	0	0	0	0
1230	L	0	0	0	0	0	0	0
1231	E	0	0	0	0	0	0	0
1232	D	0	0	0	0	0	0	0
1233	H	0	0	0	0	0	0	0
1234	S	0	0	0	0	0	0	0
1235	Q	0	0	0	0	0	0	0
1236	M	0	0	0	0	0	0	0
1237	R	0	0	0	0	0	0	0
1238	Q	0	0	0	0	0	0	0
1239	M	0	0	0	0	0	0	0
1240	E	0	0	0	0	0	0	0
1241	L	0	0	0	0	0	0	0
1242	E	0	0	0	0	0	0	0
1243	I	0	0	0	0	0	0	0
1244	R	0	0	0	0	0	0	0
1245	P	0	0	0	0	0	0	0
1246	L	0	0	0	0	0	0	0
1247	F	0	0	0	0	0	0	0
1248	L	0	0	0	0	0	0	0
1249	V	0	0	0	0	0	0	0
1250	P	0	0	0	0	0	0	0
1251	D	0	0	0	0	0	0	0
1252	T	0	0	0	0	0	0	0
1253	N	0	0	0	0	0	0	0
1254	G	0	0	0	0	0	0	0
1255	F	0	0	0	0	0	0	0
1256	I	0	0	0	0	0	0	0
1257	D	0	0	0	0	0	0	0
1258	H	0	0	0	0	0	0	0
1259	L	0	0	0	0	0	0	0
1260	A	0	0	0	0	0	0	0
1261	S	0	0	0	0	0	0	0
1262	L	0	0	0	0	0	0	0
1263	A	0	0	0	0	0	0	0
1264	R	0	0	0	0	0	0	0
1265	L	0	0	0	0	0	0	0
1266	L	0	0	0	0	0	0	0
1267	E	0	0	0	0	0	0	0
1268	S	0	0	0	0	0	0	0
1269	R	0	0	0	0	0	0	0
1270	K	0	0	0	0	0	0	0
1271	Y	0	0	0	0	0	0	0
1272	I	0	0	0	0	0	0	0
1273	L	0	0	0	0	0	0	0
1274	V	0	0	0	0	0	0	0
1275	V	0	0	0	0	0	0	0
1276	P	0	0	0	0	0	0	0
1277	L	0	0	0	0	0	0	0
1278	I	0	0	0	0	0	0	0
1279	V	0	0	0	0	0	0	0
1280	I	0	0	0	0	0	0	0
1281	N	0	0	0	0	0	0	0
1282	E	0	0	0	0	0	0	0
1283	L	0	0	0	0	0	0	0
1284	D	0	0	0	0	0	0	0
1285	G	0	0	0	0	0	0	0
1286	L	0	0	0	0	0	0	0
1287	A	0	0	0	0	0	0	0
1288	K	0	0	0	0	0	0	0
1289	G	0	0	0	0	0	0	0
1290	Q	0	0	0	0	0	0	0
1291	E	0	0	0	0	0	0	0
1292	T	0	0	0	0	0	0	0
1293	D	0	0	0	0	0	0	0
1294	H	0	0	0	0	0	0	0
1295	R	0	0	0	0	0	0	0
1296	A	0	0	0	0	0	0	0
1297	G	0	0	0	0	0	0	0
1298	G	0	0	0	0	0	0	0
1299	Y	0	0	0	0	0	0	0
1300	A	0	0	0	0	0	0	0
1301	R	0	0	0	0	0	0	0
1302	V	0	0	0	0	0	0	0
1303	V	0	0	0	0	0	0	0
1304	Q	0	0	0	0	0	0	0
1305	E	0	0	0	0	0	0	0
1306	K	0	0	0	0	0	0	0
1307	A	0	0	0	0	0	0	0
1308	R	0	0	0	0	0	0	0
1309	K	0	0	0	0	0	0	0
1310	S	0	0	0	0	0	0	0
1311	I	0	0	0	0	0	0	0
1312	E	0	0	0	0	0	0	0
1313	F	0	0	0	0	0	0	0
1314	L	0	0	0	0	0	0	0
1315	E	0	0	0	0	0	0	0
1316	Q	0	0	0	0	0	0	0
1317	R	0	0	0	0	0	0	0
1318	F	0	0	0	0	0	0	0
1319	E	0	0	0	0	0	0	0
1320	S	0	0	0	0	0	0	0
1321	R	0	0	0	0	0	0	0
1322	D	0	0	0	0	0	0	0
1323	S	0	0	0	0	0	0	0
1324	C	0	0	0	0	0	0	0
1325	L	0	0	0	0	0	0	0
1326	R	0	0	0	0	0	0	0
1327	A	0	0	0	0	0	0	0
1328	L	0	0	0	0	0	0	0
1329	T	0	0	0	0	0	0	0
1330	S	0	0	0	0	0	0	0
1331	R	0	0	0	0	0	0	0
1332	G	0	0	0	0	0	0	0
1333	N	0	0	0	0	0	0	0
1334	E	0	0	0	0	0	0	0
1335	L	0	0	0	0	0	0	0
1336	E	0	0	0	0	0	0	0
1337	S	0	0	0	0	0	0	0
1338	I	0	0	0	0	0	0	0
1339	A	0	0	0	0	0	0	0
1340	F	0	0	0	0	0	0	0
1341	R	0	0	0	0	0	0	0
1342	S	0	0	0	0	0	0	0
1343	E	0	0	0	0	0	0	0
1344	D	0	0	0	0	0	0	0
1345	I	0	0	0	0	0	0	0
1346	T	0	0	0	0	0	0	0
1347	G	0	0	0	0	0	0	0
1348	Q	0	0	0	0	0	0	0
1349	L	0	0	0	0	0	0	0
1350	G	0	0	0	0	0	0	0
1351	N	0	0	0	0	0	0	0
1352	N	0	0	0	0	0	0	0
1353	D	0	0	0	0	0	0	0
1354	D	0	0	0	0	0	0	0
1355	L	0	0	0	0	0	0	0
1356	I	0	0	0	0	0	0	0
1357	L	0	0	0	0	0	0	0
1358	S	0	0	0	0	0	0	0
1359	C	0	0	0	0	0	0	0
1360	C	0	0	0	0	0	0	0
1361	L	0	0	0	0	0	0	0
1362	H	0	0	0	0	0	0	0
1363	Y	0	0	0	0	0	0	0
1364	C	0	0	0	0	0	0	0
1365	K	0	0	0	0	0	0	0
1366	D	0	0	0	0	0	0	0
1367	K	0	0	0	0	0	0	0
1368	A	0	0	0	0	0	0	0
1369	K	0	0	0	0	0	0	0
1370	D	0	0	0	0	0	0	0
1371	F	0	0	0	0	0	0	0
1372	M	0	0	0	0	0	0	0
1373	P	0	0	0	0	0	0	0
1374	A	0	0	0	0	0	0	0
1375	S	0	0	0	0	0	0	0
1376	K	0	0	0	0	0	0	0
1377	E	0	0	0	0	0	0	0
1378	E	0	0	0	0	0	0	0
1379	P	0	0	0	0	0	0	0
1380	I	0	0	0	0	0	0	0
1381	R	0	0	0	0	0	0	0
1382	L	0	0	0	0	0	0	0
1383	L	0	0	0	0	0	0	0
1384	R	0	0	0	0	0	0	0
1385	E	0	0	0	0	0	0	0
1386	V	0	0	0	0	0	0	0
1387	V	0	0	0	0	0	0	0
1388	L	0	0	0	0	0	0	0
1389	L	0	0	0	0	0	0	0
1390	T	Phosphothreonine	LREVVLLTDDRNLRV	HHEEEEECCCCCHHH	0	0	0	0
1391	D	0	0	0	0	0	0	0
1392	D	0	0	0	0	0	0	0
1393	R	0	0	0	0	0	0	0
1394	N	0	0	0	0	0	0	0
1395	L	0	0	0	0	0	0	0
1396	R	0	0	0	0	0	0	0
1397	V	0	0	0	0	0	0	0
1398	K	0	0	0	0	0	0	0
1399	A	0	0	0	0	0	0	0
1400	L	0	0	0	0	0	0	0
1401	T	0	0	0	0	0	0	0
1402	R	0	0	0	0	0	0	0
1403	N	0	0	0	0	0	0	0
1404	V	0	0	0	0	0	0	0
1405	P	0	0	0	0	0	0	0
1406	V	0	0	0	0	0	0	0
1407	R	0	0	0	0	0	0	0
1408	D	0	0	0	0	0	0	0
1409	I	0	0	0	0	0	0	0
1410	P	0	0	0	0	0	0	0
1411	A	0	0	0	0	0	0	0
1412	F	0	0	0	0	0	0	0
1413	L	0	0	0	0	0	0	0
1414	T	0	0	0	0	0	0	0
1415	W	0	0	0	0	0	0	0
1416	A	0	0	0	0	0	0	0
1417	Q	0	0	0	0	0	0	0
1418	V	0	0	0	0	0	0	0
1419	G	0	0	0	0	0	0	0
