location	residue	Modification	seq	secStruc	RelatedDisease	VariantPosition	ResidueChange	DaPSbySAP
1	M	0	0	0	0	0	0	0
2	F	0	0	0	0	0	0	0
3	P	0	0	0	0	0	0	0
4	G	0	0	0	0	0	0	0
5	C	0	0	0	0	0	0	0
6	P	0	0	0	0	0	0	0
7	R	0	0	0	0	0	0	0
8	L	0	0	0	0	0	0	0
9	W	0	0	0	0	0	0	0
10	V	0	0	0	0	0	0	0
11	L	0	0	0	0	0	0	0
12	V	0	0	0	0	0	0	0
13	V	0	0	0	0	0	0	0
14	L	0	0	0	0	0	0	0
15	G	0	0	0	0	0	0	0
16	T	0	0	0	0	0	0	0
17	S	0	0	0	0	0	0	0
18	W	0	0	0	0	0	0	0
19	V	0	0	0	0	0	0	0
20	G	0	0	0	0	0	0	0
21	W	0	0	0	0	0	0	0
22	G	0	0	0	0	0	0	0
23	S	0	0	0	0	0	0	0
24	Q	0	0	0	0	0	0	0
25	G	0	0	0	0	0	0	0
26	T	0	0	0	0	0	0	0
27	E	0	0	0	0	0	0	0
28	A	0	0	0	0	0	0	0
29	A	0	0	0	0	0	0	0
30	Q	0	0	0	0	0	0	0
31	L	0	0	0	0	0	0	0
32	R	0	0	0	0	0	0	0
33	Q	0	0	0	0	0	0	0
34	F	0	0	0	0	0	0	0
35	Y	0	0	0	0	0	0	0
36	V	0	0	0	0	0	0	0
37	A	0	0	0	0	0	0	0
38	A	0	0	0	0	0	0	0
39	Q	0	0	0	0	0	0	0
40	G	0	0	0	0	0	0	0
41	I	0	0	0	0	0	0	0
42	S	0	0	0	0	0	0	0
43	W	0	0	0	0	0	0	0
44	S	0	0	0	0	0	0	0
45	Y	0	0	0	0	0	0	0
46	R	0	0	0	0	0	0	0
47	P	0	0	0	0	0	0	0
48	E	0	0	0	0	0	0	0
49	P	0	0	0	0	0	0	0
50	T	0	0	0	0	0	0	0
51	N	0	0	0	0	0	0	0
52	S	0	0	0	0	0	0	0
53	S	0	0	0	0	0	0	0
54	L	0	0	0	0	0	0	0
55	N	0	0	0	0	0	0	0
56	L	0	0	0	0	0	0	0
57	S	0	0	0	0	0	0	0
58	V	0	0	0	0	0	0	0
59	T	0	0	0	0	0	0	0
60	S	0	0	0	0	0	0	0
61	F	0	0	0	0	0	0	0
62	K	0	0	0	0	0	0	0
63	K	0	0	0	0	0	0	0
64	I	0	0	0	0	0	0	0
65	V	0	0	0	0	0	0	0
66	Y	0	0	0	0	0	0	0
67	R	0	0	0	0	0	0	0
68	E	0	0	0	0	0	0	0
69	Y	0	0	0	0	0	0	0
70	E	0	0	0	0	0	0	0
71	P	0	0	0	0	0	0	0
72	Y	0	0	0	0	0	0	0
73	F	0	0	0	0	0	0	0
74	K	0	0	0	0	0	0	0
75	K	0	0	0	0	0	0	0
76	E	N-linked Glycosylation	YEPYFKKEKPQSTIS	CCHHCCCCCCCCCHH	0	0	0	0
77	K	0	0	0	0	0	0	0
78	P	0	0	0	0	0	0	0
79	Q	0	0	0	0	0	0	0
80	S	0	0	0	0	0	0	0
81	T	0	0	0	0	0	0	0
82	I	0	0	0	0	0	0	0
83	S	0	0	0	0	0	0	0
84	G	N-linked Glycosylation	KPQSTISGLLGPTLY	CCCCCHHHHHCCEEE	0	0	0	0
85	L	0	0	0	0	0	0	0
86	L	0	0	0	0	0	0	0
87	G	0	0	0	0	0	0	0
88	P	0	0	0	0	0	0	0
89	T	0	0	0	0	0	0	0
90	L	0	0	0	0	0	0	0
91	Y	0	0	0	0	0	0	0
92	A	0	0	0	0	0	0	0
93	E	0	0	0	0	0	0	0
94	V	0	0	0	0	0	0	0
95	G	0	0	0	0	0	0	0
96	D	0	0	0	0	0	0	0
97	I	0	0	0	0	0	0	0
98	I	0	0	0	0	0	0	0
99	K	0	0	0	0	0	0	0
100	V	0	0	0	0	0	0	0
101	H	0	0	0	0	0	0	0
102	F	0	0	0	0	0	0	0
103	K	0	0	0	0	0	0	0
104	N	0	0	0	0	0	0	0
105	K	0	0	0	0	0	0	0
106	A	0	0	0	0	0	0	0
107	D	0	0	0	0	0	0	0
108	K	0	0	0	0	0	0	0
109	P	0	0	0	0	0	0	0
110	L	0	0	0	0	0	0	0
111	S	0	0	0	0	0	0	0
112	I	0	0	0	0	0	0	0
113	H	0	0	0	0	0	0	0
114	P	0	0	0	0	0	0	0
115	Q	0	0	0	0	0	0	0
116	G	0	0	0	0	0	0	0
117	I	0	0	0	0	0	0	0
118	R	0	0	0	0	0	0	0
119	Y	0	0	0	0	0	0	0
120	S	0	0	0	0	0	0	0
121	K	0	0	0	0	0	0	0
122	L	0	0	0	0	0	0	0
123	S	0	0	0	0	0	0	0
124	E	0	0	0	0	0	0	0
125	G	0	0	0	0	0	0	0
126	A	0	0	0	0	0	0	0
127	S	0	0	0	0	0	0	0
128	Y	0	0	0	0	0	0	0
129	L	0	0	0	0	0	0	0
130	D	0	0	0	0	0	0	0
131	H	0	0	0	0	0	0	0
132	T	0	0	0	0	0	0	0
133	F	0	0	0	0	0	0	0
134	P	0	0	0	0	0	0	0
135	A	0	0	0	0	0	0	0
136	E	0	0	0	0	0	0	0
137	K	0	0	0	0	0	0	0
138	M	0	0	0	0	0	0	0
139	D	0	0	0	0	0	0	0
140	D	0	0	0	0	0	0	0
141	A	0	0	0	0	0	0	0
142	V	0	0	0	0	0	0	0
143	A	0	0	0	0	0	0	0
144	P	0	0	0	0	0	0	0
145	G	0	0	0	0	0	0	0
146	R	0	0	0	0	0	0	0
147	E	0	0	0	0	0	0	0
148	Y	0	0	0	0	0	0	0
149	T	0	0	0	0	0	0	0
150	Y	0	0	0	0	0	0	0
151	E	0	0	0	0	0	0	0
152	W	0	0	0	0	0	0	0
153	S	0	0	0	0	0	0	0
154	I	0	0	0	0	0	0	0
155	S	0	0	0	0	0	0	0
156	E	0	0	0	0	0	0	0
157	D	0	0	0	0	0	0	0
158	S	0	0	0	0	0	0	0
159	G	0	0	0	0	0	0	0
160	P	0	0	0	0	0	0	0
161	T	0	0	0	0	0	0	0
162	H	0	0	0	0	0	0	0
163	D	0	0	0	0	0	0	0
164	D	0	0	0	0	0	0	0
165	P	0	0	0	0	0	0	0
166	P	0	0	0	0	0	0	0
167	C	0	0	0	0	0	0	0
168	L	0	0	0	0	0	0	0
169	T	0	0	0	0	0	0	0
170	H	0	0	0	0	0	0	0
171	I	0	0	0	0	0	0	0
172	Y	0	0	0	0	0	0	0
173	Y	0	0	0	0	0	0	0
174	S	0	0	0	0	0	0	0
175	H	0	0	0	0	0	0	0
176	E	0	0	0	0	0	0	0
177	N	0	0	0	0	0	0	0
178	L	0	0	0	0	0	0	0
179	I	0	0	0	0	0	0	0
180	E	0	0	0	0	0	0	0
181	D	0	0	0	0	0	0	0
182	F	0	0	0	0	0	0	0
183	N	0	0	0	0	0	0	0
184	S	0	0	0	0	0	0	0
185	G	0	0	0	0	0	0	0
186	L	0	0	0	0	0	0	0
187	I	0	0	0	0	0	0	0
188	G	N-linked Glycosylation	DFNSGLIGPLLICKK	HHHCCCCCCEEEEEC	0	0	0	0
189	P	0	0	0	0	0	0	0
190	L	0	0	0	0	0	0	0
191	L	0	0	0	0	0	0	0
192	I	0	0	0	0	0	0	0
193	C	0	0	0	0	0	0	0
194	K	0	0	0	0	0	0	0
195	K	0	0	0	0	0	0	0
196	G	0	0	0	0	0	0	0
197	T	0	0	0	0	0	0	0
198	L	0	0	0	0	0	0	0
199	T	0	0	0	0	0	0	0
200	E	0	0	0	0	0	0	0
201	G	0	0	0	0	0	0	0
202	G	0	0	0	0	0	0	0
203	T	0	0	0	0	0	0	0
204	Q	0	0	0	0	0	0	0
205	K	0	0	0	0	0	0	0
206	T	0	0	0	0	0	0	0
207	F	0	0	0	0	0	0	0
208	D	0	0	0	0	0	0	0
209	K	0	0	0	0	0	0	0
210	Q	0	0	0	0	0	0	0
211	I	0	0	0	0	0	0	0
212	V	0	0	0	0	0	0	0
213	L	0	0	0	0	0	0	0
214	L	0	0	0	0	0	0	0
215	F	0	0	0	0	0	0	0
216	A	0	0	0	0	0	0	0
217	V	0	0	0	0	0	0	0
218	F	0	0	0	0	0	0	0
219	D	0	0	0	0	0	0	0
220	E	0	0	0	0	0	0	0
221	S	0	0	0	0	0	0	0
222	K	0	0	0	0	0	0	0
223	S	0	0	0	0	0	0	0
224	W	0	0	0	0	0	0	0
225	S	0	0	0	0	0	0	0
226	Q	0	0	0	0	0	0	0
227	S	0	0	0	0	0	0	0
228	S	0	0	0	0	0	0	0
229	S	0	0	0	0	0	0	0
230	L	0	0	0	0	0	0	0
231	M	0	0	0	0	0	0	0
232	Y	0	0	0	0	0	0	0
233	T	0	0	0	0	0	0	0
234	V	0	0	0	0	0	0	0
235	N	0	0	0	0	0	0	0
236	G	0	0	0	0	0	0	0
237	Y	0	0	0	0	0	0	0
238	V	0	0	0	0	0	0	0
239	N	0	0	0	0	0	0	0
240	G	0	0	0	0	0	0	0
241	T	0	0	0	0	0	0	0
242	M	0	0	0	0	0	0	0
243	P	0	0	0	0	0	0	0
244	D	0	0	0	0	0	0	0
245	I	0	0	0	0	0	0	0
246	T	0	0	0	0	0	0	0
247	V	0	0	0	0	0	0	0
248	C	0	0	0	0	0	0	0
249	A	0	0	0	0	0	0	0
250	H	0	0	0	0	0	0	0
251	D	0	0	0	0	0	0	0
252	H	0	0	0	0	0	0	0
253	I	0	0	0	0	0	0	0
254	S	0	0	0	0	0	0	0
255	W	0	0	0	0	0	0	0
256	H	0	0	0	0	0	0	0
257	L	0	0	0	0	0	0	0
258	L	0	0	0	0	0	0	0
259	G	0	0	0	0	0	0	0
260	M	0	0	0	0	0	0	0
261	S	0	0	0	0	0	0	0
262	S	0	0	0	0	0	0	0
263	G	0	0	0	0	0	0	0
264	P	0	0	0	0	0	0	0
265	E	0	0	0	0	0	0	0
266	L	0	0	0	0	0	0	0
267	F	0	0	0	0	0	0	0
268	S	0	0	0	0	0	0	0
269	I	0	0	0	0	0	0	0
270	H	0	0	0	0	0	0	0
271	F	0	0	0	0	0	0	0
272	N	0	0	0	0	0	0	0
273	G	0	0	0	0	0	0	0
274	Q	0	0	0	0	0	0	0
275	V	0	0	0	0	0	0	0
276	L	0	0	0	0	0	0	0
277	E	0	0	0	0	0	0	0
278	Q	0	0	0	0	0	0	0
279	N	0	0	0	0	0	0	0
280	H	0	0	0	0	0	0	0
281	H	0	0	0	0	0	0	0
282	K	0	0	0	0	0	0	0
283	V	0	0	0	0	0	0	0
284	S	Phosphoserine	EQNHHKVSAITLVSA	ECCCCCEEEEEEEEE	0	0	0	0
285	A	0	0	0	0	0	0	0
286	I	0	0	0	0	0	0	0
287	T	0	0	0	0	0	0	0
288	L	0	0	0	0	0	0	0
289	V	0	0	0	0	0	0	0
290	S	0	0	0	0	0	0	0
291	A	0	0	0	0	0	0	0
292	T	0	0	0	0	0	0	0
293	S	0	0	0	0	0	0	0
294	T	0	0	0	0	0	0	0
295	T	0	0	0	0	0	0	0
296	A	0	0	0	0	0	0	0
297	N	N-linked Glycosylation	SATSTTANMTVGPEG	EECCCCCCCCCCCCC	0	0	0	0
298	M	0	0	0	0	0	0	0
299	T	0	0	0	0	0	0	0
300	V	0	0	0	0	0	0	0
301	G	0	0	0	0	0	0	0
302	P	0	0	0	0	0	0	0
303	E	0	0	0	0	0	0	0
304	G	0	0	0	0	0	0	0
305	K	0	0	0	0	0	0	0
306	W	0	0	0	0	0	0	0
307	I	0	0	0	0	0	0	0
308	I	0	0	0	0	0	0	0
309	S	0	0	0	0	0	0	0
310	S	0	0	0	0	0	0	0
311	L	0	0	0	0	0	0	0
312	T	0	0	0	0	0	0	0
313	P	0	0	0	0	0	0	0
314	K	0	0	0	0	0	0	0
315	H	0	0	0	0	0	0	0
316	L	0	0	0	0	0	0	0
317	Q	0	0	0	0	0	0	0
318	A	0	0	0	0	0	0	0
319	G	0	0	0	0	0	0	0
320	M	0	0	0	0	0	0	0
321	Q	0	0	0	0	0	0	0
322	A	0	0	0	0	0	0	0
323	Y	Phosphotyrosine	LQAGMQAYIDIKNCP	HHHHHHEEEECCCCC	0	0	0	0
324	I	0	0	0	0	0	0	0
325	D	0	0	0	0	0	0	0
326	I	0	0	0	0	0	0	0
327	K	0	0	0	0	0	0	0
328	N	0	0	0	0	0	0	0
329	C	0	0	0	0	0	0	0
330	P	0	0	0	0	0	0	0
331	K	0	0	0	0	0	0	0
332	K	0	0	0	0	0	0	0
333	T	0	0	0	0	0	0	0
334	R	0	0	0	0	0	0	0
335	N	0	0	0	0	0	0	0
336	L	0	0	0	0	0	0	0
337	K	0	0	0	0	0	0	0
338	K	0	0	0	0	0	0	0
339	I	0	0	0	0	0	0	0
340	T	0	0	0	0	0	0	0
341	R	0	0	0	0	0	0	0
342	E	0	0	0	0	0	0	0
343	Q	0	0	0	0	0	0	0
344	R	0	0	0	0	0	0	0
345	R	0	0	0	0	0	0	0
346	H	0	0	0	0	0	0	0
347	M	0	0	0	0	0	0	0
348	K	0	0	0	0	0	0	0
349	R	0	0	0	0	0	0	0
350	W	0	0	0	0	0	0	0
351	E	0	0	0	0	0	0	0
352	Y	0	0	0	0	0	0	0
353	F	0	0	0	0	0	0	0
354	I	0	0	0	0	0	0	0
355	A	0	0	0	0	0	0	0
356	A	0	0	0	0	0	0	0
357	E	0	0	0	0	0	0	0
358	E	0	0	0	0	0	0	0
359	V	0	0	0	0	0	0	0
360	I	0	0	0	0	0	0	0
361	W	0	0	0	0	0	0	0
362	D	0	0	0	0	0	0	0
363	Y	0	0	0	0	0	0	0
364	A	0	0	0	0	0	0	0
365	P	0	0	0	0	0	0	0
366	V	0	0	0	0	0	0	0
367	I	0	0	0	0	0	0	0
368	P	0	0	0	0	0	0	0
369	A	0	0	0	0	0	0	0
370	N	0	0	0	0	0	0	0
371	M	0	0	0	0	0	0	0
372	D	0	0	0	0	0	0	0
373	K	0	0	0	0	0	0	0
374	K	0	0	0	0	0	0	0
375	Y	0	0	0	0	0	0	0
376	R	0	0	0	0	0	0	0
377	S	0	0	0	0	0	0	0
378	Q	0	0	0	0	0	0	0
379	H	0	0	0	0	0	0	0
380	L	0	0	0	0	0	0	0
381	D	0	0	0	0	0	0	0
382	N	0	0	0	0	0	0	0
383	F	0	0	0	0	0	0	0
384	S	0	0	0	0	0	0	0
385	N	0	0	0	0	0	0	0
386	Q	0	0	0	0	0	0	0
387	I	0	0	0	0	0	0	0
388	G	0	0	0	0	0	0	0
389	K	0	0	0	0	0	0	0
390	H	0	0	0	0	0	0	0
391	Y	0	0	0	0	0	0	0
392	K	0	0	0	0	0	0	0
393	K	0	0	0	0	0	0	0
394	V	0	0	0	0	0	0	0
395	M	0	0	0	0	0	0	0
396	Y	0	0	0	0	0	0	0
397	T	0	0	0	0	0	0	0
398	Q	0	0	0	0	0	0	0
399	Y	0	0	0	0	0	0	0
400	E	0	0	0	0	0	0	0
401	D	0	0	0	0	0	0	0
402	E	0	0	0	0	0	0	0
403	S	0	0	0	0	0	0	0
404	F	0	0	0	0	0	0	0
405	T	0	0	0	0	0	0	0
406	K	0	0	0	0	0	0	0
407	H	0	0	0	0	0	0	0
408	T	0	0	0	0	0	0	0
409	V	0	0	0	0	0	0	0
410	N	0	0	0	0	0	0	0
411	P	0	0	0	0	0	0	0
412	N	0	0	0	0	0	0	0
413	M	0	0	0	0	0	0	0
414	K	0	0	0	0	0	0	0
415	E	0	0	0	0	0	0	0
416	D	0	0	0	0	0	0	0
417	G	0	0	0	0	0	0	0
418	I	0	0	0	0	0	0	0
419	L	0	0	0	0	0	0	0
420	G	0	0	0	0	0	0	0
421	P	0	0	0	0	0	0	0
422	I	0	0	0	0	0	0	0
423	I	0	0	0	0	0	0	0
424	R	0	0	0	0	0	0	0
425	A	0	0	0	0	0	0	0
426	Q	0	0	0	0	0	0	0
427	V	0	0	0	0	0	0	0
428	R	0	0	0	0	0	0	0
429	D	0	0	0	0	0	0	0
430	T	0	0	0	0	0	0	0
431	L	0	0	0	0	0	0	0
432	K	0	0	0	0	0	0	0
433	I	0	0	0	0	0	0	0
434	V	0	0	0	0	0	0	0
435	F	0	0	0	0	0	0	0
436	K	0	0	0	0	0	0	0
437	N	0	0	0	0	0	0	0
438	M	0	0	0	0	0	0	0
439	A	0	0	0	0	0	0	0
440	S	0	0	0	0	0	0	0
441	R	0	0	0	0	0	0	0
442	P	0	0	0	0	0	0	0
443	Y	0	0	0	0	0	0	0
444	S	0	0	0	0	0	0	0
445	I	0	0	0	0	0	0	0
446	Y	0	0	0	0	0	0	0
447	P	0	0	0	0	0	0	0
448	H	0	0	0	0	0	0	0
449	G	0	0	0	0	0	0	0
450	V	0	0	0	0	0	0	0
451	T	0	0	0	0	0	0	0
452	F	0	0	0	0	0	0	0
453	S	0	0	0	0	0	0	0
454	P	0	0	0	0	0	0	0
455	Y	0	0	0	0	0	0	0
456	E	0	0	0	0	0	0	0
457	D	0	0	0	0	0	0	0
458	E	0	0	0	0	0	0	0
459	V	0	0	0	0	0	0	0
460	N	N-linked (GlcNAc)	SPYEDEVNSSFTSGR	CCCCCCCCCCCCCCC	0	0	0	0
461	S	0	0	0	0	0	0	0
462	S	0	0	0	0	0	0	0
463	F	0	0	0	0	0	0	0
464	T	0	0	0	0	0	0	0
465	S	0	0	0	0	0	0	0
466	G	0	0	0	0	0	0	0
467	R	0	0	0	0	0	0	0
468	N	0	0	0	0	0	0	0
469	N	0	0	0	0	0	0	0
470	T	0	0	0	0	0	0	0
471	M	0	0	0	0	0	0	0
472	I	0	0	0	0	0	0	0
473	R	0	0	0	0	0	0	0
474	A	0	0	0	0	0	0	0
475	V	0	0	0	0	0	0	0
476	Q	0	0	0	0	0	0	0
477	P	0	0	0	0	0	0	0
478	G	0	0	0	0	0	0	0
479	E	0	0	0	0	0	0	0
480	T	0	0	0	0	0	0	0
481	Y	0	0	0	0	0	0	0
482	T	0	0	0	0	0	0	0
483	Y	0	0	0	0	0	0	0
484	K	0	0	0	0	0	0	0
485	W	0	0	0	0	0	0	0
486	N	0	0	0	0	0	0	0
487	I	0	0	0	0	0	0	0
488	L	0	0	0	0	0	0	0
489	E	0	0	0	0	0	0	0
490	F	0	0	0	0	0	0	0
491	D	0	0	0	0	0	0	0
492	E	0	0	0	0	0	0	0
493	P	0	0	0	0	0	0	0
494	T	0	0	0	0	0	0	0
495	E	0	0	0	0	0	0	0
496	N	0	0	0	0	0	0	0
497	D	0	0	0	0	0	0	0
498	A	0	0	0	0	0	0	0
499	Q	0	0	0	0	0	0	0
500	C	0	0	0	0	0	0	0
501	L	0	0	0	0	0	0	0
502	T	0	0	0	0	0	0	0
503	R	0	0	0	0	0	0	0
504	P	0	0	0	0	0	0	0
505	Y	0	0	0	0	0	0	0
506	Y	0	0	0	0	0	0	0
507	S	0	0	0	0	0	0	0
508	D	0	0	0	0	0	0	0
509	V	0	0	0	0	0	0	0
510	D	0	0	0	0	0	0	0
511	I	0	0	0	0	0	0	0
512	M	0	0	0	0	0	0	0
513	R	0	0	0	0	0	0	0
514	D	0	0	0	0	0	0	0
515	I	0	0	0	0	0	0	0
516	A	0	0	0	0	0	0	0
517	S	Phosphoserine	DIMRDIASGLIGLLL	HHHHHHHHHHHHHHH	0	0	0	0
518	G	0	0	0	0	0	0	0
519	L	0	0	0	0	0	0	0
520	I	0	0	0	0	0	0	0
521	G	0	0	0	0	0	0	0
522	L	0	0	0	0	0	0	0
523	L	0	0	0	0	0	0	0
524	L	0	0	0	0	0	0	0
525	I	0	0	0	0	0	0	0
526	C	0	0	0	0	0	0	0
527	K	0	0	0	0	0	0	0
528	S	Phosphoserine	GLLLICKSRSLDRRG	HHHHHHHCCCCCCCC	Venous thromboembolism:venous thromboembolism;Inflammatory bowel disease:inflammatory bowel disease	534 (6)	0	0
529	R	0	0	0	0	0	0	0
530	S	0	0	0	0	0	0	0
531	L	0	0	0	0	0	0	0
532	D	0	0	0	0	0	0	0
533	R	0	0	0	0	0	0	0
534	R	0	0	0	0	0	Q	528
535	G	0	0	0	0	0	0	0
536	I	0	0	0	0	0	0	0
537	Q	0	0	0	0	0	0	0
538	R	0	0	0	0	0	0	0
539	A	0	0	0	0	0	0	0
540	A	0	0	0	0	0	0	0
541	D	0	0	0	0	0	0	0
542	I	0	0	0	0	0	0	0
543	E	0	0	0	0	0	0	0
544	Q	0	0	0	0	0	0	0
545	Q	0	0	0	0	0	0	0
546	A	0	0	0	0	0	0	0
547	V	0	0	0	0	0	0	0
548	F	0	0	0	0	0	0	0
549	A	0	0	0	0	0	0	0
550	V	0	0	0	0	0	0	0
551	F	0	0	0	0	0	0	0
552	D	0	0	0	0	0	0	0
553	E	0	0	0	0	0	0	0
554	N	0	0	0	0	0	0	0
555	K	0	0	0	0	0	0	0
556	S	0	0	0	0	0	0	0
557	W	0	0	0	0	0	0	0
558	Y	0	0	0	0	0	0	0
559	L	0	0	0	0	0	0	0
560	E	0	0	0	0	0	0	0
561	D	0	0	0	0	0	0	0
562	N	0	0	0	0	0	0	0
563	I	0	0	0	0	0	0	0
564	N	0	0	0	0	0	0	0
565	K	0	0	0	0	0	0	0
566	F	0	0	0	0	0	0	0
567	C	0	0	0	0	0	0	0
568	E	0	0	0	0	0	0	0
569	N	0	0	0	0	0	0	0
570	P	0	0	0	0	0	0	0
571	D	0	0	0	0	0	0	0
572	E	0	0	0	0	0	0	0
573	V	0	0	0	0	0	0	0
574	K	0	0	0	0	0	0	0
575	R	0	0	0	0	0	0	0
576	D	0	0	0	0	0	0	0
577	D	0	0	0	0	0	0	0
578	P	0	0	0	0	0	0	0
579	K	0	0	0	0	0	0	0
580	F	0	0	0	0	0	0	0
581	Y	0	0	0	0	0	0	0
582	E	0	0	0	0	0	0	0
583	S	0	0	0	0	0	0	0
584	N	0	0	0	0	0	0	0
585	I	0	0	0	0	0	0	0
586	M	0	0	0	0	0	0	0
587	S	0	0	0	0	0	0	0
588	T	0	0	0	0	0	0	0
589	I	0	0	0	0	0	0	0
590	N	0	0	0	0	0	0	0
591	G	0	0	0	0	0	0	0
592	Y	0	0	0	0	0	0	0
593	V	0	0	0	0	0	0	0
594	P	0	0	0	0	0	0	0
595	E	0	0	0	0	0	0	0
596	S	0	0	0	0	0	0	0
597	I	0	0	0	0	0	0	0
598	T	0	0	0	0	0	0	0
599	T	0	0	0	0	0	0	0
600	L	0	0	0	0	0	0	0
601	G	0	0	0	0	0	0	0
602	F	0	0	0	0	0	0	0
603	C	0	0	0	0	0	0	0
604	F	0	0	0	0	0	0	0
605	D	0	0	0	0	0	0	0
606	D	0	0	0	0	0	0	0
607	T	0	0	0	0	0	0	0
608	V	0	0	0	0	0	0	0
609	Q	0	0	0	0	0	0	0
610	W	0	0	0	0	0	0	0
611	H	0	0	0	0	0	0	0
612	F	0	0	0	0	0	0	0
613	C	0	0	0	0	0	0	0
614	S	0	0	0	0	0	0	0
615	V	0	0	0	0	0	0	0
616	G	0	0	0	0	0	0	0
617	T	0	0	0	0	0	0	0
618	Q	0	0	0	0	0	0	0
619	N	0	0	0	0	0	0	0
620	E	0	0	0	0	0	0	0
621	I	0	0	0	0	0	0	0
622	L	0	0	0	0	0	0	0
623	T	0	0	0	0	0	0	0
624	I	0	0	0	0	0	0	0
625	H	0	0	0	0	0	0	0
626	F	0	0	0	0	0	0	0
627	T	0	0	0	0	0	0	0
628	G	0	0	0	0	0	0	0
629	H	0	0	0	0	0	0	0
630	S	0	0	0	0	0	0	0
631	F	0	0	0	0	0	0	0
632	I	0	0	0	0	0	0	0
633	Y	0	0	0	0	0	0	0
634	G	0	0	0	0	0	0	0
635	K	0	0	0	0	0	0	0
636	R	0	0	0	0	0	0	0
637	H	0	0	0	0	0	0	0
638	E	0	0	0	0	0	0	0
639	D	0	0	0	0	0	0	0
640	T	Phosphothreonine	YGKRHEDTLTLFPMR	CCCCCCCEEEEEECC	0	0	0	0
641	L	0	0	0	0	0	0	0
642	T	Phosphothreonine	KRHEDTLTLFPMRGE	CCCCCEEEEEECCCC	0	0	0	0
643	L	0	0	0	0	0	0	0
644	F	0	0	0	0	0	0	0
645	P	0	0	0	0	0	0	0
646	M	0	0	0	0	0	0	0
647	R	0	0	0	0	0	0	0
648	G	0	0	0	0	0	0	0
649	E	0	0	0	0	0	0	0
650	S	0	0	0	0	0	0	0
651	V	0	0	0	0	0	0	0
652	T	0	0	0	0	0	0	0
653	V	0	0	0	0	0	0	0
654	T	0	0	0	0	0	0	0
655	M	0	0	0	0	0	0	0
656	D	0	0	0	0	0	0	0
657	N	0	0	0	0	0	0	0
658	V	0	0	0	0	0	0	0
659	G	0	0	0	0	0	0	0
660	T	0	0	0	0	0	0	0
661	W	0	0	0	0	0	0	0
662	M	0	0	0	0	0	0	0
663	L	0	0	0	0	0	0	0
664	T	0	0	0	0	0	0	0
665	S	0	0	0	0	0	0	0
666	M	0	0	0	0	0	0	0
667	N	0	0	0	0	0	0	0
668	S	0	0	0	0	0	0	0
669	S	0	0	0	0	0	0	0
670	P	N-linked Glycosylation	LTSMNSSPRSKKLRL	EEECCCCCCCCCCCE	0	0	0	0
671	R	0	0	0	0	0	0	0
672	S	0	0	0	0	0	0	0
673	K	0	0	0	0	0	0	0
674	K	0	0	0	0	0	0	0
675	L	0	0	0	0	0	0	0
676	R	0	0	0	0	0	0	0
677	L	0	0	0	0	0	0	0
678	K	0	0	0	0	0	0	0
679	F	0	0	0	0	0	0	0
680	R	0	0	0	0	0	0	0
681	D	0	0	0	0	0	0	0
682	V	0	0	0	0	0	0	0
683	K	0	0	0	0	0	0	0
684	C	0	0	0	0	0	0	0
685	I	0	0	0	0	0	0	0
686	P	0	0	0	0	0	0	0
687	D	0	0	0	0	0	0	0
688	D	0	0	0	0	0	0	0
689	D	0	0	0	0	0	0	0
690	E	0	0	0	0	0	0	0
691	D	0	0	0	0	0	0	0
692	S	Phosphoserine	IPDDDEDSYEIFEPP	CCCCCCCCCCCCCCC	0	0	0	0
693	Y	Phosphotyrosine	PDDDEDSYEIFEPPE	CCCCCCCCCCCCCCC	0	0	0	0
694	E	0	0	0	0	0	0	0
695	I	0	0	0	0	0	0	0
696	F	0	0	0	0	0	0	0
697	E	0	0	0	0	0	0	0
698	P	0	0	0	0	0	0	0
699	P	0	0	0	0	0	0	0
700	E	0	0	0	0	0	0	0
701	S	0	0	0	0	0	0	0
702	T	0	0	0	0	0	0	0
703	V	0	0	0	0	0	0	0
704	M	0	0	0	0	0	0	0
705	A	0	0	0	0	0	0	0
706	T	Phosphothreonine	PESTVMATRKMHDRL	CCCCEEHEHHCHHCC	0	0	0	0
707	R	0	0	0	0	0	0	0
708	K	0	0	0	0	0	0	0
709	M	0	0	0	0	0	0	0
710	H	0	0	0	0	0	0	0
711	D	0	0	0	0	0	0	0
712	R	0	0	0	0	0	0	0
713	L	0	0	0	0	0	0	0
714	E	0	0	0	0	0	0	0
715	P	0	0	0	0	0	0	0
716	E	0	0	0	0	0	0	0
717	D	0	0	0	0	0	0	0
718	E	0	0	0	0	0	0	0
719	E	0	0	0	0	0	0	0
720	S	Phosphoserine	LEPEDEESDADYDYQ	CCCCCCCCCCCCCHH	0	0	0	0
721	D	0	0	0	0	0	0	0
722	A	0	0	0	0	0	0	0
723	D	0	0	0	0	0	0	0
724	Y	0	0	0	0	0	0	0
725	D	0	0	0	0	0	0	0
726	Y	0	0	0	0	0	0	0
727	Q	0	0	0	0	0	0	0
728	N	0	0	0	0	0	0	0
729	R	0	0	0	0	0	0	0
730	L	0	0	0	0	0	0	0
731	A	0	0	0	0	0	0	0
732	A	0	0	0	0	0	0	0
733	A	0	0	0	0	0	0	0
734	L	0	0	0	0	0	0	0
735	G	0	0	0	0	0	0	0
736	I	0	0	0	0	0	0	0
737	R	0	0	0	0	0	0	0
738	S	0	0	0	0	0	0	0
739	F	0	0	0	0	0	0	0
740	R	0	0	0	0	0	0	0
741	N	0	0	0	0	0	0	0
742	S	0	0	0	0	0	0	0
743	S	0	0	0	0	0	0	0
744	L	0	0	0	0	0	0	0
745	N	0	0	0	0	0	0	0
746	Q	0	0	0	0	0	0	0
747	E	0	0	0	0	0	0	0
748	E	0	0	0	0	0	0	0
749	E	0	0	0	0	0	0	0
750	E	0	0	0	0	0	0	0
751	F	0	0	0	0	0	0	0
752	N	0	0	0	0	0	0	0
753	L	0	0	0	0	0	0	0
754	T	0	0	0	0	0	0	0
755	A	0	0	0	0	0	0	0
756	L	0	0	0	0	0	0	0
757	A	0	0	0	0	0	0	0
758	L	0	0	0	0	0	0	0
759	E	0	0	0	0	0	0	0
760	N	0	0	0	0	0	0	0
761	G	0	0	0	0	0	0	0
762	T	0	0	0	0	0	0	0
763	E	0	0	0	0	0	0	0
764	F	0	0	0	0	0	0	0
765	V	0	0	0	0	0	0	0
766	S	0	0	0	0	0	0	0
767	S	0	0	0	0	0	0	0
768	N	0	0	0	0	0	0	0
769	T	0	0	0	0	0	0	0
770	D	0	0	0	0	0	0	0
771	I	0	0	0	0	0	0	0
772	I	0	0	0	0	0	0	0
773	V	0	0	0	0	0	0	0
774	G	0	0	0	0	0	0	0
775	S	0	0	0	0	0	0	0
776	N	N-linked Glycosylation	TDIIVGSNYSSPSNI	CEEEECCCCCCCCCC	0	0	0	0
777	Y	0	0	0	0	0	0	0
778	S	0	0	0	0	0	0	0
779	S	0	0	0	0	0	0	0
780	P	0	0	0	0	0	0	0
781	S	0	0	0	0	0	0	0
782	N	N-linked Glycosylation	SNYSSPSNISKFTVN	CCCCCCCCCCCCEEC	0	0	0	0
783	I	0	0	0	0	0	0	0
784	S	0	0	0	0	0	0	0
785	K	0	0	0	0	0	0	0
786	F	0	0	0	0	0	0	0
787	T	0	0	0	0	0	0	0
788	V	0	0	0	0	0	0	0
789	N	0	0	0	0	0	0	0
790	N	0	0	0	0	0	0	0
791	L	0	0	0	0	0	0	0
792	A	0	0	0	0	0	0	0
793	E	0	0	0	0	0	0	0
794	P	0	0	0	0	0	0	0
795	Q	0	0	0	0	0	0	0
796	K	0	0	0	0	0	0	0
797	A	0	0	0	0	0	0	0
798	P	0	0	0	0	0	0	0
799	S	0	0	0	0	0	0	0
800	H	0	0	0	0	0	0	0
801	Q	0	0	0	0	0	0	0
802	Q	0	0	0	0	0	0	0
803	A	0	0	0	0	0	0	0
804	T	O-linked (GalNAc)	APSHQQATTAGSPLR	CCCCCCCCCCCCHHH	0	0	0	0
805	T	O-linked (GalNAc)	PSHQQATTAGSPLRH	CCCCCCCCCCCHHHH	0	0	0	0
806	A	0	0	0	0	0	0	0
807	G	0	0	0	0	0	0	0
808	S	0	0	0	0	0	0	0
809	P	0	0	0	0	0	0	0
810	L	0	0	0	0	0	0	0
811	R	0	0	0	0	0	0	0
812	H	0	0	0	0	0	0	0
813	L	0	0	0	0	0	0	0
814	I	0	0	0	0	0	0	0
815	G	0	0	0	0	0	0	0
816	K	0	0	0	0	0	0	0
817	N	0	0	0	0	0	0	0
818	S	0	0	0	0	0	0	0
819	V	0	0	0	0	0	0	0
820	L	0	0	0	0	0	0	0
821	N	N-linked (GlcNAc)	IGKNSVLNSSTAEHS	HCCCCCCCCCCCCCC	0	0	0	0
822	S	0	0	0	0	0	0	0
823	S	0	0	0	0	0	0	0
824	T	0	0	0	0	0	0	0
825	A	0	0	0	0	0	0	0
826	E	0	0	0	0	0	0	0
827	H	0	0	0	0	0	0	0
828	S	0	0	0	0	0	0	0
829	S	0	0	0	0	0	0	0
830	P	0	0	0	0	0	0	0
831	Y	0	0	0	0	0	0	0
832	S	0	0	0	0	0	0	0
833	E	0	0	0	0	0	0	0
834	D	0	0	0	0	0	0	0
835	P	0	0	0	0	0	0	0
836	I	0	0	0	0	0	0	0
837	E	0	0	0	0	0	0	0
838	D	0	0	0	0	0	0	0
839	P	0	0	0	0	0	0	0
840	L	0	0	0	0	0	0	0
841	Q	0	0	0	0	0	0	0
842	P	0	0	0	0	0	0	0
843	D	0	0	0	0	0	0	0
844	V	0	0	0	0	0	0	0
845	T	0	0	0	0	0	0	0
846	G	0	0	0	0	0	0	0
847	I	0	0	0	0	0	0	0
848	R	0	0	0	0	0	0	0
849	L	0	0	0	0	0	0	0
850	L	0	0	0	0	0	0	0
851	S	0	0	0	0	0	0	0
852	L	0	0	0	0	0	0	0
853	G	0	0	0	0	0	0	0
854	A	0	0	0	0	0	0	0
855	G	0	0	0	0	0	0	0
856	E	0	0	0	0	0	0	0
857	F	0	0	0	0	0	0	0
858	K	0	0	0	0	0	R	859,864,866
859	S	Phosphoserine	LGAGEFKSQEHAKHK	ECCCCCCCHHHHHHC	Venous thromboembolism:venous thromboembolism;Blood protein levels:calcium/calmodulin-dependent protein kinase type 1 measurement	858;865 (1;6)	0	0
860	Q	0	0	0	0	0	0	0
861	E	0	0	0	0	0	0	0
862	H	0	0	0	0	0	0	0
863	A	0	0	0	0	0	0	0
864	K	N-acetyllysine	FKSQEHAKHKGPKVE	CCCHHHHHHCCCCCC	Venous thromboembolism:venous thromboembolism;Blood protein levels:calcium/calmodulin-dependent protein kinase type 1 measurement	858;865 (6;1)	0	0
865	H	0	0	0	0	0	R	859,864,866
866	K	N-acetyllysine	SQEHAKHKGPKVERD	CHHHHHHCCCCCCHH	Venous thromboembolism:venous thromboembolism;Blood protein levels:calcium/calmodulin-dependent protein kinase type 1 measurement	858;865 (8;1)	0	0
867	G	0	0	0	0	0	0	0
868	P	0	0	0	0	0	0	0
869	K	0	0	0	0	0	0	0
870	V	0	0	0	0	0	0	0
871	E	0	0	0	0	0	0	0
872	R	0	0	0	0	0	0	0
873	D	0	0	0	0	0	0	0
874	Q	0	0	0	0	0	0	0
875	A	0	0	0	0	0	0	0
876	A	0	0	0	0	0	0	0
877	K	0	0	0	0	0	0	0
878	H	0	0	0	0	0	0	0
879	R	0	0	0	0	0	0	0
880	F	0	0	0	0	0	0	0
881	S	0	0	0	0	0	0	0
882	W	0	0	0	0	0	0	0
883	M	0	0	0	0	0	0	0
884	K	0	0	0	0	0	0	0
885	L	0	0	0	0	0	0	0
886	L	0	0	0	0	0	0	0
887	A	0	0	0	0	0	0	0
888	H	0	0	0	0	0	0	0
889	K	0	0	0	0	0	0	0
890	V	0	0	0	0	0	0	0
891	G	0	0	0	0	0	0	0
892	R	0	0	0	0	0	0	0
893	H	0	0	0	0	0	0	0
894	L	0	0	0	0	0	0	0
895	S	0	0	0	0	0	0	0
896	Q	0	0	0	0	0	0	0
897	D	0	0	0	0	0	0	0
898	T	Phosphothreonine	GRHLSQDTGSPSGMR	HHHHCCCCCCCCCCC	0	0	0	0
899	G	0	0	0	0	0	0	0
900	S	0	0	0	0	0	0	0
901	P	0	0	0	0	0	0	0
902	S	0	0	0	0	0	0	0
903	G	0	0	0	0	0	0	0
904	M	0	0	0	0	0	0	0
905	R	0	0	0	0	0	0	0
906	P	0	0	0	0	0	0	0
907	W	0	0	0	0	0	0	0
908	E	0	0	0	0	0	0	0
909	D	0	0	0	0	0	0	0
910	L	0	0	0	0	0	0	0
911	P	0	0	0	0	0	0	0
912	S	0	0	0	0	0	0	0
913	Q	0	0	0	0	0	0	0
914	D	0	0	0	0	0	0	0
915	T	0	0	0	0	0	0	0
916	G	0	0	0	0	0	0	0
917	S	0	0	0	0	0	0	0
918	P	0	0	0	0	0	0	0
919	S	0	0	0	0	0	0	0
920	R	0	0	0	0	0	0	0
921	M	0	0	0	0	0	0	0
922	R	0	0	0	0	0	0	0
923	P	0	0	0	0	0	0	0
924	W	0	0	0	0	0	0	0
925	K	0	0	0	0	0	0	0
926	D	0	0	0	0	0	0	0
927	P	0	0	0	0	0	0	0
928	P	0	0	0	0	0	0	0
929	S	0	0	0	0	0	0	0
930	D	0	0	0	0	0	0	0
931	L	0	0	0	0	0	0	0
932	L	0	0	0	0	0	0	0
933	L	0	0	0	0	0	0	0
934	L	0	0	0	0	0	0	0
935	K	0	0	0	0	0	0	0
936	Q	0	0	0	0	0	0	0
937	S	Phosphoserine	DLLLLKQSNSSKILV	HEEEEECCCCCCEEE	0	0	0	0
938	N	0	0	0	0	0	0	0
939	S	0	0	0	0	0	0	0
940	S	0	0	0	0	0	0	0
941	K	0	0	0	0	0	0	0
942	I	0	0	0	0	0	0	0
943	L	0	0	0	0	0	0	0
944	V	0	0	0	0	0	0	0
945	G	0	0	0	0	0	0	0
946	R	0	0	0	0	0	0	0
947	W	0	0	0	0	0	0	0
948	H	0	0	0	0	0	0	0
949	L	0	0	0	0	0	0	0
950	A	0	0	0	0	0	0	0
951	S	0	0	0	0	0	0	0
952	E	0	0	0	0	0	0	0
953	K	0	0	0	0	0	0	0
954	G	0	0	0	0	0	0	0
955	S	Phosphoserine	HLASEKGSYEIIQDT	EECCCCCCEEEEECC	0	0	0	0
956	Y	0	0	0	0	0	0	0
957	E	0	0	0	0	0	0	0
958	I	0	0	0	0	0	0	0
959	I	0	0	0	0	0	0	0
960	Q	0	0	0	0	0	0	0
961	D	0	0	0	0	0	0	0
962	T	0	0	0	0	0	0	0
963	D	0	0	0	0	0	0	0
964	E	0	0	0	0	0	0	0
965	D	0	0	0	0	0	0	0
966	T	0	0	0	0	0	0	0
967	A	0	0	0	0	0	0	0
968	V	0	0	0	0	0	0	0
969	N	0	0	0	0	0	0	0
970	N	0	0	0	0	0	0	0
971	W	0	0	0	0	0	0	0
972	L	0	0	0	0	0	0	0
973	I	0	0	0	0	0	0	0
974	S	0	0	0	0	0	0	0
975	P	0	0	0	0	0	0	0
976	Q	0	0	0	0	0	0	0
977	N	N-linked (GlcNAc)	NWLISPQNASRAWGE	CEEECHHHHHHHCCC	0	0	0	0
978	A	0	0	0	0	0	0	0
979	S	0	0	0	0	0	0	0
980	R	0	0	0	0	0	0	0
981	A	0	0	0	0	0	0	0
982	W	0	0	0	0	0	0	0
983	G	0	0	0	0	0	0	0
984	E	0	0	0	0	0	0	0
985	S	0	0	0	0	0	0	0
986	T	0	0	0	0	0	0	0
987	P	0	0	0	0	0	0	0
988	L	0	0	0	0	0	0	0
989	A	0	0	0	0	0	0	0
990	N	0	0	0	0	0	0	0
991	K	0	0	0	0	0	0	0
992	P	0	0	0	0	0	0	0
993	G	0	0	0	0	0	0	0
994	K	0	0	0	0	0	0	0
995	Q	0	0	0	0	0	0	0
996	S	0	0	0	0	0	0	0
997	G	0	0	0	0	0	0	0
998	H	0	0	0	0	0	0	0
999	P	0	0	0	0	0	0	0
1000	K	0	0	0	0	0	0	0
1001	F	0	0	0	0	0	0	0
1002	P	0	0	0	0	0	0	0
1003	R	0	0	0	0	0	0	0
1004	V	0	0	0	0	0	0	0
1005	R	0	0	0	0	0	0	0
1006	H	0	0	0	0	0	0	0
1007	K	0	0	0	0	0	0	0
1008	S	0	0	0	0	0	0	0
1009	L	0	0	0	0	0	0	0
1010	Q	0	0	0	0	0	0	0
1011	V	0	0	0	0	0	0	0
1012	R	0	0	0	0	0	0	0
1013	Q	0	0	0	0	0	0	0
1014	D	0	0	0	0	0	0	0
1015	G	0	0	0	0	0	0	0
1016	G	0	0	0	0	0	0	0
1017	K	0	0	0	0	0	0	0
1018	S	0	0	0	0	0	0	0
1019	R	0	0	0	0	0	0	0
1020	L	0	0	0	0	0	0	0
1021	K	0	0	0	0	0	0	0
1022	K	0	0	0	0	0	0	0
1023	S	0	0	0	0	0	0	0
1024	Q	0	0	0	0	0	0	0
1025	F	0	0	0	0	0	0	0
1026	L	0	0	0	0	0	0	0
1027	I	0	0	0	0	0	0	0
1028	K	0	0	0	0	0	0	0
1029	T	0	0	0	0	0	0	0
1030	R	0	0	0	0	0	0	0
1031	K	0	0	0	0	0	0	0
1032	K	0	0	0	0	0	0	0
1033	K	0	0	0	0	0	0	0
1034	K	0	0	0	0	0	0	0
1035	E	0	0	0	0	0	0	0
1036	K	0	0	0	0	0	0	0
1037	H	0	0	0	0	0	0	0
1038	T	0	0	0	0	0	0	0
1039	H	0	0	0	0	0	0	0
1040	H	0	0	0	0	0	0	0
1041	A	0	0	0	0	0	0	0
1042	P	0	0	0	0	0	0	0
1043	L	0	0	0	0	0	0	0
1044	S	0	0	0	0	0	0	0
1045	P	0	0	0	0	0	0	0
1046	R	0	0	0	0	0	0	0
1047	T	Phosphothreonine	HAPLSPRTFHPLRSE	CCCCCHHHCCCCCCH	0	0	0	0
1048	F	0	0	0	0	0	0	0
1049	H	0	0	0	0	0	0	0
1050	P	0	0	0	0	0	0	0
1051	L	0	0	0	0	0	0	0
1052	R	0	0	0	0	0	0	0
1053	S	Phosphoserine	RTFHPLRSEAYNTFS	HHCCCCCCHHCCCCC	0	0	0	0
1054	E	0	0	0	0	0	0	0
1055	A	0	0	0	0	0	0	0
1056	Y	Phosphotyrosine	HPLRSEAYNTFSERR	CCCCCHHCCCCCHHH	0	0	0	0
1057	N	0	0	0	0	0	0	0
1058	T	Phosphothreonine	LRSEAYNTFSERRLK	CCCHHCCCCCHHHHH	0	0	0	0
1059	F	0	0	0	0	0	0	0
1060	S	0	0	0	0	0	0	0
1061	E	0	0	0	0	0	0	0
1062	R	0	0	0	0	0	0	0
1063	R	0	0	0	0	0	0	0
1064	L	0	0	0	0	0	0	0
1065	K	0	0	0	0	0	0	0
1066	H	0	0	0	0	0	0	0
1067	S	Phosphoserine	SERRLKHSLVLHKSN	CHHHHHEEEEEECCC	0	0	0	0
1068	L	0	0	0	0	0	0	0
1069	V	0	0	0	0	0	0	0
1070	L	0	0	0	0	0	0	0
1071	H	0	0	0	0	0	0	0
1072	K	0	0	0	0	0	0	0
1073	S	0	0	0	0	0	0	0
1074	N	0	0	0	0	0	0	0
1075	E	0	0	0	0	0	0	0
1076	T	0	0	0	0	0	0	0
1077	S	0	0	0	0	0	0	0
1078	L	0	0	0	0	0	0	0
1079	P	0	0	0	0	0	0	0
1080	T	0	0	0	0	0	0	0
1081	D	0	0	0	0	0	0	0
1082	L	0	0	0	0	0	0	0
1083	N	0	0	0	0	0	0	0
1084	Q	0	0	0	0	0	0	0
1085	T	0	0	0	0	0	0	0
1086	L	0	0	0	0	0	0	0
1087	P	0	0	0	0	0	0	0
1088	S	0	0	0	0	0	0	0
1089	M	0	0	0	0	0	0	0
1090	D	0	0	0	0	0	0	0
1091	F	0	0	0	0	0	0	0
1092	G	0	0	0	0	0	0	0
1093	W	0	0	0	0	0	0	0
1094	I	0	0	0	0	0	0	0
1095	A	0	0	0	0	0	0	0
1096	S	0	0	0	0	0	0	0
1097	L	0	0	0	0	0	0	0
1098	P	0	0	0	0	0	0	0
1099	D	0	0	0	0	0	0	0
1100	H	0	0	0	0	0	0	0
1101	N	0	0	0	0	0	0	0
1102	Q	0	0	0	0	0	0	0
1103	N	0	0	0	0	0	0	0
1104	S	0	0	0	0	0	0	0
1105	S	0	0	0	0	0	0	0
1106	N	0	0	0	0	0	0	0
1107	D	0	0	0	0	0	0	0
1108	T	0	0	0	0	0	0	0
1109	G	0	0	0	0	0	0	0
1110	Q	0	0	0	0	0	0	0
1111	A	0	0	0	0	0	0	0
1112	S	0	0	0	0	0	0	0
1113	C	0	0	0	0	0	0	0
1114	P	0	0	0	0	0	0	0
1115	P	0	0	0	0	0	0	0
1116	G	0	0	0	0	0	0	0
1117	L	0	0	0	0	0	0	0
1118	Y	0	0	0	0	0	0	0
1119	Q	0	0	0	0	0	0	0
1120	T	0	0	0	0	0	0	0
1121	V	0	0	0	0	0	0	0
1122	P	0	0	0	0	0	0	0
1123	P	0	0	0	0	0	0	0
1124	E	0	0	0	0	0	0	0
1125	E	0	0	0	0	0	0	0
1126	H	0	0	0	0	0	0	0
1127	Y	0	0	0	0	0	0	0
1128	Q	0	0	0	0	0	0	0
1129	T	0	0	0	0	0	0	0
1130	F	0	0	0	0	0	0	0
1131	P	0	0	0	0	0	0	0
1132	I	0	0	0	0	0	0	0
1133	Q	0	0	0	0	0	0	0
1134	D	0	0	0	0	0	0	0
1135	P	0	0	0	0	0	0	0
1136	D	0	0	0	0	0	0	0
1137	Q	0	0	0	0	0	0	0
1138	M	0	0	0	0	0	0	0
1139	H	0	0	0	0	0	0	0
1140	S	0	0	0	0	0	0	0
1141	T	0	0	0	0	0	0	0
1142	S	0	0	0	0	0	0	0
1143	D	0	0	0	0	0	0	0
1144	P	0	0	0	0	0	0	0
1145	S	0	0	0	0	0	0	0
1146	H	0	0	0	0	0	0	0
1147	R	0	0	0	0	0	0	0
1148	S	Phosphoserine	TSDPSHRSSSPELSE	CCCCCCCCCCHHHHH	0	0	0	0
1149	S	0	0	0	0	0	0	0
1150	S	Phosphoserine	DPSHRSSSPELSEML	CCCCCCCCHHHHHHH	0	0	0	0
1151	P	0	0	0	0	0	0	0
1152	E	0	0	0	0	0	0	0
1153	L	0	0	0	0	0	0	0
1154	S	0	0	0	0	0	0	0
1155	E	0	0	0	0	0	0	0
1156	M	0	0	0	0	0	0	0
1157	L	0	0	0	0	0	0	0
1158	E	0	0	0	0	0	0	0
1159	Y	0	0	0	0	0	0	0
1160	D	0	0	0	0	0	0	0
1161	R	0	0	0	0	0	0	0
1162	S	0	0	0	0	0	0	0
1163	H	0	0	0	0	0	0	0
1164	K	0	0	0	0	0	0	0
1165	S	0	0	0	0	0	0	0
1166	F	0	0	0	0	0	0	0
1167	P	0	0	0	0	0	0	0
1168	T	0	0	0	0	0	0	0
1169	D	0	0	0	0	0	0	0
1170	I	0	0	0	0	0	0	0
1171	S	0	0	0	0	0	0	0
1172	Q	0	0	0	0	0	0	0
1173	M	0	0	0	0	0	0	0
1174	S	0	0	0	0	0	0	0
1175	P	0	0	0	0	0	0	0
1176	S	0	0	0	0	0	0	0
1177	S	0	0	0	0	0	0	0
1178	E	0	0	0	0	0	0	0
1179	H	0	0	0	0	0	0	0
1180	E	0	0	0	0	0	0	0
1181	V	0	0	0	0	0	0	0
1182	W	0	0	0	0	0	0	0
1183	Q	0	0	0	0	0	0	0
1184	T	0	0	0	0	0	0	0
1185	V	0	0	0	0	0	0	0
1186	I	0	0	0	0	0	0	0
1187	S	0	0	0	0	0	0	0
1188	P	0	0	0	0	0	0	0
1189	D	0	0	0	0	0	0	0
1190	L	0	0	0	0	0	0	0
1191	S	0	0	0	0	0	0	0
1192	Q	0	0	0	0	0	0	0
1193	V	0	0	0	0	0	0	0
1194	T	0	0	0	0	0	0	0
1195	L	0	0	0	0	0	0	0
1196	S	0	0	0	0	0	0	0
1197	P	0	0	0	0	0	0	0
1198	E	0	0	0	0	0	0	0
1199	L	0	0	0	0	0	0	0
1200	S	0	0	0	0	0	0	0
1201	Q	0	0	0	0	0	0	0
1202	T	0	0	0	0	0	0	0
1203	N	0	0	0	0	0	0	0
1204	L	0	0	0	0	0	0	0
1205	S	0	0	0	0	0	0	0
1206	P	0	0	0	0	0	0	0
1207	D	0	0	0	0	0	0	0
1208	L	0	0	0	0	0	0	0
1209	S	0	0	0	0	0	0	0
1210	H	0	0	0	0	0	0	0
1211	T	0	0	0	0	0	0	0
1212	T	0	0	0	0	0	0	0
1213	L	0	0	0	0	0	0	0
1214	S	0	0	0	0	0	0	0
1215	P	0	0	0	0	0	0	0
1216	E	0	0	0	0	0	0	0
1217	L	0	0	0	0	0	0	0
1218	I	0	0	0	0	0	0	0
1219	Q	0	0	0	0	0	0	0
1220	R	0	0	0	0	0	0	0
1221	N	0	0	0	0	0	0	0
1222	L	0	0	0	0	0	0	0
1223	S	0	0	0	0	0	0	0
1224	P	0	0	0	0	0	0	0
1225	A	0	0	0	0	0	0	0
1226	L	0	0	0	0	0	0	0
1227	G	0	0	0	0	0	0	0
1228	Q	0	0	0	0	0	0	0
1229	M	0	0	0	0	0	0	0
1230	P	0	0	0	0	0	0	0
1231	I	0	0	0	0	0	0	0
1232	S	0	0	0	0	0	0	0
1233	P	0	0	0	0	0	0	0
1234	D	0	0	0	0	0	0	0
1235	L	0	0	0	0	0	0	0
1236	S	0	0	0	0	0	0	0
1237	H	0	0	0	0	0	0	0
1238	T	0	0	0	0	0	0	0
1239	T	0	0	0	0	0	0	0
1240	L	0	0	0	0	0	0	0
1241	S	0	0	0	0	0	0	0
1242	P	0	0	0	0	0	0	0
1243	D	0	0	0	0	0	0	0
1244	L	0	0	0	0	0	0	0
1245	S	0	0	0	0	0	0	0
1246	H	0	0	0	0	0	0	0
1247	T	0	0	0	0	0	0	0
1248	T	0	0	0	0	0	0	0
1249	L	0	0	0	0	0	0	0
1250	S	0	0	0	0	0	0	0
1251	L	0	0	0	0	0	0	0
1252	D	0	0	0	0	0	0	0
1253	L	0	0	0	0	0	0	0
1254	S	0	0	0	0	0	0	0
1255	Q	0	0	0	0	0	0	0
1256	T	0	0	0	0	0	0	0
1257	N	0	0	0	0	0	0	0
1258	L	0	0	0	0	0	0	0
1259	S	0	0	0	0	0	0	0
1260	P	0	0	0	0	0	0	0
1261	E	0	0	0	0	0	0	0
1262	L	0	0	0	0	0	0	0
1263	S	0	0	0	0	0	0	0
1264	Q	0	0	0	0	0	0	0
1265	T	0	0	0	0	0	0	0
1266	N	0	0	0	0	0	0	0
1267	L	0	0	0	0	0	0	0
1268	S	0	0	0	0	0	0	0
1269	P	0	0	0	0	0	0	0
1270	A	0	0	0	0	0	0	0
1271	L	0	0	0	0	0	0	0
1272	G	0	0	0	0	0	0	0
1273	Q	0	0	0	0	0	0	0
1274	M	0	0	0	0	0	0	0
1275	P	0	0	0	0	0	0	0
1276	L	0	0	0	0	0	0	0
1277	S	0	0	0	0	0	0	0
1278	P	0	0	0	0	0	0	0
1279	D	0	0	0	0	0	0	0
1280	L	0	0	0	0	0	0	0
1281	S	0	0	0	0	0	0	0
1282	H	0	0	0	0	0	0	0
1283	T	0	0	0	0	0	0	0
1284	T	0	0	0	0	0	0	0
1285	L	0	0	0	0	0	0	0
1286	S	0	0	0	0	0	0	0
1287	L	0	0	0	0	0	0	0
1288	D	0	0	0	0	0	0	0
1289	F	0	0	0	0	0	0	0
1290	S	0	0	0	0	0	0	0
1291	Q	0	0	0	0	0	0	0
1292	T	0	0	0	0	0	0	0
1293	N	0	0	0	0	0	0	0
1294	L	0	0	0	0	0	0	0
1295	S	0	0	0	0	0	0	0
1296	P	0	0	0	0	0	0	0
1297	E	0	0	0	0	0	0	0
1298	L	0	0	0	0	0	0	0
1299	S	0	0	0	0	0	0	0
1300	H	0	0	0	0	0	0	0
1301	M	0	0	0	0	0	0	0
1302	T	0	0	0	0	0	0	0
1303	L	0	0	0	0	0	0	0
1304	S	0	0	0	0	0	0	0
1305	P	0	0	0	0	0	0	0
1306	E	0	0	0	0	0	0	0
1307	L	0	0	0	0	0	0	0
1308	S	0	0	0	0	0	0	0
1309	Q	0	0	0	0	0	0	0
1310	T	0	0	0	0	0	0	0
1311	N	0	0	0	0	0	0	0
1312	L	0	0	0	0	0	0	0
1313	S	0	0	0	0	0	0	0
1314	P	0	0	0	0	0	0	0
1315	A	0	0	0	0	0	0	0
1316	L	0	0	0	0	0	0	0
1317	G	0	0	0	0	0	0	0
1318	Q	0	0	0	0	0	0	0
1319	M	0	0	0	0	0	0	0
1320	P	0	0	0	0	0	0	0
1321	I	0	0	0	0	0	0	0
1322	S	0	0	0	0	0	0	0
1323	P	0	0	0	0	0	0	0
1324	D	0	0	0	0	0	0	0
1325	L	0	0	0	0	0	0	0
1326	S	0	0	0	0	0	0	0
1327	H	0	0	0	0	0	0	0
1328	T	0	0	0	0	0	0	0
1329	T	0	0	0	0	0	0	0
1330	L	0	0	0	0	0	0	0
1331	S	0	0	0	0	0	0	0
1332	L	0	0	0	0	0	0	0
1333	D	0	0	0	0	0	0	0
1334	F	0	0	0	0	0	0	0
1335	S	0	0	0	0	0	0	0
1336	Q	0	0	0	0	0	0	0
1337	T	0	0	0	0	0	0	0
1338	N	0	0	0	0	0	0	0
1339	L	0	0	0	0	0	0	0
1340	S	0	0	0	0	0	0	0
1341	P	0	0	0	0	0	0	0
1342	E	0	0	0	0	0	0	0
1343	L	0	0	0	0	0	0	0
1344	S	0	0	0	0	0	0	0
1345	Q	0	0	0	0	0	0	0
1346	T	0	0	0	0	0	0	0
1347	N	0	0	0	0	0	0	0
1348	L	0	0	0	0	0	0	0
1349	S	0	0	0	0	0	0	0
1350	P	0	0	0	0	0	0	0
1351	A	0	0	0	0	0	0	0
1352	L	0	0	0	0	0	0	0
1353	G	0	0	0	0	0	0	0
1354	Q	0	0	0	0	0	0	0
1355	M	0	0	0	0	0	0	0
1356	P	0	0	0	0	0	0	0
1357	L	0	0	0	0	0	0	0
1358	S	0	0	0	0	0	0	0
1359	P	0	0	0	0	0	0	0
1360	D	0	0	0	0	0	0	0
1361	P	0	0	0	0	0	0	0
1362	S	0	0	0	0	0	0	0
1363	H	0	0	0	0	0	0	0
1364	T	0	0	0	0	0	0	0
1365	T	0	0	0	0	0	0	0
1366	L	0	0	0	0	0	0	0
1367	S	0	0	0	0	0	0	0
1368	L	0	0	0	0	0	0	0
1369	D	0	0	0	0	0	0	0
1370	L	0	0	0	0	0	0	0
1371	S	0	0	0	0	0	0	0
1372	Q	0	0	0	0	0	0	0
1373	T	0	0	0	0	0	0	0
1374	N	0	0	0	0	0	0	0
1375	L	0	0	0	0	0	0	0
1376	S	0	0	0	0	0	0	0
1377	P	0	0	0	0	0	0	0
1378	E	0	0	0	0	0	0	0
1379	L	0	0	0	0	0	0	0
1380	S	0	0	0	0	0	0	0
1381	Q	0	0	0	0	0	0	0
1382	T	0	0	0	0	0	0	0
1383	N	0	0	0	0	0	0	0
1384	L	0	0	0	0	0	0	0
1385	S	0	0	0	0	0	0	0
1386	P	0	0	0	0	0	0	0
1387	D	0	0	0	0	0	0	0
1388	L	0	0	0	0	0	0	0
1389	S	0	0	0	0	0	0	0
1390	E	0	0	0	0	0	0	0
1391	M	0	0	0	0	0	0	0
1392	P	0	0	0	0	0	0	0
1393	L	0	0	0	0	0	0	0
1394	F	0	0	0	0	0	0	0
1395	A	0	0	0	0	0	0	0
1396	D	0	0	0	0	0	0	0
1397	L	0	0	0	0	0	0	0
1398	S	0	0	0	0	0	0	0
1399	Q	0	0	0	0	0	0	0
1400	I	0	0	0	0	0	0	0
1401	P	0	0	0	0	0	0	0
1402	L	0	0	0	0	0	0	0
1403	T	0	0	0	0	0	0	0
1404	P	0	0	0	0	0	0	0
1405	D	0	0	0	0	0	0	0
1406	L	0	0	0	0	0	0	0
1407	D	0	0	0	0	0	0	0
1408	Q	0	0	0	0	0	0	0
1409	M	0	0	0	0	0	0	0
1410	T	0	0	0	0	0	0	0
1411	L	0	0	0	0	0	0	0
1412	S	0	0	0	0	0	0	0
1413	P	0	0	0	0	0	0	0
1414	D	0	0	0	0	0	0	0
1415	L	0	0	0	0	0	0	0
1416	G	0	0	0	0	0	0	0
1417	E	0	0	0	0	0	0	0
1418	T	0	0	0	0	0	0	0
1419	D	0	0	0	0	0	0	0
1420	L	0	0	0	0	0	0	0
1421	S	0	0	0	0	0	0	0
1422	P	0	0	0	0	0	0	0
1423	N	0	0	0	0	0	0	0
1424	F	0	0	0	0	0	0	0
1425	G	0	0	0	0	0	0	0
1426	Q	0	0	0	0	0	0	0
1427	M	0	0	0	0	0	0	0
1428	S	0	0	0	0	0	0	0
1429	L	0	0	0	0	0	0	0
1430	S	0	0	0	0	0	0	0
1431	P	0	0	0	0	0	0	0
1432	D	0	0	0	0	0	0	0
1433	L	0	0	0	0	0	0	0
1434	S	0	0	0	0	0	0	0
1435	Q	0	0	0	0	0	0	0
1436	V	0	0	0	0	0	0	0
1437	T	0	0	0	0	0	0	0
1438	L	0	0	0	0	0	0	0
1439	S	0	0	0	0	0	0	0
1440	P	0	0	0	0	0	0	0
1441	D	0	0	0	0	0	0	0
1442	I	0	0	0	0	0	0	0
1443	S	0	0	0	0	0	0	0
1444	D	0	0	0	0	0	0	0
1445	T	0	0	0	0	0	0	0
1446	T	0	0	0	0	0	0	0
1447	L	0	0	0	0	0	0	0
1448	L	0	0	0	0	0	0	0
1449	P	0	0	0	0	0	0	0
1450	D	0	0	0	0	0	0	0
1451	L	0	0	0	0	0	0	0
1452	S	0	0	0	0	0	0	0
1453	Q	0	0	0	0	0	0	0
1454	I	0	0	0	0	0	0	0
1455	S	0	0	0	0	0	0	0
1456	P	0	0	0	0	0	0	0
1457	P	0	0	0	0	0	0	0
1458	P	0	0	0	0	0	0	0
1459	D	0	0	0	0	0	0	0
1460	L	0	0	0	0	0	0	0
1461	D	0	0	0	0	0	0	0
1462	Q	0	0	0	0	0	0	0
1463	I	0	0	0	0	0	0	0
1464	F	0	0	0	0	0	0	0
1465	Y	0	0	0	0	0	0	0
1466	P	0	0	0	0	0	0	0
1467	S	0	0	0	0	0	0	0
1468	E	0	0	0	0	0	0	0
1469	S	0	0	0	0	0	0	0
1470	S	0	0	0	0	0	0	0
1471	Q	0	0	0	0	0	0	0
1472	S	0	0	0	0	0	0	0
1473	L	0	0	0	0	0	0	0
1474	L	0	0	0	0	0	0	0
1475	L	0	0	0	0	0	0	0
1476	Q	0	0	0	0	0	0	0
1477	E	0	0	0	0	0	0	0
1478	F	0	0	0	0	0	0	0
1479	N	0	0	0	0	0	0	0
1480	E	0	0	0	0	0	0	0
1481	S	0	0	0	0	0	0	0
1482	F	0	0	0	0	0	0	0
1483	P	0	0	0	0	0	0	0
1484	Y	0	0	0	0	0	0	0
1485	P	0	0	0	0	0	0	0
1486	D	0	0	0	0	0	0	0
1487	L	0	0	0	0	0	0	0
1488	G	0	0	0	0	0	0	0
1489	Q	0	0	0	0	0	0	0
1490	M	0	0	0	0	0	0	0
1491	P	0	0	0	0	0	0	0
1492	S	0	0	0	0	0	0	0
1493	P	0	0	0	0	0	0	0
1494	S	0	0	0	0	0	0	0
1495	S	0	0	0	0	0	0	0
1496	P	0	0	0	0	0	0	0
1497	T	0	0	0	0	0	0	0
1498	L	0	0	0	0	0	0	0
1499	N	0	0	0	0	0	0	0
1500	D	0	0	0	0	0	0	0
1501	T	0	0	0	0	0	0	0
1502	F	0	0	0	0	0	0	0
1503	L	0	0	0	0	0	0	0
1504	S	0	0	0	0	0	0	0
1505	K	0	0	0	0	0	0	0
1506	E	0	0	0	0	0	0	0
1507	F	0	0	0	0	0	0	0
1508	N	0	0	0	0	0	0	0
1509	P	0	0	0	0	0	0	0
1510	L	0	0	0	0	0	0	0
1511	V	0	0	0	0	0	0	0
1512	I	0	0	0	0	0	0	0
1513	V	0	0	0	0	0	0	0
1514	G	0	0	0	0	0	0	0
1515	L	0	0	0	0	0	0	0
1516	S	0	0	0	0	0	0	0
1517	K	0	0	0	0	0	0	0
1518	D	0	0	0	0	0	0	0
1519	G	0	0	0	0	0	0	0
1520	T	0	0	0	0	0	0	0
1521	D	0	0	0	0	0	0	0
1522	Y	0	0	0	0	0	0	0
1523	I	0	0	0	0	0	0	0
1524	E	0	0	0	0	0	0	0
1525	I	0	0	0	0	0	0	0
1526	I	0	0	0	0	0	0	0
1527	P	0	0	0	0	0	0	0
1528	K	0	0	0	0	0	0	0
1529	E	0	0	0	0	0	0	0
1530	E	0	0	0	0	0	0	0
1531	V	0	0	0	0	0	0	0
1532	Q	0	0	0	0	0	0	0
1533	S	0	0	0	0	0	0	0
1534	S	0	0	0	0	0	0	0
1535	E	0	0	0	0	0	0	0
1536	D	0	0	0	0	0	0	0
1537	D	0	0	0	0	0	0	0
1538	Y	0	0	0	0	0	0	0
1539	A	0	0	0	0	0	0	0
1540	E	0	0	0	0	0	0	0
1541	I	0	0	0	0	0	0	0
1542	D	0	0	0	0	0	0	0
1543	Y	0	0	0	0	0	0	0
1544	V	0	0	0	0	0	0	0
1545	P	0	0	0	0	0	0	0
1546	Y	0	0	0	0	0	0	0
1547	D	0	0	0	0	0	0	0
1548	D	0	0	0	0	0	0	0
1549	P	0	0	0	0	0	0	0
1550	Y	0	0	0	0	0	0	0
1551	K	0	0	0	0	0	0	0
1552	T	0	0	0	0	0	0	0
1553	D	0	0	0	0	0	0	0
1554	V	0	0	0	0	0	0	0
1555	R	0	0	0	0	0	0	0
1556	T	0	0	0	0	0	0	0
1557	N	0	0	0	0	0	0	0
1558	I	0	0	0	0	0	0	0
1559	N	N-linked Glycosylation	TDVRTNINSSRDPDN	CCCCCCCCCCCCCCC	0	0	0	0
1560	S	0	0	0	0	0	0	0
1561	S	0	0	0	0	0	0	0
1562	R	0	0	0	0	0	0	0
1563	D	0	0	0	0	0	0	0
1564	P	0	0	0	0	0	0	0
1565	D	0	0	0	0	0	0	0
1566	N	0	0	0	0	0	0	0
1567	I	0	0	0	0	0	0	0
1568	A	0	0	0	0	0	0	0
1569	A	0	0	0	0	0	0	0
1570	W	0	0	0	0	0	0	0
1571	Y	0	0	0	0	0	0	0
1572	L	0	0	0	0	0	0	0
1573	R	0	0	0	0	0	0	0
1574	S	0	0	0	0	0	0	0
1575	N	0	0	0	0	0	0	0
1576	N	0	0	0	0	0	0	0
1577	G	0	0	0	0	0	0	0
1578	N	0	0	0	0	0	0	0
1579	R	0	0	0	0	0	0	0
1580	R	0	0	0	0	0	0	0
1581	N	0	0	0	0	0	0	0
1582	Y	0	0	0	0	0	0	0
1583	Y	0	0	0	0	0	0	0
1584	I	0	0	0	0	0	0	0
1585	A	0	0	0	0	0	0	0
1586	A	0	0	0	0	0	0	0
1587	E	0	0	0	0	0	0	0
1588	E	0	0	0	0	0	0	0
1589	I	0	0	0	0	0	0	0
1590	S	0	0	0	0	0	0	0
1591	W	0	0	0	0	0	0	0
1592	D	0	0	0	0	0	0	0
1593	Y	0	0	0	0	0	0	0
1594	S	0	0	0	0	0	0	0
1595	E	0	0	0	0	0	0	0
1596	F	0	0	0	0	0	0	0
1597	V	0	0	0	0	0	0	0
1598	Q	0	0	0	0	0	0	0
1599	R	0	0	0	0	0	0	0
1600	E	0	0	0	0	0	0	0
1601	T	0	0	0	0	0	0	0
1602	D	0	0	0	0	0	0	0
1603	I	0	0	0	0	0	0	0
1604	E	0	0	0	0	0	0	0
1605	D	0	0	0	0	0	0	0
1606	S	0	0	0	0	0	0	0
1607	D	0	0	0	0	0	0	0
1608	D	0	0	0	0	0	0	0
1609	I	0	0	0	0	0	0	0
1610	P	0	0	0	0	0	0	0
1611	E	0	0	0	0	0	0	0
1612	D	0	0	0	0	0	0	0
1613	T	0	0	0	0	0	0	0
1614	T	0	0	0	0	0	0	0
1615	Y	0	0	0	0	0	0	0
1616	K	0	0	0	0	0	0	0
1617	K	0	0	0	0	0	0	0
1618	V	0	0	0	0	0	0	0
1619	V	0	0	0	0	0	0	0
1620	F	0	0	0	0	0	0	0
1621	R	0	0	0	0	0	0	0
1622	K	0	0	0	0	0	0	0
1623	Y	Phosphotyrosine	KKVVFRKYLDSTFTK	EEHHHHHHHHCCCCC	0	0	0	0
1624	L	0	0	0	0	0	0	0
1625	D	0	0	0	0	0	0	0
1626	S	Phosphoserine	VFRKYLDSTFTKRDP	HHHHHHHCCCCCCCC	0	0	0	0
1627	T	Phosphothreonine	FRKYLDSTFTKRDPR	HHHHHHCCCCCCCCC	0	0	0	0
1628	F	0	0	0	0	0	0	0
1629	T	Phosphothreonine	KYLDSTFTKRDPRGE	HHHHCCCCCCCCCCC	0	0	0	0
1630	K	0	0	0	0	0	0	0
1631	R	0	0	0	0	0	0	0
1632	D	0	0	0	0	0	0	0
1633	P	0	0	0	0	0	0	0
1634	R	0	0	0	0	0	0	0
1635	G	0	0	0	0	0	0	0
1636	E	0	0	0	0	0	0	0
1637	Y	0	0	0	0	0	0	0
1638	E	0	0	0	0	0	0	0
1639	E	0	0	0	0	0	0	0
1640	H	0	0	0	0	0	0	0
1641	L	0	0	0	0	0	0	0
1642	G	0	0	0	0	0	0	0
1643	I	0	0	0	0	0	0	0
1644	L	0	0	0	0	0	0	0
1645	G	0	0	0	0	0	0	0
1646	P	0	0	0	0	0	0	0
1647	I	0	0	0	0	0	0	0
1648	I	0	0	0	0	0	0	0
1649	R	0	0	0	0	0	0	0
1650	A	0	0	0	0	0	0	0
1651	E	0	0	0	0	0	0	0
1652	V	0	0	0	0	0	0	0
1653	D	0	0	0	0	0	0	0
1654	D	0	0	0	0	0	0	0
1655	V	0	0	0	0	0	0	0
1656	I	0	0	0	0	0	0	0
1657	Q	0	0	0	0	0	0	0
1658	V	0	0	0	0	0	0	0
1659	R	0	0	0	0	0	0	0
1660	F	0	0	0	0	0	0	0
1661	K	0	0	0	0	0	0	0
1662	N	0	0	0	0	0	0	0
1663	L	0	0	0	0	0	0	0
1664	A	0	0	0	0	0	0	0
1665	S	0	0	0	0	0	0	0
1666	R	0	0	0	0	0	0	0
1667	P	0	0	0	0	0	0	0
1668	Y	0	0	0	0	0	0	0
1669	S	0	0	0	0	0	0	0
1670	L	0	0	0	0	0	0	0
1671	H	0	0	0	0	0	0	0
1672	A	0	0	0	0	0	0	0
1673	H	0	0	0	0	0	0	0
1674	G	0	0	0	0	0	0	0
1675	L	0	0	0	0	0	0	0
1676	S	Phosphoserine	SLHAHGLSYEKSSEG	EEEECCCCCCCCCCC	0	0	0	0
1677	Y	0	0	0	0	0	0	0
1678	E	0	0	0	0	0	0	0
1679	K	0	0	0	0	0	0	0
1680	S	0	0	0	0	0	0	0
1681	S	0	0	0	0	0	0	0
1682	E	0	0	0	0	0	0	0
1683	G	0	0	0	0	0	0	0
1684	K	0	0	0	0	0	0	0
1685	T	Phosphothreonine	EKSSEGKTYEDDSPE	CCCCCCCCCCCCCCH	0	0	0	0
1686	Y	0	0	0	0	0	0	0
1687	E	0	0	0	0	0	0	0
1688	D	0	0	0	0	0	0	0
1689	D	0	0	0	0	0	0	0
1690	S	Phosphoserine	GKTYEDDSPEWFKED	CCCCCCCCCHHHHHC	0	0	0	0
1691	P	0	0	0	0	0	0	0
1692	E	0	0	0	0	0	0	0
1693	W	0	0	0	0	0	0	0
1694	F	0	0	0	0	0	0	0
1695	K	0	0	0	0	0	0	0
1696	E	0	0	0	0	0	0	0
1697	D	0	0	0	0	0	0	0
1698	N	0	0	0	0	0	0	0
1699	A	0	0	0	0	0	0	0
1700	V	0	0	0	0	0	0	0
1701	Q	0	0	0	0	0	0	0
1702	P	0	0	0	0	0	0	0
1703	N	0	0	0	0	0	0	0
1704	S	0	0	0	0	0	0	0
1705	S	0	0	0	0	0	0	0
1706	Y	0	0	0	0	0	0	0
1707	T	0	0	0	0	0	0	0
1708	Y	0	0	0	0	0	0	0
1709	V	0	0	0	0	0	0	0
1710	W	0	0	0	0	0	0	0
1711	H	0	0	0	0	0	0	0
1712	A	0	0	0	0	0	0	0
1713	T	0	0	0	0	0	0	0
1714	E	0	0	0	0	0	0	0
1715	R	0	0	0	0	0	0	0
1716	S	0	0	0	0	0	0	0
1717	G	0	0	0	0	0	0	0
1718	P	0	0	0	0	0	0	0
1719	E	0	0	0	0	0	0	0
1720	S	0	0	0	0	0	0	0
1721	P	0	0	0	0	0	0	0
1722	G	0	0	0	0	0	0	0
1723	S	0	0	0	0	0	0	0
1724	A	0	0	0	0	0	0	0
1725	C	0	0	0	0	0	0	0
1726	R	0	0	0	0	0	0	0
1727	A	0	0	0	0	0	0	0
1728	W	0	0	0	0	0	0	0
1729	A	0	0	0	0	0	0	0
1730	Y	0	0	0	0	0	0	0
1731	Y	0	0	0	0	0	0	0
1732	S	0	0	0	0	0	0	0
1733	A	0	0	0	0	0	0	0
1734	V	0	0	0	0	0	0	0
1735	N	0	0	0	0	0	0	0
1736	P	0	0	0	0	0	0	0
1737	E	0	0	0	0	0	0	0
1738	K	0	0	0	0	0	0	0
1739	D	0	0	0	0	0	0	0
1740	I	0	0	0	0	0	0	0
1741	H	0	0	0	0	0	0	0
1742	S	0	0	0	0	0	0	0
1743	G	0	0	0	0	0	0	0
1744	L	0	0	0	0	0	0	0
1745	I	0	0	0	0	0	0	0
1746	G	0	0	0	0	0	0	0
1747	P	0	0	0	0	0	0	0
1748	L	0	0	0	0	0	0	0
1749	L	0	0	0	0	0	0	0
1750	I	0	0	0	0	0	0	0
1751	C	0	0	0	0	0	0	0
1752	Q	0	0	0	0	0	0	0
1753	K	0	0	0	0	0	0	0
1754	G	0	0	0	0	0	0	0
1755	I	0	0	0	0	0	0	0
1756	L	0	0	0	0	0	0	0
1757	H	0	0	0	0	0	0	0
1758	K	0	0	0	0	0	0	0
1759	D	0	0	0	0	0	0	0
1760	S	0	0	0	0	0	0	0
1761	N	0	0	0	0	0	0	0
1762	M	0	0	0	0	0	0	0
1763	P	0	0	0	0	0	0	0
1764	M	0	0	0	0	0	0	0
1765	D	0	0	0	0	0	0	0
1766	M	0	0	0	0	0	0	0
1767	R	0	0	0	0	0	0	0
1768	E	0	0	0	0	0	0	0
1769	F	0	0	0	0	0	0	0
1770	V	0	0	0	0	0	0	0
1771	L	0	0	0	0	0	0	0
1772	L	0	0	0	0	0	0	0
1773	F	0	0	0	0	0	0	0
1774	M	0	0	0	0	0	0	0
1775	T	0	0	0	0	0	0	0
1776	F	0	0	0	0	0	0	0
1777	D	0	0	0	0	0	0	0
1778	E	0	0	0	0	0	0	0
1779	K	0	0	0	0	0	0	0
1780	K	0	0	0	0	0	0	0
1781	S	0	0	0	0	0	0	0
1782	W	0	0	0	0	0	0	0
1783	Y	Phosphotyrosine	FDEKKSWYYEKKSRS	CCCCCCCEEEECCCC	0	0	0	0
1784	Y	Phosphotyrosine	DEKKSWYYEKKSRSS	CCCCCCEEEECCCCC	0	0	0	0
1785	E	0	0	0	0	0	0	0
1786	K	0	0	0	0	0	0	0
1787	K	0	0	0	0	0	0	0
1788	S	0	0	0	0	0	0	0
1789	R	0	0	0	0	0	0	0
1790	S	0	0	0	0	0	0	0
1791	S	0	0	0	0	0	0	0
1792	W	0	0	0	0	0	0	0
1793	R	0	0	0	0	0	0	0
1794	L	0	0	0	0	0	0	0
1795	T	0	0	0	0	0	0	0
1796	S	0	0	0	0	0	0	0
1797	S	0	0	0	0	0	0	0
1798	E	0	0	0	0	0	0	0
1799	M	0	0	0	0	0	0	0
1800	K	0	0	0	0	0	0	0
1801	K	0	0	0	0	0	0	0
1802	S	0	0	0	0	0	0	0
1803	H	0	0	0	0	0	0	0
1804	E	0	0	0	0	0	0	0
1805	F	0	0	0	0	0	0	0
1806	H	0	0	0	0	0	0	0
1807	A	0	0	0	0	0	0	0
1808	I	0	0	0	0	0	0	0
1809	N	0	0	0	0	0	0	0
1810	G	0	0	0	0	0	0	0
1811	M	0	0	0	0	0	0	0
1812	I	0	0	0	0	0	0	0
1813	Y	0	0	0	0	0	0	0
1814	S	0	0	0	0	0	0	0
1815	L	0	0	0	0	0	0	0
1816	P	0	0	0	0	0	0	0
1817	G	0	0	0	0	0	0	0
1818	L	0	0	0	0	0	0	0
1819	K	0	0	0	0	0	0	0
1820	M	0	0	0	0	0	0	0
1821	Y	0	0	0	0	0	0	0
1822	E	0	0	0	0	0	0	0
1823	Q	0	0	0	0	0	0	0
1824	E	0	0	0	0	0	0	0
1825	W	0	0	0	0	0	0	0
1826	V	0	0	0	0	0	0	0
1827	R	0	0	0	0	0	0	0
1828	L	0	0	0	0	0	0	0
1829	H	0	0	0	0	0	0	0
1830	L	0	0	0	0	0	0	0
1831	L	0	0	0	0	0	0	0
1832	N	0	0	0	0	0	0	0
1833	I	0	0	0	0	0	0	0
1834	G	0	0	0	0	0	0	0
1835	G	0	0	0	0	0	0	0
1836	S	0	0	0	0	0	0	0
1837	Q	0	0	0	0	0	0	0
1838	D	0	0	0	0	0	0	0
1839	I	0	0	0	0	0	0	0
1840	H	0	0	0	0	0	0	0
1841	V	0	0	0	0	0	0	0
1842	V	0	0	0	0	0	0	0
1843	H	0	0	0	0	0	0	0
1844	F	0	0	0	0	0	0	0
1845	H	0	0	0	0	0	0	0
1846	G	0	0	0	0	0	0	0
1847	Q	0	0	0	0	0	0	0
1848	T	0	0	0	0	0	0	0
1849	L	0	0	0	0	0	0	0
1850	L	0	0	0	0	0	0	0
1851	E	0	0	0	0	0	0	0
1852	N	0	0	0	0	0	0	0
1853	G	0	0	0	0	0	0	0
1854	N	0	0	0	0	0	0	0
1855	K	0	0	0	0	0	0	0
1856	Q	0	0	0	0	0	0	0
1857	H	0	0	0	0	0	0	0
1858	Q	0	0	0	0	0	0	0
1859	L	0	0	0	0	0	0	0
1860	G	0	0	0	0	0	0	0
1861	V	0	0	0	0	0	0	0
1862	W	0	0	0	0	0	0	0
1863	P	0	0	0	0	0	0	0
1864	L	0	0	0	0	0	0	0
1865	L	0	0	0	0	0	0	0
1866	P	0	0	0	0	0	0	0
1867	G	0	0	0	0	0	0	0
1868	S	0	0	0	0	0	0	0
1869	F	0	0	0	0	0	0	0
1870	K	0	0	0	0	0	0	0
1871	T	0	0	0	0	0	0	0
1872	L	0	0	0	0	0	0	0
1873	E	0	0	0	0	0	0	0
1874	M	0	0	0	0	0	0	0
1875	K	0	0	0	0	0	0	0
1876	A	0	0	0	0	0	0	0
1877	S	0	0	0	0	0	0	0
1878	K	0	0	0	0	0	0	0
1879	P	0	0	0	0	0	0	0
1880	G	0	0	0	0	0	0	0
1881	W	0	0	0	0	0	0	0
1882	W	0	0	0	0	0	0	0
1883	L	0	0	0	0	0	0	0
1884	L	0	0	0	0	0	0	0
1885	N	0	0	0	0	0	0	0
1886	T	0	0	0	0	0	0	0
1887	E	0	0	0	0	0	0	0
1888	V	0	0	0	0	0	0	0
1889	G	0	0	0	0	0	0	0
1890	E	0	0	0	0	0	0	0
1891	N	0	0	0	0	0	0	0
1892	Q	0	0	0	0	0	0	0
1893	R	0	0	0	0	0	0	0
1894	A	0	0	0	0	0	0	0
1895	G	0	0	0	0	0	0	0
1896	M	0	0	0	0	0	0	0
1897	Q	0	0	0	0	0	0	0
1898	T	0	0	0	0	0	0	0
1899	P	0	0	0	0	0	0	0
1900	F	0	0	0	0	0	0	0
1901	L	0	0	0	0	0	0	0
1902	I	0	0	0	0	0	0	0
1903	M	0	0	0	0	0	0	0
1904	D	0	0	0	0	0	0	0
1905	R	0	0	0	0	0	0	0
1906	D	0	0	0	0	0	0	0
1907	C	0	0	0	0	0	0	0
1908	R	0	0	0	0	0	0	0
1909	M	0	0	0	0	0	0	0
1910	P	0	0	0	0	0	0	0
1911	M	0	0	0	0	0	0	0
1912	G	0	0	0	0	0	0	0
1913	L	0	0	0	0	0	0	0
1914	S	0	0	0	0	0	0	0
1915	T	0	0	0	0	0	0	0
1916	G	0	0	0	0	0	0	0
1917	I	0	0	0	0	0	0	0
1918	I	0	0	0	0	0	0	0
1919	S	0	0	0	0	0	0	0
1920	D	0	0	0	0	0	0	0
1921	S	0	0	0	0	0	0	0
1922	Q	0	0	0	0	0	0	0
1923	I	0	0	0	0	0	0	0
1924	K	0	0	0	0	0	0	0
1925	A	0	0	0	0	0	0	0
1926	S	0	0	0	0	0	0	0
1927	E	0	0	0	0	0	0	0
1928	F	0	0	0	0	0	0	0
1929	L	0	0	0	0	0	0	0
1930	G	0	0	0	0	0	0	0
1931	Y	0	0	0	0	0	0	0
1932	W	0	0	0	0	0	0	0
1933	E	0	0	0	0	0	0	0
1934	P	0	0	0	0	0	0	0
1935	R	0	0	0	0	0	0	0
1936	L	0	0	0	0	0	0	0
1937	A	0	0	0	0	0	0	0
1938	R	0	0	0	0	0	0	0
1939	L	0	0	0	0	0	0	0
1940	N	0	0	0	0	0	0	0
1941	N	0	0	0	0	0	0	0
1942	G	0	0	0	0	0	0	0
1943	G	0	0	0	0	0	0	0
1944	S	0	0	0	0	0	0	0
1945	Y	0	0	0	0	0	0	0
1946	N	0	0	0	0	0	0	0
1947	A	0	0	0	0	0	0	0
1948	W	0	0	0	0	0	0	0
1949	S	0	0	0	0	0	0	0
1950	V	0	0	0	0	0	0	0
1951	E	0	0	0	0	0	0	0
1952	K	0	0	0	0	0	0	0
1953	L	0	0	0	0	0	0	0
1954	A	0	0	0	0	0	0	0
1955	A	0	0	0	0	0	0	0
1956	E	0	0	0	0	0	0	0
1957	F	0	0	0	0	0	0	0
1958	A	0	0	0	0	0	0	0
1959	S	0	0	0	0	0	0	0
1960	K	0	0	0	0	0	0	0
1961	P	0	0	0	0	0	0	0
1962	W	0	0	0	0	0	0	0
1963	I	0	0	0	0	0	0	0
1964	Q	0	0	0	0	0	0	0
1965	V	0	0	0	0	0	0	0
1966	D	0	0	0	0	0	0	0
1967	M	0	0	0	0	0	0	0
1968	Q	0	0	0	0	0	0	0
1969	K	0	0	0	0	0	0	0
1970	E	0	0	0	0	0	0	0
1971	V	0	0	0	0	0	0	0
1972	I	0	0	0	0	0	0	0
1973	I	0	0	0	0	0	0	0
1974	T	0	0	0	0	0	0	0
1975	G	0	0	0	0	0	0	0
1976	I	0	0	0	0	0	0	0
1977	Q	0	0	0	0	0	0	0
1978	T	0	0	0	0	0	0	0
1979	Q	0	0	0	0	0	0	0
1980	G	0	0	0	0	0	0	0
1981	A	0	0	0	0	0	0	0
1982	K	0	0	0	0	0	0	0
1983	H	0	0	0	0	0	0	0
1984	Y	0	0	0	0	0	0	0
1985	L	0	0	0	0	0	0	0
1986	K	0	0	0	0	0	0	0
1987	S	0	0	0	0	0	0	0
1988	C	0	0	0	0	0	0	0
1989	Y	0	0	0	0	0	0	0
1990	T	0	0	0	0	0	0	0
1991	T	0	0	0	0	0	0	0
1992	E	0	0	0	0	0	0	0
1993	F	0	0	0	0	0	0	0
1994	Y	0	0	0	0	0	0	0
1995	V	0	0	0	0	0	0	0
1996	A	0	0	0	0	0	0	0
1997	Y	0	0	0	0	0	0	0
1998	S	0	0	0	0	0	0	0
1999	S	0	0	0	0	0	0	0
2000	N	0	0	0	0	0	0	0
2001	Q	0	0	0	0	0	0	0
2002	I	0	0	0	0	0	0	0
2003	N	0	0	0	0	0	0	0
2004	W	0	0	0	0	0	0	0
2005	Q	0	0	0	0	0	0	0
2006	I	0	0	0	0	0	0	0
2007	F	0	0	0	0	0	0	0
2008	K	0	0	0	0	0	0	0
2009	G	0	0	0	0	0	0	0
2010	N	0	0	0	0	0	0	0
2011	S	Phosphoserine	WQIFKGNSTRNVMYF	EEEEECCCCCCEEEE	0	0	0	0
2012	T	0	0	0	0	0	0	0
2013	R	0	0	0	0	0	0	0
2014	N	0	0	0	0	0	0	0
2015	V	0	0	0	0	0	0	0
2016	M	0	0	0	0	0	0	0
2017	Y	0	0	0	0	0	0	0
2018	F	0	0	0	0	0	0	0
2019	N	0	0	0	0	0	0	0
2020	G	0	0	0	0	0	0	0
2021	N	0	0	0	0	0	0	0
2022	S	0	0	0	0	0	0	0
2023	D	0	0	0	0	0	0	0
2024	A	0	0	0	0	0	0	0
2025	S	0	0	0	0	0	0	0
2026	T	Phosphothreonine	NGNSDASTIKENQFD	CCCCCHHHCCCCCCC	0	0	0	0
2027	I	0	0	0	0	0	0	0
2028	K	0	0	0	0	0	0	0
2029	E	0	0	0	0	0	0	0
2030	N	0	0	0	0	0	0	0
2031	Q	0	0	0	0	0	0	0
2032	F	0	0	0	0	0	0	0
2033	D	0	0	0	0	0	0	0
2034	P	0	0	0	0	0	0	0
2035	P	0	0	0	0	0	0	0
2036	I	0	0	0	0	0	0	0
2037	V	0	0	0	0	0	0	0
2038	A	0	0	0	0	0	0	0
2039	R	0	0	0	0	0	0	0
2040	Y	0	0	0	0	0	0	0
2041	I	0	0	0	0	0	0	0
2042	R	0	0	0	0	0	0	0
2043	I	0	0	0	0	0	0	0
2044	S	0	0	0	0	0	0	0
2045	P	0	0	0	0	0	0	0
2046	T	0	0	0	0	0	0	0
2047	R	0	0	0	0	0	0	0
2048	A	0	0	0	0	0	0	0
2049	Y	0	0	0	0	0	0	0
2050	N	0	0	0	0	0	0	0
2051	R	0	0	0	0	0	0	0
2052	P	0	0	0	0	0	0	0
2053	T	0	0	0	0	0	0	0
2054	L	0	0	0	0	0	0	0
2055	R	0	0	0	0	0	0	0
2056	L	0	0	0	0	0	0	0
2057	E	0	0	0	0	0	0	0
2058	L	0	0	0	0	0	0	0
2059	Q	0	0	0	0	0	0	0
2060	G	0	0	0	0	0	0	0
2061	C	0	0	0	0	0	0	0
2062	E	0	0	0	0	0	0	0
2063	V	0	0	0	0	0	0	0
2064	N	0	0	0	0	0	0	0
2065	G	0	0	0	0	0	0	0
2066	C	0	0	0	0	0	0	0
2067	S	0	0	0	0	0	0	0
2068	T	0	0	0	0	0	0	0
2069	P	0	0	0	0	0	0	0
2070	L	0	0	0	0	0	0	0
2071	G	0	0	0	0	0	0	0
2072	M	0	0	0	0	0	0	0
2073	E	0	0	0	0	0	0	0
2074	N	0	0	0	0	0	0	0
2075	G	0	0	0	0	0	0	0
2076	K	0	0	0	0	0	0	0
2077	I	0	0	0	0	0	0	0
2078	E	0	0	0	0	0	0	0
2079	N	0	0	0	0	0	0	0
2080	K	0	0	0	0	0	0	0
2081	Q	0	0	0	0	0	0	0
2082	I	0	0	0	0	0	0	0
2083	T	0	0	0	0	0	0	0
2084	A	0	0	0	0	0	0	0
2085	S	0	0	0	0	0	0	0
2086	S	0	0	0	0	0	0	0
2087	F	0	0	0	0	0	0	0
2088	K	0	0	0	0	0	0	0
2089	K	0	0	0	0	0	0	0
2090	S	0	0	0	0	0	0	0
2091	W	0	0	0	0	0	0	0
2092	W	0	0	0	0	0	0	0
2093	G	0	0	0	0	0	0	0
2094	D	0	0	0	0	0	0	0
2095	Y	0	0	0	0	0	0	0
2096	W	0	0	0	0	0	0	0
2097	E	0	0	0	0	0	0	0
2098	P	0	0	0	0	0	0	0
2099	F	0	0	0	0	0	0	0
2100	R	0	0	0	0	0	0	0
2101	A	0	0	0	0	0	0	0
2102	R	0	0	0	0	0	0	0
2103	L	0	0	0	0	0	0	0
2104	N	0	0	0	0	0	0	0
2105	A	0	0	0	0	0	0	0
2106	Q	0	0	0	0	0	0	0
2107	G	0	0	0	0	0	0	0
2108	R	0	0	0	0	0	0	0
2109	V	0	0	0	0	0	0	0
2110	N	0	0	0	0	0	0	0
2111	A	0	0	0	0	0	0	0
2112	W	0	0	0	0	0	0	0
2113	Q	0	0	0	0	0	0	0
2114	A	0	0	0	0	0	0	0
2115	K	0	0	0	0	0	0	0
2116	A	0	0	0	0	0	0	0
2117	N	0	0	0	0	0	0	0
2118	N	0	0	0	0	0	0	0
2119	N	0	0	0	0	0	0	0
2120	K	0	0	0	0	0	0	0
2121	Q	0	0	0	0	0	0	0
2122	W	0	0	0	0	0	0	0
2123	L	0	0	0	0	0	0	0
2124	E	0	0	0	0	0	0	0
2125	I	0	0	0	0	0	0	0
2126	D	0	0	0	0	0	0	0
2127	L	0	0	0	0	0	0	0
2128	L	0	0	0	0	0	0	0
2129	K	0	0	0	0	0	0	0
2130	I	0	0	0	0	0	0	0
2131	K	0	0	0	0	0	0	0
2132	K	0	0	0	0	0	0	0
2133	I	0	0	0	0	0	0	0
2134	T	0	0	0	0	0	0	0
2135	A	0	0	0	0	0	0	0
2136	I	0	0	0	0	0	0	0
2137	I	0	0	0	0	0	0	0
2138	T	0	0	0	0	0	0	0
2139	Q	0	0	0	0	0	0	0
2140	G	0	0	0	0	0	0	0
2141	C	0	0	0	0	0	0	0
2142	K	0	0	0	0	0	0	0
2143	S	0	0	0	0	0	0	0
2144	L	0	0	0	0	0	0	0
2145	S	0	0	0	0	0	0	0
2146	S	0	0	0	0	0	0	0
2147	E	0	0	0	0	0	0	0
2148	M	0	0	0	0	0	T	2149,2158
2149	Y	Phosphotyrosine	KSLSSEMYVKSYTIH	CCCCCCEEEEEEEEE	Blood protein levels:coagulation factor V measurement	2148 (1)	0	0
2150	V	0	0	0	0	0	0	0
2151	K	0	0	0	0	0	0	0
2152	S	0	0	0	0	0	0	0
2153	Y	0	0	0	0	0	0	0
2154	T	0	0	0	0	0	0	0
2155	I	0	0	0	0	0	0	0
2156	H	0	0	0	0	0	0	0
2157	Y	0	0	0	0	0	0	0
2158	S	Phosphoserine	KSYTIHYSEQGVEWK	EEEEEEECCCCCCCC	Blood protein levels:coagulation factor V measurement	2148 (10)	0	0
2159	E	0	0	0	0	0	0	0
2160	Q	0	0	0	0	0	0	0
2161	G	0	0	0	0	0	0	0
2162	V	0	0	0	0	0	0	0
2163	E	0	0	0	0	0	0	0
2164	W	0	0	0	0	0	0	0
2165	K	0	0	0	0	0	0	0
2166	P	0	0	0	0	0	0	0
2167	Y	0	0	0	0	0	0	0
2168	R	0	0	0	0	0	0	0
2169	L	0	0	0	0	0	0	0
2170	K	0	0	0	0	0	0	0
2171	S	0	0	0	0	0	0	0
2172	S	0	0	0	0	0	0	0
2173	M	0	0	0	0	0	0	0
2174	V	0	0	0	0	0	0	0
2175	D	0	0	0	0	0	0	0
2176	K	0	0	0	0	0	0	0
2177	I	0	0	0	0	0	0	0
2178	F	0	0	0	0	0	0	0
2179	E	0	0	0	0	0	0	0
2180	G	0	0	0	0	0	0	0
2181	N	0	0	0	0	0	0	0
2182	T	0	0	0	0	0	0	0
2183	N	0	0	0	0	0	0	0
2184	T	0	0	0	0	0	0	0
2185	K	0	0	0	0	0	0	0
2186	G	0	0	0	0	0	0	0
2187	H	0	0	0	0	0	0	0
2188	V	0	0	0	0	0	0	0
2189	K	0	0	0	0	0	0	0
2190	N	0	0	0	0	0	0	0
2191	F	0	0	0	0	0	0	0
2192	F	0	0	0	0	0	0	0
2193	N	0	0	0	0	0	0	0
2194	P	0	0	0	0	0	0	0
2195	P	0	0	0	0	0	0	0
2196	I	0	0	0	0	0	0	0
2197	I	0	0	0	0	0	0	0
2198	S	Phosphoserine	FFNPPIISRFIRVIP	HCCHHHHHHHHEECC	0	0	0	0
2199	R	0	0	0	0	0	0	0
2200	F	0	0	0	0	0	0	0
2201	I	0	0	0	0	0	0	0
2202	R	0	0	0	0	0	0	0
2203	V	0	0	0	0	0	0	0
2204	I	0	0	0	0	0	0	0
2205	P	0	0	0	0	0	0	0
2206	K	0	0	0	0	0	0	0
2207	T	0	0	0	0	0	0	0
2208	W	0	0	0	0	0	0	0
2209	N	0	0	0	0	0	0	0
2210	Q	0	0	0	0	0	0	0
2211	S	Phosphoserine	IPKTWNQSIALRLEL	CCCCCCHHHHHHHHH	0	0	0	0
2212	I	0	0	0	0	0	0	0
2213	A	0	0	0	0	0	0	0
2214	L	0	0	0	0	0	0	0
2215	R	0	0	0	0	0	0	0
2216	L	0	0	0	0	0	0	0
2217	E	0	0	0	0	0	0	0
2218	L	0	0	0	0	0	0	0
2219	F	0	0	0	0	0	0	0
2220	G	0	0	0	0	0	0	0
2221	C	0	0	0	0	0	0	0
2222	D	0	0	0	0	0	0	0
2223	I	0	0	0	0	0	0	0
2224	Y	0	0	0	0	0	0	0
