location	residue	Modification	seq	secStruc	RelatedDisease	VariantPosition	ResidueChange	DaPSbySAP
1	M	0	0	0	0	0	0	0
2	A	0	0	0	0	0	0	0
3	E	0	0	0	0	0	0	0
4	G	0	0	0	0	0	0	0
5	P	0	0	0	0	0	0	0
6	E	0	0	0	0	0	0	0
7	E	0	0	0	0	0	0	0
8	A	0	0	0	0	0	0	0
9	R	0	0	0	0	0	0	0
10	G	0	0	0	0	0	0	0
11	H	0	0	0	0	0	0	0
12	P	0	0	0	0	0	0	0
13	P	0	0	0	0	0	0	0
14	G	0	0	0	0	0	0	0
15	Q	0	0	0	0	0	0	0
16	D	0	0	0	0	0	0	0
17	D	0	0	0	0	0	0	0
18	G	0	0	0	0	0	0	0
19	G	0	0	0	0	0	0	0
20	G	0	0	0	0	0	0	0
21	D	0	0	0	0	0	0	0
22	H	0	0	0	0	0	0	0
23	E	0	0	0	0	0	0	0
24	P	0	0	0	0	0	0	0
25	V	0	0	0	0	0	0	0
26	P	0	0	0	0	0	0	0
27	S	0	0	0	0	0	0	0
28	L	0	0	0	0	0	0	0
29	R	0	0	0	0	0	0	0
30	G	0	0	0	0	0	0	0
31	P	0	0	0	0	0	0	0
32	P	0	0	0	0	0	0	0
33	T	0	0	0	0	0	0	0
34	T	0	0	0	0	0	0	0
35	A	0	0	0	0	0	0	0
36	V	0	0	0	0	0	0	0
37	P	0	0	0	0	0	0	0
38	C	0	0	0	0	0	0	0
39	P	0	0	0	0	0	0	0
40	R	0	0	0	0	0	0	0
41	D	0	0	0	0	0	0	0
42	D	0	0	0	0	0	0	0
43	P	0	0	0	0	0	0	0
44	Q	0	0	0	0	0	0	0
45	A	0	0	0	0	0	0	0
46	E	0	0	0	0	0	0	0
47	P	0	0	0	0	0	0	0
48	Q	0	0	0	0	0	0	0
49	A	0	0	0	0	0	0	0
50	P	0	0	0	0	0	0	0
51	G	0	0	0	0	0	0	0
52	R	0	0	0	0	0	0	0
53	P	0	0	0	0	0	0	0
54	T	0	0	0	0	0	0	0
55	A	0	0	0	0	0	0	0
56	P	0	0	0	0	0	0	0
57	G	0	0	0	0	0	0	0
58	L	0	0	0	0	0	0	0
59	A	0	0	0	0	0	0	0
60	A	0	0	0	0	0	0	0
61	A	0	0	0	0	0	0	0
62	A	0	0	0	0	0	0	0
63	A	0	0	0	0	0	0	0
64	A	0	0	0	0	0	0	0
65	D	0	0	0	0	0	0	0
66	K	0	0	0	0	0	0	0
67	L	0	0	0	0	0	0	0
68	E	0	0	0	0	0	0	0
69	P	0	0	0	0	0	0	0
70	P	0	0	0	0	0	0	0
71	R	0	0	0	0	0	0	0
72	E	0	0	0	0	0	0	0
73	L	0	0	0	0	0	0	0
74	R	0	0	0	0	0	0	0
75	K	0	0	0	0	0	0	0
76	R	0	0	0	0	0	0	0
77	G	0	0	0	0	0	0	0
78	E	0	0	0	0	0	0	0
79	A	0	0	0	0	0	0	0
80	A	0	0	0	0	0	0	0
81	S	Phosphoserine	RKRGEAASGSGAELQ	HHHHHHCCCCCHHHH	0	0	0	0
82	G	0	0	0	0	0	0	0
83	S	Phosphoserine	RGEAASGSGAELQEQ	HHHHCCCCCHHHHHH	0	0	0	0
84	G	0	0	0	0	0	0	0
85	A	0	0	0	0	0	0	0
86	E	0	0	0	0	0	0	0
87	L	0	0	0	0	0	0	0
88	Q	0	0	0	0	0	0	0
89	E	0	0	0	0	0	0	0
90	Q	0	0	0	0	0	0	0
91	A	0	0	0	0	0	0	0
92	G	0	0	0	0	0	0	0
93	C	0	0	0	0	0	0	0
94	E	0	0	0	0	0	0	0
95	A	0	0	0	0	0	0	0
96	P	0	0	0	0	0	0	0
97	E	0	0	0	0	0	0	0
98	A	0	0	0	0	0	0	0
99	A	0	0	0	0	0	0	0
100	A	0	0	0	0	0	0	0
101	P	0	0	0	0	0	0	0
102	R	0	0	0	0	0	0	0
103	E	0	0	0	0	0	0	0
104	R	0	0	0	0	0	0	0
105	P	0	0	0	0	0	0	0
106	A	0	0	0	0	0	0	0
107	R	0	0	0	0	0	0	0
108	L	0	0	0	0	0	0	0
109	S	0	0	0	0	0	0	0
110	A	0	0	0	0	0	0	0
111	R	0	0	0	0	0	0	0
112	E	0	0	0	0	0	0	0
113	Y	0	0	0	0	0	0	0
114	S	0	0	0	0	0	0	0
115	R	0	0	0	0	0	0	0
116	Q	0	0	0	0	0	0	0
117	V	0	0	0	0	0	0	0
118	H	0	0	0	0	0	0	0
119	E	0	0	0	0	0	0	0
120	W	0	0	0	0	0	0	0
121	L	0	0	0	0	0	0	0
122	W	0	0	0	0	0	0	0
123	Q	0	0	0	0	0	0	0
124	S	0	0	0	0	0	0	0
125	Y	0	0	0	0	0	0	0
126	C	0	0	0	0	0	0	0
127	G	0	0	0	0	0	0	0
128	Y	0	0	0	0	0	0	0
129	L	0	0	0	0	0	0	0
130	T	0	0	0	0	0	0	0
131	W	0	0	0	0	0	0	0
132	H	0	0	0	0	0	0	0
133	S	0	0	0	0	0	0	0
134	G	0	0	0	0	0	0	0
135	L	0	0	0	0	0	0	0
136	A	0	0	0	0	0	0	0
137	A	0	0	0	0	0	0	0
138	F	0	0	0	0	0	0	0
139	P	0	0	0	0	0	0	0
140	A	0	0	0	0	0	0	0
141	Y	0	0	0	0	0	0	0
142	C	0	0	0	0	0	0	0
143	S	0	0	0	0	0	0	0
144	P	0	0	0	0	0	0	0
145	Q	0	0	0	0	0	0	0
146	P	0	0	0	0	0	0	0
147	S	0	0	0	0	0	0	0
148	P	0	0	0	0	0	0	0
149	Q	0	0	0	0	0	0	0
150	S	0	0	0	0	0	0	0
151	F	0	0	0	0	0	0	0
152	P	0	0	0	0	0	0	0
153	S	0	0	0	0	0	0	0
154	G	0	0	0	0	0	0	0
155	G	0	0	0	0	0	0	0
156	A	0	0	0	0	0	0	0
157	A	0	0	0	0	0	0	0
158	V	0	0	0	0	0	0	0
159	P	0	0	0	0	0	0	0
160	Q	0	0	0	0	0	0	0
161	A	0	0	0	0	0	0	0
162	A	0	0	0	0	0	0	0
163	A	0	0	0	0	0	0	0
164	P	0	0	0	0	0	0	0
165	P	0	0	0	0	0	0	0
166	P	0	0	0	0	0	0	0
167	P	0	0	0	0	0	0	0
168	Q	0	0	0	0	0	0	0
169	L	0	0	0	0	0	0	0
170	G	0	0	0	0	0	0	0
171	Y	0	0	0	0	0	0	0
172	Y	0	0	0	0	0	0	0
173	N	0	0	0	0	0	0	0
174	P	0	0	0	0	0	0	0
175	F	0	0	0	0	0	0	0
176	Y	0	0	0	0	0	0	0
177	F	0	0	0	0	0	0	0
178	L	0	0	0	0	0	0	0
179	S	0	0	0	0	0	0	0
180	P	0	0	0	0	0	0	0
181	G	0	0	0	0	0	0	0
182	A	0	0	0	0	0	0	0
183	A	0	0	0	0	0	0	0
184	G	0	0	0	0	0	0	0
185	P	0	0	0	0	0	0	0
186	D	0	0	0	0	0	0	0
187	P	0	0	0	0	0	0	0
188	R	0	0	0	0	0	0	0
189	T	0	0	0	0	0	0	0
190	A	0	0	0	0	0	0	0
191	A	0	0	0	0	0	0	0
192	G	0	0	0	0	0	0	0
193	I	0	0	0	0	0	0	0
194	S	0	0	0	0	0	0	0
195	T	Phosphothreonine	RTAAGISTPAPVAGL	CCCCCCCCCCCCCCC	0	0	0	0
196	P	0	0	0	0	0	0	0
197	A	0	0	0	0	0	0	0
198	P	0	0	0	0	0	0	0
199	V	0	0	0	0	0	0	0
200	A	0	0	0	0	0	0	0
201	G	0	0	0	0	0	0	0
202	L	0	0	0	0	0	0	0
203	G	0	0	0	0	0	0	0
204	P	0	0	0	0	0	0	0
205	R	0	0	0	0	0	0	0
206	A	0	0	0	0	0	0	0
207	P	0	0	0	0	0	0	0
208	H	0	0	0	0	0	0	0
209	V	0	0	0	0	0	0	0
210	Q	0	0	0	0	0	0	0
211	A	0	0	0	0	0	0	0
212	S	0	0	0	0	0	0	0
213	V	0	0	0	0	0	0	0
214	R	0	0	0	0	0	0	0
215	A	0	0	0	0	0	0	0
216	T	0	0	0	0	0	0	0
217	P	0	0	0	0	0	0	0
218	V	0	0	0	0	0	0	0
219	T	Phosphothreonine	SVRATPVTRVGSAAP	EEECCCCEECCCCCC	0	0	0	0
220	R	0	0	0	0	0	0	0
221	V	0	0	0	0	0	0	0
222	G	0	0	0	0	0	0	0
223	S	Phosphoserine	TPVTRVGSAAPSRSP	CCCEECCCCCCCCCC	0	0	0	0
224	A	0	0	0	0	0	0	0
225	A	0	0	0	0	0	0	0
226	P	0	0	0	0	0	0	0
227	S	Phosphoserine	RVGSAAPSRSPSETG	ECCCCCCCCCCCHHH	0	0	0	0
228	R	0	0	0	0	0	0	0
229	S	Phosphoserine	GSAAPSRSPSETGRQ	CCCCCCCCCCHHHHH	0	0	0	0
230	P	0	0	0	0	0	0	0
231	S	Phosphoserine	AAPSRSPSETGRQAG	CCCCCCCCHHHHHCC	0	0	0	0
232	E	0	0	0	0	0	0	0
233	T	Phosphothreonine	PSRSPSETGRQAGRE	CCCCCCHHHHHCCHH	0	0	0	0
234	G	0	0	0	0	0	0	0
235	R	0	0	0	0	0	0	0
236	Q	0	0	0	0	0	0	0
237	A	0	0	0	0	0	0	0
238	G	0	0	0	0	0	0	0
239	R	0	0	0	0	0	0	0
240	E	0	0	0	0	0	0	0
241	Y	Phosphotyrosine	GRQAGREYVIPSLAH	HHHCCHHCCHHHHHH	0	0	0	0
242	V	0	0	0	0	0	0	0
243	I	0	0	0	0	0	0	0
244	P	0	0	0	0	0	0	0
245	S	Phosphoserine	GREYVIPSLAHRFMA	CHHCCHHHHHHHHHH	0	0	0	0
246	L	0	0	0	0	0	0	0
247	A	0	0	0	0	0	0	0
248	H	0	0	0	0	0	0	0
249	R	0	0	0	0	0	0	0
250	F	0	0	0	0	0	0	0
251	M	0	0	0	0	0	0	0
252	A	0	0	0	0	0	0	0
253	E	0	0	0	0	0	0	0
254	M	0	0	0	0	0	0	0
255	V	0	0	0	0	0	0	0
256	D	0	0	0	0	0	0	0
257	F	0	0	0	0	0	0	0
258	F	0	0	0	0	0	0	0
259	I	0	0	0	0	0	0	0
260	L	0	0	0	0	0	0	0
261	F	0	0	0	0	0	0	0
262	F	0	0	0	0	0	0	0
263	I	0	0	0	0	0	0	0
264	K	0	0	0	0	0	0	0
265	A	0	0	0	0	0	0	0
266	T	Phosphothreonine	ILFFIKATIVLSIMH	HHHHHHHHHHHHHHH	0	0	0	0
267	I	0	0	0	0	0	0	0
268	V	0	0	0	0	0	0	0
269	L	0	0	0	0	0	0	0
270	S	Phosphoserine	IKATIVLSIMHLSGI	HHHHHHHHHHHHCCC	0	0	0	0
271	I	0	0	0	0	0	0	0
272	M	0	0	0	0	0	0	0
273	H	0	0	0	0	0	0	0
274	L	0	0	0	0	0	0	0
275	S	0	0	0	0	0	0	0
276	G	0	0	0	0	0	0	0
277	I	0	0	0	0	0	0	0
278	K	0	0	0	0	0	0	0
279	D	0	0	0	0	0	0	0
280	I	0	0	0	0	0	0	0
281	S	0	0	0	0	0	0	0
282	K	0	0	0	0	0	0	0
283	F	0	0	0	0	0	0	0
284	A	0	0	0	0	0	0	0
285	M	0	0	0	0	0	0	0
286	H	0	0	0	0	0	0	0
287	Y	0	0	0	0	0	0	0
288	I	0	0	0	0	0	0	0
289	I	0	0	0	0	0	0	0
290	E	0	0	0	0	0	0	0
291	E	0	0	0	0	0	0	0
292	I	0	0	0	0	0	0	0
293	D	0	0	0	0	0	0	0
294	E	0	0	0	0	0	0	0
295	D	0	0	0	0	0	0	0
296	T	0	0	0	0	0	0	0
297	S	0	0	0	0	0	0	0
298	M	0	0	0	0	0	0	0
299	E	0	0	0	0	0	0	0
300	D	0	0	0	0	0	0	0
301	L	0	0	0	0	0	0	0
302	Q	0	0	0	0	0	0	0
303	K	0	0	0	0	0	0	0
304	M	0	0	0	0	0	0	0
305	M	0	0	0	0	0	0	0
306	V	0	0	0	0	0	0	0
307	V	0	0	0	0	0	0	0
308	A	0	0	0	0	0	0	0
309	L	0	0	0	0	0	0	0
310	I	0	0	0	0	0	0	0
311	Y	0	0	0	0	0	0	0
312	R	0	0	0	0	0	0	0
313	L	0	0	0	0	0	0	0
314	L	0	0	0	0	0	0	0
315	V	0	0	0	0	0	0	0
316	C	0	0	0	0	0	0	0
317	F	0	0	0	0	0	0	0
318	Y	0	0	0	0	0	0	0
319	E	0	0	0	0	0	0	0
320	I	0	0	0	0	0	0	0
321	I	0	0	0	0	0	0	0
322	C	0	0	0	0	0	0	0
323	I	0	0	0	0	0	0	0
324	W	0	0	0	0	0	0	0
325	G	0	0	0	0	0	0	0
326	A	0	0	0	0	0	0	0
327	G	0	0	0	0	0	0	0
328	G	0	0	0	0	0	0	0
329	A	0	0	0	0	0	0	0
330	T	0	0	0	0	0	0	0
331	P	0	0	0	0	0	0	0
332	G	0	0	0	0	0	0	0
333	K	0	0	0	0	0	0	0
334	F	0	0	0	0	0	0	0
335	L	0	0	0	0	0	0	0
336	L	0	0	0	0	0	0	0
337	G	0	0	0	0	0	0	0
338	L	0	0	0	0	0	0	0
339	R	0	0	0	0	0	0	0
340	V	0	0	0	0	0	0	0
341	V	0	0	0	0	0	0	0
342	T	Phosphothreonine	LLGLRVVTCDTSVLI	CCEEEEEEECCCEEE	0	0	0	0
343	C	0	0	0	0	0	0	0
344	D	0	0	0	0	0	0	0
345	T	Phosphothreonine	LRVVTCDTSVLIAPS	EEEEEECCCEEECCC	Idiopathic intracranial hypertension:pseudotumor cerebri	353 (8)	0	0
346	S	Phosphoserine	RVVTCDTSVLIAPSR	EEEEECCCEEECCCE	Idiopathic intracranial hypertension:pseudotumor cerebri	353 (7)	0	0
347	V	0	0	0	0	0	0	0
348	L	0	0	0	0	0	0	0
349	I	0	0	0	0	0	0	0
350	A	0	0	0	0	0	0	0
351	P	0	0	0	0	0	0	0
352	S	0	0	0	0	0	0	0
353	R	0	0	0	0	0	Q	345,346,363
354	V	0	0	0	0	0	0	0
355	L	0	0	0	0	0	0	0
356	V	0	0	0	0	0	0	0
357	I	0	0	0	0	0	0	0
358	P	0	0	0	0	0	0	0
359	S	0	0	0	0	0	0	0
360	S	0	0	0	0	0	0	0
361	N	0	0	0	0	0	0	0
362	V	0	0	0	0	0	0	0
363	S	Phosphoserine	VIPSSNVSITTSTIR	EECCCCCCCCHHHHH	Idiopathic intracranial hypertension:pseudotumor cerebri	353 (10)	0	0
364	I	0	0	0	0	0	0	0
365	T	0	0	0	0	0	0	0
366	T	Phosphothreonine	SSNVSITTSTIRALI	CCCCCCCHHHHHHHH	0	0	0	0
367	S	0	0	0	0	0	0	0
368	T	0	0	0	0	0	0	0
369	I	0	0	0	0	0	0	0
370	R	0	0	0	0	0	0	0
371	A	0	0	0	0	0	0	0
372	L	0	0	0	0	0	0	0
373	I	0	0	0	0	0	0	0
374	K	0	0	0	0	0	0	0
375	N	0	0	0	0	0	0	0
376	F	0	0	0	0	0	0	0
377	S	0	0	0	0	0	0	0
378	I	0	0	0	0	0	0	0
379	A	0	0	0	0	0	0	0
380	S	0	0	0	0	0	0	0
381	F	0	0	0	0	0	0	0
382	F	0	0	0	0	0	0	0
383	P	0	0	0	0	0	0	0
384	A	0	0	0	0	0	0	0
385	F	0	0	0	0	0	0	0
386	I	0	0	0	0	0	0	0
387	T	0	0	0	0	0	0	0
388	L	0	0	0	0	0	0	0
389	L	0	0	0	0	0	0	0
390	F	0	0	0	0	0	0	0
391	F	0	0	0	0	0	0	0
392	Q	0	0	0	0	0	0	0
393	H	0	0	0	0	0	0	0
394	N	0	0	0	0	0	0	0
395	R	0	0	0	0	0	0	0
396	T	0	0	0	0	0	0	0
397	A	0	0	0	0	0	0	0
398	Y	0	0	0	0	0	0	0
399	D	0	0	0	0	0	0	0
400	I	0	0	0	0	0	0	0
401	V	0	0	0	0	0	0	0
402	A	0	0	0	0	0	0	0
403	G	0	0	0	0	0	0	0
404	T	0	0	0	0	0	0	0
405	I	0	0	0	0	0	0	0
406	V	0	0	0	0	0	0	0
407	V	0	0	0	0	0	0	0
408	K	0	0	0	0	0	0	0
409	R	0	0	0	0	0	0	0
410	N	0	0	0	0	0	0	0
411	G	0	0	0	0	0	0	0
412	V	0	0	0	0	0	0	0
413	R	0	0	0	0	0	0	0
