location	residue	Modification	seq	secStruc	RelatedDisease	VariantPosition	ResidueChange	DaPSbySAP
1	M	0	0	0	0	0	0	0
2	H	0	0	0	0	0	0	0
3	V	0	0	0	0	0	0	0
4	M	0	0	0	0	0	0	0
5	N	0	0	0	0	0	0	0
6	C	0	0	0	0	0	0	0
7	V	0	0	0	0	0	0	0
8	S	0	0	0	0	0	0	0
9	L	0	0	0	0	0	0	0
10	V	0	0	0	0	0	0	0
11	S	0	0	0	0	0	0	0
12	D	0	0	0	0	0	0	0
13	K	0	0	0	0	0	0	0
14	E	0	0	0	0	0	0	0
15	N	0	0	0	0	0	0	0
16	G	0	0	0	0	0	0	0
17	N	0	0	0	0	0	0	0
18	I	0	0	0	0	0	0	0
19	A	0	0	0	0	0	0	0
20	T	0	0	0	0	0	0	0
21	A	0	0	0	0	0	0	0
22	P	0	0	0	0	0	0	0
23	G	0	0	0	0	0	0	0
24	F	0	0	0	0	0	0	0
25	M	0	0	0	0	0	0	0
26	I	0	0	0	0	0	0	0
27	G	0	0	0	0	0	0	0
28	Q	0	0	0	0	0	0	0
29	T	0	0	0	0	0	0	0
30	P	0	0	0	0	0	0	0
31	P	0	0	0	0	0	0	0
32	P	0	0	0	0	0	0	0
33	A	0	0	0	0	0	0	0
34	P	0	0	0	0	0	0	0
35	P	0	0	0	0	0	0	0
36	P	0	0	0	0	0	0	0
37	P	0	0	0	0	0	0	0
38	P	0	0	0	0	0	0	0
39	P	0	0	0	0	0	0	0
40	P	0	0	0	0	0	0	0
41	P	0	0	0	0	0	0	0
42	P	0	0	0	0	0	0	0
43	P	0	0	0	0	0	0	0
44	S	0	0	0	0	0	0	0
45	P	0	0	0	0	0	0	0
46	P	0	0	0	0	0	0	0
47	C	0	0	0	0	0	0	0
48	S	0	0	0	0	0	0	0
49	C	0	0	0	0	0	0	0
50	S	0	0	0	0	0	0	0
51	R	0	0	0	0	0	0	0
52	E	0	0	0	0	0	0	0
53	E	0	0	0	0	0	0	0
54	C	0	0	0	0	0	0	0
55	P	0	0	0	0	0	0	0
56	S	0	0	0	0	0	0	0
57	S	0	0	0	0	0	0	0
58	P	0	0	0	0	0	0	0
59	P	0	0	0	0	0	0	0
60	P	0	0	0	0	0	0	0
61	P	0	0	0	0	0	0	0
62	P	0	0	0	0	0	0	0
63	P	0	0	0	0	0	0	0
64	P	0	0	0	0	0	0	0
65	P	0	0	0	0	0	0	0
66	L	0	0	0	0	0	0	0
67	P	0	0	0	0	0	0	0
68	G	0	0	0	0	0	0	0
69	E	0	0	0	0	0	0	0
70	P	0	0	0	0	0	0	0
71	P	0	0	0	0	0	0	0
72	I	0	0	0	0	0	0	0
73	P	0	0	0	0	0	0	0
74	P	0	0	0	0	0	0	0
75	P	0	0	0	0	0	0	0
76	P	0	0	0	0	0	0	0
77	P	0	0	0	0	0	0	0
78	G	0	0	0	0	0	0	0
79	L	0	0	0	0	0	0	0
80	P	0	0	0	0	0	0	0
81	P	0	0	0	0	0	0	0
82	T	0	0	0	0	0	0	0
83	T	0	0	0	0	0	0	0
84	H	0	0	0	0	0	0	0
85	M	0	0	0	0	0	0	0
86	N	0	0	0	0	0	0	0
87	G	0	0	0	0	0	0	0
88	Y	0	0	0	0	0	0	0
89	S	0	0	0	0	0	0	0
90	H	0	0	0	0	0	0	0
91	L	0	0	0	0	0	0	0
92	G	0	0	0	0	0	0	0
93	K	0	0	0	0	0	0	0
94	K	0	0	0	0	0	0	0
95	K	0	0	0	0	0	0	0
96	R	0	0	0	0	0	0	0
97	M	0	0	0	0	0	0	0
98	R	0	0	0	0	0	0	0
99	S	0	0	0	0	0	0	0
100	F	0	0	0	0	0	0	0
101	F	0	0	0	0	0	0	0
102	W	0	0	0	0	0	0	0
103	K	0	0	0	0	0	0	0
104	T	0	0	0	0	0	0	0
105	I	0	0	0	0	0	0	0
106	P	0	0	0	0	0	0	0
107	E	0	0	0	0	0	0	0
108	E	0	0	0	0	0	0	0
109	Q	0	0	0	0	0	0	0
110	V	0	0	0	0	0	0	0
111	R	0	0	0	0	0	0	0
112	G	0	0	0	0	0	0	0
113	K	0	0	0	0	0	0	0
114	T	0	0	0	0	0	0	0
115	N	0	0	0	0	0	0	0
116	I	0	0	0	0	0	0	0
117	W	0	0	0	0	0	0	0
118	T	0	0	0	0	0	0	0
119	L	0	0	0	0	0	0	0
120	A	0	0	0	0	0	0	0
121	A	0	0	0	0	0	0	0
122	R	0	0	0	0	0	0	0
123	Q	0	0	0	0	0	0	0
124	E	0	0	0	0	0	0	0
125	H	0	0	0	0	0	0	0
126	H	0	0	0	0	0	0	0
127	Y	0	0	0	0	0	0	0
128	Q	0	0	0	0	0	0	0
129	I	0	0	0	0	0	0	0
130	D	0	0	0	0	0	0	0
131	T	0	0	0	0	0	0	0
132	K	0	0	0	0	0	0	0
133	T	Phosphothreonine	HYQIDTKTIEELFGQ	CEECCHHHHHHHHCC	0	0	0	0
134	I	0	0	0	0	0	0	0
135	E	0	0	0	0	0	0	0
136	E	0	0	0	0	0	0	0
137	L	0	0	0	0	0	0	0
138	F	0	0	0	0	0	0	0
139	G	0	0	0	0	0	0	0
140	Q	0	0	0	0	0	0	0
141	Q	0	0	0	0	0	0	0
142	E	0	0	0	0	0	0	0
143	D	0	0	0	0	0	0	0
144	T	0	0	0	0	0	0	0
145	T	0	0	0	0	0	0	0
146	K	0	0	0	0	0	0	0
147	S	0	0	0	0	0	0	0
148	S	0	0	0	0	0	0	0
149	L	0	0	0	0	0	0	0
150	P	0	0	0	0	0	0	0
151	R	0	0	0	0	0	0	0
152	R	0	0	0	0	0	0	0
153	G	0	0	0	0	0	0	0
154	R	0	0	0	0	0	0	0
155	T	0	0	0	0	0	0	0
156	L	0	0	0	0	0	0	0
157	N	0	0	0	0	0	0	0
158	S	0	0	0	0	0	0	0
159	S	0	0	0	0	0	0	0
160	F	0	0	0	0	0	0	0
161	R	0	0	0	0	0	0	0
162	E	0	0	0	0	0	0	0
163	A	0	0	0	0	0	0	0
164	R	0	0	0	0	0	0	0
165	E	0	0	0	0	0	0	0
166	E	0	0	0	0	0	0	0
167	I	0	0	0	0	0	0	0
168	T	0	0	0	0	0	0	0
169	I	0	0	0	0	0	0	0
170	L	0	0	0	0	0	0	0
171	D	0	0	0	0	0	0	0
172	A	0	0	0	0	0	0	0
173	K	0	0	0	0	0	0	0
174	R	0	0	0	0	0	0	0
175	S	0	0	0	0	0	0	0
176	M	0	0	0	0	0	0	0
177	N	0	0	0	0	0	0	0
178	I	0	0	0	0	0	0	0
179	G	0	0	0	0	0	0	0
180	I	0	0	0	0	0	0	0
181	F	0	0	0	0	0	0	0
182	L	0	0	0	0	0	0	0
183	K	0	0	0	0	0	0	0
184	Q	0	0	0	0	0	0	0
185	F	0	0	0	0	0	0	0
186	K	0	0	0	0	0	0	0
187	K	0	0	0	0	0	0	0
188	S	Phosphoserine	FLKQFKKSPRSIVED	HHHHHCCCCHHHHHH	0	0	0	0
189	P	0	0	0	0	0	0	0
190	R	0	0	0	0	0	0	0
191	S	0	0	0	0	0	0	0
192	I	0	0	0	0	0	0	0
193	V	0	0	0	0	0	0	0
194	E	0	0	0	0	0	0	0
195	D	0	0	0	0	0	0	0
196	I	0	0	0	0	0	0	0
197	H	0	0	0	0	0	0	0
198	Q	0	0	0	0	0	0	0
199	G	0	0	0	0	0	0	0
200	K	0	0	0	0	0	0	0
201	S	0	0	0	0	0	0	0
202	E	0	0	0	0	0	0	0
203	H	0	0	0	0	0	0	0
204	Y	0	0	0	0	0	0	0
205	G	0	0	0	0	0	0	0
206	S	0	0	0	0	0	0	0
207	E	0	0	0	0	0	0	0
208	T	0	0	0	0	0	0	0
209	L	0	0	0	0	0	0	0
210	R	0	0	0	0	0	0	0
211	E	0	0	0	0	0	0	0
212	F	0	0	0	0	0	0	0
213	L	0	0	0	0	0	0	0
214	K	0	0	0	0	0	0	0
215	F	0	0	0	0	0	0	0
216	L	0	0	0	0	0	0	0
217	P	0	0	0	0	0	0	0
218	E	0	0	0	0	0	0	0
219	S	0	0	0	0	0	0	0
220	E	0	0	0	0	0	0	0
221	E	0	0	0	0	0	0	0
222	V	0	0	0	0	0	0	0
223	K	0	0	0	0	0	0	0
224	K	0	0	0	0	0	0	0
225	L	0	0	0	0	0	0	0
226	K	0	0	0	0	0	0	0
227	A	0	0	0	0	0	0	0
228	F	0	0	0	0	0	0	0
229	S	Phosphoserine	VKKLKAFSGDVSKLS	HHHHHHHCCCHHHHH	0	0	0	0
230	G	0	0	0	0	0	0	0
231	D	0	0	0	0	0	0	0
232	V	0	0	0	0	0	0	0
233	S	0	0	0	0	0	0	0
234	K	0	0	0	0	0	0	0
235	L	0	0	0	0	0	0	0
236	S	0	0	0	0	0	0	0
237	L	0	0	0	0	0	0	0
238	A	0	0	0	0	0	0	0
239	D	0	0	0	0	0	0	0
240	S	0	0	0	0	0	0	0
241	F	0	0	0	0	0	0	0
242	L	0	0	0	0	0	0	0
243	Y	0	0	0	0	0	0	0
244	G	0	0	0	0	0	0	0
245	L	0	0	0	0	0	0	0
246	I	0	0	0	0	0	0	0
247	Q	0	0	0	0	0	0	0
248	V	0	0	0	0	0	0	0
249	P	0	0	0	0	0	0	0
250	N	0	0	0	0	0	0	0
251	Y	0	0	0	0	0	0	0
252	S	0	0	0	0	0	0	0
253	L	0	0	0	0	0	0	0
254	R	0	0	0	0	0	0	0
255	I	0	0	0	0	0	0	0
256	E	0	0	0	0	0	0	0
257	A	0	0	0	0	0	0	0
258	M	0	0	0	0	0	0	0
259	V	0	0	0	0	0	0	0
260	L	0	0	0	0	0	0	0
261	K	0	0	0	0	0	0	0
262	K	0	0	0	0	0	0	0
263	E	0	0	0	0	0	0	0
264	F	0	0	0	0	0	0	0
265	L	0	0	0	0	0	0	0
266	P	0	0	0	0	0	0	0
267	S	0	0	0	0	0	0	0
268	C	0	0	0	0	0	0	0
269	S	0	0	0	0	0	0	0
270	S	0	0	0	0	0	0	0
271	L	0	0	0	0	0	0	0
272	Y	0	0	0	0	0	0	0
273	T	0	0	0	0	0	0	0
274	D	0	0	0	0	0	0	0
275	I	0	0	0	0	0	0	0
276	T	0	0	0	0	0	0	0
277	V	0	0	0	0	0	0	0
278	L	0	0	0	0	0	0	0
279	R	0	0	0	0	0	0	0
280	T	0	0	0	0	0	0	0
281	A	0	0	0	0	0	0	0
282	I	0	0	0	0	0	0	0
283	K	0	0	0	0	0	0	0
284	E	0	0	0	0	0	0	0
285	L	0	0	0	0	0	0	0
286	M	0	0	0	0	0	0	0
287	S	0	0	0	0	0	0	0
288	C	0	0	0	0	0	0	0
289	E	0	0	0	0	0	0	0
290	E	0	0	0	0	0	0	0
291	L	0	0	0	0	0	0	0
292	H	0	0	0	0	0	0	0
293	S	0	0	0	0	0	0	0
294	I	0	0	0	0	0	0	0
295	L	0	0	0	0	0	0	0
296	H	0	0	0	0	0	0	0
297	L	0	0	0	0	0	0	0
298	V	0	0	0	0	0	0	0
299	L	0	0	0	0	0	0	0
300	Q	0	0	0	0	0	0	0
301	A	0	0	0	0	0	0	0
302	G	0	0	0	0	0	0	0
303	N	0	0	0	0	0	0	0
304	I	0	0	0	0	0	0	0
305	M	0	0	0	0	0	0	0
306	N	0	0	0	0	0	0	0
307	A	0	0	0	0	0	0	0
308	G	0	0	0	0	0	0	0
309	G	0	0	0	0	0	0	0
310	Y	0	0	0	0	0	0	0
311	A	0	0	0	0	0	0	0
312	G	0	0	0	0	0	0	0
313	N	0	0	0	0	0	0	0
314	A	0	0	0	0	0	0	0
315	V	0	0	0	0	0	0	0
316	G	0	0	0	0	0	0	0
317	F	0	0	0	0	0	0	0
318	K	0	0	0	0	0	0	0
319	L	0	0	0	0	0	0	0
320	S	0	0	0	0	0	0	0
321	S	0	0	0	0	0	0	0
322	L	0	0	0	0	0	0	0
323	L	0	0	0	0	0	0	0
324	K	0	0	0	0	0	0	0
325	L	0	0	0	0	0	0	0
326	A	0	0	0	0	0	0	0
327	D	0	0	0	0	0	0	0
328	T	0	0	0	0	0	0	0
329	K	0	0	0	0	0	0	0
330	A	0	0	0	0	0	0	0
331	N	0	0	0	0	0	0	0
332	K	0	0	0	0	0	0	0
333	P	0	0	0	0	0	0	0
334	G	0	0	0	0	0	0	0
335	M	0	0	0	0	0	0	0
336	N	0	0	0	0	0	0	0
337	L	0	0	0	0	0	0	0
338	L	0	0	0	0	0	0	0
339	H	0	0	0	0	0	0	0
340	F	0	0	0	0	0	0	0
341	V	0	0	0	0	0	0	0
342	A	0	0	0	0	0	0	0
343	Q	0	0	0	0	0	0	0
344	E	0	0	0	0	0	0	0
345	A	0	0	0	0	0	0	0
346	Q	0	0	0	0	0	0	0
347	K	0	0	0	0	0	0	0
348	K	0	0	0	0	0	0	0
349	D	0	0	0	0	0	0	0
350	T	Phosphothreonine	QEAQKKDTILLNFSE	HHHHHCCEEEEEHHH	0	0	0	0
351	I	0	0	0	0	0	0	0
352	L	0	0	0	0	0	0	0
353	L	0	0	0	0	0	0	0
354	N	0	0	0	0	0	0	0
355	F	0	0	0	0	0	0	0
356	S	Phosphoserine	DTILLNFSEKLHHVQ	CEEEEEHHHHHHHHH	0	0	0	0
357	E	0	0	0	0	0	0	0
358	K	0	0	0	0	0	0	0
359	L	0	0	0	0	0	0	0
360	H	0	0	0	0	0	0	0
361	H	0	0	0	0	0	0	0
362	V	0	0	0	0	0	0	0
363	Q	0	0	0	0	0	0	0
364	K	0	0	0	0	0	0	0
365	T	0	0	0	0	0	0	0
366	A	0	0	0	0	0	0	0
367	R	0	0	0	0	0	0	0
368	L	0	0	0	0	0	0	0
369	S	0	0	0	0	0	0	0
370	L	0	0	0	0	0	0	0
371	E	0	0	0	0	0	0	0
372	N	0	0	0	0	0	0	0
373	T	0	0	0	0	0	0	0
374	E	0	0	0	0	0	0	0
375	A	0	0	0	0	0	0	0
376	E	0	0	0	0	0	0	0
377	L	0	0	0	0	0	0	0
378	H	0	0	0	0	0	0	0
379	L	0	0	0	0	0	0	0
380	L	0	0	0	0	0	0	0
381	F	0	0	0	0	0	0	0
382	V	0	0	0	0	0	0	0
383	R	0	0	0	0	0	0	0
384	T	0	0	0	0	0	0	0
385	K	0	0	0	0	0	0	0
386	S	0	0	0	0	0	0	0
387	L	0	0	0	0	0	0	0
388	K	0	0	0	0	0	0	0
389	E	0	0	0	0	0	0	0
390	N	0	0	0	0	0	0	0
391	I	0	0	0	0	0	0	0
392	Q	0	0	0	0	0	0	0
393	R	0	0	0	0	0	0	0
394	D	0	0	0	0	0	0	0
395	G	0	0	0	0	0	0	0
396	E	0	0	0	0	0	0	0
397	L	0	0	0	0	0	0	0
398	C	0	0	0	0	0	0	0
399	Q	0	0	0	0	0	0	0
400	Q	0	0	0	0	0	0	0
401	M	0	0	0	0	0	0	0
402	E	0	0	0	0	0	0	0
403	D	0	0	0	0	0	0	0
404	F	0	0	0	0	0	0	0
405	L	0	0	0	0	0	0	0
406	Q	0	0	0	0	0	0	0
407	F	0	0	0	0	0	0	0
408	A	0	0	0	0	0	0	0
409	I	0	0	0	0	0	0	0
410	E	0	0	0	0	0	0	0
411	K	0	0	0	0	0	0	0
412	L	0	0	0	0	0	0	0
413	R	0	0	0	0	0	0	0
414	E	0	0	0	0	0	0	0
415	L	0	0	0	0	0	0	0
416	E	0	0	0	0	0	0	0
417	C	0	0	0	0	0	0	0
418	W	0	0	0	0	0	0	0
419	K	0	0	0	0	0	0	0
420	Q	0	0	0	0	0	0	0
421	E	0	0	0	0	0	0	0
422	L	0	0	0	0	0	0	0
423	Q	0	0	0	0	0	0	0
424	D	0	0	0	0	0	0	0
425	E	0	0	0	0	0	0	0
426	A	0	0	0	0	0	0	0
427	Y	0	0	0	0	0	0	0
428	T	0	0	0	0	0	0	0
429	L	0	0	0	0	0	0	0
430	I	0	0	0	0	0	0	0
431	D	0	0	0	0	0	0	0
432	F	0	0	0	0	0	0	0
433	F	0	0	0	0	0	0	0
434	C	0	0	0	0	0	0	0
435	E	0	0	0	0	0	0	0
436	D	0	0	0	0	0	0	0
437	K	0	0	0	0	0	0	0
438	K	0	0	0	0	0	0	0
439	T	0	0	0	0	0	0	0
440	M	0	0	0	0	0	0	0
441	K	0	0	0	0	0	0	0
442	L	0	0	0	0	0	0	0
443	D	0	0	0	0	0	0	0
444	E	0	0	0	0	0	0	0
445	C	0	0	0	0	0	0	0
446	F	0	0	0	0	0	0	0
447	Q	0	0	0	0	0	0	0
448	I	0	0	0	0	0	0	0
449	F	0	0	0	0	0	0	0
450	R	0	0	0	0	0	0	0
451	D	0	0	0	0	0	0	0
452	F	0	0	0	0	0	0	0
453	C	0	0	0	0	0	0	0
454	T	0	0	0	0	0	0	0
455	K	0	0	0	0	0	0	0
456	F	0	0	0	0	0	0	0
457	N	0	0	0	0	0	0	0
458	K	0	0	0	0	0	0	0
459	A	0	0	0	0	0	0	0
460	V	0	0	0	0	0	0	0
461	K	0	0	0	0	0	0	0
462	D	0	0	0	0	0	0	0
463	N	0	0	0	0	0	0	0
464	H	0	0	0	0	0	0	0
465	D	0	0	0	0	0	0	0
466	R	0	0	0	0	0	0	0
467	E	0	0	0	0	0	0	0
468	A	0	0	0	0	0	0	0
469	Q	0	0	0	0	0	0	0
470	E	0	0	0	0	0	0	0
471	L	0	0	0	0	0	0	0
472	R	0	0	0	0	0	0	0
473	Q	0	0	0	0	0	0	0
474	L	0	0	0	0	0	0	0
475	Q	0	0	0	0	0	0	0
476	R	0	0	0	0	0	0	0
477	L	0	0	0	0	0	0	0
478	K	0	0	0	0	0	0	0
479	E	0	0	0	0	0	0	0
480	Q	0	0	0	0	0	0	0
481	E	0	0	0	0	0	0	0
482	Q	0	0	0	0	0	0	0
483	K	0	0	0	0	0	0	0
484	Q	0	0	0	0	0	0	0
485	R	0	0	0	0	0	0	0
486	S	0	0	0	0	0	0	0
487	W	0	0	0	0	0	0	0
488	A	0	0	0	0	0	0	0
489	T	0	0	0	0	0	0	0
490	G	0	0	0	0	0	0	0
491	E	0	0	0	0	0	0	0
492	L	0	0	0	0	0	0	0
493	G	0	0	0	0	0	0	0
494	A	0	0	0	0	0	0	0
495	F	0	0	0	0	0	0	0
496	G	0	0	0	0	0	0	0
497	R	0	0	0	0	0	0	0
498	S	Phosphoserine	ELGAFGRSSSENDVE	CCCCCCCCCCHHHHH	0	0	0	0
499	S	0	0	0	0	0	0	0
500	S	Phosphoserine	GAFGRSSSENDVELL	CCCCCCCCHHHHHHH	0	0	0	0
501	E	0	0	0	0	0	0	0
502	N	0	0	0	0	0	0	0
503	D	0	0	0	0	0	0	0
504	V	0	0	0	0	0	0	0
505	E	0	0	0	0	0	0	0
506	L	0	0	0	0	0	0	0
507	L	0	0	0	0	0	0	0
508	T	0	0	0	0	0	0	0
509	K	0	0	0	0	0	0	0
510	K	0	0	0	0	0	0	0
511	G	0	0	0	0	0	0	0
512	A	0	0	0	0	0	0	0
513	E	0	0	0	0	0	0	0
514	G	0	0	0	0	0	0	0
515	L	0	0	0	0	0	0	0
516	L	0	0	0	0	0	0	0
517	P	0	0	0	0	0	0	0
518	F	0	0	0	0	0	0	0
519	L	0	0	0	0	0	0	0
520	H	0	0	0	0	0	0	0
521	P	0	0	0	0	0	0	0
522	R	0	0	0	0	0	0	0
523	P	0	0	0	0	0	0	0
524	I	0	0	0	0	0	0	0
525	S	0	0	0	0	0	0	0
526	P	0	0	0	0	0	0	0
527	S	Phosphoserine	HPRPISPSSPSYRPP	CCCCCCCCCCCCCCC	0	0	0	0
528	S	0	0	0	0	0	0	0
529	P	0	0	0	0	0	0	0
530	S	0	0	0	0	0	0	0
531	Y	0	0	0	0	0	0	0
532	R	0	0	0	0	0	0	0
533	P	0	0	0	0	0	0	0
534	P	0	0	0	0	0	0	0
535	N	0	0	0	0	0	0	0
536	T	0	0	0	0	0	0	0
537	R	0	0	0	0	0	0	0
538	R	0	0	0	0	0	0	0
539	S	0	0	0	0	0	0	0
540	R	0	0	0	0	0	0	0
541	L	0	0	0	0	0	0	0
542	S	0	0	0	0	0	0	0
543	L	0	0	0	0	0	0	0
544	G	0	0	0	0	0	0	0
545	P	0	0	0	0	0	0	0
546	S	0	0	0	0	0	0	0
547	A	0	0	0	0	0	0	0
548	D	0	0	0	0	0	0	0
549	R	0	0	0	0	0	0	0
550	E	0	0	0	0	0	0	0
551	L	0	0	0	0	0	0	0
552	L	0	0	0	0	0	0	0
553	T	0	0	0	0	0	0	0
554	F	0	0	0	0	0	0	0
555	L	0	0	0	0	0	0	0
556	E	0	0	0	0	0	0	0
557	S	0	0	0	0	0	0	0
558	S	0	0	0	0	0	0	0
559	T	0	0	0	0	0	0	0
560	G	0	0	0	0	0	0	0
561	S	Phosphoserine	FLESSTGSPEEPNKF	HHHHCCCCCCCCCCC	0	0	0	0
562	P	0	0	0	0	0	0	0
563	E	0	0	0	0	0	0	0
564	E	0	0	0	0	0	0	0
565	P	0	0	0	0	0	0	0
566	N	0	0	0	0	0	0	0
567	K	0	0	0	0	0	0	0
568	F	0	0	0	0	0	0	0
569	H	0	0	0	0	0	0	0
570	S	Phosphoserine	EEPNKFHSLPRSSPR	CCCCCCCCCCCCCCC	Obesity-related traits:IGFBP-3 measurement	573 (3)	0	0
571	L	0	0	0	0	0	0	0
572	P	0	0	0	0	0	0	0
573	R	0	0	0	0	0	W	570
574	S	0	0	0	0	0	0	0
575	S	0	0	0	0	0	0	0
576	P	0	0	0	0	0	0	0
577	R	0	0	0	0	0	0	0
578	Q	0	0	0	0	0	0	0
579	A	0	0	0	0	0	0	0
580	R	0	0	0	0	0	0	0
581	P	0	0	0	0	0	0	0
582	T	0	0	0	0	0	0	0
583	I	0	0	0	0	0	0	0
584	A	0	0	0	0	0	0	0
585	C	0	0	0	0	0	0	0
586	L	0	0	0	0	0	0	0
587	E	0	0	0	0	0	0	0
588	P	0	0	0	0	0	0	0
589	A	0	0	0	0	0	0	0
590	E	0	0	0	0	0	0	0
591	V	0	0	0	0	0	0	0
592	R	0	0	0	0	0	0	0
593	H	0	0	0	0	0	0	0
594	Q	0	0	0	0	0	0	0
595	D	0	0	0	0	0	0	0
596	S	0	0	0	0	0	0	0
597	S	0	0	0	0	0	0	0
598	F	0	0	0	0	0	0	0
599	A	0	0	0	0	0	0	0
600	H	0	0	0	0	0	0	0
601	K	0	0	0	0	0	0	0
602	P	0	0	0	0	0	0	0
603	Q	0	0	0	0	0	0	0
604	A	0	0	0	0	0	0	0
605	S	0	0	0	0	0	0	0
606	G	0	0	0	0	0	0	0
607	G	0	0	0	0	0	0	0
608	Q	0	0	0	0	0	0	0
609	E	0	0	0	0	0	0	0
610	E	0	0	0	0	0	0	0
611	A	0	0	0	0	0	0	0
612	P	0	0	0	0	0	0	0
613	N	0	0	0	0	0	0	0
614	P	0	0	0	0	0	0	0
615	P	0	0	0	0	0	0	0
616	S	0	0	0	0	0	0	0
617	A	0	0	0	0	0	0	0
618	Q	0	0	0	0	0	0	0
619	A	0	0	0	0	0	0	0
620	H	0	0	0	0	0	0	0
621	Q	0	0	0	0	0	0	0
622	L	0	0	0	0	0	0	0
623	A	0	0	0	0	0	0	0
624	A	0	0	0	0	0	0	0
625	A	0	0	0	0	0	0	0
626	Q	0	0	0	0	0	0	0
627	P	0	0	0	0	0	0	0
628	E	0	0	0	0	0	0	0
629	N	0	0	0	0	0	0	0
630	H	0	0	0	0	0	0	0
631	A	0	0	0	0	0	0	0
632	S	0	0	0	0	0	0	0
633	A	0	0	0	0	0	0	0
634	F	0	0	0	0	0	0	0
635	P	0	0	0	0	0	0	0
636	R	0	0	0	0	0	0	0
637	A	0	0	0	0	0	0	0
638	R	0	0	0	0	0	0	0
639	R	0	0	0	0	0	0	0
640	Q	0	0	0	0	0	0	0
641	G	0	0	0	0	0	0	0
642	V	0	0	0	0	0	0	0
643	S	Phosphoserine	RARRQGVSVLRKRYS	HHHHHCHHHHHHHCC	0	0	0	0
644	V	0	0	0	0	0	0	0
645	L	0	0	0	0	0	0	0
646	R	0	0	0	0	0	0	0
647	K	0	0	0	0	0	0	0
648	R	0	0	0	0	0	0	0
649	Y	0	0	0	0	0	0	0
650	S	Phosphoserine	SVLRKRYSEPVSLGS	HHHHHHCCCCCCCCC	0	0	0	0
651	E	0	0	0	0	0	0	0
652	P	0	0	0	0	0	0	0
653	V	0	0	0	0	0	0	0
654	S	0	0	0	0	0	0	0
655	L	0	0	0	0	0	0	0
656	G	0	0	0	0	0	0	0
657	S	Phosphoserine	SEPVSLGSAQSPPLS	CCCCCCCCCCCCCCC	0	0	0	0
658	A	0	0	0	0	0	0	0
659	Q	0	0	0	0	0	0	0
660	S	Phosphoserine	VSLGSAQSPPLSPLA	CCCCCCCCCCCCCCC	0	0	0	0
661	P	0	0	0	0	0	0	0
662	P	0	0	0	0	0	0	0
663	L	0	0	0	0	0	0	0
664	S	Phosphoserine	SAQSPPLSPLALGIK	CCCCCCCCCCCCCCC	0	0	0	0
665	P	0	0	0	0	0	0	0
666	L	0	0	0	0	0	0	0
667	A	0	0	0	0	0	0	0
668	L	0	0	0	0	0	0	0
669	G	0	0	0	0	0	0	0
670	I	0	0	0	0	0	0	0
671	K	0	0	0	0	0	0	0
672	E	0	0	0	0	0	0	0
673	H	0	0	0	0	0	0	0
674	E	0	0	0	0	0	0	0
675	L	0	0	0	0	0	0	0
676	V	0	0	0	0	0	0	0
677	T	0	0	0	0	0	0	0
678	G	0	0	0	0	0	0	0
679	L	0	0	0	0	0	0	0
680	A	0	0	0	0	0	0	0
681	Q	0	0	0	0	0	0	0
682	F	0	0	0	0	0	0	0
683	N	0	0	0	0	0	0	0
684	L	0	0	0	0	0	0	0
685	Q	0	0	0	0	0	0	0
686	G	0	0	0	0	0	0	0
687	S	0	0	0	0	0	0	0
688	Q	0	0	0	0	0	0	0
689	G	0	0	0	0	0	0	0
690	M	0	0	0	0	0	0	0
691	E	0	0	0	0	0	0	0
692	E	0	0	0	0	0	0	0
693	T	0	0	0	0	0	0	0
694	S	0	0	0	0	0	0	0
695	Q	0	0	0	0	0	0	0
696	L	0	0	0	0	0	0	0
697	T	0	0	0	0	0	0	0
698	L	0	0	0	0	0	0	0
699	S	0	0	0	0	0	0	0
700	D	0	0	0	0	0	0	0
701	F	0	0	0	0	0	0	0
702	S	0	0	0	0	0	0	0
703	P	0	0	0	0	0	0	0
704	M	0	0	0	0	0	0	0
705	E	0	0	0	0	0	0	0
706	L	0	0	0	0	0	0	0
707	E	0	0	0	0	0	0	0
708	S	0	0	0	0	0	0	0
709	V	0	0	0	0	0	0	0
710	G	0	0	0	0	0	0	0
711	H	0	0	0	0	0	0	0
712	R	0	0	0	0	0	0	0
713	G	0	0	0	0	0	0	0
714	P	0	0	0	0	0	0	0
715	Q	0	0	0	0	0	0	0
716	S	0	0	0	0	0	0	0
717	L	0	0	0	0	0	0	0
718	S	0	0	0	0	0	0	0
719	A	0	0	0	0	0	0	0
720	S	0	0	0	0	0	0	0
721	S	0	0	0	0	0	0	0
722	S	0	0	0	0	0	0	0
723	S	0	0	0	0	0	0	0
724	L	0	0	0	0	0	0	0
725	T	0	0	0	0	0	0	0
726	P	0	0	0	0	0	0	0
727	M	0	0	0	0	0	0	0
728	G	0	0	0	0	0	0	0
729	R	0	0	0	0	0	0	0
730	D	0	0	0	0	0	0	0
731	A	0	0	0	0	0	0	0
732	L	0	0	0	0	0	0	0
733	G	0	0	0	0	0	0	0
734	S	0	0	0	0	0	0	0
735	L	0	0	0	0	0	0	0
736	S	Phosphoserine	RDALGSLSPALEDGK	HHHHHCCCHHHHCCC	0	0	0	0
737	P	0	0	0	0	0	0	0
738	A	0	0	0	0	0	0	0
739	L	0	0	0	0	0	0	0
740	E	0	0	0	0	0	0	0
741	D	0	0	0	0	0	0	0
742	G	0	0	0	0	0	0	0
743	K	0	0	0	0	0	0	0
744	A	0	0	0	0	0	0	0
745	A	0	0	0	0	0	0	0
746	P	0	0	0	0	0	0	0
747	D	0	0	0	0	0	0	0
748	E	0	0	0	0	0	0	0
749	P	0	0	0	0	0	0	0
750	G	0	0	0	0	0	0	0
751	S	Phosphoserine	AAPDEPGSAALGSVG	CCCCCCCCCCCCCCC	0	0	0	0
752	A	0	0	0	0	0	0	0
753	A	0	0	0	0	0	0	0
754	L	0	0	0	0	0	0	0
755	G	0	0	0	0	0	0	0
756	S	0	0	0	0	0	0	0
757	V	0	0	0	0	0	0	0
758	G	0	0	0	0	0	0	0
759	S	0	0	0	0	0	0	0
760	S	0	0	0	0	0	0	0
761	D	0	0	0	0	0	0	0
762	P	0	0	0	0	0	0	0
763	E	0	0	0	0	0	0	0
764	N	0	0	0	0	0	0	0
765	K	0	0	0	0	0	0	0
766	D	0	0	0	0	0	0	0
767	P	0	0	0	0	0	0	0
768	R	0	0	0	0	0	0	0
769	P	0	0	0	0	0	0	0
770	L	0	0	0	0	0	0	0
771	F	0	0	0	0	0	0	0
772	C	0	0	0	0	0	0	0
773	I	0	0	0	0	0	0	0
774	S	0	0	0	0	0	0	0
775	D	0	0	0	0	0	0	0
776	T	0	0	0	0	0	0	0
777	T	0	0	0	0	0	0	0
778	D	0	0	0	0	0	0	0
779	C	0	0	0	0	0	0	0
780	S	0	0	0	0	0	0	0
781	L	0	0	0	0	0	0	0
782	T	0	0	0	0	0	0	0
783	L	0	0	0	0	0	0	0
784	D	0	0	0	0	0	0	0
785	C	0	0	0	0	0	0	0
786	S	0	0	0	0	0	0	0
787	E	0	0	0	0	0	0	0
788	G	0	0	0	0	0	0	0
789	T	0	0	0	0	0	0	0
790	D	0	0	0	0	0	0	0
791	S	0	0	0	0	0	0	0
792	R	0	0	0	0	0	0	0
793	P	0	0	0	0	0	0	0
794	R	0	0	0	0	0	0	0
795	G	0	0	0	0	0	0	0
796	G	0	0	0	0	0	0	0
797	D	0	0	0	0	0	0	0
798	P	0	0	0	0	0	0	0
799	E	0	0	0	0	0	0	0
800	E	0	0	0	0	0	0	0
801	G	0	0	0	0	0	0	0
802	G	0	0	0	0	0	0	0
803	E	0	0	0	0	0	0	0
804	G	0	0	0	0	0	0	0
805	D	0	0	0	0	0	0	0
806	G	0	0	0	0	0	0	0
807	S	0	0	0	0	0	0	0
808	M	0	0	0	0	0	0	0
809	S	0	0	0	0	0	0	0
810	S	0	0	0	0	0	0	0
811	G	0	0	0	0	0	0	0
812	V	0	0	0	0	0	0	0
813	G	0	0	0	0	0	0	0
814	E	0	0	0	0	0	0	0
815	M	0	0	0	0	0	0	0
816	G	0	0	0	0	0	0	0
817	D	0	0	0	0	0	0	0
818	S	0	0	0	0	0	0	0
819	Q	0	0	0	0	0	0	0
820	V	0	0	0	0	0	0	0
821	S	0	0	0	0	0	0	0
822	S	0	0	0	0	0	0	0
823	N	0	0	0	0	0	0	0
824	P	0	0	0	0	0	0	0
825	T	0	0	0	0	0	0	0
826	S	0	0	0	0	0	0	0
827	S	0	0	0	0	0	0	0
828	P	0	0	0	0	0	0	0
829	P	0	0	0	0	0	0	0
830	G	0	0	0	0	0	0	0
831	E	0	0	0	0	0	0	0
832	A	0	0	0	0	0	0	0
833	P	0	0	0	0	0	0	0
834	A	0	0	0	0	0	0	0
835	P	0	0	0	0	0	0	0
836	V	0	0	0	0	0	0	0
837	S	0	0	0	0	0	0	0
838	V	0	0	0	0	0	0	0
839	D	0	0	0	0	0	0	0
840	S	0	0	0	0	0	0	0
841	E	0	0	0	0	0	0	0
842	P	0	0	0	0	0	0	0
843	S	0	0	0	0	0	0	0
844	C	0	0	0	0	0	0	0
845	K	0	0	0	0	0	0	0
846	G	0	0	0	0	0	0	0
847	G	0	0	0	0	0	0	0
848	L	0	0	0	0	0	0	0
849	P	0	0	0	0	0	0	0
850	R	0	0	0	0	0	0	0
851	D	0	0	0	0	0	0	0
852	K	0	0	0	0	0	0	0
853	P	0	0	0	0	0	0	0
854	T	0	0	0	0	0	0	0
855	K	0	0	0	0	0	0	0
856	R	0	0	0	0	0	0	0
857	K	0	0	0	0	0	0	0
858	D	0	0	0	0	0	0	0
859	V	0	0	0	0	0	0	0
860	V	0	0	0	0	0	0	0
861	A	0	0	0	0	0	0	0
862	P	0	0	0	0	0	0	0
863	K	0	0	0	0	0	0	0
864	R	0	0	0	0	0	0	0
865	G	0	0	0	0	0	0	0
866	S	0	0	0	0	0	0	0
867	L	0	0	0	0	0	0	0
868	K	0	0	0	0	0	0	0
869	E	0	0	0	0	0	0	0
870	A	0	0	0	0	0	0	0
871	S	0	0	0	0	0	0	0
872	P	0	0	0	0	0	0	0
873	G	0	0	0	0	0	0	0
874	A	0	0	0	0	0	0	0
875	S	0	0	0	0	0	0	0
876	K	0	0	0	0	0	0	0
877	P	0	0	0	0	0	0	0
878	G	0	0	0	0	0	0	0
879	S	Phosphoserine	PGASKPGSARRSQGA	CCCCCCCCHHHHHCC	0	0	0	0
880	A	0	0	0	0	0	0	0
881	R	0	0	0	0	0	0	0
882	R	0	0	0	0	0	0	0
883	S	0	0	0	0	0	0	0
884	Q	0	0	0	0	0	0	0
885	G	0	0	0	0	0	0	0
886	A	0	0	0	0	0	0	0
887	V	0	0	0	0	0	0	0
888	A	0	0	0	0	0	0	0
889	K	0	0	0	0	0	0	0
890	S	0	0	0	0	0	0	0
891	V	0	0	0	0	0	0	0
892	R	0	0	0	0	0	0	0
893	T	0	0	0	0	0	0	0
894	L	0	0	0	0	0	0	0
895	T	Phosphothreonine	AKSVRTLTASENESM	HHHHEEEECCCCHHH	0	0	0	0
896	A	0	0	0	0	0	0	0
897	S	0	0	0	0	0	0	0
898	E	0	0	0	0	0	0	0
899	N	0	0	0	0	0	0	0
900	E	0	0	0	0	0	0	0
901	S	0	0	0	0	0	0	0
902	M	0	0	0	0	0	0	0
903	R	0	0	0	0	0	0	0
904	K	0	0	0	0	0	0	0
905	V	0	0	0	0	0	0	0
906	M	0	0	0	0	0	0	0
907	P	0	0	0	0	0	0	0
908	I	0	0	0	0	0	0	0
909	T	0	0	0	0	0	0	0
910	K	0	0	0	0	0	0	0
911	S	0	0	0	0	0	0	0
912	S	0	0	0	0	0	0	0
913	R	0	0	0	0	0	0	0
914	G	0	0	0	0	0	0	0
915	A	0	0	0	0	0	0	0
916	G	0	0	0	0	0	0	0
917	W	0	0	0	0	0	0	0
918	R	0	0	0	0	0	0	0
919	R	0	0	0	0	0	0	0
920	P	0	0	0	0	0	0	0
921	E	0	0	0	0	0	0	0
922	L	0	0	0	0	0	0	0
923	S	0	0	0	0	0	0	0
924	S	Phosphoserine	WRRPELSSRGPSQNP	CCCCHHHCCCCCCCC	0	0	0	0
925	R	0	0	0	0	0	0	0
926	G	0	0	0	0	0	0	0
927	P	0	0	0	0	0	0	0
928	S	0	0	0	0	0	0	0
929	Q	0	0	0	0	0	0	0
930	N	0	0	0	0	0	0	0
931	P	0	0	0	0	0	0	0
932	P	0	0	0	0	0	0	0
933	S	0	0	0	0	0	0	0
934	S	0	0	0	0	0	0	0
935	T	0	0	0	0	0	0	0
936	D	0	0	0	0	0	0	0
937	T	0	0	0	0	0	0	0
938	V	0	0	0	0	0	0	0
939	W	0	0	0	0	0	0	0
940	S	0	0	0	0	0	0	0
941	R	0	0	0	0	0	0	0
942	Q	0	0	0	0	0	0	0
943	N	0	0	0	0	0	0	0
944	S	0	0	0	0	0	0	0
945	V	0	0	0	0	0	0	0
946	R	0	0	0	0	0	0	0
947	R	0	0	0	0	0	0	0
948	A	0	0	0	0	0	0	0
949	S	Phosphoserine	QNSVRRASTGAEEQR	HHHHHHHCCCCCCCC	0	0	0	0
950	T	0	0	0	0	0	0	0
951	G	0	0	0	0	0	0	0
952	A	0	0	0	0	0	0	0
953	E	0	0	0	0	0	0	0
954	E	0	0	0	0	0	0	0
955	Q	0	0	0	0	0	0	0
956	R	0	0	0	0	0	0	0
957	L	0	0	0	0	0	0	0
958	P	0	0	0	0	0	0	0
959	R	0	0	0	0	0	0	0
960	G	0	0	0	0	0	0	0
961	S	Phosphoserine	EQRLPRGSSGSSSTR	CCCCCCCCCCCCCCC	0	0	0	0
962	S	0	0	0	0	0	0	0
963	G	0	0	0	0	0	0	0
964	S	0	0	0	0	0	0	0
965	S	0	0	0	0	0	0	0
966	S	Phosphoserine	RGSSGSSSTRPGRDV	CCCCCCCCCCCCCCC	0	0	0	0
967	T	0	0	0	0	0	0	0
968	R	0	0	0	0	0	0	0
969	P	0	0	0	0	0	0	0
970	G	0	0	0	0	0	0	0
971	R	0	0	0	0	0	0	0
972	D	0	0	0	0	0	0	0
973	V	0	0	0	0	0	0	0
974	P	0	0	0	0	0	0	0
975	L	0	0	0	0	0	0	0
976	Q	0	0	0	0	0	0	0
977	P	0	0	0	0	0	0	0
978	R	0	0	0	0	0	0	0
979	G	0	0	0	0	0	0	0
980	S	0	0	0	0	0	0	0
981	F	0	0	0	0	0	0	0
982	K	0	0	0	0	0	0	0
983	K	0	0	0	0	0	0	0
984	P	0	0	0	0	0	0	0
985	S	0	0	0	0	0	0	0
986	A	0	0	0	0	0	0	0
987	K	0	0	0	0	0	0	0
988	P	0	0	0	0	0	0	0
989	L	0	0	0	0	0	0	0
990	R	0	0	0	0	0	0	0
991	N	0	0	0	0	0	0	0
992	L	0	0	0	0	0	0	0
993	P	0	0	0	0	0	0	0
994	R	0	0	0	0	0	0	0
995	Q	0	0	0	0	0	0	0
996	K	0	0	0	0	0	0	0
997	P	0	0	0	0	0	0	0
998	E	0	0	0	0	0	0	0
999	E	0	0	0	0	0	0	0
1000	N	0	0	0	0	0	0	0
1001	K	0	0	0	0	0	0	0
1002	T	0	0	0	0	0	0	0
1003	C	0	0	0	0	0	0	0
1004	R	0	0	0	0	0	0	0
1005	A	0	0	0	0	0	0	0
1006	H	0	0	0	0	0	0	0
1007	S	0	0	0	0	0	0	0
1008	E	0	0	0	0	0	0	0
1009	G	0	0	0	0	0	0	0
1010	P	0	0	0	0	0	0	0
1011	E	0	0	0	0	0	0	0
1012	S	Phosphoserine	AHSEGPESPKEEPKT	CCCCCCCCCCCCCCC	0	0	0	0
1013	P	0	0	0	0	0	0	0
1014	K	0	0	0	0	0	0	0
1015	E	0	0	0	0	0	0	0
1016	E	0	0	0	0	0	0	0
1017	P	0	0	0	0	0	0	0
1018	K	0	0	0	0	0	0	0
1019	T	0	0	0	0	0	0	0
1020	P	0	0	0	0	0	0	0
1021	S	0	0	0	0	0	0	0
1022	V	0	0	0	0	0	0	0
1023	P	0	0	0	0	0	0	0
1024	S	0	0	0	0	0	0	0
1025	V	0	0	0	0	0	0	0
1026	P	0	0	0	0	0	0	0
1027	H	0	0	0	0	0	0	0
1028	E	0	0	0	0	0	0	0
1029	L	0	0	0	0	0	0	0
1030	P	0	0	0	0	0	0	0
1031	R	0	0	0	0	0	0	0
1032	V	0	0	0	0	0	0	0
1033	P	0	0	0	0	0	0	0
1034	S	0	0	0	0	0	0	0
1035	F	0	0	0	0	0	0	0
1036	A	0	0	0	0	0	0	0
1037	R	0	0	0	0	0	0	0
1038	N	0	0	0	0	0	0	0
1039	T	0	0	0	0	0	0	0
1040	V	0	0	0	0	0	0	0
1041	A	0	0	0	0	0	0	0
1042	S	0	0	0	0	0	0	0
1043	S	0	0	0	0	0	0	0
1044	S	0	0	0	0	0	0	0
1045	R	0	0	0	0	0	0	0
1046	S	Phosphoserine	TVASSSRSMRTDLPP	HHHCCCCCCCCCCCC	0	0	0	0
1047	M	0	0	0	0	0	0	0
1048	R	0	0	0	0	0	0	0
1049	T	0	0	0	0	0	0	0
1050	D	0	0	0	0	0	0	0
1051	L	0	0	0	0	0	0	0
1052	P	0	0	0	0	0	0	0
1053	P	0	0	0	0	0	0	0
1054	V	0	0	0	0	0	0	0
1055	A	0	0	0	0	0	0	0
1056	K	0	0	0	0	0	0	0
1057	A	0	0	0	0	0	0	0
1058	P	0	0	0	0	0	0	0
1059	G	0	0	0	0	0	0	0
1060	I	0	0	0	0	0	0	0
1061	T	0	0	0	0	0	0	0
1062	R	0	0	0	0	0	0	0
1063	T	0	0	0	0	0	0	0
1064	V	0	0	0	0	0	0	0
1065	S	0	0	0	0	0	0	0
1066	Q	0	0	0	0	0	0	0
1067	R	0	0	0	0	0	0	0
1068	Q	0	0	0	0	0	0	0
1069	L	0	0	0	0	0	0	0
1070	R	0	0	0	0	0	0	0
1071	V	0	0	0	0	0	0	0
1072	K	0	0	0	0	0	0	0
1073	G	0	0	0	0	0	0	0
1074	D	0	0	0	0	0	0	0
1075	P	0	0	0	0	0	0	0
1076	E	0	0	0	0	0	0	0
1077	D	0	0	0	0	0	0	0
1078	A	0	0	0	0	0	0	0
1079	A	0	0	0	0	0	0	0
1080	P	0	0	0	0	0	0	0
1081	K	0	0	0	0	0	0	0
1082	D	0	0	0	0	0	0	0
1083	S	0	0	0	0	0	0	0
1084	S	0	0	0	0	0	0	0
1085	T	0	0	0	0	0	0	0
1086	L	0	0	0	0	0	0	0
1087	R	0	0	0	0	0	0	0
1088	R	0	0	0	0	0	0	0
1089	A	0	0	0	0	0	0	0
1090	S	0	0	0	0	0	0	0
1091	S	0	0	0	0	0	0	0
1092	A	0	0	0	0	0	0	0
1093	R	0	0	0	0	0	0	0
1094	A	0	0	0	0	0	0	0
1095	P	0	0	0	0	0	0	0
1096	K	0	0	0	0	0	0	0
1097	K	0	0	0	0	0	0	0
1098	R	0	0	0	0	0	0	0
1099	P	0	0	0	0	0	0	0
1100	E	0	0	0	0	0	0	0
1101	S	Phosphoserine	APKKRPESAEGPSAN	CCCCCCCCCCCCCCC	0	0	0	0
1102	A	0	0	0	0	0	0	0
1103	E	0	0	0	0	0	0	0
1104	G	0	0	0	0	0	0	0
1105	P	0	0	0	0	0	0	0
1106	S	0	0	0	0	0	0	0
1107	A	0	0	0	0	0	0	0
1108	N	0	0	0	0	0	0	0
1109	T	0	0	0	0	0	0	0
1110	E	0	0	0	0	0	0	0
1111	A	0	0	0	0	0	0	0
1112	P	0	0	0	0	0	0	0
1113	L	0	0	0	0	0	0	0
1114	K	0	0	0	0	0	0	0
1115	A	0	0	0	0	0	0	0
1116	R	0	0	0	0	0	0	0
1117	G	0	0	0	0	0	0	0
1118	A	0	0	0	0	0	0	0
1119	G	0	0	0	0	0	0	0
1120	E	0	0	0	0	0	0	0
1121	R	0	0	0	0	0	0	0
1122	A	0	0	0	0	0	0	0
1123	S	0	0	0	0	0	0	0
1124	L	0	0	0	0	0	0	0
1125	R	0	0	0	0	0	0	0
1126	R	0	0	0	0	0	0	0
1127	K	0	0	0	0	0	0	0
1128	D	0	0	0	0	0	0	0
1129	S	0	0	0	0	0	0	0
1130	S	0	0	0	0	0	0	0
1131	R	0	0	0	0	0	0	0
1132	T	0	0	0	0	0	0	0
1133	T	0	0	0	0	0	0	0
1134	L	0	0	0	0	0	0	0
1135	G	0	0	0	0	0	0	0
1136	R	0	0	0	0	0	0	0
1137	I	0	0	0	0	0	0	0
1138	L	0	0	0	0	0	0	0
1139	N	0	0	0	0	0	0	0
1140	P	0	0	0	0	0	0	0
1141	L	0	0	0	0	0	0	0
1142	R	0	0	0	0	0	0	0
1143	K	0	0	0	0	0	0	0
