location	residue	Modification	seq	secStruc	RelatedDisease	VariantPosition	ResidueChange	DaPSbySAP
1	M	0	0	0	0	0	0	0
2	T	0	0	0	0	0	0	0
3	S	0	0	0	0	0	0	0
4	T	0	0	0	0	0	0	0
5	C	0	0	0	0	0	0	0
6	T	0	0	0	0	0	0	0
7	N	0	0	0	0	0	0	0
8	S	0	0	0	0	0	0	0
9	T	0	0	0	0	0	0	0
10	R	0	0	0	0	0	0	0
11	E	0	0	0	0	0	0	0
12	S	0	0	0	0	0	0	0
13	N	0	0	0	0	0	0	0
14	S	0	0	0	0	0	0	0
15	S	Phosphoserine	STRESNSSHTCMPLS	CCCCCCCCCCCEEHH	0	0	0	0
16	H	0	0	0	0	0	0	0
17	T	0	0	0	0	0	0	0
18	C	0	0	0	0	0	0	0
19	M	0	0	0	0	0	0	0
20	P	0	0	0	0	0	0	0
21	L	0	0	0	0	0	0	0
22	S	0	0	0	0	0	0	0
23	K	0	0	0	0	0	0	0
24	M	0	0	0	0	0	0	0
25	P	0	0	0	0	0	0	0
26	I	0	0	0	0	0	0	0
27	S	Phosphoserine	PLSKMPISLAHGIIR	EHHHCCHHHHHHHHH	0	0	0	0
28	L	0	0	0	0	0	0	0
29	A	0	0	0	0	0	0	0
30	H	0	0	0	0	0	0	0
31	G	0	0	0	0	0	0	0
32	I	0	0	0	0	0	0	0
33	I	0	0	0	0	0	0	0
34	R	0	0	0	0	0	0	0
35	S	0	0	0	0	0	0	0
36	T	0	0	0	0	0	0	0
37	V	0	0	0	0	0	0	0
38	L	0	0	0	0	0	0	0
39	V	0	0	0	0	0	0	0
40	I	0	0	0	0	0	0	0
41	F	0	0	0	0	0	0	0
42	L	0	0	0	0	0	0	0
43	A	0	0	0	0	0	0	0
44	A	0	0	0	0	0	0	0
45	S	0	0	0	0	0	0	0
46	F	0	0	0	0	0	0	0
47	V	0	0	0	0	0	0	0
48	G	0	0	0	0	0	0	0
49	N	0	0	0	0	0	0	0
50	I	0	0	0	0	0	0	0
51	V	0	0	0	0	0	0	0
52	L	0	0	0	0	0	0	0
53	A	0	0	0	0	0	0	0
54	L	0	0	0	0	0	0	0
55	V	0	0	0	0	0	0	0
56	L	0	0	0	0	0	0	0
57	Q	0	0	0	0	0	0	0
58	R	0	0	0	0	0	0	0
59	K	0	0	0	0	0	0	0
60	P	0	0	0	0	0	0	0
61	Q	0	0	0	0	0	0	0
62	L	0	0	0	0	0	0	0
63	L	0	0	0	0	0	0	0
64	Q	0	0	0	0	0	0	0
65	V	0	0	0	0	0	0	0
66	T	0	0	0	0	0	0	0
67	N	0	0	0	0	0	0	0
68	R	0	0	0	0	0	0	0
69	F	0	0	0	0	0	0	0
70	I	0	0	0	0	0	0	0
71	F	0	0	0	0	0	0	0
72	N	0	0	0	0	0	0	0
73	L	0	0	0	0	0	0	0
74	L	0	0	0	0	0	0	0
75	V	0	0	0	0	0	0	0
76	T	0	0	0	0	0	0	0
77	D	0	0	0	0	0	0	0
78	L	0	0	0	0	0	0	0
79	L	0	0	0	0	0	0	0
80	Q	0	0	0	0	0	0	0
81	I	0	0	0	0	0	0	0
82	S	0	0	0	0	0	0	0
83	L	0	0	0	0	0	0	0
84	V	0	0	0	0	0	0	0
85	A	0	0	0	0	0	0	0
86	P	0	0	0	0	0	0	0
87	W	0	0	0	0	0	0	0
88	V	0	0	0	0	0	0	0
89	V	0	0	0	0	0	0	0
90	A	0	0	0	0	0	0	0
91	T	0	0	0	0	0	0	0
92	S	0	0	0	0	0	0	0
93	V	0	0	0	0	0	0	0
94	P	0	0	0	0	0	0	0
95	L	0	0	0	0	0	0	0
96	F	0	0	0	0	0	0	0
97	W	0	0	0	0	0	0	0
98	P	0	0	0	0	0	0	0
99	L	0	0	0	0	0	0	0
100	N	0	0	0	0	0	0	0
101	S	0	0	0	0	0	0	0
102	H	0	0	0	0	0	0	0
103	F	0	0	0	0	0	0	0
104	C	0	0	0	0	0	0	0
105	T	0	0	0	0	0	0	0
106	A	0	0	0	0	0	0	0
107	L	0	0	0	0	0	0	0
108	V	0	0	0	0	0	0	0
109	S	0	0	0	0	0	0	0
110	L	0	0	0	0	0	0	0
111	T	0	0	0	0	0	0	0
112	H	0	0	0	0	0	0	0
113	L	0	0	0	0	0	0	0
114	F	0	0	0	0	0	0	0
115	A	0	0	0	0	0	0	0
116	F	0	0	0	0	0	0	0
117	A	0	0	0	0	0	0	0
118	S	0	0	0	0	0	0	0
119	V	0	0	0	0	0	0	0
120	N	0	0	0	0	0	0	0
121	T	0	0	0	0	0	0	0
122	I	0	0	0	0	0	0	0
123	V	0	0	0	0	0	0	0
124	V	0	0	0	0	0	L	130
125	V	0	0	0	0	0	0	0
126	S	0	0	0	0	0	0	0
127	V	0	0	0	0	0	0	0
128	D	0	0	0	0	0	0	0
129	R	0	0	0	0	0	0	0
130	Y	Phosphotyrosine	VVVSVDRYLSIIHPL	EEEEECHHHHHHCCC	Body mass index:body mass index	124 (6)	0	0
131	L	0	0	0	0	0	0	0
132	S	0	0	0	0	0	0	0
133	I	0	0	0	0	0	0	0
134	I	0	0	0	0	0	0	0
135	H	0	0	0	0	0	0	0
136	P	0	0	0	0	0	0	0
137	L	0	0	0	0	0	0	0
138	S	0	0	0	0	0	0	0
139	Y	0	0	0	0	0	0	0
140	P	0	0	0	0	0	0	0
141	S	0	0	0	0	0	0	0
142	K	0	0	0	0	0	0	0
143	M	0	0	0	0	0	0	0
144	T	Phosphothreonine	LSYPSKMTQRRGYLL	CCCCCCCCCCCCEEE	0	0	0	0
145	Q	0	0	0	0	0	0	0
146	R	0	0	0	0	0	0	0
147	R	0	0	0	0	0	0	0
148	G	0	0	0	0	0	0	0
149	Y	0	0	0	0	0	0	0
150	L	0	0	0	0	0	0	0
151	L	0	0	0	0	0	0	0
152	L	0	0	0	0	0	0	0
153	Y	0	0	0	0	0	0	0
154	G	0	0	0	0	0	0	0
155	T	0	0	0	0	0	0	0
156	W	0	0	0	0	0	0	0
157	I	0	0	0	0	0	0	0
158	V	0	0	0	0	0	0	0
159	A	0	0	0	0	0	0	0
160	I	0	0	0	0	0	0	0
161	L	0	0	0	0	0	0	0
162	Q	0	0	0	0	0	0	0
163	S	0	0	0	0	0	0	0
164	T	0	0	0	0	0	0	0
165	P	0	0	0	0	0	0	0
166	P	0	0	0	0	0	0	0
167	L	0	0	0	0	0	0	0
168	Y	0	0	0	0	0	0	0
169	G	0	0	0	0	0	0	0
170	W	0	0	0	0	0	0	0
171	G	0	0	0	0	0	0	0
172	Q	0	0	0	0	0	0	0
173	A	0	0	0	0	0	0	0
174	A	0	0	0	0	0	0	0
175	F	0	0	0	0	0	0	0
176	D	0	0	0	0	0	0	0
177	E	0	0	0	0	0	0	0
178	R	0	0	0	0	0	0	0
179	N	0	0	0	0	0	0	0
180	A	0	0	0	0	0	0	0
181	L	0	0	0	0	0	0	0
182	C	0	0	0	0	0	0	0
183	S	0	0	0	0	0	0	0
184	M	0	0	0	0	0	0	0
185	I	0	0	0	0	0	0	0
186	W	0	0	0	0	0	0	0
187	G	0	0	0	0	0	0	0
188	A	0	0	0	0	0	0	0
189	S	0	0	0	0	0	0	0
190	P	0	0	0	0	0	0	0
191	S	0	0	0	0	0	0	0
192	Y	0	0	0	0	0	0	0
193	T	0	0	0	0	0	0	0
194	I	0	0	0	0	0	0	0
195	L	0	0	0	0	0	0	0
196	S	0	0	0	0	0	0	0
197	V	0	0	0	0	0	0	0
198	V	0	0	0	0	0	0	0
199	S	0	0	0	0	0	0	0
200	F	0	0	0	0	0	0	0
201	I	0	0	0	0	0	0	0
202	V	0	0	0	0	0	0	0
203	I	0	0	0	0	0	0	0
204	P	0	0	0	0	0	0	0
205	L	0	0	0	0	0	0	0
206	I	0	0	0	0	0	0	0
207	V	0	0	0	0	0	0	0
208	M	0	0	0	0	0	0	0
209	I	0	0	0	0	0	0	0
210	A	0	0	0	0	0	0	0
211	C	0	0	0	0	0	0	0
212	Y	0	0	0	0	0	0	0
213	S	0	0	0	0	0	0	0
214	V	0	0	0	0	0	0	0
215	V	0	0	0	0	0	0	0
216	F	0	0	0	0	0	0	0
217	C	0	0	0	0	0	0	0
218	A	0	0	0	0	0	0	0
219	A	0	0	0	0	0	0	0
220	R	0	0	0	0	0	0	0
221	R	0	0	0	0	0	0	0
222	Q	0	0	0	0	0	0	0
223	H	0	0	0	0	0	0	0
224	A	0	0	0	0	0	0	0
225	L	0	0	0	0	0	0	0
226	L	0	0	0	0	0	0	0
227	Y	0	0	0	0	0	0	0
228	N	0	0	0	0	0	0	0
229	V	0	0	0	0	0	0	0
230	K	0	0	0	0	0	0	0
231	R	0	0	0	0	0	0	0
232	H	0	0	0	0	0	0	0
233	S	0	0	0	0	0	0	0
234	L	0	0	0	0	0	0	0
235	E	0	0	0	0	0	0	0
236	V	0	0	0	0	0	0	0
237	R	0	0	0	0	0	0	0
238	V	0	0	0	0	0	0	0
239	K	0	0	0	0	0	0	0
240	D	0	0	0	0	0	0	0
241	C	0	0	0	0	0	0	0
242	V	0	0	0	0	0	0	0
243	E	0	0	0	0	0	0	0
244	N	0	0	0	0	0	0	0
245	E	0	0	0	0	0	0	0
246	D	0	0	0	0	0	0	0
247	E	0	0	0	0	0	0	0
248	E	0	0	0	0	0	0	0
249	G	0	0	0	0	0	0	0
250	A	0	0	0	0	0	0	0
251	E	0	0	0	0	0	0	0
252	K	0	0	0	0	0	0	0
253	K	0	0	0	0	0	0	0
254	E	0	0	0	0	0	0	0
255	E	0	0	0	0	0	0	0
256	F	0	0	0	0	0	0	0
257	Q	0	0	0	0	0	0	0
258	D	0	0	0	0	0	0	0
259	E	0	0	0	0	0	0	0
260	S	0	0	0	0	0	0	0
261	E	0	0	0	0	0	0	0
262	F	0	0	0	0	0	0	0
263	R	0	0	0	0	0	0	0
264	R	0	0	0	0	0	0	0
265	Q	0	0	0	0	0	0	0
266	H	0	0	0	0	0	0	0
267	E	0	0	0	0	0	0	0
268	G	0	0	0	0	0	0	0
269	E	0	0	0	0	0	0	0
270	V	0	0	0	0	0	0	0
271	K	0	0	0	0	0	0	0
272	A	0	0	0	0	0	0	0
273	K	0	0	0	0	0	0	0
274	E	0	0	0	0	0	0	0
275	G	0	0	0	0	0	0	0
276	R	0	0	0	0	0	0	0
277	M	0	0	0	0	0	0	0
278	E	0	0	0	0	0	0	0
279	A	0	0	0	0	0	0	0
280	K	0	0	0	0	0	0	0
281	D	0	0	0	0	0	0	0
282	G	0	0	0	0	0	0	0
283	S	0	0	0	0	0	0	0
284	L	0	0	0	0	0	0	0
285	K	0	0	0	0	0	0	0
286	A	0	0	0	0	0	0	0
287	K	0	0	0	0	0	0	0
288	E	0	0	0	0	0	0	0
289	G	0	0	0	0	0	0	0
290	S	0	0	0	0	0	0	0
291	T	0	0	0	0	0	0	0
292	G	0	0	0	0	0	0	0
293	T	0	0	0	0	0	0	0
294	S	0	0	0	0	0	0	0
295	E	0	0	0	0	0	0	0
296	S	0	0	0	0	0	0	0
297	S	0	0	0	0	0	0	0
298	V	0	0	0	0	0	0	0
299	E	0	0	0	0	0	0	0
300	A	0	0	0	0	0	0	0
301	R	0	0	0	0	0	0	0
302	G	0	0	0	0	0	0	0
303	S	0	0	0	0	0	0	0
304	E	0	0	0	0	0	0	0
305	E	0	0	0	0	0	0	0
306	V	0	0	0	0	0	0	0
307	R	0	0	0	0	0	0	0
308	E	0	0	0	0	0	0	0
309	S	Phosphoserine	GSEEVRESSTVASDG	CCHHHHHCCEECCCC	0	0	0	0
310	S	Phosphoserine	SEEVRESSTVASDGS	CHHHHHCCEECCCCC	0	0	0	0
311	T	0	0	0	0	0	0	0
312	V	0	0	0	0	0	0	0
313	A	0	0	0	0	0	0	0
314	S	0	0	0	0	0	0	0
315	D	0	0	0	0	0	0	0
316	G	0	0	0	0	0	0	0
317	S	0	0	0	0	0	0	0
318	M	0	0	0	0	0	0	0
319	E	0	0	0	0	0	0	0
320	G	0	0	0	0	0	0	0
321	K	0	0	0	0	0	0	0
322	E	0	0	0	0	0	0	0
323	G	0	0	0	0	0	0	0
324	S	0	0	0	0	0	0	0
325	T	0	0	0	0	0	0	0
326	K	0	0	0	0	0	0	0
327	V	0	0	0	0	0	0	0
328	E	0	0	0	0	0	0	0
329	E	0	0	0	0	0	0	0
330	N	0	0	0	0	0	0	0
331	S	0	0	0	0	0	0	0
332	M	0	0	0	0	0	0	0
333	K	0	0	0	0	0	0	0
334	A	0	0	0	0	0	0	0
335	D	0	0	0	0	0	0	0
336	K	0	0	0	0	0	0	0
337	G	0	0	0	0	0	0	0
338	R	0	0	0	0	0	0	0
339	T	0	0	0	0	0	0	0
340	E	0	0	0	0	0	0	0
341	V	0	0	0	0	0	0	0
342	N	0	0	0	0	0	0	0
343	Q	0	0	0	0	0	0	0
344	C	0	0	0	0	0	0	0
345	S	0	0	0	0	0	0	0
346	I	0	0	0	0	0	0	0
347	D	0	0	0	0	0	0	0
348	L	0	0	0	0	0	0	0
349	G	0	0	0	0	0	0	0
350	E	0	0	0	0	0	0	0
351	D	0	0	0	0	0	0	0
352	D	0	0	0	0	0	0	0
353	M	0	0	0	0	0	0	0
354	E	0	0	0	0	0	0	0
355	F	0	0	0	0	0	0	0
356	G	0	0	0	0	0	0	0
357	E	0	0	0	0	0	0	0
358	D	0	0	0	0	0	0	0
359	D	0	0	0	0	0	0	0
360	I	0	0	0	0	0	0	0
361	N	0	0	0	0	0	0	0
362	F	0	0	0	0	0	0	0
363	S	0	0	0	0	0	0	0
364	E	0	0	0	0	0	0	0
365	D	0	0	0	0	0	0	0
366	D	0	0	0	0	0	0	0
367	V	0	0	0	0	0	0	0
368	E	0	0	0	0	0	0	0
369	A	0	0	0	0	0	0	0
370	V	0	0	0	0	0	0	0
371	N	0	0	0	0	0	0	0
372	I	0	0	0	0	0	0	0
373	P	0	0	0	0	0	0	0
374	E	0	0	0	0	0	0	0
375	S	0	0	0	0	0	0	0
376	L	0	0	0	0	0	0	0
377	P	0	0	0	0	0	0	0
378	P	0	0	0	0	0	0	0
379	S	0	0	0	0	0	0	0
380	R	0	0	0	0	0	0	0
381	R	0	0	0	0	0	0	0
382	N	0	0	0	0	0	0	0
383	S	0	0	0	0	0	0	0
384	N	0	0	0	0	0	0	0
385	S	0	0	0	0	0	0	0
386	N	0	0	0	0	0	0	0
387	P	0	0	0	0	0	0	0
388	P	0	0	0	0	0	0	0
389	L	0	0	0	0	0	0	0
390	P	0	0	0	0	0	0	0
391	R	0	0	0	0	0	0	0
392	C	0	0	0	0	0	0	0
393	Y	0	0	0	0	0	0	0
394	Q	0	0	0	0	0	0	0
395	C	0	0	0	0	0	0	0
396	K	0	0	0	0	0	0	0
397	A	0	0	0	0	0	0	0
398	A	0	0	0	0	0	0	0
399	K	0	0	0	0	0	0	0
400	V	0	0	0	0	0	0	0
401	I	0	0	0	0	0	0	0
402	F	0	0	0	0	0	0	0
403	I	0	0	0	0	0	0	0
404	I	0	0	0	0	0	0	0
405	I	0	0	0	0	0	0	0
406	F	0	0	0	0	0	0	0
407	S	0	0	0	0	0	0	0
408	Y	0	0	0	0	0	0	0
409	V	0	0	0	0	0	0	0
410	L	0	0	0	0	0	0	0
411	S	0	0	0	0	0	0	0
412	L	0	0	0	0	0	0	0
413	G	0	0	0	0	0	0	0
414	P	0	0	0	0	0	0	0
415	Y	0	0	0	0	0	0	0
416	C	0	0	0	0	0	0	0
417	F	0	0	0	0	0	0	0
418	L	0	0	0	0	0	0	0
419	A	0	0	0	0	0	0	0
420	V	0	0	0	0	0	0	0
421	L	0	0	0	0	0	0	0
422	A	0	0	0	0	0	0	0
423	V	0	0	0	0	0	0	0
424	W	0	0	0	0	0	0	0
425	V	0	0	0	0	0	0	0
426	D	0	0	0	0	0	0	0
427	V	0	0	0	0	0	0	0
428	E	0	0	0	0	0	0	0
429	T	0	0	0	0	0	0	0
430	Q	0	0	0	0	0	0	0
431	V	0	0	0	0	0	0	0
432	P	0	0	0	0	0	0	0
433	Q	0	0	0	0	0	0	0
434	W	0	0	0	0	0	0	0
435	V	0	0	0	0	0	0	0
436	I	0	0	0	0	0	0	0
437	T	0	0	0	0	0	0	0
438	I	0	0	0	0	0	0	0
439	I	0	0	0	0	0	0	0
440	I	0	0	0	0	0	0	0
441	W	0	0	0	0	0	0	0
442	L	0	0	0	0	0	0	0
443	F	0	0	0	0	0	0	0
444	F	0	0	0	0	0	0	0
445	L	0	0	0	0	0	0	0
446	Q	0	0	0	0	0	0	0
447	C	0	0	0	0	0	0	0
448	C	0	0	0	0	0	0	0
449	I	0	0	0	0	0	0	0
450	H	0	0	0	0	0	0	0
451	P	0	0	0	0	0	0	0
452	Y	0	0	0	0	0	0	0
453	V	0	0	0	0	0	0	0
454	Y	0	0	0	0	0	0	0
455	G	0	0	0	0	0	0	0
456	Y	0	0	0	0	0	0	0
457	M	0	0	0	0	0	0	0
458	H	0	0	0	0	0	0	0
459	K	0	0	0	0	0	0	0
460	T	0	0	0	0	0	0	0
461	I	0	0	0	0	0	0	0
462	K	0	0	0	0	0	0	0
463	K	0	0	0	0	0	0	0
464	E	0	0	0	0	0	0	0
465	I	0	0	0	0	0	0	0
466	Q	0	0	0	0	0	0	0
467	D	0	0	0	0	0	0	0
468	M	0	0	0	0	0	0	0
469	L	0	0	0	0	0	0	0
470	K	0	0	0	0	0	0	0
471	K	0	0	0	0	0	0	0
472	F	0	0	0	0	0	0	0
473	F	0	0	0	0	0	0	0
474	C	0	0	0	0	0	0	0
475	K	0	0	0	0	0	0	0
476	E	0	0	0	0	0	0	0
477	K	0	0	0	0	0	0	0
478	P	0	0	0	0	0	0	0
479	P	0	0	0	0	0	0	0
480	K	0	0	0	0	0	0	0
481	E	0	0	0	0	0	0	0
482	D	0	0	0	0	0	0	0
483	S	0	0	0	0	0	0	0
484	H	0	0	0	0	0	0	0
485	P	0	0	0	0	0	0	0
486	D	0	0	0	0	0	0	0
487	L	0	0	0	0	0	0	0
488	P	0	0	0	0	0	0	0
489	G	0	0	0	0	0	0	0
490	T	0	0	0	0	0	0	0
491	E	0	0	0	0	0	0	0
492	G	0	0	0	0	0	0	0
493	G	0	0	0	0	0	0	0
494	T	0	0	0	0	0	0	0
495	E	0	0	0	0	0	0	0
496	G	0	0	0	0	0	0	0
497	K	0	0	0	0	0	0	0
498	I	0	0	0	0	0	0	0
499	V	0	0	0	0	0	0	0
500	P	0	0	0	0	0	0	0
501	S	0	0	0	0	0	0	0
502	Y	0	0	0	0	0	0	0
503	D	0	0	0	0	0	0	0
504	S	0	0	0	0	0	0	0
505	A	0	0	0	0	0	0	0
506	T	0	0	0	0	0	0	0
507	F	0	0	0	0	0	0	0
508	P	0	0	0	0	0	0	0
