location	residue	Modification	seq	secStruc	RelatedDisease	VariantPosition	ResidueChange	DaPSbySAP
1	M	0	0	0	0	0	0	0
2	P	0	0	0	0	0	0	0
3	L	0	0	0	0	0	0	0
4	L	0	0	0	0	0	0	0
5	L	0	0	0	0	0	0	0
6	L	0	0	0	0	0	0	0
7	L	0	0	0	0	0	0	0
8	L	0	0	0	0	0	0	0
9	L	0	0	0	0	0	0	0
10	L	0	0	0	0	0	0	0
11	P	0	0	0	0	0	0	0
12	S	0	0	0	0	0	0	0
13	P	0	0	0	0	0	0	0
14	L	0	0	0	0	0	0	0
15	H	0	0	0	0	0	0	0
16	P	0	0	0	0	0	0	0
17	H	0	0	0	0	0	0	0
18	P	0	0	0	0	0	0	0
19	I	0	0	0	0	0	0	0
20	C	0	0	0	0	0	0	0
21	E	0	0	0	0	0	0	0
22	V	0	0	0	0	0	0	0
23	S	0	0	0	0	0	0	0
24	K	0	0	0	0	0	0	0
25	V	0	0	0	0	0	0	0
26	A	0	0	0	0	0	0	0
27	S	0	0	0	0	0	0	0
28	H	0	0	0	0	0	0	0
29	L	0	0	0	0	0	0	0
30	E	0	0	0	0	0	0	0
31	V	0	0	0	0	0	0	0
32	N	0	0	0	0	0	0	0
33	C	0	0	0	0	0	0	0
34	D	0	0	0	0	0	0	0
35	K	0	0	0	0	0	0	0
36	R	0	0	0	0	0	0	0
37	N	N-linked Glycosylation	EVNCDKRNLTALPPD	EECCCCCCCCCCCCC	0	0	0	0
38	L	0	0	0	0	0	0	0
39	T	0	0	0	0	0	0	0
40	A	0	0	0	0	0	0	0
41	L	0	0	0	0	0	0	0
42	P	0	0	0	0	0	0	0
43	P	0	0	0	0	0	0	0
44	D	0	0	0	0	0	0	0
45	L	0	0	0	0	0	0	0
46	P	0	0	0	0	0	0	0
47	K	0	0	0	0	0	0	0
48	D	0	0	0	0	0	0	0
49	T	0	0	0	0	0	0	0
50	T	0	0	0	0	0	0	0
51	I	0	0	0	0	0	0	0
52	L	0	0	0	0	0	0	0
53	H	0	0	0	0	0	0	0
54	L	0	0	0	0	0	0	0
55	S	0	0	0	0	0	0	0
56	E	0	0	0	0	0	0	0
57	N	0	0	0	0	0	0	0
58	L	0	0	0	0	0	0	0
59	L	0	0	0	0	0	0	0
60	Y	0	0	0	0	0	0	0
61	T	0	0	0	0	0	0	0
62	F	0	0	0	0	0	0	0
63	S	0	0	0	0	0	0	0
64	L	0	0	0	0	0	0	0
65	A	0	0	0	0	0	0	0
66	T	0	0	0	0	0	0	0
67	L	0	0	0	0	0	0	0
68	M	0	0	0	0	0	0	0
69	P	0	0	0	0	0	0	0
70	Y	0	0	0	0	0	0	0
71	T	0	0	0	0	0	0	0
72	R	0	0	0	0	0	0	0
73	L	0	0	0	0	0	0	0
74	T	0	0	0	0	0	0	0
75	Q	0	0	0	0	0	0	0
76	L	0	0	0	0	0	0	0
77	N	0	0	0	0	0	0	0
78	L	0	0	0	0	0	0	0
79	D	0	0	0	0	0	0	0
80	R	0	0	0	0	0	0	0
81	C	0	0	0	0	0	0	0
82	E	0	0	0	0	0	0	0
83	L	0	0	0	0	0	0	0
84	T	0	0	0	0	0	0	0
85	K	0	0	0	0	0	0	0
86	L	0	0	0	0	0	0	0
87	Q	0	0	0	0	0	0	0
88	V	0	0	0	0	0	0	0
89	D	0	0	0	0	0	0	0
90	G	0	0	0	0	0	0	0
91	T	0	0	0	0	0	0	0
92	L	0	0	0	0	0	0	0
93	P	0	0	0	0	0	0	0
94	V	0	0	0	0	0	0	0
95	L	0	0	0	0	0	0	0
96	G	0	0	0	0	0	0	0
97	T	0	0	0	0	0	0	0
98	L	0	0	0	0	0	0	0
99	D	0	0	0	0	0	0	0
100	L	0	0	0	0	0	0	0
101	S	0	0	0	0	0	0	0
102	H	0	0	0	0	0	0	0
103	N	0	0	0	0	0	0	0
104	Q	0	0	0	0	0	0	0
105	L	0	0	0	0	0	0	0
106	Q	0	0	0	0	0	0	0
107	S	0	0	0	0	0	0	0
108	L	0	0	0	0	0	0	0
109	P	0	0	0	0	0	0	0
110	L	0	0	0	0	0	0	0
111	L	0	0	0	0	0	0	0
112	G	0	0	0	0	0	0	0
113	Q	0	0	0	0	0	0	0
114	T	0	0	0	0	0	0	0
115	L	0	0	0	0	0	0	0
116	P	0	0	0	0	0	0	0
117	A	0	0	0	0	0	0	0
118	L	0	0	0	0	0	0	0
119	T	0	0	0	0	0	0	0
120	V	0	0	0	0	0	0	0
121	L	0	0	0	0	0	0	0
122	D	0	0	0	0	0	0	0
123	V	0	0	0	0	0	0	0
124	S	0	0	0	0	0	0	0
125	F	0	0	0	0	0	0	0
126	N	0	0	0	0	0	0	0
127	R	0	0	0	0	0	0	0
128	L	0	0	0	0	0	0	0
129	T	Phosphothreonine	DVSFNRLTSLPLGAL	ECCCCCCCCCCHHHH	0	0	0	0
130	S	Phosphoserine	VSFNRLTSLPLGALR	CCCCCCCCCCHHHHH	0	0	0	0
131	L	0	0	0	0	0	0	0
132	P	0	0	0	0	0	0	0
133	L	0	0	0	0	0	0	0
134	G	0	0	0	0	0	0	0
135	A	0	0	0	0	0	0	0
136	L	0	0	0	0	0	0	0
137	R	0	0	0	0	0	0	0
138	G	0	0	0	0	0	0	0
139	L	0	0	0	0	0	0	0
140	G	0	0	0	0	0	0	0
141	E	0	0	0	0	0	0	0
142	L	0	0	0	0	0	0	0
143	Q	0	0	0	0	0	0	0
144	E	0	0	0	0	0	0	0
145	L	0	0	0	0	0	0	0
146	Y	0	0	0	0	0	0	0
147	L	0	0	0	0	0	0	0
148	K	0	0	0	0	0	0	0
149	G	0	0	0	0	0	0	0
150	N	0	0	0	0	0	0	0
151	E	0	0	0	0	0	0	0
152	L	0	0	0	0	0	0	0
153	K	0	0	0	0	0	0	0
154	T	0	0	0	0	0	0	0
155	L	0	0	0	0	0	0	0
156	P	0	0	0	0	0	0	0
157	P	0	0	0	0	0	0	0
158	G	0	0	0	0	0	0	0
159	L	0	0	0	0	0	0	0
160	L	0	0	0	0	0	0	0
161	T	0	0	0	0	0	M	163
162	P	0	0	0	0	0	0	0
163	T	Phosphothreonine	PPGLLTPTPKLEKLS	CCCCCCCCCCHHHHH	Platelet count:platelet count	161 (2)	0	0
164	P	0	0	0	0	0	0	0
165	K	0	0	0	0	0	0	0
166	L	0	0	0	0	0	0	0
167	E	0	0	0	0	0	0	0
168	K	0	0	0	0	0	0	0
169	L	0	0	0	0	0	0	0
170	S	0	0	0	0	0	0	0
171	L	0	0	0	0	0	0	0
172	A	0	0	0	0	0	0	0
173	N	0	0	0	0	0	0	0
174	N	0	0	0	0	0	0	0
175	N	N-linked (GlcNAc)	KLSLANNNLTELPAG	HHHCCCCCCCCCCHH	0	0	0	0
176	L	0	0	0	0	0	0	0
177	T	0	0	0	0	0	0	0
178	E	0	0	0	0	0	0	0
179	L	0	0	0	0	0	0	0
180	P	0	0	0	0	0	0	0
181	A	0	0	0	0	0	0	0
182	G	0	0	0	0	0	0	0
183	L	0	0	0	0	0	0	0
184	L	0	0	0	0	0	0	0
185	N	0	0	0	0	0	0	0
186	G	0	0	0	0	0	0	0
187	L	0	0	0	0	0	0	0
188	E	0	0	0	0	0	0	0
189	N	0	0	0	0	0	0	0
190	L	0	0	0	0	0	0	0
191	D	0	0	0	0	0	0	0
192	T	0	0	0	0	0	0	0
193	L	0	0	0	0	0	0	0
194	L	0	0	0	0	0	0	0
195	L	0	0	0	0	0	0	0
196	Q	0	0	0	0	0	0	0
197	E	0	0	0	0	0	0	0
198	N	0	0	0	0	0	0	0
199	S	0	0	0	0	0	0	0
200	L	0	0	0	0	0	0	0
201	Y	0	0	0	0	0	0	0
202	T	0	0	0	0	0	0	0
203	I	0	0	0	0	0	0	0
204	P	0	0	0	0	0	0	0
205	K	0	0	0	0	0	0	0
206	G	0	0	0	0	0	0	0
207	F	0	0	0	0	0	0	0
208	F	0	0	0	0	0	0	0
209	G	0	0	0	0	0	0	0
210	S	0	0	0	0	0	0	0
211	H	0	0	0	0	0	0	0
212	L	0	0	0	0	0	0	0
213	L	0	0	0	0	0	0	0
214	P	0	0	0	0	0	0	0
215	F	0	0	0	0	0	0	0
216	A	0	0	0	0	0	0	0
217	F	0	0	0	0	0	0	0
218	L	0	0	0	0	0	0	0
219	H	0	0	0	0	0	0	0
220	G	0	0	0	0	0	0	0
221	N	0	0	0	0	0	0	0
222	P	0	0	0	0	0	0	0
223	W	0	0	0	0	0	0	0
224	L	0	0	0	0	0	0	0
225	C	0	0	0	0	0	0	0
226	N	0	0	0	0	0	0	0
227	C	0	0	0	0	0	0	0
228	E	0	0	0	0	0	0	0
229	I	0	0	0	0	0	0	0
230	L	0	0	0	0	0	0	0
231	Y	0	0	0	0	0	0	0
232	F	0	0	0	0	0	0	0
233	R	0	0	0	0	0	0	0
234	R	0	0	0	0	0	0	0
235	W	0	0	0	0	0	0	0
236	L	0	0	0	0	0	0	0
237	Q	0	0	0	0	0	0	0
238	D	0	0	0	0	0	0	0
239	N	0	0	0	0	0	0	0
240	A	0	0	0	0	0	0	0
241	E	0	0	0	0	0	0	0
242	N	0	0	0	0	0	0	0
243	V	0	0	0	0	0	0	0
244	Y	0	0	0	0	0	0	0
245	V	0	0	0	0	0	0	0
246	W	0	0	0	0	0	0	0
247	K	0	0	0	0	0	0	0
248	Q	0	0	0	0	0	0	0
249	G	0	0	0	0	0	0	0
250	V	0	0	0	0	0	0	0
251	D	0	0	0	0	0	0	0
252	V	0	0	0	0	0	0	0
253	K	0	0	0	0	0	0	0
254	A	0	0	0	0	0	0	0
255	M	0	0	0	0	0	0	0
256	T	0	0	0	0	0	0	0
257	S	0	0	0	0	0	0	0
258	N	0	0	0	0	0	0	0
259	V	0	0	0	0	0	0	0
260	A	0	0	0	0	0	0	0
261	S	0	0	0	0	0	0	0
262	V	0	0	0	0	0	0	0
263	Q	0	0	0	0	0	0	0
264	C	0	0	0	0	0	0	0
265	D	0	0	0	0	0	0	0
266	N	0	0	0	0	0	0	0
267	S	0	0	0	0	0	0	0
268	D	0	0	0	0	0	0	0
269	K	0	0	0	0	0	0	0
270	F	0	0	0	0	0	0	0
271	P	0	0	0	0	0	0	0
272	V	0	0	0	0	0	0	0
273	Y	0	0	0	0	0	0	0
274	K	0	0	0	0	0	0	0
275	Y	0	0	0	0	0	0	0
276	P	0	0	0	0	0	0	0
277	G	0	0	0	0	0	0	0
278	K	0	0	0	0	0	0	0
279	G	0	0	0	0	0	0	0
280	C	0	0	0	0	0	0	0
281	P	0	0	0	0	0	0	0
282	T	0	0	0	0	0	0	0
283	L	0	0	0	0	0	0	0
284	G	0	0	0	0	0	0	0
285	D	0	0	0	0	0	0	0
286	E	0	0	0	0	0	0	0
287	G	0	0	0	0	0	0	0
288	D	0	0	0	0	0	0	0
289	T	0	0	0	0	0	0	0
290	D	0	0	0	0	0	0	0
291	L	0	0	0	0	0	0	0
292	Y	Phosphotyrosine	DEGDTDLYDYYPEED	CCCCCCHHHCCCCCC	0	0	0	0
293	D	0	0	0	0	0	0	0
294	Y	Phosphotyrosine	GDTDLYDYYPEEDTE	CCCCHHHCCCCCCCC	0	0	0	0
295	Y	Phosphotyrosine	DTDLYDYYPEEDTEG	CCCHHHCCCCCCCCC	0	0	0	0
296	P	0	0	0	0	0	0	0
297	E	0	0	0	0	0	0	0
298	E	0	0	0	0	0	0	0
299	D	0	0	0	0	0	0	0
300	T	0	0	0	0	0	0	0
301	E	0	0	0	0	0	0	0
302	G	0	0	0	0	0	0	0
303	D	0	0	0	0	0	0	0
304	K	N6-acetyllysine	EEDTEGDKVRATRTV	CCCCCCCEEEEEEEE	0	0	0	0
305	V	0	0	0	0	0	0	0
306	R	0	0	0	0	0	0	0
307	A	0	0	0	0	0	0	0
308	T	O-linked (GalNAc)	EGDKVRATRTVVKFP	CCCEEEEEEEEEECC	0	0	0	0
309	R	0	0	0	0	0	0	0
310	T	0	0	0	0	0	0	0
311	V	0	0	0	0	0	0	0
312	V	0	0	0	0	0	0	0
313	K	0	0	0	0	0	0	0
314	F	0	0	0	0	0	0	0
315	P	0	0	0	0	0	0	0
316	T	0	0	0	0	0	0	0
317	K	0	0	0	0	0	0	0
318	A	0	0	0	0	0	0	0
319	H	0	0	0	0	0	0	0
320	T	0	0	0	0	0	0	0
321	T	0	0	0	0	0	0	0
322	P	0	0	0	0	0	0	0
323	W	0	0	0	0	0	0	0
324	G	0	0	0	0	0	0	0
325	L	0	0	0	0	0	0	0
326	F	0	0	0	0	0	0	0
327	Y	0	0	0	0	0	0	0
328	S	0	0	0	0	0	0	0
329	W	0	0	0	0	0	0	0
330	S	0	0	0	0	0	0	0
331	T	0	0	0	0	0	0	0
332	A	0	0	0	0	0	0	0
333	S	0	0	0	0	0	0	0
334	L	0	0	0	0	0	0	0
335	D	0	0	0	0	0	0	0
336	S	0	0	0	0	0	0	0
337	Q	0	0	0	0	0	0	0
338	M	0	0	0	0	0	0	0
339	P	0	0	0	0	0	0	0
340	S	0	0	0	0	0	0	0
341	S	0	0	0	0	0	0	0
342	L	0	0	0	0	0	0	0
343	H	0	0	0	0	0	0	0
344	P	0	0	0	0	0	0	0
345	T	0	0	0	0	0	0	0
346	Q	0	0	0	0	0	0	0
347	E	0	0	0	0	0	0	0
348	S	0	0	0	0	0	0	0
349	T	0	0	0	0	0	0	0
350	K	0	0	0	0	0	0	0
351	E	0	0	0	0	0	0	0
352	Q	0	0	0	0	0	0	0
353	T	0	0	0	0	0	0	0
354	T	0	0	0	0	0	0	0
355	F	0	0	0	0	0	0	0
356	P	0	0	0	0	0	0	0
357	P	0	0	0	0	0	0	0
358	R	0	0	0	0	0	0	0
359	W	0	0	0	0	0	0	0
360	T	Phosphothreonine	TTFPPRWTPNFTLHM	CCCCCCCCCCEEEEE	0	0	0	0
361	P	0	0	0	0	0	0	0
362	N	0	0	0	0	0	0	0
363	F	0	0	0	0	0	0	0
364	T	0	0	0	0	0	0	0
365	L	0	0	0	0	0	0	0
366	H	0	0	0	0	0	0	0
367	M	0	0	0	0	0	0	0
368	E	0	0	0	0	0	0	0
369	S	0	0	0	0	0	0	0
370	I	0	0	0	0	0	0	0
371	T	0	0	0	0	0	0	0
372	F	0	0	0	0	0	0	0
373	S	0	0	0	0	0	0	0
374	K	0	0	0	0	0	0	0
375	T	0	0	0	0	0	0	0
376	P	0	0	0	0	0	0	0
377	K	0	0	0	0	0	0	0
378	S	0	0	0	0	0	0	0
379	T	0	0	0	0	0	0	0
380	T	0	0	0	0	0	0	0
381	E	0	0	0	0	0	0	0
382	P	0	0	0	0	0	0	0
383	T	0	0	0	0	0	0	0
384	P	0	0	0	0	0	0	0
385	S	0	0	0	0	0	0	0
386	P	0	0	0	0	0	0	0
387	T	0	0	0	0	0	0	0
388	T	0	0	0	0	0	0	0
389	S	0	0	0	0	0	0	0
390	E	0	0	0	0	0	0	0
391	P	0	0	0	0	0	0	0
392	V	0	0	0	0	0	0	0
393	P	0	0	0	0	0	0	0
394	E	0	0	0	0	0	0	0
395	P	0	0	0	0	0	0	0
396	A	0	0	0	0	0	0	0
397	P	0	0	0	0	0	0	0
398	N	0	0	0	0	0	0	0
399	M	0	0	0	0	0	0	0
400	T	0	0	0	0	0	0	0
401	T	0	0	0	0	0	0	0
402	L	0	0	0	0	0	0	0
403	E	0	0	0	0	0	0	0
404	P	0	0	0	0	0	0	0
405	T	0	0	0	0	0	0	0
406	P	0	0	0	0	0	0	0
407	S	0	0	0	0	0	0	0
408	P	0	0	0	0	0	0	0
409	T	0	0	0	0	0	0	0
410	T	0	0	0	0	0	0	0
411	P	0	0	0	0	0	0	0
412	E	0	0	0	0	0	0	0
413	P	0	0	0	0	0	0	0
414	T	0	0	0	0	0	0	0
415	S	0	0	0	0	0	0	0
416	E	0	0	0	0	0	0	0
417	P	0	0	0	0	0	0	0
418	A	0	0	0	0	0	0	0
419	P	0	0	0	0	0	0	0
420	S	0	0	0	0	0	0	0
421	P	0	0	0	0	0	0	0
422	T	0	0	0	0	0	0	0
423	T	0	0	0	0	0	0	0
424	P	0	0	0	0	0	0	0
425	E	0	0	0	0	0	0	0
426	P	0	0	0	0	0	0	0
427	T	0	0	0	0	0	0	0
428	S	0	0	0	0	0	0	0
429	E	0	0	0	0	0	0	0
430	P	0	0	0	0	0	0	0
431	A	0	0	0	0	0	0	0
432	P	0	0	0	0	0	0	0
433	S	0	0	0	0	0	0	0
434	P	0	0	0	0	0	0	0
435	T	0	0	0	0	0	0	0
436	T	0	0	0	0	0	0	0
437	P	0	0	0	0	0	0	0
438	E	0	0	0	0	0	0	0
439	P	0	0	0	0	0	0	0
440	T	0	0	0	0	0	0	0
441	S	0	0	0	0	0	0	0
442	E	0	0	0	0	0	0	0
443	P	0	0	0	0	0	0	0
444	A	0	0	0	0	0	0	0
445	P	0	0	0	0	0	0	0
446	S	0	0	0	0	0	0	0
447	P	0	0	0	0	0	0	0
448	T	0	0	0	0	0	0	0
449	T	0	0	0	0	0	0	0
450	P	0	0	0	0	0	0	0
451	E	0	0	0	0	0	0	0
452	P	0	0	0	0	0	0	0
453	T	0	0	0	0	0	0	0
454	P	0	0	0	0	0	0	0
455	I	0	0	0	0	0	0	0
456	P	0	0	0	0	0	0	0
457	T	0	0	0	0	0	0	0
458	I	0	0	0	0	0	0	0
459	A	0	0	0	0	0	0	0
460	T	0	0	0	0	0	0	0
461	S	0	0	0	0	0	0	0
462	P	0	0	0	0	0	0	0
463	T	0	0	0	0	0	0	0
464	I	0	0	0	0	0	0	0
465	L	0	0	0	0	0	0	0
466	V	0	0	0	0	0	0	0
467	S	0	0	0	0	0	0	0
468	A	0	0	0	0	0	0	0
469	T	0	0	0	0	0	0	0
470	S	0	0	0	0	0	0	0
471	L	0	0	0	0	0	0	0
472	I	0	0	0	0	0	0	0
473	T	0	0	0	0	0	0	0
474	P	0	0	0	0	0	0	0
475	K	0	0	0	0	0	0	0
476	S	0	0	0	0	0	0	0
477	T	0	0	0	0	0	0	0
478	F	0	0	0	0	0	0	0
479	L	0	0	0	0	0	0	0
480	T	0	0	0	0	0	0	0
481	T	0	0	0	0	0	0	0
482	T	0	0	0	0	0	0	0
483	K	0	0	0	0	0	0	0
484	P	0	0	0	0	0	0	0
485	V	0	0	0	0	0	0	0
486	S	0	0	0	0	0	0	0
487	L	0	0	0	0	0	0	0
488	L	0	0	0	0	0	0	0
489	E	0	0	0	0	0	0	0
490	S	0	0	0	0	0	0	0
491	T	0	0	0	0	0	0	0
492	K	0	0	0	0	0	0	0
493	K	0	0	0	0	0	0	0
494	T	0	0	0	0	0	0	0
495	I	0	0	0	0	0	0	0
496	P	0	0	0	0	0	0	0
497	E	0	0	0	0	0	0	0
498	L	0	0	0	0	0	0	0
499	D	0	0	0	0	0	0	0
500	Q	0	0	0	0	0	0	0
501	P	0	0	0	0	0	0	0
502	P	0	0	0	0	0	0	0
503	K	0	0	0	0	0	0	0
504	L	0	0	0	0	0	0	0
505	R	0	0	0	0	0	0	0
506	G	0	0	0	0	0	0	0
507	V	0	0	0	0	0	0	0
508	L	0	0	0	0	0	0	0
509	Q	0	0	0	0	0	0	0
510	G	0	0	0	0	0	0	0
511	H	0	0	0	0	0	0	0
512	L	0	0	0	0	0	0	0
513	E	0	0	0	0	0	0	0
514	S	0	0	0	0	0	0	0
515	S	0	0	0	0	0	0	0
516	R	0	0	0	0	0	0	0
517	N	0	0	0	0	0	0	0
518	D	0	0	0	0	0	0	0
519	P	0	0	0	0	0	0	0
520	F	0	0	0	0	0	0	0
521	L	0	0	0	0	0	0	0
522	H	0	0	0	0	0	0	0
523	P	0	0	0	0	0	0	0
524	D	0	0	0	0	0	0	0
525	F	0	0	0	0	0	0	0
526	C	0	0	0	0	0	0	0
527	C	0	0	0	0	0	0	0
528	L	0	0	0	0	0	0	0
529	L	0	0	0	0	0	0	0
530	P	0	0	0	0	0	0	0
531	L	0	0	0	0	0	0	0
532	G	0	0	0	0	0	0	0
533	F	0	0	0	0	0	0	0
534	Y	0	0	0	0	0	0	0
535	V	0	0	0	0	0	0	0
536	L	0	0	0	0	0	0	0
537	G	0	0	0	0	0	0	0
538	L	0	0	0	0	0	0	0
539	F	0	0	0	0	0	0	0
540	W	0	0	0	0	0	0	0
541	L	0	0	0	0	0	0	0
542	L	0	0	0	0	0	0	0
543	F	0	0	0	0	0	0	0
544	A	0	0	0	0	0	0	0
545	S	0	0	0	0	0	0	0
546	V	0	0	0	0	0	0	0
547	V	0	0	0	0	0	0	0
548	L	0	0	0	0	0	0	0
549	I	0	0	0	0	0	0	0
550	L	0	0	0	0	0	0	0
551	L	0	0	0	0	0	0	0
552	L	0	0	0	0	0	0	0
553	S	0	0	0	0	0	0	0
554	W	0	0	0	0	0	0	0
555	V	0	0	0	0	0	0	0
556	G	0	0	0	0	0	0	0
557	H	0	0	0	0	0	0	0
558	V	0	0	0	0	0	0	0
559	K	0	0	0	0	0	0	0
560	P	0	0	0	0	0	0	0
561	Q	0	0	0	0	0	0	0
562	A	0	0	0	0	0	0	0
563	L	0	0	0	0	0	0	0
564	D	0	0	0	0	0	0	0
565	S	0	0	0	0	0	0	0
566	G	0	0	0	0	0	0	0
567	Q	0	0	0	0	0	0	0
568	G	0	0	0	0	0	0	0
569	A	0	0	0	0	0	0	0
570	A	0	0	0	0	0	0	0
571	L	0	0	0	0	0	0	0
572	T	0	0	0	0	0	0	0
573	T	0	0	0	0	0	0	0
574	A	0	0	0	0	0	0	0
575	T	0	0	0	0	0	0	0
576	Q	0	0	0	0	0	0	0
577	T	0	0	0	0	0	0	0
578	T	0	0	0	0	0	0	0
579	H	0	0	0	0	0	0	0
580	L	0	0	0	0	0	0	0
581	E	0	0	0	0	0	0	0
582	L	0	0	0	0	0	0	0
583	Q	0	0	0	0	0	0	0
584	R	0	0	0	0	0	0	0
585	G	0	0	0	0	0	0	0
586	R	0	0	0	0	0	0	0
587	Q	0	0	0	0	0	0	0
588	V	0	0	0	0	0	0	0
589	T	0	0	0	0	0	0	0
590	V	0	0	0	0	0	0	0
591	P	0	0	0	0	0	0	0
592	R	0	0	0	0	0	0	0
593	A	0	0	0	0	0	0	0
594	W	0	0	0	0	0	0	0
595	L	0	0	0	0	0	0	0
596	L	0	0	0	0	0	0	0
597	F	0	0	0	0	0	0	0
598	L	0	0	0	0	0	0	0
599	R	0	0	0	0	0	0	0
600	G	0	0	0	0	0	0	0
601	S	Phosphoserine	WLLFLRGSLPTFRSS	HHHHHHCCCCCCCCE	0	0	0	0
602	L	0	0	0	0	0	0	0
603	P	Phosphoserine	LFLRGSLPTFRSSLF	HHHHCCCCCCCCEEE	0	0	0	0
604	T	Phosphothreonine	FLRGSLPTFRSSLFL	HHHCCCCCCCCEEEE	0	0	0	0
605	F	0	0	0	0	0	0	0
606	R	Phosphoserine	RGSLPTFRSSLFLWV	HCCCCCCCCEEEEEE	0	0	0	0
607	S	0	0	0	0	0	0	0
608	S	0	0	0	0	0	0	0
609	L	0	0	0	0	0	0	0
610	F	0	0	0	0	0	0	0
611	L	0	0	0	0	0	0	0
612	W	0	0	0	0	0	0	0
613	V	0	0	0	0	0	0	0
614	R	0	0	0	0	0	0	0
615	P	0	0	0	0	0	0	0
616	N	0	0	0	0	0	0	0
617	G	0	0	0	0	0	0	0
618	R	0	0	0	0	0	0	0
619	V	0	0	0	0	0	0	0
620	G	0	0	0	0	0	0	0
621	P	0	0	0	0	0	0	0
622	L	0	0	0	0	0	0	0
623	V	0	0	0	0	0	0	0
624	A	0	0	0	0	0	0	0
625	G	Phosphoserine	RVGPLVAGRRPSALS	CCCCCCCCCCCCHHH	0	0	0	0
626	R	0	0	0	0	0	0	0
627	R	0	0	0	0	0	0	0
628	P	0	0	0	0	0	0	0
629	S	Phosphoserine	LVAGRRPSALSQGRG	CCCCCCCCHHHCCCC	0	0	0	0
630	A	0	0	0	0	0	0	0
631	L	0	0	0	0	0	0	0
632	S	Phosphoserine	GRRPSALSQGRGQDL	CCCCCHHHCCCCCCH	0	0	0	0
633	Q	0	0	0	0	0	0	0
634	G	0	0	0	0	0	0	0
635	R	0	0	0	0	0	0	0
636	G	0	0	0	0	0	0	0
637	Q	0	0	0	0	0	0	0
638	D	0	0	0	0	0	0	0
639	L	0	0	0	0	0	0	0
640	L	0	0	0	0	0	0	0
641	S	0	0	0	0	0	0	0
642	T	0	0	0	0	0	0	0
643	V	0	0	0	0	0	0	0
644	S	0	0	0	0	0	0	0
645	I	0	0	0	0	0	0	0
646	R	0	0	0	0	0	0	0
647	Y	0	0	0	0	0	0	0
648	S	0	0	0	0	0	0	0
649	G	0	0	0	0	0	0	0
650	H	0	0	0	0	0	0	0
651	S	Phosphoserine	SIRYSGHSL------	EEEECCCCC------	0	0	0	0
652	L	0	0	0	0	0	0	0
