location	residue	Modification	seq	secStruc	RelatedDisease	VariantPosition	ResidueChange	DaPSbySAP
1	M	0	0	0	0	0	0	0
2	T	0	0	0	0	0	0	0
3	M	0	0	0	0	0	0	0
4	F	0	0	0	0	0	0	0
5	E	0	0	0	0	0	0	0
6	N	0	0	0	0	0	0	0
7	V	0	0	0	0	0	0	0
8	T	Phosphothreonine	MTMFENVTRALARQL	CCHHHHHHHHHHHHH	Systemic sclerosis:systemic scleroderma;Asthma:asthma	18 (10)	0	0
9	R	0	0	0	0	0	0	0
10	A	0	0	0	0	0	0	0
11	L	0	0	0	0	0	0	0
12	A	0	0	0	0	0	0	0
13	R	0	0	0	0	0	0	0
14	Q	0	0	0	0	0	0	0
15	L	0	0	0	0	0	0	0
16	N	0	0	0	0	0	0	0
17	P	0	0	0	0	0	0	0
18	R	0	0	0	0	0	Q	8
19	G	0	0	0	0	0	0	0
20	D	0	0	0	0	0	0	0
21	L	0	0	0	0	0	0	0
22	T	0	0	0	0	0	0	0
23	P	0	0	0	0	0	0	0
24	L	0	0	0	0	0	0	0
25	D	0	0	0	0	0	0	0
26	S	0	0	0	0	0	0	0
27	L	0	0	0	0	0	0	0
28	I	0	0	0	0	0	0	0
29	D	0	0	0	0	0	0	0
30	F	0	0	0	0	0	0	0
31	K	0	0	0	0	0	0	0
32	R	0	0	0	0	0	0	0
33	F	0	0	0	0	0	0	0
34	H	0	0	0	0	0	0	0
35	P	0	0	0	0	0	0	0
36	F	0	0	0	0	0	0	0
37	C	0	0	0	0	0	0	0
38	L	0	0	0	0	0	0	0
39	V	0	0	0	0	0	0	0
40	L	0	0	0	0	0	0	0
41	R	0	0	0	0	0	0	0
42	K	0	0	0	0	0	0	0
43	R	0	0	0	0	0	0	0
44	K	0	0	0	0	0	0	0
45	S	0	0	0	0	0	0	0
46	T	0	0	0	0	0	0	0
47	L	0	0	0	0	0	0	0
48	F	0	0	0	0	0	0	0
49	W	0	0	0	0	0	0	0
50	G	0	0	0	0	0	0	0
51	A	0	0	0	0	0	0	0
52	R	0	0	0	0	0	0	0
53	Y	0	0	0	0	0	0	0
54	V	0	0	0	0	0	0	0
55	R	0	0	0	0	0	0	0
56	T	0	0	0	0	0	0	0
57	D	0	0	0	0	0	0	0
58	Y	0	0	0	0	0	0	0
59	T	0	0	0	0	0	0	0
60	L	0	0	0	0	0	0	0
61	L	0	0	0	0	0	0	0
62	D	0	0	0	0	0	0	0
63	V	0	0	0	0	0	0	0
64	L	0	0	0	0	0	0	0
65	E	0	0	0	0	0	0	0
66	P	0	0	0	0	0	0	0
67	G	0	0	0	0	0	0	0
68	S	0	0	0	0	0	0	0
69	S	0	0	0	0	0	0	0
70	P	0	0	0	0	0	0	0
71	S	0	0	0	0	0	0	0
72	D	0	0	0	0	0	0	0
73	P	0	0	0	0	0	0	0
74	T	0	0	0	0	0	0	0
75	D	0	0	0	0	0	0	0
76	T	0	0	0	0	0	0	0
77	G	0	0	0	0	0	0	0
78	N	0	0	0	0	0	0	0
79	F	0	0	0	0	0	0	0
80	G	0	0	0	0	0	0	0
81	F	0	0	0	0	0	0	0
82	K	0	0	0	0	0	0	0
83	N	0	0	0	0	0	0	0
84	M	0	0	0	0	0	0	0
85	L	0	0	0	0	0	0	0
86	D	0	0	0	0	0	0	0
87	T	0	0	0	0	0	0	0
88	R	0	0	0	0	0	0	0
89	V	0	0	0	0	0	0	0
90	E	0	0	0	0	0	0	0
91	G	0	0	0	0	0	0	0
92	D	0	0	0	0	0	0	0
93	V	0	0	0	0	0	0	0
94	D	0	0	0	0	0	0	0
95	V	0	0	0	0	0	0	0
96	P	0	0	0	0	0	0	0
97	K	0	0	0	0	0	0	0
98	T	Phosphothreonine	GDVDVPKTVKVKGTA	CCCCCCCEEEEECCC	0	0	0	0
99	V	0	0	0	0	0	0	0
100	K	0	0	0	0	0	0	0
101	V	0	0	0	0	0	0	0
102	K	0	0	0	0	0	0	0
103	G	0	0	0	0	0	0	0
104	T	0	0	0	0	0	0	0
105	A	0	0	0	0	0	0	0
106	G	0	0	0	0	0	0	0
107	L	0	0	0	0	0	0	0
108	S	0	0	0	0	0	0	0
109	Q	0	0	0	0	0	0	0
110	N	0	0	0	0	0	0	0
111	S	0	0	0	0	0	0	0
112	T	Phosphothreonine	AGLSQNSTLEVQTLS	CCCCCCCCEEEEEEE	0	0	0	0
113	L	0	0	0	0	0	0	0
114	E	0	0	0	0	0	0	0
115	V	0	0	0	0	0	0	0
116	Q	0	0	0	0	0	0	0
117	T	0	0	0	0	0	0	0
118	L	0	0	0	0	0	0	0
119	S	0	0	0	0	0	0	0
120	V	0	0	0	0	0	0	0
121	A	0	0	0	0	0	0	0
122	P	0	0	0	0	0	0	0
123	K	0	0	0	0	0	0	0
124	A	0	0	0	0	0	0	0
125	L	0	0	0	0	0	0	0
126	E	0	0	0	0	0	0	0
127	T	0	0	0	0	0	0	0
128	V	0	0	0	0	0	0	0
129	Q	0	0	0	0	0	0	0
130	E	0	0	0	0	0	0	0
131	R	0	0	0	0	0	0	0
132	K	0	0	0	0	0	0	0
133	L	0	0	0	0	0	0	0
134	A	0	0	0	0	0	0	0
135	A	0	0	0	0	0	0	0
136	D	0	0	0	0	0	0	0
137	H	0	0	0	0	0	0	0
138	P	0	0	0	0	0	0	0
139	F	0	0	0	0	0	0	0
140	L	0	0	0	0	0	0	0
141	K	0	0	0	0	0	0	0
142	E	0	0	0	0	0	0	0
143	M	0	0	0	0	0	0	0
144	Q	0	0	0	0	0	0	0
145	D	0	0	0	0	0	0	0
146	Q	0	0	0	0	0	0	0
147	G	0	0	0	0	0	0	0
148	E	0	0	0	0	0	0	0
149	N	0	0	0	0	0	0	0
150	L	0	0	0	0	0	0	0
151	Y	0	0	0	0	0	0	0
152	V	0	0	0	0	0	0	0
153	V	0	0	0	0	0	0	0
154	M	0	0	0	0	0	0	0
155	E	0	0	0	0	0	0	0
156	V	0	0	0	0	0	0	0
157	V	0	0	0	0	0	0	0
158	E	0	0	0	0	0	0	0
159	T	0	0	0	0	0	0	0
160	V	0	0	0	0	0	0	0
161	Q	0	0	0	0	0	0	0
162	E	0	0	0	0	0	0	0
163	V	0	0	0	0	0	0	0
164	T	0	0	0	0	0	0	0
165	L	0	0	0	0	0	0	0
166	E	0	0	0	0	0	0	0
167	R	0	0	0	0	0	0	0
168	A	0	0	0	0	0	0	0
169	G	0	0	0	0	0	0	0
170	K	0	0	0	0	0	0	0
171	A	0	0	0	0	0	0	0
172	E	0	0	0	0	0	0	0
173	A	0	0	0	0	0	0	0
174	C	0	0	0	0	0	0	0
175	F	0	0	0	0	0	0	0
176	S	0	0	0	0	0	0	0
177	L	0	0	0	0	0	0	0
178	P	0	0	0	0	0	0	0
179	F	0	0	0	0	0	0	0
180	F	0	0	0	0	0	0	0
181	A	0	0	0	0	0	0	0
182	P	0	0	0	0	0	0	0
183	L	0	0	0	0	0	0	0
184	G	0	0	0	0	0	0	0
185	L	0	0	0	0	0	0	0
186	Q	0	0	0	0	0	0	0
187	G	0	0	0	0	0	0	0
188	S	0	0	0	0	0	0	0
189	I	0	0	0	0	0	0	0
190	N	0	0	0	0	0	0	0
191	H	0	0	0	0	0	0	0
192	K	0	0	0	0	0	0	0
193	E	0	0	0	0	0	0	0
194	A	0	0	0	0	0	0	0
195	V	0	0	0	0	0	0	0
196	T	Phosphothreonine	INHKEAVTIPKGCVL	CCCCCCCCCCCCCEE	0	0	0	0
197	I	0	0	0	0	0	0	0
198	P	0	0	0	0	0	0	0
199	K	0	0	0	0	0	0	0
200	G	0	0	0	0	0	0	0
201	C	0	0	0	0	0	0	0
202	V	0	0	0	0	0	0	0
203	L	0	0	0	0	0	0	0
204	A	0	0	0	0	0	0	0
205	F	0	0	0	0	0	0	0
206	R	0	0	0	0	0	0	0
207	V	0	0	0	0	0	0	0
208	R	0	0	0	0	0	0	0
209	Q	0	0	0	0	0	0	0
210	L	0	0	0	0	0	0	0
211	M	0	0	0	0	0	0	0
212	V	0	0	0	0	0	0	0
213	K	0	0	0	0	0	0	0
214	G	0	0	0	0	0	0	0
215	K	0	0	0	0	0	0	0
216	D	0	0	0	0	0	0	0
217	E	0	0	0	0	0	0	0
218	W	0	0	0	0	0	0	0
219	D	0	0	0	0	0	0	0
220	I	0	0	0	0	0	0	0
221	P	0	0	0	0	0	0	0
222	H	0	0	0	0	0	0	0
223	I	0	0	0	0	0	0	0
224	C	0	0	0	0	0	0	0
225	N	0	0	0	0	0	0	0
226	D	0	0	0	0	0	0	0
227	N	0	0	0	0	0	0	0
228	M	0	0	0	0	0	0	0
229	Q	0	0	0	0	0	0	0
230	T	0	0	0	0	0	0	0
231	F	0	0	0	0	0	0	0
232	P	0	0	0	0	0	0	0
233	P	0	0	0	0	0	0	0
234	G	0	0	0	0	0	0	0
235	E	0	0	0	0	0	0	0
236	K	0	0	0	0	0	0	0
237	S	0	0	0	0	0	0	0
238	G	0	0	0	0	0	0	0
239	E	0	0	0	0	0	0	0
240	E	0	0	0	0	0	0	0
241	K	0	0	0	0	0	0	0
242	V	0	0	0	0	0	0	0
243	I	0	0	0	0	0	0	0
244	L	0	0	0	0	0	0	0
245	I	0	0	0	0	0	0	0
246	Q	0	0	0	0	0	0	0
247	A	0	0	0	0	0	0	0
248	S	0	0	0	0	0	0	0
249	D	0	0	0	0	0	0	0
250	V	0	0	0	0	0	0	0
251	G	0	0	0	0	0	0	0
252	D	0	0	0	0	0	0	0
253	V	0	0	0	0	0	0	0
254	H	0	0	0	0	0	0	0
255	E	0	0	0	0	0	0	0
256	G	0	0	0	0	0	0	0
257	F	0	0	0	0	0	0	0
258	R	0	0	0	0	0	0	0
259	T	0	0	0	0	0	0	0
260	L	0	0	0	0	0	0	0
261	K	0	0	0	0	0	0	0
262	E	0	0	0	0	0	0	0
263	E	0	0	0	0	0	0	0
264	V	0	0	0	0	0	0	0
265	Q	0	0	0	0	0	0	0
266	R	0	0	0	0	0	0	0
267	E	0	0	0	0	0	0	0
268	T	0	0	0	0	0	0	0
269	Q	0	0	0	0	0	0	0
270	Q	0	0	0	0	0	0	0
271	V	0	0	0	0	0	0	0
272	E	0	0	0	0	0	0	0
273	K	0	0	0	0	0	0	0
274	L	0	0	0	0	0	0	0
275	S	0	0	0	0	0	0	0
276	R	0	0	0	0	0	0	0
277	V	0	0	0	0	0	0	0
278	G	0	0	0	0	0	0	0
279	Q	0	0	0	0	0	0	0
280	S	0	0	0	0	0	0	0
281	S	0	0	0	0	0	0	0
282	L	0	0	0	0	0	0	0
283	L	0	0	0	0	0	0	0
284	S	0	0	0	0	0	0	0
285	S	0	0	0	0	0	0	0
286	L	0	0	0	0	0	0	0
287	S	0	0	0	0	0	0	0
288	K	0	0	0	0	0	0	0
289	L	0	0	0	0	0	0	0
290	L	0	0	0	0	0	0	0
291	G	0	0	0	0	0	0	0
292	K	0	0	0	0	0	0	0
293	K	0	0	0	0	0	0	0
294	K	0	0	0	0	0	0	0
295	E	0	0	0	0	0	0	0
296	L	0	0	0	0	0	0	0
297	Q	0	0	0	0	0	0	0
298	D	0	0	0	0	0	0	0
299	L	0	0	0	0	0	0	0
300	E	0	0	0	0	0	0	0
301	L	0	0	0	0	0	0	0
302	A	0	0	0	0	0	0	0
303	L	0	0	0	0	0	0	0
304	E	0	0	0	0	0	0	0
305	G	0	0	0	0	0	0	0
306	A	0	0	0	0	0	0	0
307	L	0	0	0	0	0	0	0
308	D	0	0	0	0	0	0	0
309	K	0	0	0	0	0	0	0
310	G	0	0	0	0	0	0	0
311	H	0	0	0	0	0	0	0
312	E	0	0	0	0	0	0	0
313	V	0	0	0	0	0	0	0
314	T	0	0	0	0	0	0	0
315	L	0	0	0	0	0	0	0
316	E	0	0	0	0	0	0	0
317	A	0	0	0	0	0	0	0
318	L	0	0	0	0	0	0	0
319	P	0	0	0	0	0	0	0
320	K	0	0	0	0	0	0	0
321	D	0	0	0	0	0	0	0
322	V	0	0	0	0	0	0	0
323	L	0	0	0	0	0	0	0
324	L	0	0	0	0	0	0	0
325	S	Phosphoserine	LPKDVLLSKEAVGAI	CCHHHHCCHHHHHHH	0	0	0	0
326	K	0	0	0	0	0	0	0
327	E	0	0	0	0	0	0	0
328	A	0	0	0	0	0	0	0
329	V	0	0	0	0	0	0	0
330	G	0	0	0	0	0	0	0
331	A	0	0	0	0	0	0	0
332	I	0	0	0	0	0	0	0
333	L	0	0	0	0	0	0	0
334	Y	0	0	0	0	0	0	0
335	F	0	0	0	0	0	0	0
336	V	0	0	0	0	0	0	0
337	G	0	0	0	0	0	0	0
338	A	0	0	0	0	0	0	0
339	L	0	0	0	0	0	0	0
340	T	0	0	0	0	0	0	0
341	E	0	0	0	0	0	0	0
342	L	0	0	0	0	0	0	0
343	S	0	0	0	0	0	0	0
344	E	0	0	0	0	0	0	0
345	A	0	0	0	0	0	0	0
346	Q	0	0	0	0	0	0	0
347	Q	0	0	0	0	0	0	0
348	K	0	0	0	0	0	0	0
349	L	0	0	0	0	0	0	0
350	L	0	0	0	0	0	0	0
351	V	0	0	0	0	0	0	0
352	K	0	0	0	0	0	0	0
353	S	0	0	0	0	0	0	0
354	M	0	0	0	0	0	0	0
355	E	0	0	0	0	0	0	0
356	K	0	0	0	0	0	0	0
357	K	0	0	0	0	0	0	0
358	I	0	0	0	0	0	0	0
359	L	0	0	0	0	0	0	0
360	P	0	0	0	0	0	0	0
361	V	0	0	0	0	0	0	0
362	Q	0	0	0	0	0	0	0
363	L	0	0	0	0	0	0	0
364	K	0	0	0	0	0	0	0
365	L	0	0	0	0	0	0	0
366	V	0	0	0	0	0	0	0
367	E	0	0	0	0	0	0	0
368	S	0	0	0	0	0	0	0
369	T	0	0	0	0	0	0	0
370	M	0	0	0	0	0	0	0
371	E	0	0	0	0	0	0	0
372	Q	0	0	0	0	0	0	0
373	N	0	0	0	0	0	0	0
374	F	0	0	0	0	0	0	0
375	L	0	0	0	0	0	0	0
376	L	0	0	0	0	0	0	0
377	D	0	0	0	0	0	0	0
378	K	0	0	0	0	0	0	0
379	E	0	0	0	0	0	0	0
380	G	0	0	0	0	0	0	0
381	V	0	0	0	0	0	0	0
382	F	0	0	0	0	0	0	0
383	P	0	0	0	0	0	0	0
384	L	0	0	0	0	0	0	0
385	Q	0	0	0	0	0	0	0
386	P	0	0	0	0	0	0	0
387	E	0	0	0	0	0	0	0
388	L	0	0	0	0	0	0	0
389	L	0	0	0	0	0	0	0
390	S	0	0	0	0	0	0	0
391	S	0	0	0	0	0	0	0
392	L	0	0	0	0	0	0	0
393	G	0	0	0	0	0	0	0
394	D	0	0	0	0	0	0	0
395	E	0	0	0	0	0	0	0
396	E	0	0	0	0	0	0	0
397	L	0	0	0	0	0	0	0
398	T	0	0	0	0	0	0	0
399	L	0	0	0	0	0	0	0
400	T	0	0	0	0	0	0	0
401	E	0	0	0	0	0	0	0
402	A	0	0	0	0	0	0	0
403	L	0	0	0	0	0	0	0
404	V	0	0	0	0	0	0	0
405	G	0	0	0	0	0	0	0
406	L	0	0	0	0	0	0	0
407	S	0	0	0	0	0	0	0
408	G	0	0	0	0	0	0	0
409	L	0	0	0	0	0	0	0
410	E	0	0	0	0	0	0	0
411	V	0	0	0	0	0	0	0
412	Q	0	0	0	0	0	0	0
413	R	0	0	0	0	0	0	0
414	S	0	0	0	0	0	0	0
415	G	0	0	0	0	0	0	0
416	P	0	0	0	0	0	0	0
417	Q	0	0	0	0	0	0	0
418	Y	0	0	0	0	0	0	0
419	M	0	0	0	0	0	0	0
420	W	0	0	0	0	0	0	0
421	D	0	0	0	0	0	0	0
422	P	0	0	0	0	0	0	0
423	D	0	0	0	0	0	0	0
424	T	0	0	0	0	0	0	0
425	L	0	0	0	0	0	0	0
426	P	0	0	0	0	0	0	0
427	R	0	0	0	0	0	0	0
428	L	0	0	0	0	0	0	0
429	C	0	0	0	0	0	0	0
430	A	0	0	0	0	0	0	0
431	L	0	0	0	0	0	0	0
432	Y	0	0	0	0	0	0	0
433	A	0	0	0	0	0	0	0
434	G	0	0	0	0	0	0	0
435	L	0	0	0	0	0	0	0
436	S	0	0	0	0	0	0	0
437	L	0	0	0	0	0	0	0
438	L	0	0	0	0	0	0	0
439	Q	0	0	0	0	0	0	0
440	Q	0	0	0	0	0	0	0
441	L	0	0	0	0	0	0	0
442	T	0	0	0	0	0	0	0
443	K	0	0	0	0	0	0	0
444	A	0	0	0	0	0	0	0
445	S	0	0	0	0	0	0	0
