location	residue	Modification	seq	secStruc	RelatedDisease	VariantPosition	ResidueChange	DaPSbySAP
1	M	N-acetylmethionine	-------MESETEPE	-------CCCCCCCC	0	0	0	0
2	E	0	0	0	0	0	0	0
3	S	Phosphoserine	-----MESETEPEPV	-----CCCCCCCCCE	0	0	0	0
4	E	0	0	0	0	0	0	0
5	T	0	0	0	0	0	0	0
6	E	0	0	0	0	0	0	0
7	P	0	0	0	0	0	0	0
8	E	0	0	0	0	0	0	0
9	P	0	0	0	0	0	0	0
10	V	0	0	0	0	0	0	0
11	T	0	0	0	0	0	0	0
12	L	0	0	0	0	0	0	0
13	L	0	0	0	0	0	0	0
14	V	0	0	0	0	0	0	0
15	K	0	0	0	0	0	0	0
16	S	0	0	0	0	0	0	0
17	P	0	0	0	0	0	0	0
18	N	0	0	0	0	0	0	0
19	Q	0	0	0	0	0	0	0
20	R	0	0	0	0	0	0	0
21	H	0	0	0	0	0	0	0
22	R	0	0	0	0	0	0	0
23	D	0	0	0	0	0	0	0
24	L	0	0	0	0	0	0	0
25	E	0	0	0	0	0	0	0
26	L	0	0	0	0	0	0	0
27	S	0	0	0	0	0	0	0
28	G	0	0	0	0	0	0	0
29	D	0	0	0	0	0	0	0
30	R	0	0	0	0	0	0	0
31	G	0	0	0	0	0	0	0
32	W	0	0	0	0	0	0	0
33	S	0	0	0	0	0	0	0
34	V	0	0	0	0	0	0	0
35	G	0	0	0	0	0	0	0
36	H	0	0	0	0	0	0	0
37	L	0	0	0	0	0	0	0
38	K	0	0	0	0	0	0	0
39	A	0	0	0	0	0	0	0
40	H	0	0	0	0	0	0	0
41	L	0	0	0	0	0	0	0
42	S	0	0	0	0	0	0	0
43	R	0	0	0	0	0	0	0
44	V	0	0	0	0	0	0	0
45	Y	0	0	0	0	0	0	0
46	P	0	0	0	0	0	0	0
47	E	0	0	0	0	0	0	0
48	R	0	0	0	0	0	0	0
49	P	0	0	0	0	0	0	0
50	R	0	0	0	0	0	H	59
51	P	0	0	0	0	0	0	0
52	E	0	0	0	0	0	0	0
53	D	0	0	0	0	0	0	0
54	Q	0	0	0	0	0	0	0
55	R	0	0	0	0	0	0	0
56	L	0	0	0	0	0	0	0
57	I	0	0	0	0	0	0	0
58	Y	0	0	0	0	0	0	0
59	S	Phosphoserine	EDQRLIYSGKLLLDH	HHCCEEECCEEECCH	Metabolic syndrome:high density lipoprotein cholesterol measurement, metabolic syndrome	50 (9)	0	0
60	G	0	0	0	0	0	0	0
61	K	Ubiquitinlysine	QRLIYSGKLLLDHQC	CCEEECCEEECCHHH	0	0	0	0
62	L	0	0	0	0	0	0	0
63	L	0	0	0	0	0	0	0
64	L	0	0	0	0	0	0	0
65	D	0	0	0	0	0	0	0
66	H	0	0	0	0	0	0	0
67	Q	0	0	0	0	0	0	0
68	C	0	0	0	0	0	0	0
69	L	0	0	0	0	0	0	0
70	R	0	0	0	0	0	0	0
71	D	0	0	0	0	0	0	0
72	L	0	0	0	0	0	0	0
73	L	0	0	0	0	0	0	0
74	P	0	0	0	0	0	0	0
75	K	0	0	0	0	0	0	0
76	Q	0	0	0	0	0	0	0
77	E	0	0	0	0	0	0	0
78	K	0	0	0	0	0	0	0
79	R	0	0	0	0	0	0	0
80	H	0	0	0	0	0	0	0
81	V	0	0	0	0	0	0	0
82	L	0	0	0	0	0	0	0
83	H	0	0	0	0	0	0	0
84	L	0	0	0	0	0	0	0
85	V	0	0	0	0	0	0	0
86	C	0	0	0	0	0	0	0
87	N	0	0	0	0	0	0	0
88	V	0	0	0	0	0	0	0
89	K	N6-acetyllysine	LHLVCNVKSPSKMPE	EEEEEECCCCCCCCC	0	0	0	0
90	S	0	0	0	0	0	0	0
91	P	0	0	0	0	0	0	0
92	S	0	0	0	0	0	0	0
93	K	0	0	0	0	0	0	0
94	M	0	0	0	0	0	0	0
95	P	0	0	0	0	0	0	0
96	E	0	0	0	0	0	0	0
97	I	0	0	0	0	0	0	0
98	N	0	0	0	0	0	0	0
99	A	Ubiquitinlysine	SKMPEINAKVAESTE	CCCCCHHHECCCCCC	0	0	0	0
100	K	Ubiquitinlysine	KMPEINAKVAESTEE	CCCCHHHECCCCCCC	0	0	0	0
101	V	0	0	0	0	0	0	0
102	A	0	0	0	0	0	0	0
103	E	0	0	0	0	0	0	0
104	S	0	0	0	0	0	0	0
105	T	0	0	0	0	0	0	0
106	E	0	0	0	0	0	0	0
107	E	0	0	0	0	0	0	0
108	P	0	0	0	0	0	0	0
109	A	0	0	0	0	0	0	0
110	G	0	0	0	0	0	0	0
111	S	0	0	0	0	0	0	0
112	N	0	0	0	0	0	0	0
113	R	0	0	0	0	0	0	0
114	G	0	0	0	0	0	0	0
115	Q	0	0	0	0	0	0	0
116	Y	0	0	0	0	0	0	0
117	P	0	0	0	0	0	0	0
118	E	0	0	0	0	0	0	0
119	D	0	0	0	0	0	0	0
120	S	0	0	0	0	0	0	0
121	S	0	0	0	0	0	0	0
122	S	0	0	0	0	0	0	0
123	D	0	0	0	0	0	0	0
124	G	0	0	0	0	0	0	0
125	L	0	0	0	0	0	0	0
126	R	0	0	0	0	0	0	0
127	Q	0	0	0	0	0	0	0
128	R	0	0	0	0	0	0	0
129	E	0	0	0	0	0	0	0
130	V	0	0	0	0	0	0	0
131	L	0	0	0	0	0	0	0
132	R	0	0	0	0	0	0	0
133	N	0	0	0	0	0	0	0
134	L	0	0	0	0	0	0	0
135	S	Phosphoserine	REVLRNLSSPGWENI	HHHHHHHCCCCCHHC	0	0	0	0
136	S	0	0	0	0	0	0	0
137	P	0	0	0	0	0	0	0
138	G	0	0	0	0	0	0	0
139	W	0	0	0	0	0	0	0
140	E	0	0	0	0	0	0	0
141	N	0	0	0	0	0	0	0
142	I	0	0	0	0	0	0	0
143	S	0	0	0	0	0	0	0
144	R	0	0	0	0	0	0	0
145	P	0	0	0	0	0	0	0
146	E	0	0	0	0	0	0	0
147	A	0	0	0	0	0	0	0
148	A	0	0	0	0	0	0	0
149	Q	0	0	0	0	0	0	0
150	Q	0	0	0	0	0	0	0
151	A	0	0	0	0	0	0	0
152	F	0	0	0	0	0	0	0
153	Q	0	0	0	0	0	0	0
154	G	0	0	0	0	0	0	0
155	L	0	0	0	0	0	0	0
156	G	0	0	0	0	0	0	0
157	P	0	0	0	0	0	0	0
158	G	0	0	0	0	0	0	0
159	F	0	0	0	0	0	0	0
160	S	0	0	0	0	0	0	0
161	G	0	0	0	0	0	0	0
162	Y	0	0	0	0	0	0	0
163	T	0	0	0	0	0	0	0
164	P	0	0	0	0	0	0	0
165	Y	0	0	0	0	0	0	0
166	G	0	0	0	0	0	0	0
167	W	0	0	0	0	0	0	0
168	L	0	0	0	0	0	0	0
169	Q	0	0	0	0	0	0	0
170	L	0	0	0	0	0	0	0
171	S	0	0	0	0	0	0	0
172	W	0	0	0	0	0	0	0
173	F	0	0	0	0	0	0	0
174	Q	0	0	0	0	0	0	0
175	Q	0	0	0	0	0	0	0
176	I	0	0	0	0	0	0	0
177	Y	0	0	0	0	0	0	0
178	A	0	0	0	0	0	0	0
179	R	0	0	0	0	0	0	0
180	Q	0	0	0	0	0	0	0
181	Y	0	0	0	0	0	0	0
182	Y	0	0	0	0	0	0	0
183	M	0	0	0	0	0	0	0
184	Q	0	0	0	0	0	0	0
185	Y	0	0	0	0	0	0	0
186	L	0	0	0	0	0	0	0
187	A	0	0	0	0	0	0	0
188	A	0	0	0	0	0	0	0
189	T	0	0	0	0	0	0	0
190	A	0	0	0	0	0	0	0
191	A	0	0	0	0	0	0	0
192	S	0	0	0	0	0	0	0
193	G	0	0	0	0	0	0	0
194	A	0	0	0	0	0	0	0
195	F	0	0	0	0	0	0	0
196	V	0	0	0	0	0	0	0
197	P	0	0	0	0	0	0	0
198	P	0	0	0	0	0	0	0
199	P	0	0	0	0	0	0	0
200	S	0	0	0	0	0	0	0
201	A	0	0	0	0	0	0	0
202	Q	0	0	0	0	0	0	0
203	E	0	0	0	0	0	0	0
204	I	0	0	0	0	0	0	0
205	P	0	0	0	0	0	0	0
206	V	0	0	0	0	0	0	0
207	V	0	0	0	0	0	0	0
208	S	0	0	0	0	0	0	0
209	A	0	0	0	0	0	0	0
210	P	0	0	0	0	0	0	0
211	A	0	0	0	0	0	0	0
212	P	0	0	0	0	0	0	0
213	A	0	0	0	0	0	0	0
214	P	0	0	0	0	0	0	0
215	I	0	0	0	0	0	0	0
216	H	0	0	0	0	0	0	0
217	N	0	0	0	0	0	0	0
218	Q	0	0	0	0	0	0	0
219	F	0	0	0	0	0	0	0
220	P	0	0	0	0	0	0	0
221	A	0	0	0	0	0	0	0
222	E	0	0	0	0	0	0	0
223	N	0	0	0	0	0	0	0
224	Q	0	0	0	0	0	0	0
225	P	0	0	0	0	0	0	0
226	A	0	0	0	0	0	0	0
227	N	0	0	0	0	0	0	0
228	Q	0	0	0	0	0	0	0
229	N	0	0	0	0	0	0	0
230	A	0	0	0	0	0	0	0
231	A	0	0	0	0	0	0	0
232	P	0	0	0	0	0	0	0
233	Q	0	0	0	0	0	0	0
234	V	0	0	0	0	0	0	0
235	V	0	0	0	0	0	0	0
236	V	0	0	0	0	0	0	0
237	N	0	0	0	0	0	0	0
238	P	0	0	0	0	0	0	0
239	G	0	0	0	0	0	0	0
240	A	0	0	0	0	0	0	0
241	N	0	0	0	0	0	0	0
242	Q	0	0	0	0	0	0	0
243	N	0	0	0	0	0	0	0
244	L	0	0	0	0	0	0	0
245	R	0	0	0	0	0	0	0
246	M	0	0	0	0	0	0	0
247	N	0	0	0	0	0	0	0
248	A	0	0	0	0	0	0	0
249	Q	0	0	0	0	0	0	0
250	G	0	0	0	0	0	0	0
251	G	0	0	0	0	0	0	0
252	P	0	0	0	0	0	0	0
253	I	0	0	0	0	0	0	0
254	V	0	0	0	0	0	0	0
255	E	0	0	0	0	0	0	0
256	E	0	0	0	0	0	0	0
257	D	0	0	0	0	0	0	0
258	D	0	0	0	0	0	0	0
259	E	0	0	0	0	0	0	0
260	I	0	0	0	0	0	0	0
261	N	0	0	0	0	0	0	0
262	R	0	0	0	0	0	0	0
263	D	0	0	0	0	0	0	0
264	W	0	0	0	0	0	0	0
265	L	0	0	0	0	0	0	0
266	D	0	0	0	0	0	0	0
267	W	0	0	0	0	0	0	0
268	T	0	0	0	0	0	0	0
269	Y	0	0	0	0	0	0	0
270	S	0	0	0	0	0	0	0
271	A	0	0	0	0	0	0	0
272	A	0	0	0	0	0	0	0
273	T	0	0	0	0	0	0	0
274	F	0	0	0	0	0	0	0
275	S	0	0	0	0	0	0	0
276	V	0	0	0	0	0	0	0
277	F	0	0	0	0	0	0	0
278	L	0	0	0	0	0	0	0
279	S	0	0	0	0	0	0	0
280	I	0	0	0	0	0	0	0
281	L	0	0	0	0	0	0	0
282	Y	0	0	0	0	0	0	0
283	F	0	0	0	0	0	0	0
284	Y	0	0	0	0	0	0	0
285	S	0	0	0	0	0	0	0
286	S	0	0	0	0	0	0	0
287	L	0	0	0	0	0	0	0
288	S	0	0	0	0	0	0	0
289	R	0	0	0	0	0	0	0
290	F	0	0	0	0	0	0	0
291	L	0	0	0	0	0	0	0
292	M	0	0	0	0	0	0	0
293	V	0	0	0	0	0	0	0
294	M	0	0	0	0	0	0	0
295	G	0	0	0	0	0	0	0
296	A	0	0	0	0	0	0	0
297	T	0	0	0	0	0	0	0
298	V	0	0	0	0	0	0	0
299	V	0	0	0	0	0	0	0
300	M	0	0	0	0	0	0	0
301	Y	0	0	0	0	0	0	0
302	L	0	0	0	0	0	0	0
303	H	0	0	0	0	0	0	0
304	H	0	0	0	0	0	0	0
305	V	0	0	0	0	0	0	0
306	G	0	0	0	0	0	0	0
307	W	0	0	0	0	0	0	0
308	F	0	0	0	0	0	0	0
309	P	0	0	0	0	0	0	0
310	F	0	0	0	0	0	0	0
311	R	0	0	0	0	0	0	0
312	P	0	0	0	0	0	0	0
313	R	0	0	0	0	0	0	0
314	P	0	0	0	0	0	0	0
315	V	0	0	0	0	0	0	0
316	Q	0	0	0	0	0	0	0
317	N	0	0	0	0	0	0	0
318	F	0	0	0	0	0	0	0
319	P	0	0	0	0	0	0	0
320	N	0	0	0	0	0	0	0
321	D	0	0	0	0	0	0	0
322	G	0	0	0	0	0	0	0
323	P	0	0	0	0	0	0	0
324	P	0	0	0	0	0	0	0
325	P	0	0	0	0	0	0	0
326	D	0	0	0	0	0	0	0
327	V	0	0	0	0	0	0	0
328	V	0	0	0	0	0	0	0
329	N	0	0	0	0	0	0	0
330	Q	0	0	0	0	0	0	0
331	D	0	0	0	0	0	0	0
332	P	0	0	0	0	0	0	0
333	N	0	0	0	0	0	0	0
334	N	0	0	0	0	0	0	0
335	N	0	0	0	0	0	0	0
336	L	0	0	0	0	0	0	0
337	Q	0	0	0	0	0	0	0
338	E	0	0	0	0	0	0	0
339	G	0	0	0	0	0	0	0
340	T	0	0	0	0	0	0	0
341	D	0	0	0	0	0	0	0
342	P	0	0	0	0	0	0	0
343	E	0	0	0	0	0	0	0
344	T	0	0	0	0	0	0	0
345	E	0	0	0	0	0	0	0
346	D	0	0	0	0	0	0	0
347	P	0	0	0	0	0	0	0
348	N	0	0	0	0	0	0	0
349	H	0	0	0	0	0	0	0
350	L	0	0	0	0	0	0	0
351	P	0	0	0	0	0	0	0
352	P	0	0	0	0	0	0	0
353	D	0	0	0	0	0	0	0
354	R	0	0	0	0	0	0	0
355	D	0	0	0	0	0	0	0
356	V	0	0	0	0	0	0	0
357	L	0	0	0	0	0	0	0
358	D	0	0	0	0	0	0	0
359	G	0	0	0	0	0	0	0
360	E	0	0	0	0	0	0	0
361	Q	0	0	0	0	0	0	0
362	T	0	0	0	0	0	0	0
363	S	0	0	0	0	0	0	0
364	P	0	0	0	0	0	0	0
365	S	0	0	0	0	0	0	0
366	F	0	0	0	0	0	0	0
367	M	0	0	0	0	0	0	0
368	S	0	0	0	0	0	0	0
369	T	0	0	0	0	0	0	0
370	A	0	0	0	0	0	0	0
371	W	0	0	0	0	0	0	0
372	L	0	0	0	0	0	0	0
373	V	0	0	0	0	0	0	0
374	F	0	0	0	0	0	0	0
375	K	0	0	0	0	0	0	0
376	T	0	0	0	0	0	0	0
377	F	0	0	0	0	0	0	0
378	F	0	0	0	0	0	0	0
379	A	0	0	0	0	0	0	0
380	S	0	0	0	0	0	0	0
381	L	0	0	0	0	0	0	0
382	L	0	0	0	0	0	0	0
383	P	0	0	0	0	0	0	0
384	E	0	0	0	0	0	0	0
385	G	0	0	0	0	0	0	0
386	P	0	0	0	0	0	0	0
387	P	0	0	0	0	0	0	0
388	A	0	0	0	0	0	0	0
389	I	0	0	0	0	0	0	0
390	A	0	0	0	0	0	0	0
391	N	0	0	0	0	0	0	0
