location	residue	Modification	seq	secStruc	RelatedDisease	VariantPosition	ResidueChange	DaPSbySAP
1	M	0	0	0	0	0	0	0
2	N	0	0	0	0	0	0	0
3	Q	0	0	0	0	0	0	0
4	R	0	0	0	0	0	0	0
5	R	0	0	0	0	0	0	0
6	S	0	0	0	0	0	0	0
7	E	0	0	0	0	0	0	0
8	S	0	0	0	0	0	0	0
9	R	0	0	0	0	0	0	0
10	P	0	0	0	0	0	0	0
11	G	0	0	0	0	0	0	0
12	N	0	0	0	0	0	0	0
13	H	0	0	0	0	0	0	0
14	R	0	0	0	0	0	0	0
15	L	0	0	0	0	0	0	0
16	Q	0	0	0	0	0	0	0
17	A	0	0	0	0	0	0	0
18	Y	0	0	0	0	0	0	0
19	A	0	0	0	0	0	0	0
20	E	0	0	0	0	0	0	0
21	P	0	0	0	0	0	0	0
22	G	0	0	0	0	0	0	0
23	K	0	0	0	0	0	0	0
24	G	0	0	0	0	0	0	0
25	D	0	0	0	0	0	0	0
26	S	0	0	0	0	0	0	0
27	G	0	0	0	0	0	0	0
28	G	0	0	0	0	0	0	0
29	A	0	0	0	0	0	0	0
30	G	0	0	0	0	0	0	0
31	P	0	0	0	0	0	0	0
32	L	0	0	0	0	0	0	0
33	S	0	0	0	0	0	0	0
34	G	0	0	0	0	0	0	0
35	S	0	0	0	0	0	0	0
36	A	0	0	0	0	0	0	0
37	R	0	0	0	0	0	0	0
38	R	0	0	0	0	0	0	0
39	G	0	0	0	0	0	0	0
40	R	0	0	0	0	0	0	0
41	G	0	0	0	0	0	0	0
42	G	0	0	0	0	0	0	0
43	G	0	0	0	0	0	0	0
44	G	0	0	0	0	0	0	0
45	A	0	0	0	0	0	0	0
46	I	0	0	0	0	0	0	0
47	R	0	0	0	0	0	0	0
48	V	0	0	0	0	0	0	0
49	R	0	0	0	0	0	0	0
50	R	0	0	0	0	0	0	0
51	P	0	0	0	0	0	0	0
52	C	0	0	0	0	0	0	0
53	W	0	0	0	0	0	0	0
54	S	Phosphoserine	RVRRPCWSGGAGRGG	EEECCCCCCCCCCCC	0	0	0	0
55	G	0	0	0	0	0	0	0
56	G	0	0	0	0	0	0	0
57	A	0	0	0	0	0	0	0
58	G	0	0	0	0	0	0	0
59	R	0	0	0	0	0	0	0
60	G	0	0	0	0	0	0	0
61	G	0	0	0	0	0	0	0
62	G	0	0	0	0	0	0	0
63	P	0	0	0	0	0	0	0
64	A	0	0	0	0	0	0	0
65	W	0	0	0	0	0	0	0
66	A	0	0	0	0	0	0	0
67	V	0	0	0	0	0	0	0
68	R	0	0	0	0	0	0	0
69	L	0	0	0	0	0	0	0
70	P	0	0	0	0	0	0	0
71	T	0	0	0	0	0	0	0
72	V	0	0	0	0	0	0	0
73	T	0	0	0	0	0	0	0
74	A	0	0	0	0	0	0	0
75	G	0	0	0	0	0	0	0
76	W	0	0	0	0	0	0	0
77	T	0	0	0	0	0	0	0
78	W	0	0	0	0	0	0	0
79	P	0	0	0	0	0	0	0
80	A	0	0	0	0	0	0	0
81	L	0	0	0	0	0	0	0
82	R	0	0	0	0	0	0	0
83	T	0	0	0	0	0	0	0
84	L	0	0	0	0	0	0	0
85	S	0	0	0	0	0	0	0
86	S	0	0	0	0	0	0	0
87	L	0	0	0	0	0	0	0
88	R	0	0	0	0	0	0	0
89	A	0	0	0	0	0	0	0
90	G	0	0	0	0	0	0	0
91	P	0	0	0	0	0	0	0
92	S	0	0	0	0	0	0	0
93	E	0	0	0	0	0	0	0
94	P	0	0	0	0	0	0	0
95	H	0	0	0	0	0	0	0
96	S	0	0	0	0	0	0	0
97	P	0	0	0	0	0	0	0
98	G	0	0	0	0	0	0	0
99	R	0	0	0	0	0	0	0
100	R	0	0	0	0	0	0	0
101	P	0	0	0	0	0	0	0
102	P	0	0	0	0	0	0	0
103	R	0	0	0	0	0	0	0
104	A	0	0	0	0	0	0	0
105	G	0	0	0	0	0	0	0
106	R	0	0	0	0	0	0	0
107	P	0	0	0	0	0	0	0
108	L	0	0	0	0	0	0	0
109	C	0	0	0	0	0	0	0
110	Q	0	0	0	0	0	0	0
111	A	0	0	0	0	0	0	0
112	D	0	0	0	0	0	0	0
113	P	0	0	0	0	0	0	0
114	Q	0	0	0	0	0	0	0
115	P	0	0	0	0	0	0	0
116	G	0	0	0	0	0	0	0
117	K	0	0	0	0	0	0	0
118	A	0	0	0	0	0	0	0
119	A	0	0	0	0	0	0	0
120	R	0	0	0	0	0	0	0
121	R	0	0	0	0	0	0	0
122	S	0	0	0	0	0	0	0
123	L	0	0	0	0	0	0	0
124	E	0	0	0	0	0	0	0
125	P	0	0	0	0	0	0	0
126	D	0	0	0	0	0	0	0
127	P	0	0	0	0	0	0	0
128	A	0	0	0	0	0	0	0
129	Q	0	0	0	0	0	0	0
130	T	0	0	0	0	0	0	0
131	G	0	0	0	0	0	0	0
132	P	0	0	0	0	0	0	0
133	R	0	0	0	0	0	0	0
134	P	0	0	0	0	0	0	0
135	A	0	0	0	0	0	0	0
136	R	0	0	0	0	0	0	0
137	A	0	0	0	0	0	0	0
138	A	0	0	0	0	0	0	0
139	G	0	0	0	0	0	0	0
140	M	0	0	0	0	0	0	0
141	S	0	0	0	0	0	0	0
142	E	0	0	0	0	0	0	0
143	A	0	0	0	0	0	0	0
144	R	0	0	0	0	0	0	0
145	K	0	0	0	0	0	0	0
146	G	0	0	0	0	0	0	0
147	P	0	0	0	0	0	0	0
148	D	0	0	0	0	0	0	0
149	E	0	0	0	0	0	0	0
150	A	0	0	0	0	0	0	0
151	E	0	0	0	0	0	0	0
152	E	0	0	0	0	0	0	0
153	S	Phosphoserine	GPDEAEESQYDSGIE	CCCHHHHHHHHHHHH	0	0	0	0
154	Q	0	0	0	0	0	0	0
155	Y	Phosphotyrosine	DEAEESQYDSGIESL	CHHHHHHHHHHHHHH	0	0	0	0
156	D	0	0	0	0	0	0	0
157	S	Phosphoserine	AEESQYDSGIESLRS	HHHHHHHHHHHHHHH	0	0	0	0
158	G	0	0	0	0	0	0	0
159	I	0	0	0	0	0	0	0
160	E	0	0	0	0	0	0	0
161	S	Phosphoserine	QYDSGIESLRSLRSL	HHHHHHHHHHHHHCC	0	0	0	0
162	L	0	0	0	0	0	0	0
163	R	0	0	0	0	0	0	0
164	S	Phosphoserine	SGIESLRSLRSLPES	HHHHHHHHHHCCCCC	0	0	0	0
165	L	0	0	0	0	0	0	0
166	R	0	0	0	0	0	0	0
167	S	Phosphoserine	ESLRSLRSLPESTSA	HHHHHHHCCCCCCCC	0	0	0	0
168	L	0	0	0	0	0	0	0
169	P	0	0	0	0	0	0	0
170	E	0	0	0	0	0	0	0
171	S	0	0	0	0	0	0	0
172	T	0	0	0	0	0	0	0
173	S	0	0	0	0	0	0	0
174	A	0	0	0	0	0	0	0
175	P	0	0	0	0	0	0	0
176	A	0	0	0	0	0	0	0
177	S	Phosphoserine	ESTSAPASGPSDGSP	CCCCCCCCCCCCCCC	0	0	0	0
178	G	0	0	0	0	0	0	0
179	P	0	0	0	0	0	0	0
180	S	0	0	0	0	0	0	0
181	D	0	0	0	0	0	0	0
182	G	0	0	0	0	0	0	0
183	S	Phosphoserine	ASGPSDGSPQPCTHP	CCCCCCCCCCCCCCC	0	0	0	0
184	P	0	0	0	0	0	0	0
185	Q	0	0	0	0	0	0	0
186	P	0	0	0	0	0	0	0
187	C	0	0	0	0	0	0	0
188	T	Phosphothreonine	DGSPQPCTHPPGPVK	CCCCCCCCCCCCCCC	Rheumatoid arthritis:rheumatoid arthritis	194 (6)	0	0
189	H	0	0	0	0	0	0	0
190	P	0	0	0	0	0	0	0
191	P	0	0	0	0	0	0	0
192	G	0	0	0	0	0	0	0
193	P	0	0	0	0	0	0	0
194	V	0	0	0	0	0	A	188
195	K	0	0	0	0	0	0	0
196	E	0	0	0	0	0	0	0
197	P	0	0	0	0	0	0	0
198	Q	0	0	0	0	0	0	0
199	E	0	0	0	0	0	0	0
200	K	0	0	0	0	0	0	0
201	E	0	0	0	0	0	0	0
202	D	0	0	0	0	0	0	0
203	A	0	0	0	0	0	0	0
204	D	0	0	0	0	0	0	0
205	G	0	0	0	0	0	0	0
206	E	0	0	0	0	0	0	0
207	R	0	0	0	0	0	0	0
208	A	0	0	0	0	0	0	0
209	D	0	0	0	0	0	0	0
210	S	0	0	0	0	0	0	0
211	T	0	0	0	0	0	0	0
212	Y	0	0	0	0	0	0	0
213	G	0	0	0	0	0	0	0
214	S	0	0	0	0	0	0	0
215	S	0	0	0	0	0	0	0
216	S	0	0	0	0	0	0	0
217	L	0	0	0	0	0	0	0
218	T	0	0	0	0	0	0	0
219	Y	0	0	0	0	0	0	0
220	T	0	0	0	0	0	0	0
221	L	0	0	0	0	0	0	0
222	S	0	0	0	0	0	0	0
223	L	0	0	0	0	0	0	0
224	L	0	0	0	0	0	0	0
225	G	0	0	0	0	0	0	0
226	G	0	0	0	0	0	0	0
227	P	0	0	0	0	0	0	0
228	E	0	0	0	0	0	0	0
229	A	0	0	0	0	0	0	0
230	E	0	0	0	0	0	0	0
231	D	0	0	0	0	0	0	0
232	P	0	0	0	0	0	0	0
233	A	0	0	0	0	0	0	0
234	P	0	0	0	0	0	0	0
235	R	0	0	0	0	0	0	0
236	L	0	0	0	0	0	0	0
237	P	0	0	0	0	0	0	0
238	L	0	0	0	0	0	0	0
239	P	0	0	0	0	0	0	0
240	H	0	0	0	0	0	0	0
241	V	0	0	0	0	0	0	0
242	G	0	0	0	0	0	0	0
243	A	0	0	0	0	0	0	0
244	L	0	0	0	0	0	0	0
245	S	0	0	0	0	0	0	0
246	P	0	0	0	0	0	0	0
247	Q	0	0	0	0	0	0	0
248	Q	0	0	0	0	0	0	0
249	L	0	0	0	0	0	0	0
250	E	0	0	0	0	0	0	0
251	A	0	0	0	0	0	0	0
252	L	0	0	0	0	0	0	0
253	T	0	0	0	0	0	0	0
254	Y	0	0	0	0	0	0	0
255	I	0	0	0	0	0	0	0
256	S	0	0	0	0	0	0	0
257	E	0	0	0	0	0	0	0
258	D	0	0	0	0	0	0	0
259	G	0	0	0	0	0	0	0
260	D	0	0	0	0	0	0	0
261	T	0	0	0	0	0	0	0
262	L	0	0	0	0	0	0	0
263	V	0	0	0	0	0	0	0
264	H	0	0	0	0	0	0	0
265	L	0	0	0	0	0	0	0
266	A	0	0	0	0	0	0	0
267	V	0	0	0	0	0	0	0
268	I	0	0	0	0	0	0	0
269	H	0	0	0	0	0	0	0
270	E	0	0	0	0	0	0	0
271	A	0	0	0	0	0	0	0
272	P	0	0	0	0	0	0	0
273	A	0	0	0	0	0	0	0
274	V	0	0	0	0	0	0	0
275	L	0	0	0	0	0	0	0
276	L	0	0	0	0	0	0	0
277	C	0	0	0	0	0	0	0
278	C	0	0	0	0	0	0	0
279	L	0	0	0	0	0	0	0
280	A	0	0	0	0	0	0	0
281	L	0	0	0	0	0	0	0
282	L	0	0	0	0	0	0	0
283	P	0	0	0	0	0	0	0
284	Q	0	0	0	0	0	0	0
285	E	0	0	0	0	0	0	0
286	V	0	0	0	0	0	0	0
287	L	0	0	0	0	0	0	0
288	D	0	0	0	0	0	0	0
289	I	0	0	0	0	0	0	0
290	Q	0	0	0	0	0	0	0
291	N	0	0	0	0	0	0	0
292	N	0	0	0	0	0	0	0
293	L	0	0	0	0	0	0	0
294	Y	0	0	0	0	0	0	0
295	Q	0	0	0	0	0	0	0
296	T	0	0	0	0	0	0	0
297	A	0	0	0	0	0	0	0
298	L	0	0	0	0	0	0	0
299	H	0	0	0	0	0	0	0
300	L	0	0	0	0	0	0	0
301	A	0	0	0	0	0	0	0
302	V	0	0	0	0	0	0	0
303	H	0	0	0	0	0	0	0
304	L	0	0	0	0	0	0	0
305	D	0	0	0	0	0	0	0
306	Q	0	0	0	0	0	0	0
307	P	0	0	0	0	0	0	0
308	G	0	0	0	0	0	0	0
309	A	0	0	0	0	0	0	0
310	V	0	0	0	0	0	0	0
311	R	0	0	0	0	0	0	0
312	A	0	0	0	0	0	0	0
313	L	0	0	0	0	0	0	0
314	V	0	0	0	0	0	0	0
315	L	0	0	0	0	0	0	0
316	K	0	0	0	0	0	0	0
317	G	0	0	0	0	0	0	0
318	A	0	0	0	0	0	0	0
319	S	0	0	0	0	0	0	0
320	R	0	0	0	0	0	0	0
321	A	0	0	0	0	0	0	0
322	L	0	0	0	0	0	0	0
323	Q	0	0	0	0	0	0	0
324	D	0	0	0	0	0	0	0
325	R	0	0	0	0	0	0	0
326	H	0	0	0	0	0	0	0
327	G	0	0	0	0	0	0	0
328	D	0	0	0	0	0	0	0
329	T	0	0	0	0	0	0	0
330	A	0	0	0	0	0	0	0
331	L	0	0	0	0	0	0	0
332	H	0	0	0	0	0	0	0
333	V	0	0	0	0	0	0	0
334	A	0	0	0	0	0	0	0
335	C	0	0	0	0	0	0	0
336	Q	0	0	0	0	0	0	0
337	R	0	0	0	0	0	0	0
338	Q	0	0	0	0	0	0	0
339	H	0	0	0	0	0	0	0
340	L	0	0	0	0	0	0	0
341	A	0	0	0	0	0	0	0
342	C	0	0	0	0	0	0	0
343	A	0	0	0	0	0	0	0
344	R	0	0	0	0	0	0	0
345	C	0	0	0	0	0	0	0
346	L	0	0	0	0	0	0	0
347	L	0	0	0	0	0	0	0
348	E	0	0	0	0	0	0	0
349	G	0	0	0	0	0	0	0
350	R	0	0	0	0	0	0	0
351	P	0	0	0	0	0	0	0
352	E	0	0	0	0	0	0	0
353	P	0	0	0	0	0	0	0
354	G	0	0	0	0	0	0	0
355	R	0	0	0	0	0	0	0
356	G	0	0	0	0	0	0	0
357	T	0	0	0	0	0	0	0
358	S	0	0	0	0	0	0	0
359	H	0	0	0	0	0	0	0
360	S	0	0	0	0	0	0	0
361	L	0	0	0	0	0	0	0
362	D	0	0	0	0	0	0	0
363	L	0	0	0	0	0	0	0
364	Q	0	0	0	0	0	0	0
365	L	0	0	0	0	0	0	0
366	Q	0	0	0	0	0	0	0
367	N	0	0	0	0	0	0	0
368	W	0	0	0	0	0	0	0
369	Q	0	0	0	0	0	0	0
370	G	0	0	0	0	0	0	0
371	L	0	0	0	0	0	0	0
372	A	0	0	0	0	0	0	0
373	C	0	0	0	0	0	0	0
374	L	0	0	0	0	0	0	0
375	H	0	0	0	0	0	0	0
376	I	0	0	0	0	0	0	0
377	A	0	0	0	0	0	0	0
378	T	0	0	0	0	0	0	0
379	L	0	0	0	0	0	0	0
380	Q	0	0	0	0	0	0	0
381	K	0	0	0	0	0	0	0
382	N	0	0	0	0	0	0	0
383	Q	0	0	0	0	0	0	0
384	P	0	0	0	0	0	0	0
385	L	0	0	0	0	0	0	0
386	M	0	0	0	0	0	0	0
387	E	0	0	0	0	0	0	0
388	L	0	0	0	0	0	0	0
389	L	0	0	0	0	0	0	0
390	L	0	0	0	0	0	0	0
391	R	0	0	0	0	0	0	0
392	N	0	0	0	0	0	0	0
393	G	0	0	0	0	0	0	0
394	A	0	0	0	0	0	0	0
395	D	0	0	0	0	0	0	0
396	I	0	0	0	0	0	0	0
397	D	0	0	0	0	0	0	0
398	V	0	0	0	0	0	0	0
399	Q	0	0	0	0	0	0	0
400	E	0	0	0	0	0	0	0
401	G	0	0	0	0	0	0	0
402	T	0	0	0	0	0	0	0
403	S	0	0	0	0	0	0	0
404	G	0	0	0	0	0	0	0
405	K	0	0	0	0	0	0	0
406	T	0	0	0	0	0	0	0
407	A	0	0	0	0	0	0	0
408	L	0	0	0	0	0	0	0
409	H	0	0	0	0	0	0	0
410	L	0	0	0	0	0	0	0
411	A	0	0	0	0	0	0	0
412	V	0	0	0	0	0	0	0
413	E	0	0	0	0	0	0	0
414	T	0	0	0	0	0	0	0
415	Q	0	0	0	0	0	0	0
416	E	0	0	0	0	0	0	0
417	R	0	0	0	0	0	0	0
418	G	0	0	0	0	0	0	0
419	L	0	0	0	0	0	0	0
420	V	0	0	0	0	0	0	0
421	Q	0	0	0	0	0	0	0
422	F	0	0	0	0	0	0	0
423	L	0	0	0	0	0	0	0
424	L	0	0	0	0	0	0	0
425	Q	0	0	0	0	0	0	0
426	A	0	0	0	0	0	0	0
427	G	0	0	0	0	0	0	0
428	A	0	0	0	0	0	0	0
429	Q	0	0	0	0	0	0	0
430	V	0	0	0	0	0	0	0
431	D	0	0	0	0	0	0	0
432	A	0	0	0	0	0	0	0
433	R	0	0	0	0	0	0	0
434	M	0	0	0	0	0	0	0
435	L	0	0	0	0	0	0	0
436	N	0	0	0	0	0	0	0
437	G	0	0	0	0	0	0	0
438	C	0	0	0	0	0	0	0
439	T	0	0	0	0	0	0	0
440	P	0	0	0	0	0	0	0
441	L	0	0	0	0	0	0	0
442	H	0	0	0	0	0	0	0
443	L	0	0	0	0	0	0	0
444	A	0	0	0	0	0	0	0
445	A	0	0	0	0	0	0	0
446	G	0	0	0	0	0	0	0
447	R	0	0	0	0	0	0	0
448	G	0	0	0	0	0	0	0
449	L	0	0	0	0	0	0	0
450	M	0	0	0	0	0	0	0
451	G	0	0	0	0	0	0	0
452	I	0	0	0	0	0	0	0
453	S	0	0	0	0	0	0	0
454	S	0	0	0	0	0	0	0
455	T	0	0	0	0	0	0	0
456	L	0	0	0	0	0	0	0
457	C	0	0	0	0	0	0	0
458	K	0	0	0	0	0	0	0
459	A	0	0	0	0	0	0	0
460	G	0	0	0	0	0	0	0
461	A	0	0	0	0	0	0	0
462	D	0	0	0	0	0	0	0
463	S	0	0	0	0	0	0	0
464	L	0	0	0	0	0	0	0
465	L	0	0	0	0	0	0	0
466	R	0	0	0	0	0	0	0
467	N	0	0	0	0	0	0	0
468	V	0	0	0	0	0	0	0
469	E	0	0	0	0	0	0	0
470	D	0	0	0	0	0	0	0
471	E	0	0	0	0	0	0	0
472	T	0	0	0	0	0	0	0
473	P	0	0	0	0	0	0	0
474	Q	0	0	0	0	0	0	0
475	D	0	0	0	0	0	0	0
476	L	0	0	0	0	0	0	0
477	T	0	0	0	0	0	0	0
478	E	0	0	0	0	0	0	0
479	E	0	0	0	0	0	0	0
480	S	0	0	0	0	0	0	0
481	L	0	0	0	0	0	0	0
482	V	0	0	0	0	0	0	0
483	L	0	0	0	0	0	0	0
484	L	0	0	0	0	0	0	0
485	P	0	0	0	0	0	0	0
486	F	0	0	0	0	0	0	0
487	D	0	0	0	0	0	0	0
488	D	0	0	0	0	0	0	0
489	L	0	0	0	0	0	0	0
490	K	0	0	0	0	0	0	0
491	I	0	0	0	0	0	0	0
492	S	0	0	0	0	0	0	0
493	G	0	0	0	0	0	0	0
494	K	N6-acetyllysine	DDLKISGKLLLCTD-	HHCEECCEEEEECC-	0	0	0	0
495	L	0	0	0	0	0	0	0
496	L	0	0	0	0	0	0	0
497	L	0	0	0	0	0	0	0
498	C	0	0	0	0	0	0	0
499	T	0	0	0	0	0	0	0
500	D	0	0	0	0	0	0	0
