location	residue	Modification	seq	secStruc	RelatedDisease	VariantPosition	ResidueChange	DaPSbySAP
1	M	0	0	0	0	0	0	0
2	T	0	0	0	0	0	0	0
3	I	0	0	0	0	0	0	0
4	L	0	0	0	0	0	0	0
5	G	0	0	0	0	0	0	0
6	T	0	0	0	0	0	0	0
7	T	0	0	0	0	0	0	0
8	F	0	0	0	0	0	0	0
9	G	0	0	0	0	0	0	0
10	M	0	0	0	0	0	0	0
11	V	0	0	0	0	0	0	0
12	F	0	0	0	0	0	0	0
13	S	0	0	0	0	0	0	0
14	L	0	0	0	0	0	0	0
15	L	0	0	0	0	0	0	0
16	Q	0	0	0	0	0	0	0
17	V	0	0	0	0	0	0	0
18	V	0	0	0	0	0	0	0
19	S	0	0	0	0	0	0	0
20	G	0	0	0	0	0	0	0
21	E	0	0	0	0	0	0	0
22	S	0	0	0	0	0	0	0
23	G	0	0	0	0	0	0	0
24	Y	0	0	0	0	0	0	0
25	A	0	0	0	0	0	0	0
26	Q	0	0	0	0	0	0	0
27	N	0	0	0	0	0	0	0
28	G	0	0	0	0	0	0	0
29	D	0	0	0	0	0	0	0
30	L	0	0	0	0	0	0	0
31	E	0	0	0	0	0	0	0
32	D	0	0	0	0	0	0	0
33	A	0	0	0	0	0	0	0
34	E	0	0	0	0	0	0	0
35	L	0	0	0	0	0	0	0
36	D	0	0	0	0	0	0	0
37	D	0	0	0	0	0	0	0
38	Y	0	0	0	0	0	0	0
39	S	0	0	0	0	0	0	0
40	F	0	0	0	0	0	0	0
41	S	0	0	0	0	0	0	0
42	C	0	0	0	0	0	0	0
43	Y	0	0	0	0	0	0	0
44	S	0	0	0	0	0	0	0
45	Q	0	0	0	0	0	0	0
46	L	0	0	0	0	0	0	0
47	E	0	0	0	0	0	0	0
48	V	0	0	0	0	0	0	0
49	N	N-linked (GlcNAc)	CYSQLEVNGSQHSLT	EEEEEEECCCEEEEE	0	0	0	0
50	G	0	0	0	0	0	0	0
51	S	0	0	0	0	0	0	0
52	Q	0	0	0	0	0	0	0
53	H	0	0	0	0	0	0	0
54	S	0	0	0	0	0	0	0
55	L	0	0	0	0	0	0	0
56	T	0	0	0	0	0	0	0
57	C	0	0	0	0	0	0	0
58	A	0	0	0	0	0	0	0
59	F	0	0	0	0	0	0	0
60	E	0	0	0	0	0	0	0
61	D	0	0	0	0	0	0	0
62	P	0	0	0	0	0	0	0
63	D	0	0	0	0	0	0	0
64	V	0	0	0	0	0	0	0
65	N	N-linked (GlcNAc)	AFEDPDVNTTNLEFE	EEECCCCCCCCEEEE	0	0	0	0
66	T	0	0	0	0	0	0	0
67	T	0	0	0	0	0	0	0
68	N	0	0	0	0	0	0	0
69	L	0	0	0	0	0	0	0
70	E	0	0	0	0	0	0	0
71	F	0	0	0	0	0	0	0
72	E	0	0	0	0	0	0	0
73	I	0	0	0	0	0	0	0
74	C	0	0	0	0	0	0	0
75	G	0	0	0	0	0	0	0
76	A	0	0	0	0	0	0	0
77	L	0	0	0	0	0	0	0
78	V	0	0	0	0	0	0	0
79	E	0	0	0	0	0	0	0
80	V	0	0	0	0	0	0	0
81	K	0	0	0	0	0	0	0
82	C	0	0	0	0	0	0	0
83	L	0	0	0	0	0	0	0
84	N	0	0	0	0	0	0	0
85	F	0	0	0	0	0	0	0
86	R	0	0	0	0	0	0	0
87	K	0	0	0	0	0	0	0
88	L	0	0	0	0	0	0	0
89	Q	0	0	0	0	0	0	0
90	E	0	0	0	0	0	0	0
91	I	0	0	0	0	0	0	0
92	Y	0	0	0	0	0	0	0
93	F	0	0	0	0	0	0	0
94	I	0	0	0	0	0	0	0
95	E	0	0	0	0	0	0	0
96	T	Phosphothreonine	QEIYFIETKKFLLIG	EEEEEEEECEEEEEC	0	0	0	0
97	K	0	0	0	0	0	0	0
98	K	0	0	0	0	0	0	0
99	F	0	0	0	0	0	0	0
100	L	0	0	0	0	0	0	0
101	L	0	0	0	0	0	0	0
102	I	0	0	0	0	0	0	0
103	G	0	0	0	0	0	0	0
104	K	0	0	0	0	0	0	0
105	S	0	0	0	0	0	0	0
106	N	0	0	0	0	0	0	0
107	I	0	0	0	0	0	0	0
108	C	0	0	0	0	0	0	0
109	V	0	0	0	0	0	0	0
110	K	0	0	0	0	0	0	0
111	V	0	0	0	0	0	0	0
112	G	0	0	0	0	0	0	0
113	E	0	0	0	0	0	0	0
114	K	0	0	0	0	0	0	0
115	S	0	0	0	0	0	0	0
116	L	0	0	0	0	0	0	0
117	T	0	0	0	0	0	0	0
118	C	0	0	0	0	0	0	0
119	K	0	0	0	0	0	0	0
120	K	0	0	0	0	0	0	0
121	I	0	0	0	0	0	0	0
122	D	0	0	0	0	0	0	0
123	L	0	0	0	0	0	0	0
124	T	0	0	0	0	0	0	0
125	T	0	0	0	0	0	0	0
126	I	0	0	0	0	0	0	0
127	V	0	0	0	0	0	0	0
128	K	0	0	0	0	0	0	0
129	P	0	0	0	0	0	0	0
130	E	0	0	0	0	0	0	0
131	A	0	0	0	0	0	0	0
132	P	0	0	0	0	0	0	0
133	F	0	0	0	0	0	0	0
134	D	0	0	0	0	0	0	0
135	L	0	0	0	0	0	0	0
136	S	0	0	0	0	0	0	0
137	V	0	0	0	0	0	0	0
138	I	0	0	0	0	0	0	0
139	Y	0	0	0	0	0	0	0
140	R	0	0	0	0	0	0	0
141	E	0	0	0	0	0	0	0
142	G	0	0	0	0	0	0	0
143	A	0	0	0	0	0	0	0
144	N	0	0	0	0	0	0	0
145	D	0	0	0	0	0	0	0
146	F	0	0	0	0	0	0	0
147	V	0	0	0	0	0	0	0
148	V	0	0	0	0	0	0	0
149	T	0	0	0	0	0	0	0
150	F	0	0	0	0	0	0	0
151	N	N-linked (GlcNAc)	NDFVVTFNTSHLQKK	CCEEEEEEHHHHHHH	0	0	0	0
152	T	0	0	0	0	0	0	0
153	S	0	0	0	0	0	0	0
154	H	0	0	0	0	0	0	0
155	L	0	0	0	0	0	0	0
156	Q	0	0	0	0	0	0	0
157	K	0	0	0	0	0	0	0
158	K	0	0	0	0	0	0	0
159	Y	Phosphotyrosine	TSHLQKKYVKVLMHD	HHHHHHHHHHHHHHH	0	0	0	0
160	V	0	0	0	0	0	0	0
161	K	0	0	0	0	0	0	0
162	V	0	0	0	0	0	0	0
163	L	0	0	0	0	0	0	0
164	M	0	0	0	0	0	0	0
165	H	0	0	0	0	0	0	0
166	D	0	0	0	0	0	0	0
167	V	0	0	0	0	0	0	0
168	A	0	0	0	0	0	0	0
169	Y	Phosphotyrosine	VLMHDVAYRQEKDEN	HHHHHHHHHCCCCCC	0	0	0	0
170	R	0	0	0	0	0	0	0
171	Q	0	0	0	0	0	0	0
172	E	0	0	0	0	0	0	0
173	K	0	0	0	0	0	0	0
174	D	0	0	0	0	0	0	0
175	E	0	0	0	0	0	0	0
176	N	0	0	0	0	0	0	0
177	K	0	0	0	0	0	0	0
178	W	0	0	0	0	0	0	0
179	T	0	0	0	0	0	0	0
180	H	0	0	0	0	0	0	0
181	V	0	0	0	0	0	0	0
182	N	0	0	0	0	0	0	0
183	L	0	0	0	0	0	0	0
184	S	0	0	0	0	0	0	0
185	S	0	0	0	0	0	0	0
186	T	0	0	0	0	0	0	0
187	K	0	0	0	0	0	0	0
188	L	0	0	0	0	0	0	0
189	T	0	0	0	0	0	0	0
190	L	0	0	0	0	0	0	0
191	L	0	0	0	0	0	0	0
192	Q	0	0	0	0	0	0	0
193	R	0	0	0	0	0	0	0
194	K	0	0	0	0	0	0	0
195	L	0	0	0	0	0	0	0
196	Q	0	0	0	0	0	0	0
197	P	0	0	0	0	0	0	0
198	A	0	0	0	0	0	0	0
199	A	0	0	0	0	0	0	0
200	M	0	0	0	0	0	0	0
201	Y	0	0	0	0	0	0	0
202	E	0	0	0	0	0	0	0
203	I	0	0	0	0	0	0	0
204	K	0	0	0	0	0	0	0
205	V	0	0	0	0	0	0	0
206	R	0	0	0	0	0	0	0
207	S	0	0	0	0	0	0	0
208	I	0	0	0	0	0	0	0
209	P	0	0	0	0	0	0	0
210	D	0	0	0	0	0	0	0
211	H	0	0	0	0	0	0	0
212	Y	0	0	0	0	0	0	0
213	F	0	0	0	0	0	0	0
214	K	0	0	0	0	0	0	0
215	G	0	0	0	0	0	0	0
216	F	0	0	0	0	0	0	0
217	W	0	0	0	0	0	0	0
218	S	0	0	0	0	0	0	0
219	E	0	0	0	0	0	0	0
220	W	0	0	0	0	0	0	0
221	S	0	0	0	0	0	0	0
222	P	0	0	0	0	0	0	0
223	S	0	0	0	0	0	0	0
224	Y	0	0	0	0	0	0	0
225	Y	0	0	0	0	0	0	0
226	F	0	0	0	0	0	0	0
227	R	0	0	0	0	0	0	0
228	T	0	0	0	0	0	0	0
229	P	0	0	0	0	0	0	0
230	E	0	0	0	0	0	0	0
231	I	0	0	0	0	0	0	0
232	N	0	0	0	0	0	0	0
233	N	0	0	0	0	0	0	0
234	S	0	0	0	0	0	0	0
235	S	0	0	0	0	0	0	0
236	G	0	0	0	0	0	0	0
237	E	0	0	0	0	0	0	0
238	M	0	0	0	0	0	0	0
239	D	0	0	0	0	0	0	0
240	P	0	0	0	0	0	0	0
241	I	0	0	0	0	0	0	0
242	L	0	0	0	0	0	0	0
243	L	0	0	0	0	0	0	0
244	T	0	0	0	0	0	0	0
245	I	0	0	0	0	0	0	0
246	S	0	0	0	0	0	0	0
247	I	0	0	0	0	0	0	0
248	L	0	0	0	0	0	0	0
249	S	0	0	0	0	0	0	0
250	F	0	0	0	0	0	0	0
251	F	0	0	0	0	0	0	0
252	S	0	0	0	0	0	0	0
253	V	0	0	0	0	0	0	0
254	A	0	0	0	0	0	0	0
255	L	0	0	0	0	0	0	0
256	L	0	0	0	0	0	0	0
257	V	0	0	0	0	0	0	0
258	I	0	0	0	0	0	0	0
259	L	0	0	0	0	0	0	0
260	A	0	0	0	0	0	0	0
261	C	0	0	0	0	0	0	0
262	V	0	0	0	0	0	0	0
263	L	0	0	0	0	0	0	0
264	W	0	0	0	0	0	0	0
265	K	0	0	0	0	0	0	0
266	K	0	0	0	0	0	0	0
267	R	0	0	0	0	0	0	0
268	I	0	0	0	0	0	0	0
269	K	0	0	0	0	0	0	0
270	P	0	0	0	0	0	0	0
271	I	0	0	0	0	0	0	0
272	V	0	0	0	0	0	0	0
273	W	0	0	0	0	0	0	0
274	P	0	0	0	0	0	0	0
275	S	0	0	0	0	0	0	0
276	L	0	0	0	0	0	0	0
277	P	0	0	0	0	0	0	0
278	D	0	0	0	0	0	0	0
279	H	0	0	0	0	0	0	0
280	K	0	0	0	0	0	0	0
281	K	0	0	0	0	0	0	0
282	T	0	0	0	0	0	0	0
283	L	0	0	0	0	0	0	0
284	E	0	0	0	0	0	0	0
285	H	0	0	0	0	0	0	0
286	L	0	0	0	0	0	0	0
287	C	0	0	0	0	0	0	0
288	K	0	0	0	0	0	0	0
289	K	0	0	0	0	0	0	0
290	P	0	0	0	0	0	0	0
291	R	0	0	0	0	0	0	0
292	K	0	0	0	0	0	0	0
293	N	0	0	0	0	0	0	0
294	L	0	0	0	0	0	0	0
295	N	0	0	0	0	0	0	0
296	V	0	0	0	0	0	0	0
297	S	Phosphoserine	PRKNLNVSFNPESFL	CCCCCCCCCCHHHHH	0	0	0	0
298	F	0	0	0	0	0	0	0
299	N	0	0	0	0	0	0	0
300	P	0	0	0	0	0	0	0
301	E	0	0	0	0	0	0	0
302	S	0	0	0	0	0	0	0
303	F	0	0	0	0	0	0	0
304	L	0	0	0	0	0	0	0
305	D	0	0	0	0	0	0	0
306	C	0	0	0	0	0	0	0
307	Q	0	0	0	0	0	0	0
308	I	0	0	0	0	0	0	0
309	H	0	0	0	0	0	0	0
310	R	0	0	0	0	0	0	0
311	V	0	0	0	0	0	0	0
312	D	0	0	0	0	0	0	0
313	D	0	0	0	0	0	0	0
314	I	0	0	0	0	0	0	0
315	Q	0	0	0	0	0	0	0
316	A	0	0	0	0	0	0	0
317	R	0	0	0	0	0	0	0
318	D	0	0	0	0	0	0	0
319	E	0	0	0	0	0	0	0
320	V	0	0	0	0	0	0	0
321	E	0	0	0	0	0	0	0
322	G	0	0	0	0	0	0	0
323	F	0	0	0	0	0	0	0
324	L	0	0	0	0	0	0	0
325	Q	0	0	0	0	0	0	0
326	D	0	0	0	0	0	0	0
327	T	0	0	0	0	0	0	0
328	F	0	0	0	0	0	0	0
329	P	0	0	0	0	0	0	0
330	Q	0	0	0	0	0	0	0
331	Q	0	0	0	0	0	0	0
332	L	0	0	0	0	0	0	0
333	E	0	0	0	0	0	0	0
334	E	0	0	0	0	0	0	0
335	S	0	0	0	0	0	0	0
336	E	0	0	0	0	0	0	0
337	K	0	0	0	0	0	0	0
338	Q	0	0	0	0	0	0	0
339	R	0	0	0	0	0	0	0
340	L	0	0	0	0	0	0	0
341	G	0	0	0	0	0	0	0
342	G	0	0	0	0	0	0	0
343	D	0	0	0	0	0	0	0
344	V	0	0	0	0	0	0	0
345	Q	0	0	0	0	0	0	0
346	S	Phosphoserine	RLGGDVQSPNCPSED	HCCCCCCCCCCCCCC	Ulcerative colitis:ulcerative colitis	356 (10)	0	0
347	P	0	0	0	0	0	0	0
348	N	0	0	0	0	0	0	0
349	C	0	0	0	0	0	0	0
350	P	0	0	0	0	0	0	0
351	S	0	0	0	0	0	0	0
352	E	0	0	0	0	0	0	0
353	D	0	0	0	0	0	0	0
354	V	0	0	0	0	0	0	0
355	V	0	0	0	0	0	0	0
356	I	0	0	0	0	0	V	346,365
357	T	0	0	0	0	0	0	0
358	P	0	0	0	0	0	0	0
359	E	0	0	0	0	0	0	0
360	S	0	0	0	0	0	0	0
361	F	0	0	0	0	0	0	0
362	G	0	0	0	0	0	0	0
363	R	0	0	0	0	0	0	0
364	D	0	0	0	0	0	0	0
365	S	Phosphoserine	PESFGRDSSLTCLAG	CHHHCCCCCCEEECC	Ulcerative colitis:ulcerative colitis	356 (9)	0	0
366	S	0	0	0	0	0	0	0
367	L	0	0	0	0	0	0	0
368	T	0	0	0	0	0	0	0
369	C	0	0	0	0	0	0	0
370	L	0	0	0	0	0	0	0
371	A	0	0	0	0	0	0	0
372	G	0	0	0	0	0	0	0
373	N	0	0	0	0	0	0	0
374	V	0	0	0	0	0	0	0
375	S	Phosphoserine	TCLAGNVSACDAPIL	EEECCCCCCCCCCCC	0	0	0	0
376	A	0	0	0	0	0	0	0
377	C	0	0	0	0	0	0	0
378	D	0	0	0	0	0	0	0
379	A	0	0	0	0	0	0	0
380	P	0	0	0	0	0	0	0
381	I	0	0	0	0	0	0	0
382	L	0	0	0	0	0	0	0
383	S	0	0	0	0	0	0	0
384	S	0	0	0	0	0	0	0
385	S	0	0	0	0	0	0	0
386	R	0	0	0	0	0	0	0
387	S	0	0	0	0	0	0	0
388	L	0	0	0	0	0	0	0
389	D	0	0	0	0	0	0	0
390	C	0	0	0	0	0	0	0
391	R	0	0	0	0	0	0	0
392	E	0	0	0	0	0	0	0
393	S	0	0	0	0	0	0	0
394	G	0	0	0	0	0	0	0
395	K	0	0	0	0	0	0	0
396	N	0	0	0	0	0	0	0
397	G	0	0	0	0	0	0	0
398	P	0	0	0	0	0	0	0
399	H	0	0	0	0	0	0	0
400	V	0	0	0	0	0	0	0
401	Y	0	0	0	0	0	0	0
402	Q	0	0	0	0	0	0	0
403	D	0	0	0	0	0	0	0
404	L	0	0	0	0	0	0	0
405	L	0	0	0	0	0	0	0
406	L	0	0	0	0	0	0	0
407	S	0	0	0	0	0	0	0
408	L	0	0	0	0	0	0	0
409	G	0	0	0	0	0	0	0
410	T	0	0	0	0	0	0	0
411	T	0	0	0	0	0	0	0
412	N	0	0	0	0	0	0	0
413	S	0	0	0	0	0	0	0
414	T	0	0	0	0	0	0	0
415	L	0	0	0	0	0	0	0
416	P	0	0	0	0	0	0	0
417	P	0	0	0	0	0	0	0
418	P	0	0	0	0	0	0	0
419	F	0	0	0	0	0	0	0
420	S	0	0	0	0	0	0	0
421	L	0	0	0	0	0	0	0
422	Q	0	0	0	0	0	0	0
423	S	0	0	0	0	0	0	0
424	G	0	0	0	0	0	0	0
425	I	0	0	0	0	0	0	0
426	L	0	0	0	0	0	0	0
427	T	0	0	0	0	0	0	0
428	L	0	0	0	0	0	0	0
429	N	0	0	0	0	0	0	0
430	P	0	0	0	0	0	0	0
431	V	0	0	0	0	0	0	0
432	A	0	0	0	0	0	0	0
433	Q	0	0	0	0	0	0	0
434	G	0	0	0	0	0	0	0
435	Q	0	0	0	0	0	0	0
436	P	0	0	0	0	0	0	0
437	I	0	0	0	0	0	0	0
438	L	0	0	0	0	0	0	0
439	T	0	0	0	0	0	0	0
440	S	0	0	0	0	0	0	0
441	L	0	0	0	0	0	0	0
442	G	0	0	0	0	0	0	0
443	S	0	0	0	0	0	0	0
444	N	0	0	0	0	0	0	0
445	Q	0	0	0	0	0	0	0
446	E	0	0	0	0	0	0	0
447	E	0	0	0	0	0	0	0
448	A	0	0	0	0	0	0	0
449	Y	Phosphotyrosine	GSNQEEAYVTMSSFY	CCCCCEEEEEHHHHH	0	0	0	0
450	V	0	0	0	0	0	0	0
451	T	0	0	0	0	0	0	0
452	M	0	0	0	0	0	0	0
453	S	0	0	0	0	0	0	0
454	S	0	0	0	0	0	0	0
455	F	0	0	0	0	0	0	0
456	Y	0	0	0	0	0	0	0
457	Q	0	0	0	0	0	0	0
458	N	0	0	0	0	0	0	0
459	Q	0	0	0	0	0	0	0
