location	residue	Modification	seq	secStruc	RelatedDisease	VariantPosition	ResidueChange	DaPSbySAP
1	M	0	0	0	0	0	0	0
2	P	0	0	0	0	0	0	0
3	H	0	0	0	0	0	0	0
4	E	0	0	0	0	0	0	0
5	E	0	0	0	0	0	0	0
6	L	0	0	0	0	0	0	0
7	P	0	0	0	0	0	0	0
8	S	0	0	0	0	0	A	14,16
9	L	0	0	0	0	0	0	0
10	Q	0	0	0	0	0	0	0
11	R	0	0	0	0	0	0	0
12	P	0	0	0	0	0	0	0
13	R	0	0	0	0	0	0	0
14	Y	Phosphotyrosine	PSLQRPRYGSIVDDE	CCCCCCCCCCCCCHH	Mean platelet volume:mean platelet volume	8 (6)	0	0
15	G	0	0	0	0	0	0	0
16	S	Phosphoserine	LQRPRYGSIVDDERL	CCCCCCCCCCCHHHC	Mean platelet volume:mean platelet volume	8 (8)	0	0
17	I	0	0	0	0	0	0	0
18	V	0	0	0	0	0	0	0
19	D	0	0	0	0	0	0	0
20	D	0	0	0	0	0	0	0
21	E	0	0	0	0	0	0	0
22	R	0	0	0	0	0	0	0
23	L	0	0	0	0	0	0	0
24	S	Phosphoserine	IVDDERLSAEEMDER	CCCHHHCCHHHHHHH	0	0	0	0
25	A	0	0	0	0	0	0	0
26	E	0	0	0	0	0	0	0
27	E	0	0	0	0	0	0	0
28	M	0	0	0	0	0	0	0
29	D	0	0	0	0	0	0	0
30	E	0	0	0	0	0	0	0
31	R	0	0	0	0	0	0	0
32	R	0	0	0	0	0	0	0
33	R	0	0	0	0	0	0	0
34	Q	0	0	0	0	0	0	0
35	N	0	0	0	0	0	0	0
36	I	0	0	0	0	0	0	0
37	A	0	0	0	0	0	0	0
38	Y	Phosphotyrosine	RRRQNIAYEYLCHLE	HHHHHHHHHHHHCHH	0	0	0	0
39	E	0	0	0	0	0	0	0
40	Y	0	0	0	0	0	0	0
41	L	0	0	0	0	0	0	0
42	C	0	0	0	0	0	0	0
43	H	0	0	0	0	0	0	0
44	L	0	0	0	0	0	0	0
45	E	0	0	0	0	0	0	0
46	E	0	0	0	0	0	0	0
47	A	0	0	0	0	0	0	0
48	K	0	0	0	0	0	0	0
49	R	0	0	0	0	0	0	0
50	W	0	0	0	0	0	0	0
51	M	0	0	0	0	0	0	0
52	E	0	0	0	0	0	0	0
53	V	0	0	0	0	0	0	0
54	C	0	0	0	0	0	0	0
55	L	0	0	0	0	0	0	0
56	V	0	0	0	0	0	0	0
57	E	0	0	0	0	0	0	0
58	E	0	0	0	0	0	0	0
59	L	0	0	0	0	0	0	0
60	P	0	0	0	0	0	0	0
61	P	0	0	0	0	0	0	0
62	T	0	0	0	0	0	0	0
63	T	0	0	0	0	0	0	0
64	E	0	0	0	0	0	0	0
65	L	0	0	0	0	0	0	0
66	E	0	0	0	0	0	0	0
67	E	0	0	0	0	0	0	0
68	G	0	0	0	0	0	0	0
69	L	0	0	0	0	0	0	0
70	R	0	0	0	0	0	0	0
71	N	0	0	0	0	0	0	0
72	G	0	0	0	0	0	0	0
73	V	0	0	0	0	0	0	0
74	Y	Phosphotyrosine	EGLRNGVYLAKLAKF	HHHHCCHHHHHHHHH	0	0	0	0
75	L	0	0	0	0	0	0	0
76	A	0	0	0	0	0	0	0
77	K	0	0	0	0	0	0	0
78	L	0	0	0	0	0	0	0
79	A	0	0	0	0	0	0	0
80	K	0	0	0	0	0	0	0
81	F	0	0	0	0	0	0	0
82	F	0	0	0	0	0	0	0
83	A	0	0	0	0	0	0	0
84	P	0	0	0	0	0	0	0
85	K	0	0	0	0	0	0	0
86	M	0	0	0	0	0	0	0
87	V	0	0	0	0	0	0	0
88	S	0	0	0	0	0	0	0
89	E	0	0	0	0	0	0	0
90	K	0	0	0	0	0	0	0
91	K	0	0	0	0	0	0	0
92	I	0	0	0	0	0	0	0
93	Y	Phosphotyrosine	MVSEKKIYDVEQTRY	CCCCCCEEEHHHHCC	0	0	0	0
94	D	0	0	0	0	0	0	0
95	V	0	0	0	0	0	0	0
96	E	0	0	0	0	0	0	0
97	Q	0	0	0	0	0	0	0
98	T	0	0	0	0	0	0	0
99	R	0	0	0	0	0	0	0
100	Y	0	0	0	0	0	0	0
101	K	0	0	0	0	0	0	0
102	K	0	0	0	0	0	0	0
103	S	Phosphoserine	EQTRYKKSGLHFRHT	HHHCCCCCCCCCCCC	0	0	0	0
104	G	0	0	0	0	0	0	0
105	L	0	0	0	0	0	0	0
106	H	0	0	0	0	0	0	0
107	F	0	0	0	0	0	0	0
108	R	0	0	0	0	0	0	0
109	H	0	0	0	0	0	0	0
110	T	0	0	0	0	0	0	0
111	D	0	0	0	0	0	0	0
112	N	0	0	0	0	0	0	0
113	T	0	0	0	0	0	0	0
114	V	0	0	0	0	0	0	0
115	Q	0	0	0	0	0	0	0
116	W	0	0	0	0	0	0	0
117	L	0	0	0	0	0	0	0
118	R	0	0	0	0	0	0	0
119	A	0	0	0	0	0	0	0
120	M	0	0	0	0	0	0	0
121	E	0	0	0	0	0	0	0
122	S	Phosphoserine	QWLRAMESIGLPKIF	HHHHHHHHHCCCCCC	0	0	0	0
123	I	0	0	0	0	0	0	0
124	G	0	0	0	0	0	0	0
125	L	0	0	0	0	0	0	0
126	P	0	0	0	0	0	0	0
127	K	0	0	0	0	0	0	0
128	I	0	0	0	0	0	0	0
129	F	0	0	0	0	0	0	0
130	Y	0	0	0	0	0	0	0
131	P	0	0	0	0	0	0	0
132	E	0	0	0	0	0	0	0
133	T	0	0	0	0	0	0	0
134	T	0	0	0	0	0	0	0
135	D	0	0	0	0	0	0	0
136	V	0	0	0	0	0	0	0
137	Y	Phosphotyrosine	YPETTDVYDRKNIPR	CCCCCCCCCCCCCCH	0	0	0	0
138	D	0	0	0	0	0	0	0
139	R	0	0	0	0	0	0	0
140	K	0	0	0	0	0	0	0
141	N	0	0	0	0	0	0	0
142	I	0	0	0	0	0	0	0
143	P	0	0	0	0	0	0	0
144	R	0	0	0	0	0	0	0
145	M	0	0	0	0	0	0	0
146	I	0	0	0	0	0	0	0
147	Y	0	0	0	0	0	0	0
148	C	0	0	0	0	0	0	0
149	I	0	0	0	0	0	0	0
150	H	0	0	0	0	0	0	0
151	A	0	0	0	0	0	0	0
152	L	0	0	0	0	0	0	0
153	S	0	0	0	0	0	0	0
154	L	0	0	0	0	0	0	0
155	Y	0	0	0	0	0	0	0
156	L	0	0	0	0	0	0	0
157	F	0	0	0	0	0	0	0
158	K	0	0	0	0	0	0	0
159	L	0	0	0	0	0	0	0
160	G	0	0	0	0	0	0	0
161	I	0	0	0	0	0	0	0
162	A	0	0	0	0	0	0	0
163	P	0	0	0	0	0	0	0
164	Q	0	0	0	0	0	0	0
165	I	0	0	0	0	0	0	0
166	Q	0	0	0	0	0	0	0
167	D	0	0	0	0	0	0	0
168	L	0	0	0	0	0	0	0
169	L	0	0	0	0	0	0	0
170	G	0	0	0	0	0	0	0
171	K	Ubiquitinlysine	QIQDLLGKVDFTEEE	HHHHHHCCCCCCHHH	0	0	0	0
172	V	0	0	0	0	0	0	0
173	D	0	0	0	0	0	0	0
174	F	0	0	0	0	0	0	0
175	T	0	0	0	0	0	0	0
176	E	0	0	0	0	0	0	0
177	E	0	0	0	0	0	0	0
178	E	0	0	0	0	0	0	0
179	I	0	0	0	0	0	0	0
180	S	0	0	0	0	0	0	0
181	N	0	0	0	0	0	0	0
182	M	0	0	0	0	0	0	0
183	R	0	0	0	0	0	0	0
184	K	0	0	0	0	0	0	0
185	E	0	0	0	0	0	0	0
186	L	0	0	0	0	0	0	0
187	E	0	0	0	0	0	0	0
188	K	0	0	0	0	0	0	0
189	Y	Phosphotyrosine	MRKELEKYGIQMPSF	HHHHHHHHCCCCCCH	0	0	0	0
190	G	0	0	0	0	0	0	0
191	I	0	0	0	0	0	0	0
192	Q	0	0	0	0	0	0	0
193	M	0	0	0	0	0	0	0
194	P	0	0	0	0	0	0	0
195	S	Phosphoserine	KYGIQMPSFSKIGGI	HHCCCCCCHHHCCCH	0	0	0	0
196	F	0	0	0	0	0	0	0
197	S	Phosphoserine	GIQMPSFSKIGGILA	CCCCCCHHHCCCHHH	0	0	0	0
198	K	0	0	0	0	0	0	0
199	I	0	0	0	0	0	0	0
200	G	0	0	0	0	0	0	0
201	G	0	0	0	0	0	0	0
202	I	0	0	0	0	0	0	0
203	L	0	0	0	0	0	0	0
204	A	0	0	0	0	0	0	0
205	N	0	0	0	0	0	0	0
206	E	0	0	0	0	0	0	0
207	L	0	0	0	0	0	0	0
208	S	0	0	0	0	0	0	0
209	V	0	0	0	0	0	0	0
210	D	0	0	0	0	0	0	0
211	E	0	0	0	0	0	0	0
212	A	0	0	0	0	0	0	0
213	A	0	0	0	0	0	0	0
214	L	0	0	0	0	0	0	0
215	H	0	0	0	0	0	0	0
216	A	0	0	0	0	0	0	0
217	A	0	0	0	0	0	0	0
218	V	0	0	0	0	0	0	0
219	I	0	0	0	0	0	0	0
220	A	0	0	0	0	0	0	0
221	I	0	0	0	0	0	0	0
222	N	0	0	0	0	0	0	0
223	E	0	0	0	0	0	0	0
224	A	0	0	0	0	0	0	0
225	V	0	0	0	0	0	0	0
226	E	0	0	0	0	0	0	0
227	K	0	0	0	0	0	0	0
228	G	0	0	0	0	0	0	0
229	I	0	0	0	0	0	0	0
230	A	0	0	0	0	0	0	0
231	E	0	0	0	0	0	0	0
232	Q	0	0	0	0	0	0	0
233	T	0	0	0	0	0	0	0
234	V	0	0	0	0	0	0	0
235	V	0	0	0	0	0	0	0
236	T	0	0	0	0	0	0	0
237	L	0	0	0	0	0	0	0
238	R	0	0	0	0	0	0	0
239	N	0	0	0	0	0	0	0
240	P	0	0	0	0	0	0	0
241	N	0	0	0	0	0	0	0
242	A	0	0	0	0	0	0	0
243	V	0	0	0	0	0	0	0
244	L	0	0	0	0	0	0	0
245	T	0	0	0	0	0	0	0
246	L	0	0	0	0	0	0	0
247	V	0	0	0	0	0	0	0
248	D	0	0	0	0	0	0	0
249	D	0	0	0	0	0	0	0
250	N	0	0	0	0	0	0	0
251	L	0	0	0	0	0	0	0
252	A	0	0	0	0	0	0	0
253	P	0	0	0	0	0	0	0
254	E	0	0	0	0	0	0	0
255	Y	0	0	0	0	0	0	0
256	Q	0	0	0	0	0	0	0
257	K	0	0	0	0	0	0	0
258	E	0	0	0	0	0	0	0
259	L	0	0	0	0	0	0	0
260	W	0	0	0	0	0	0	0
261	D	0	0	0	0	0	0	0
262	A	0	0	0	0	0	0	0
263	K	0	0	0	0	0	0	0
264	K	0	0	0	0	0	0	0
265	K	0	0	0	0	0	0	0
266	K	0	0	0	0	0	0	0
267	E	0	0	0	0	0	0	0
268	E	0	0	0	0	0	0	0
269	N	0	0	0	0	0	0	0
270	A	0	0	0	0	0	0	0
271	R	0	0	0	0	0	0	0
272	L	0	0	0	0	0	0	0
273	K	0	0	0	0	0	0	0
274	N	0	0	0	0	0	0	0
275	S	0	0	0	0	0	0	0
276	C	0	0	0	0	0	0	0
277	I	0	0	0	0	0	0	0
278	S	0	0	0	0	0	0	0
279	E	0	0	0	0	0	0	0
280	E	0	0	0	0	0	0	0
281	E	0	0	0	0	0	0	0
282	R	0	0	0	0	0	0	0
283	D	0	0	0	0	0	0	0
284	A	0	0	0	0	0	0	0
285	Y	Phosphotyrosine	SEEERDAYEELLTQA	CHHHHHHHHHHHHHH	0	0	0	0
286	E	0	0	0	0	0	0	0
287	E	0	0	0	0	0	0	0
288	L	0	0	0	0	0	0	0
289	L	0	0	0	0	0	0	0
290	T	0	0	0	0	0	0	0
291	Q	0	0	0	0	0	0	0
292	A	0	0	0	0	0	0	0
293	E	0	0	0	0	0	0	0
294	I	0	0	0	0	0	0	0
295	Q	0	0	0	0	0	0	0
296	G	0	0	0	0	0	0	0
297	N	0	0	0	0	0	0	0
298	I	0	0	0	0	0	0	0
299	N	0	0	0	0	0	0	0
300	K	0	0	0	0	0	0	0
301	V	0	0	0	0	0	0	0
302	N	0	0	0	0	0	0	0
303	R	0	0	0	0	0	0	0
304	Q	0	0	0	0	0	0	0
305	A	0	0	0	0	0	0	0
306	A	0	0	0	0	0	0	0
307	V	0	0	0	0	0	0	0
308	D	0	0	0	0	0	0	0
309	H	0	0	0	0	0	0	0
310	I	0	0	0	0	0	0	0
311	N	0	0	0	0	0	0	0
312	A	0	0	0	0	0	0	0
313	V	0	0	0	0	0	0	0
314	I	0	0	0	0	0	0	0
315	P	0	0	0	0	0	0	0
316	E	0	0	0	0	0	0	0
317	G	0	0	0	0	0	0	0
318	D	0	0	0	0	0	0	0
319	P	0	0	0	0	0	0	0
320	E	0	0	0	0	0	0	0
321	N	0	0	0	0	0	0	0
322	T	0	0	0	0	0	0	0
323	L	0	0	0	0	0	0	0
324	L	0	0	0	0	0	0	0
325	A	0	0	0	0	0	0	0
326	L	0	0	0	0	0	0	0
327	K	0	0	0	0	0	0	0
328	K	0	0	0	0	0	0	0
329	P	0	0	0	0	0	0	0
330	E	0	0	0	0	0	0	0
331	A	0	0	0	0	0	0	0
332	Q	0	0	0	0	0	0	0
333	L	0	0	0	0	0	0	0
334	P	0	0	0	0	0	0	0
335	A	0	0	0	0	0	0	0
336	V	0	0	0	0	0	0	0
337	Y	0	0	0	0	0	0	0
338	P	0	0	0	0	0	0	0
339	F	0	0	0	0	0	0	0
340	A	0	0	0	0	0	0	0
341	A	0	0	0	0	0	0	0
342	A	0	0	0	0	0	0	0
343	M	0	0	0	0	0	0	0
344	Y	0	0	0	0	0	0	0
345	Q	0	0	0	0	0	0	0
346	N	0	0	0	0	0	0	0
347	E	0	0	0	0	0	0	0
348	L	0	0	0	0	0	0	0
349	F	0	0	0	0	0	0	0
350	N	0	0	0	0	0	0	0
351	L	0	0	0	0	0	0	0
352	Q	0	0	0	0	0	0	0
353	K	0	0	0	0	0	0	0
354	Q	0	0	0	0	0	0	0
355	N	0	0	0	0	0	0	0
356	T	Phosphothreonine	FNLQKQNTMNYLAHE	HHHHHCCCHHHHHHH	0	0	0	0
357	M	0	0	0	0	0	0	0
358	N	0	0	0	0	0	0	0
359	Y	0	0	0	0	0	0	0
360	L	0	0	0	0	0	0	0
361	A	0	0	0	0	0	0	0
362	H	0	0	0	0	0	0	0
363	E	0	0	0	0	0	0	0
364	E	0	0	0	0	0	0	0
365	L	0	0	0	0	0	0	0
366	L	0	0	0	0	0	0	0
367	I	0	0	0	0	0	0	0
368	A	0	0	0	0	0	0	0
369	V	0	0	0	0	0	0	0
370	E	0	0	0	0	0	0	0
371	M	0	0	0	0	0	0	0
372	L	0	0	0	0	0	0	0
373	S	0	0	0	0	0	0	0
374	A	0	0	0	0	0	0	0
375	V	0	0	0	0	0	0	0
376	A	0	0	0	0	0	0	0
377	L	0	0	0	0	0	0	0
378	L	0	0	0	0	0	0	0
379	N	0	0	0	0	0	0	0
380	Q	0	0	0	0	0	0	0
381	A	0	0	0	0	0	0	0
382	L	0	0	0	0	0	0	0
383	E	0	0	0	0	0	0	0
384	S	0	0	0	0	0	0	0
385	N	0	0	0	0	0	0	0
386	D	0	0	0	0	0	0	0
387	L	0	0	0	0	0	0	0
388	V	0	0	0	0	0	0	0
389	S	0	0	0	0	0	0	0
390	V	0	0	0	0	0	0	0
391	Q	0	0	0	0	0	0	0
392	N	0	0	0	0	0	0	0
393	Q	0	0	0	0	0	0	0
394	L	0	0	0	0	0	0	0
395	R	0	0	0	0	0	0	0
396	S	0	0	0	0	0	0	0
397	P	0	0	0	0	0	0	0
398	A	0	0	0	0	0	0	0
399	I	0	0	0	0	0	0	0
400	G	0	0	0	0	0	0	0
401	L	0	0	0	0	0	0	0
402	N	0	0	0	0	0	0	0
403	N	0	0	0	0	0	0	0
404	L	0	0	0	0	0	0	0
405	D	0	0	0	0	0	0	0
406	K	Ubiquitinlysine	IGLNNLDKAYVERYA	CCCCCCCHHHHHHHH	0	0	0	0
407	A	0	0	0	0	0	0	0
408	Y	0	0	0	0	0	0	0
409	V	0	0	0	0	0	0	0
410	E	0	0	0	0	0	0	0
411	R	0	0	0	0	0	0	0
412	Y	0	0	0	0	0	0	0
413	A	0	0	0	0	0	0	0
414	N	0	0	0	0	0	0	0
415	T	0	0	0	0	0	0	0
416	L	0	0	0	0	0	0	0
417	L	0	0	0	0	0	0	0
418	S	Phosphoserine	RYANTLLSVKLEVLS	HHHHHHHHHHHHHHH	0	0	0	0
419	V	0	0	0	0	0	0	0
420	K	0	0	0	0	0	0	0
421	L	0	0	0	0	0	0	0
422	E	0	0	0	0	0	0	0
423	V	0	0	0	0	0	0	0
424	L	0	0	0	0	0	0	0
425	S	0	0	0	0	0	0	0
426	Q	0	0	0	0	0	0	0
427	G	0	0	0	0	0	0	0
428	Q	0	0	0	0	0	0	0
429	D	0	0	0	0	0	0	0
430	N	0	0	0	0	0	0	0
431	L	0	0	0	0	0	0	0
432	S	Phosphoserine	SQGQDNLSWNEIQNC	HCCCCCCCHHHHHHH	0	0	0	0
433	W	0	0	0	0	0	0	0
434	N	0	0	0	0	0	0	0
435	E	0	0	0	0	0	0	0
436	I	0	0	0	0	0	0	0
437	Q	0	0	0	0	0	0	0
438	N	0	0	0	0	0	0	0
439	C	0	0	0	0	0	0	0
440	I	0	0	0	0	0	0	0
441	D	0	0	0	0	0	0	0
442	M	0	0	0	0	0	0	0
443	V	0	0	0	0	0	0	0
444	N	0	0	0	0	0	0	0
445	A	0	0	0	0	0	0	0
446	Q	0	0	0	0	0	0	0
447	I	0	0	0	0	0	0	0
448	Q	0	0	0	0	0	0	0
449	E	0	0	0	0	0	0	0
450	E	0	0	0	0	0	0	0
451	N	0	0	0	0	0	0	0
452	D	0	0	0	0	0	0	0
453	R	0	0	0	0	0	0	0
454	V	0	0	0	0	0	0	0
455	V	0	0	0	0	0	0	0
456	A	0	0	0	0	0	0	0
457	V	0	0	0	0	0	0	0
458	G	0	0	0	0	0	0	0
459	Y	0	0	0	0	0	0	0
460	I	0	0	0	0	0	0	0
461	N	0	0	0	0	0	0	0
462	E	0	0	0	0	0	0	0
463	A	0	0	0	0	0	0	0
464	I	0	0	0	0	0	0	0
465	D	0	0	0	0	0	0	0
466	E	0	0	0	0	0	0	0
467	G	0	0	0	0	0	0	0
468	N	0	0	0	0	0	0	0
469	P	0	0	0	0	0	0	0
470	L	0	0	0	0	0	0	0
471	R	0	0	0	0	0	0	0
472	T	0	0	0	0	0	0	0
473	L	0	0	0	0	0	0	0
474	E	0	0	0	0	0	0	0
475	T	0	0	0	0	0	0	0
476	L	0	0	0	0	0	0	0
477	L	0	0	0	0	0	0	0
478	L	0	0	0	0	0	0	0
479	P	0	0	0	0	0	0	0
480	T	0	0	0	0	0	0	0
481	A	0	0	0	0	0	0	0
482	N	0	0	0	0	0	0	0
483	I	0	0	0	0	0	0	0
484	S	0	0	0	0	0	0	0
485	D	0	0	0	0	0	0	0
486	V	0	0	0	0	0	0	0
487	D	0	0	0	0	0	0	0
488	P	0	0	0	0	0	0	0
489	A	0	0	0	0	0	0	0
490	H	0	0	0	0	0	0	0
491	A	0	0	0	0	0	0	0
492	Q	0	0	0	0	0	0	0
493	H	0	0	0	0	0	0	0
494	Y	Phosphotyrosine	DPAHAQHYQDVLYHA	CHHHHHHHHHHHHHH	0	0	0	0
495	Q	0	0	0	0	0	0	0
496	D	0	0	0	0	0	0	0
497	V	0	0	0	0	0	0	0
498	L	0	0	0	0	0	0	0
499	Y	Phosphotyrosine	QHYQDVLYHAKSQKL	HHHHHHHHHHHCCCC	0	0	0	0
500	H	0	0	0	0	0	0	0
501	A	0	0	0	0	0	0	0
502	K	0	0	0	0	0	0	0
503	S	0	0	0	0	0	0	0
504	Q	0	0	0	0	0	0	0
505	K	0	0	0	0	0	0	0
506	L	0	0	0	0	0	0	0
507	G	0	0	0	0	0	0	0
508	D	0	0	0	0	0	0	0
509	S	0	0	0	0	0	0	0
510	E	0	0	0	0	0	0	0
511	S	0	0	0	0	0	0	0
512	V	0	0	0	0	0	0	0
513	S	0	0	0	0	0	0	0
514	K	0	0	0	0	0	0	0
515	V	0	0	0	0	0	0	0
516	L	0	0	0	0	0	0	0
517	W	0	0	0	0	0	0	0
518	L	0	0	0	0	0	0	0
519	D	0	0	0	0	0	0	0
520	E	0	0	0	0	0	0	0
521	I	0	0	0	0	0	0	0
522	Q	0	0	0	0	0	0	0
523	Q	0	0	0	0	0	0	0
524	A	0	0	0	0	0	0	0
525	V	0	0	0	0	0	0	0
526	D	0	0	0	0	0	0	0
527	D	0	0	0	0	0	0	0
528	A	0	0	0	0	0	0	0
529	N	0	0	0	0	0	0	0
530	V	0	0	0	0	0	0	0
531	D	0	0	0	0	0	0	0
532	K	0	0	0	0	0	0	0
533	D	0	0	0	0	0	0	0
534	R	0	0	0	0	0	0	0
535	A	0	0	0	0	0	0	0
536	K	0	0	0	0	0	0	0
537	Q	0	0	0	0	0	0	0
538	W	0	0	0	0	0	0	0
539	V	0	0	0	0	0	0	0
540	T	0	0	0	0	0	0	0
541	L	0	0	0	0	0	0	0
542	V	0	0	0	0	0	0	0
543	V	0	0	0	0	0	0	0
544	D	0	0	0	0	0	0	0
545	V	0	0	0	0	0	0	0
546	N	0	0	0	0	0	0	0
547	Q	0	0	0	0	0	0	0
548	C	0	0	0	0	0	0	0
549	L	0	0	0	0	0	0	0
550	E	0	0	0	0	0	0	0
551	G	0	0	0	0	0	0	0
552	K	0	0	0	0	0	0	0
553	K	0	0	0	0	0	0	0
554	S	0	0	0	0	0	0	0
555	S	0	0	0	0	0	0	0
556	D	0	0	0	0	0	0	0
557	I	0	0	0	0	0	0	0
558	L	0	0	0	0	0	0	0
559	S	0	0	0	0	0	0	0
560	V	0	0	0	0	0	0	0
561	L	0	0	0	0	0	0	0
562	K	0	0	0	0	0	0	0
563	S	0	0	0	0	0	0	0
564	S	0	0	0	0	0	0	0
565	T	0	0	0	0	0	0	0
566	S	0	0	0	0	0	0	0
567	N	0	0	0	0	0	0	0
568	A	0	0	0	0	0	0	0
569	N	0	0	0	0	0	0	0
570	D	0	0	0	0	0	0	0
571	I	0	0	0	0	0	0	0
572	I	0	0	0	0	0	0	0
573	P	0	0	0	0	0	0	0
574	E	0	0	0	0	0	0	0
575	C	0	0	0	0	0	0	0
576	A	0	0	0	0	0	0	0
577	D	0	0	0	0	0	0	0
578	K	0	0	0	0	0	0	0
579	Y	Phosphotyrosine	IPECADKYYDALVKA	CHHHHHHHHHHHHHH	0	0	0	0
580	Y	Phosphotyrosine	PECADKYYDALVKAK	HHHHHHHHHHHHHHH	0	0	0	0
581	D	0	0	0	0	0	0	0
582	A	0	0	0	0	0	0	0
583	L	0	0	0	0	0	0	0
584	V	0	0	0	0	0	0	0
585	K	0	0	0	0	0	0	0
586	A	0	0	0	0	0	0	0
587	K	0	0	0	0	0	0	0
588	E	0	0	0	0	0	0	0
589	L	0	0	0	0	0	0	0
590	K	0	0	0	0	0	0	0
591	S	Phosphoserine	VKAKELKSERVSSDG	HHHHHHCCCCCCCCC	0	0	0	0
592	E	0	0	0	0	0	0	0
593	R	0	0	0	0	0	0	0
594	V	0	0	0	0	0	0	0
595	S	Phosphoserine	ELKSERVSSDGSWLK	HHCCCCCCCCCCEEE	0	0	0	0
596	S	Phosphoserine	LKSERVSSDGSWLKL	HCCCCCCCCCCEEEE	0	0	0	0
597	D	0	0	0	0	0	0	0
598	G	0	0	0	0	0	0	0
599	S	Phosphoserine	ERVSSDGSWLKLNLH	CCCCCCCCEEEEEEC	0	0	0	0
600	W	0	0	0	0	0	0	0
601	L	0	0	0	0	0	0	0
602	K	0	0	0	0	0	0	0
603	L	0	0	0	0	0	0	0
604	N	0	0	0	0	0	0	0
605	L	0	0	0	0	0	0	0
606	H	0	0	0	0	0	0	0
607	K	0	0	0	0	0	0	0
608	K	0	0	0	0	0	0	0
609	Y	Phosphotyrosine	KLNLHKKYDYYYNTD	EEEECCCCCEEECCC	0	0	0	0
610	D	0	0	0	0	0	0	0
611	Y	Phosphotyrosine	NLHKKYDYYYNTDSK	EECCCCCEEECCCCC	0	0	0	0
612	Y	Phosphotyrosine	LHKKYDYYYNTDSKE	ECCCCCEEECCCCCC	0	0	0	0
613	Y	Phosphotyrosine	HKKYDYYYNTDSKES	CCCCCEEECCCCCCC	0	0	0	0
614	N	0	0	0	0	0	0	0
615	T	0	0	0	0	0	0	0
616	D	0	0	0	0	0	0	0
617	S	Phosphoserine	DYYYNTDSKESSWVT	CEEECCCCCCCCCCC	0	0	0	0
618	K	0	0	0	0	0	0	0
619	E	0	0	0	0	0	0	0
620	S	0	0	0	0	0	0	0
621	S	0	0	0	0	0	0	0
622	W	0	0	0	0	0	0	0
623	V	0	0	0	0	0	0	0
624	T	Phosphothreonine	SKESSWVTPESCLYK	CCCCCCCCCHHHCEE	0	0	0	0
625	P	0	0	0	0	0	0	0
626	E	0	0	0	0	0	0	0
627	S	0	0	0	0	0	0	0
628	C	0	0	0	0	0	0	0
629	L	0	0	0	0	0	0	0
630	Y	Phosphotyrosine	VTPESCLYKESWLTG	CCCHHHCEECCCCCC	0	0	0	0
631	K	0	0	0	0	0	0	0
632	E	0	0	0	0	0	0	0
633	S	0	0	0	0	0	0	0
634	W	0	0	0	0	0	0	0
635	L	0	0	0	0	0	0	0
636	T	0	0	0	0	0	0	0
637	G	0	0	0	0	0	0	0
638	K	0	0	0	0	0	0	0
639	E	0	0	0	0	0	0	0
640	I	0	0	0	0	0	0	0
641	E	0	0	0	0	0	0	0
642	D	0	0	0	0	0	0	0
643	I	0	0	0	0	0	0	0
644	I	0	0	0	0	0	0	0
645	E	0	0	0	0	0	0	0
646	E	0	0	0	0	0	0	0
647	V	0	0	0	0	0	0	0
648	T	0	0	0	0	0	0	0
649	V	0	0	0	0	0	0	0
650	G	0	0	0	0	0	0	0
651	Y	0	0	0	0	0	0	0
652	I	0	0	0	0	0	0	0
653	R	0	0	0	0	0	0	0
654	E	0	0	0	0	0	0	0
655	N	0	0	0	0	0	0	0
656	I	0	0	0	0	0	0	0
657	W	0	0	0	0	0	0	0
658	S	0	0	0	0	0	0	0
659	A	0	0	0	0	0	0	0
660	S	0	0	0	0	0	0	0
661	E	0	0	0	0	0	0	0
662	E	0	0	0	0	0	0	0
663	L	0	0	0	0	0	0	0
664	L	0	0	0	0	0	0	0
665	L	0	0	0	0	0	0	0
666	R	0	0	0	0	0	0	0
667	F	0	0	0	0	0	0	0
668	Q	0	0	0	0	0	0	0
669	A	0	0	0	0	0	0	0
670	T	0	0	0	0	0	0	0
671	S	Phosphoserine	LLRFQATSSGPILRE	HHHHHHCCCCCCHHH	0	0	0	0
672	S	Phosphoserine	LRFQATSSGPILREE	HHHHHCCCCCCHHHH	0	0	0	0
673	G	0	0	0	0	0	0	0
674	P	0	0	0	0	0	0	0
675	I	0	0	0	0	0	0	0
676	L	0	0	0	0	0	0	0
677	R	0	0	0	0	0	0	0
678	E	0	0	0	0	0	0	0
679	E	0	0	0	0	0	0	0
680	F	0	0	0	0	0	0	0
681	E	0	0	0	0	0	0	0
682	A	0	0	0	0	0	0	0
683	R	0	0	0	0	0	0	0
684	K	0	0	0	0	0	0	0
685	S	Phosphoserine	EEFEARKSFLHEQEE	HHHHHHHHHHHHHHH	0	0	0	0
686	F	0	0	0	0	0	0	0
687	L	0	0	0	0	0	0	0
688	H	0	0	0	0	0	0	0
689	E	0	0	0	0	0	0	0
690	Q	0	0	0	0	0	0	0
691	E	0	0	0	0	0	0	0
692	E	0	0	0	0	0	0	0
693	N	0	0	0	0	0	0	0
694	V	0	0	0	0	0	0	0
695	V	0	0	0	0	0	0	0
696	K	0	0	0	0	0	0	0
697	I	0	0	0	0	0	0	0
698	Q	0	0	0	0	0	0	0
699	A	0	0	0	0	0	0	0
700	F	0	0	0	0	0	0	0
701	W	0	0	0	0	0	0	0
702	K	0	0	0	0	0	0	0
703	G	0	0	0	0	0	0	0
704	Y	0	0	0	0	0	0	0
705	K	0	0	0	0	0	0	0
706	Q	0	0	0	0	0	0	0
707	R	0	0	0	0	0	0	0
708	K	0	0	0	0	0	0	0
709	E	0	0	0	0	0	0	0
710	Y	Phosphotyrosine	GYKQRKEYMHRRQTF	HHHHHHHHHHHHHHH	0	0	0	0
711	M	0	0	0	0	0	0	0
712	H	0	0	0	0	0	0	0
713	R	0	0	0	0	0	0	0
714	R	0	0	0	0	0	0	0
715	Q	0	0	0	0	0	0	0
716	T	Phosphothreonine	EYMHRRQTFIDNTDS	HHHHHHHHHCCCCHH	0	0	0	0
717	F	0	0	0	0	0	0	0
718	I	0	0	0	0	0	0	0
719	D	0	0	0	0	0	0	0
720	N	0	0	0	0	0	0	0
721	T	0	0	0	0	0	0	0
722	D	0	0	0	0	0	0	0
723	S	0	0	0	0	0	0	0
724	I	0	0	0	0	0	0	0
725	V	0	0	0	0	0	0	0
726	K	0	0	0	0	0	0	0
727	I	0	0	0	0	0	0	0
728	Q	0	0	0	0	0	0	0
729	S	0	0	0	0	0	0	0
730	W	0	0	0	0	0	0	0
731	F	0	0	0	0	0	0	0
732	R	0	0	0	0	0	0	0
733	M	0	0	0	0	0	0	0
734	A	0	0	0	0	0	0	0
735	T	Phosphothreonine	QSWFRMATARKSYLS	HHHHHHHHHCHHHHH	0	0	0	0
736	A	0	0	0	0	0	0	0
737	R	0	0	0	0	0	0	0
738	K	0	0	0	0	0	0	0
739	S	Phosphoserine	RMATARKSYLSRLQY	HHHHHCHHHHHHHHH	0	0	0	0
740	Y	Phosphotyrosine	MATARKSYLSRLQYF	HHHHCHHHHHHHHHH	0	0	0	0
741	L	0	0	0	0	0	0	0
742	S	0	0	0	0	0	0	0
743	R	0	0	0	0	0	0	0
744	L	0	0	0	0	0	0	0
745	Q	0	0	0	0	0	0	0
746	Y	Phosphotyrosine	SYLSRLQYFRDHNNE	HHHHHHHHHHHCCCH	0	0	0	0
747	F	0	0	0	0	0	0	0
748	R	0	0	0	0	0	0	0
749	D	0	0	0	0	0	0	0
750	H	0	0	0	0	0	0	0
751	N	0	0	0	0	0	0	0
752	N	0	0	0	0	0	0	0
753	E	0	0	0	0	0	0	0
754	I	0	0	0	0	0	0	0
755	V	0	0	0	0	0	0	0
756	K	0	0	0	0	0	0	0
757	I	0	0	0	0	0	0	0
758	Q	0	0	0	0	0	0	0
759	S	Phosphoserine	NEIVKIQSLLRANKA	CHHHHHHHHHHHHCC	0	0	0	0
760	L	0	0	0	0	0	0	0
761	L	0	0	0	0	0	0	0
762	R	0	0	0	0	0	0	0
763	A	0	0	0	0	0	0	0
764	N	0	0	0	0	0	0	0
765	K	0	0	0	0	0	0	0
766	A	0	0	0	0	0	0	0
767	R	0	0	0	0	0	0	0
768	D	0	0	0	0	0	0	0
769	D	0	0	0	0	0	0	0
770	Y	Phosphotyrosine	ANKARDDYKTLVGSE	HHCCCCCHHHHCCCC	0	0	0	0
771	K	N-acetyllysine	NKARDDYKTLVGSEN	HCCCCCHHHHCCCCC	0	0	0	0
772	T	Phosphothreonine	KARDDYKTLVGSENP	CCCCCHHHHCCCCCC	0	0	0	0
773	L	0	0	0	0	0	0	0
774	V	0	0	0	0	0	0	0
775	G	0	0	0	0	0	0	0
776	S	0	0	0	0	0	0	0
777	E	0	0	0	0	0	0	0
778	N	0	0	0	0	0	0	0
779	P	0	0	0	0	0	0	0
780	P	0	0	0	0	0	0	0
781	L	0	0	0	0	0	0	0
782	T	Phosphothreonine	GSENPPLTVIRKFVY	CCCCCCHHHHHHHHH	0	0	0	0
783	V	0	0	0	0	0	0	0
784	I	0	0	0	0	0	0	0
785	R	0	0	0	0	0	0	0
786	K	N-acetyllysine	PPLTVIRKFVYLLDQ	CCHHHHHHHHHHHCC	0	0	0	0
787	F	0	0	0	0	0	0	0
788	V	0	0	0	0	0	0	0
789	Y	0	0	0	0	0	0	0
790	L	0	0	0	0	0	0	0
791	L	0	0	0	0	0	0	0
792	D	0	0	0	0	0	0	0
793	Q	0	0	0	0	0	0	0
794	S	0	0	0	0	0	0	0
795	D	0	0	0	0	0	0	0
796	L	0	0	0	0	0	0	0
797	D	0	0	0	0	0	0	0
798	F	0	0	0	0	0	0	0
799	Q	0	0	0	0	0	0	0
800	E	0	0	0	0	0	0	0
801	E	0	0	0	0	0	0	0
802	L	0	0	0	0	0	0	0
803	E	0	0	0	0	0	0	0
804	V	0	0	0	0	0	0	0
805	A	0	0	0	0	0	0	0
806	R	0	0	0	0	0	0	0
807	L	0	0	0	0	0	0	0
808	R	0	0	0	0	0	0	0
809	E	0	0	0	0	0	0	0
810	E	0	0	0	0	0	0	0
811	V	0	0	0	0	0	0	0
812	V	0	0	0	0	0	0	0
813	T	0	0	0	0	0	0	0
814	K	0	0	0	0	0	0	0
815	I	0	0	0	0	0	0	0
816	R	0	0	0	0	0	0	0
817	A	0	0	0	0	0	0	0
818	N	0	0	0	0	0	0	0
819	Q	0	0	0	0	0	0	0
820	Q	0	0	0	0	0	0	0
821	L	0	0	0	0	0	0	0
822	E	0	0	0	0	0	0	0
823	K	0	0	0	0	0	0	0
824	D	0	0	0	0	0	0	0
825	L	0	0	0	0	0	0	0
826	N	0	0	0	0	0	0	0
827	L	0	0	0	0	0	0	0
828	M	0	0	0	0	0	0	0
829	D	0	0	0	0	0	0	0
830	I	0	0	0	0	0	0	0
831	K	0	0	0	0	0	0	0
832	I	0	0	0	0	0	0	0
833	G	0	0	0	0	0	0	0
834	L	0	0	0	0	0	0	0
835	L	0	0	0	0	0	0	0
836	V	0	0	0	0	0	0	0
837	K	0	0	0	0	0	0	0
838	N	0	0	0	0	0	0	0
839	R	0	0	0	0	0	0	0
840	I	0	0	0	0	0	0	0
841	T	0	0	0	0	0	0	0
842	L	0	0	0	0	0	0	0
843	E	0	0	0	0	0	0	0
844	D	0	0	0	0	0	0	0
845	V	0	0	0	0	0	0	0
846	I	0	0	0	0	0	0	0
847	S	0	0	0	0	0	0	0
848	H	0	0	0	0	0	0	0
849	S	0	0	0	0	0	0	0
850	K	0	0	0	0	0	0	0
851	K	0	0	0	0	0	0	0
852	L	0	0	0	0	0	0	0
853	N	0	0	0	0	0	0	0
854	K	0	0	0	0	0	0	0
855	K	0	0	0	0	0	0	0
856	K	0	0	0	0	0	0	0
857	G	0	0	0	0	0	0	0
858	G	0	0	0	0	0	0	0
859	E	0	0	0	0	0	0	0
860	M	0	0	0	0	0	0	0
861	E	0	0	0	0	0	0	0
862	I	0	0	0	0	0	0	0
863	L	0	0	0	0	0	0	0
864	N	0	0	0	0	0	0	0
865	N	0	0	0	0	0	0	0
866	T	0	0	0	0	0	0	0
867	D	0	0	0	0	0	0	0
868	N	0	0	0	0	0	0	0
869	Q	0	0	0	0	0	0	0
870	G	0	0	0	0	0	0	0
871	I	0	0	0	0	0	0	0
872	K	0	0	0	0	0	0	0
873	S	0	0	0	0	0	0	0
874	L	0	0	0	0	0	0	0
875	S	Phosphoserine	NQGIKSLSKERRKTL	CCHHHHCCHHHHHHH	Mean platelet volume:mean platelet volume	883 (8)	0	0
876	K	0	0	0	0	0	0	0
877	E	0	0	0	0	0	0	0
878	R	0	0	0	0	0	0	0
879	R	0	0	0	0	0	0	0
880	K	0	0	0	0	0	0	0
881	T	Phosphothreonine	LSKERRKTLETYQQL	CCHHHHHHHHHHHHH	Mean platelet volume:mean platelet volume	883 (2)	0	0
882	L	0	0	0	0	0	0	0
883	E	0	0	0	0	0	Q	875,881,885,890
884	T	0	0	0	0	0	0	0
885	Y	Phosphotyrosine	RRKTLETYQQLFYLL	HHHHHHHHHHHHHHH	Mean platelet volume:mean platelet volume;Reticulocyte count:reticulocyte count	883;894 (2;9)	0	0
886	Q	0	0	0	0	0	0	0
887	Q	0	0	0	0	0	0	0
888	L	0	0	0	0	0	0	0
889	F	0	0	0	0	0	0	0
890	Y	Phosphotyrosine	ETYQQLFYLLQTNPL	HHHHHHHHHHHHCHH	Mean platelet volume:mean platelet volume;Reticulocyte count:reticulocyte count	883;894 (7;4)	0	0
891	L	0	0	0	0	0	0	0
892	L	0	0	0	0	0	0	0
893	Q	0	0	0	0	0	0	0
894	T	0	0	0	0	0	I	885,890
895	N	0	0	0	0	0	0	0
896	P	0	0	0	0	0	0	0
897	L	0	0	0	0	0	0	0
898	Y	0	0	0	0	0	0	0
899	L	0	0	0	0	0	0	0
900	A	0	0	0	0	0	0	0
901	K	0	0	0	0	0	0	0
902	L	0	0	0	0	0	0	0
903	I	0	0	0	0	0	0	0
904	F	0	0	0	0	0	0	0
905	Q	0	0	0	0	0	0	0
906	M	0	0	0	0	0	0	0
907	P	0	0	0	0	0	0	0
908	Q	0	0	0	0	0	0	0
909	N	0	0	0	0	0	0	0
910	K	Ubiquitinlysine	IFQMPQNKSTKFMDT	HHCCCCCCCCCCHHH	0	0	0	0
911	S	0	0	0	0	0	0	0
912	T	0	0	0	0	0	0	0
913	K	0	0	0	0	0	0	0
914	F	0	0	0	0	0	0	0
915	M	0	0	0	0	0	0	0
916	D	0	0	0	0	0	0	0
917	T	0	0	0	0	0	0	0
918	V	0	0	0	0	0	0	0
919	I	0	0	0	0	0	0	0
920	F	0	0	0	0	0	0	0
921	T	0	0	0	0	0	0	0
922	L	0	0	0	0	0	0	0
923	Y	0	0	0	0	0	0	0
924	N	0	0	0	0	0	0	0
925	Y	0	0	0	0	0	0	0
926	A	0	0	0	0	0	0	0
927	S	0	0	0	0	0	0	0
928	N	0	0	0	0	0	0	0
929	Q	0	0	0	0	0	0	0
930	R	0	0	0	0	0	0	0
931	E	0	0	0	0	0	0	0
932	E	0	0	0	0	0	0	0
933	Y	0	0	0	0	0	0	0
934	L	0	0	0	0	0	0	0
935	L	0	0	0	0	0	0	0
936	L	0	0	0	0	0	0	0
937	K	0	0	0	0	0	0	0
938	L	0	0	0	0	0	0	0
939	F	0	0	0	0	0	0	0
940	K	0	0	0	0	0	0	0
941	T	0	0	0	0	0	0	0
942	A	0	0	0	0	0	0	0
943	L	0	0	0	0	0	0	0
944	E	0	0	0	0	0	0	0
945	E	0	0	0	0	0	0	0
946	E	0	0	0	0	0	0	0
947	I	0	0	0	0	0	0	0
948	K	0	0	0	0	0	0	0
949	S	0	0	0	0	0	0	0
950	K	0	0	0	0	0	0	0
951	V	0	0	0	0	0	0	0
952	D	0	0	0	0	0	0	0
953	Q	0	0	0	0	0	0	0
954	V	0	0	0	0	0	0	0
955	Q	0	0	0	0	0	0	0
956	D	0	0	0	0	0	0	0
957	I	0	0	0	0	0	0	0
958	V	0	0	0	0	0	0	0
959	T	0	0	0	0	0	0	0
960	G	0	0	0	0	0	0	0
961	N	0	0	0	0	0	0	0
962	P	0	0	0	0	0	0	0
963	T	0	0	0	0	0	0	0
964	V	0	0	0	0	0	0	0
965	I	0	0	0	0	0	0	0
966	K	0	0	0	0	0	0	0
967	M	0	0	0	0	0	0	0
968	V	0	0	0	0	0	0	0
969	V	0	0	0	0	0	0	0
970	S	0	0	0	0	0	0	0
971	F	0	0	0	0	0	0	0
972	N	0	0	0	0	0	0	0
973	R	0	0	0	0	0	0	0
974	G	0	0	0	0	0	0	0
975	A	0	0	0	0	0	0	0
976	R	0	0	0	0	0	0	0
977	G	0	0	0	0	0	0	0
978	Q	0	0	0	0	0	0	0
979	N	0	0	0	0	0	0	0
980	T	0	0	0	0	0	0	0
981	L	0	0	0	0	0	0	0
982	R	0	0	0	0	0	0	0
983	Q	0	0	0	0	0	0	0
984	L	0	0	0	0	0	0	0
985	L	0	0	0	0	0	0	0
986	A	0	0	0	0	0	0	0
987	P	0	0	0	0	0	0	0
988	V	0	0	0	0	0	0	0
989	V	0	0	0	0	0	0	0
990	K	0	0	0	0	0	0	0
991	E	0	0	0	0	0	0	0
992	I	0	0	0	0	0	0	0
993	I	0	0	0	0	0	0	0
994	D	0	0	0	0	0	0	0
995	D	0	0	0	0	0	0	0
996	K	0	0	0	0	0	0	0
997	S	0	0	0	0	0	0	0
998	L	0	0	0	0	0	0	0
999	I	0	0	0	0	0	0	0
1000	I	0	0	0	0	0	0	0
1001	N	0	0	0	0	0	0	0
1002	T	Phosphothreonine	DKSLIINTNPVEVYK	CCCEEECCCCHHHHH	0	0	0	0
1003	N	0	0	0	0	0	0	0
1004	P	0	0	0	0	0	0	0
1005	V	0	0	0	0	0	0	0
1006	E	0	0	0	0	0	0	0
1007	V	0	0	0	0	0	0	0
1008	Y	0	0	0	0	0	0	0
1009	K	0	0	0	0	0	0	0
1010	A	0	0	0	0	0	0	0
1011	W	0	0	0	0	0	0	0
1012	V	0	0	0	0	0	0	0
1013	N	0	0	0	0	0	0	0
1014	Q	0	0	0	0	0	0	0
1015	L	0	0	0	0	0	0	0
1016	E	0	0	0	0	0	0	0
1017	T	0	0	0	0	0	0	0
1018	Q	0	0	0	0	0	0	0
1019	T	0	0	0	0	0	0	0
1020	G	0	0	0	0	0	0	0
1021	E	0	0	0	0	0	0	0
1022	A	0	0	0	0	0	0	0
1023	S	0	0	0	0	0	0	0
1024	K	0	0	0	0	0	0	0
1025	L	0	0	0	0	0	0	0
1026	P	0	0	0	0	0	0	0
1027	Y	0	0	0	0	0	0	0
1028	D	0	0	0	0	0	0	0
1029	V	0	0	0	0	0	0	0
1030	T	0	0	0	0	0	0	0
1031	T	0	0	0	0	0	0	0
1032	E	0	0	0	0	0	0	0
1033	Q	0	0	0	0	0	0	0
1034	A	0	0	0	0	0	0	0
1035	L	0	0	0	0	0	0	0
1036	T	0	0	0	0	0	0	0
1037	Y	0	0	0	0	0	0	0
1038	P	0	0	0	0	0	0	0
1039	E	0	0	0	0	0	0	0
1040	V	0	0	0	0	0	0	0
1041	K	0	0	0	0	0	0	0
1042	N	0	0	0	0	0	0	0
1043	K	0	0	0	0	0	0	0
1044	L	0	0	0	0	0	0	0
1045	E	0	0	0	0	0	0	0
1046	A	0	0	0	0	0	0	0
1047	S	0	0	0	0	0	0	0
1048	I	0	0	0	0	0	0	0
1049	E	0	0	0	0	0	0	0
1050	N	0	0	0	0	0	0	0
1051	L	0	0	0	0	0	0	0
1052	R	0	0	0	0	0	0	0
1053	R	0	0	0	0	0	0	0
1054	V	0	0	0	0	0	0	0
1055	T	0	0	0	0	0	0	0
1056	D	0	0	0	0	0	0	0
1057	K	0	0	0	0	0	0	0
1058	V	0	0	0	0	0	0	0
1059	L	0	0	0	0	0	0	0
1060	N	0	0	0	0	0	0	0
1061	S	0	0	0	0	0	0	0
1062	I	0	0	0	0	0	0	0
1063	I	0	0	0	0	0	0	0
1064	S	0	0	0	0	0	0	0
1065	S	0	0	0	0	0	0	0
1066	L	0	0	0	0	0	0	0
1067	D	0	0	0	0	0	0	0
1068	L	0	0	0	0	0	0	0
1069	L	0	0	0	0	0	0	0
1070	P	0	0	0	0	0	0	0
1071	Y	0	0	0	0	0	0	0
1072	G	0	0	0	0	0	0	0
1073	L	0	0	0	0	0	0	0
1074	R	0	0	0	0	0	0	0
1075	Y	0	0	0	0	0	0	0
1076	I	0	0	0	0	0	0	0
1077	A	0	0	0	0	0	0	0
1078	K	0	0	0	0	0	0	0
1079	V	0	0	0	0	0	0	0
1080	L	0	0	0	0	0	0	0
1081	K	0	0	0	0	0	0	0
1082	N	0	0	0	0	0	0	0
1083	S	Phosphoserine	IAKVLKNSIHEKFPD	HHHHHHHCHHHHCCC	0	0	0	0
1084	I	0	0	0	0	0	0	0
1085	H	0	0	0	0	0	0	0
1086	E	0	0	0	0	0	0	0
1087	K	0	0	0	0	0	0	0
1088	F	0	0	0	0	0	0	0
1089	P	0	0	0	0	0	0	0
1090	D	0	0	0	0	0	0	0
1091	A	0	0	0	0	0	0	0
1092	T	0	0	0	0	0	0	0
1093	E	0	0	0	0	0	0	0
1094	D	0	0	0	0	0	0	0
1095	E	0	0	0	0	0	0	0
1096	L	0	0	0	0	0	0	0
1097	L	0	0	0	0	0	0	0
1098	K	0	0	0	0	0	0	0
1099	I	0	0	0	0	0	0	0
1100	V	0	0	0	0	0	0	0
1101	G	0	0	0	0	0	0	0
1102	N	0	0	0	0	0	0	0
1103	L	0	0	0	0	0	0	0
1104	L	0	0	0	0	0	0	0
1105	Y	0	0	0	0	0	0	0
1106	Y	Phosphotyrosine	IVGNLLYYRYMNPAI	HHHHHHHHHCCCCCE	0	0	0	0
1107	R	0	0	0	0	0	0	0
1108	Y	0	0	0	0	0	0	0
1109	M	0	0	0	0	0	0	0
1110	N	0	0	0	0	0	0	0
1111	P	0	0	0	0	0	0	0
1112	A	0	0	0	0	0	0	0
1113	I	0	0	0	0	0	0	0
1114	V	0	0	0	0	0	0	0
1115	A	0	0	0	0	0	0	0
1116	P	0	0	0	0	0	0	0
1117	D	0	0	0	0	0	0	0
1118	G	0	0	0	0	0	0	0
1119	F	0	0	0	0	0	0	0
1120	D	0	0	0	0	0	0	0
1121	I	0	0	0	0	0	0	0
1122	I	0	0	0	0	0	0	0
1123	D	0	0	0	0	0	0	0
1124	M	0	0	0	0	0	0	0
1125	T	0	0	0	0	0	0	0
1126	A	0	0	0	0	0	0	0
1127	G	0	0	0	0	0	0	0
1128	G	0	0	0	0	0	0	0
1129	Q	0	0	0	0	0	0	0
1130	I	0	0	0	0	0	0	0
1131	N	0	0	0	0	0	0	0
1132	S	0	0	0	0	0	0	0
1133	D	0	0	0	0	0	0	0
1134	Q	0	0	0	0	0	0	0
1135	R	0	0	0	0	0	0	0
1136	R	0	0	0	0	0	0	0
1137	N	0	0	0	0	0	0	0
1138	L	0	0	0	0	0	0	0
1139	G	0	0	0	0	0	0	0
1140	S	0	0	0	0	0	0	0
1141	V	0	0	0	0	0	0	0
1142	A	0	0	0	0	0	0	0
1143	K	0	0	0	0	0	0	0
1144	V	0	0	0	0	0	0	0
1145	L	0	0	0	0	0	0	0
1146	Q	0	0	0	0	0	0	0
1147	H	0	0	0	0	0	0	0
1148	A	0	0	0	0	0	0	0
1149	A	0	0	0	0	0	0	0
1150	S	0	0	0	0	0	0	0
1151	N	0	0	0	0	0	0	0
1152	K	0	0	0	0	0	0	0
1153	L	0	0	0	0	0	0	0
1154	F	0	0	0	0	0	0	0
1155	E	0	0	0	0	0	0	0
1156	G	0	0	0	0	0	0	0
1157	E	0	0	0	0	0	0	0
1158	N	0	0	0	0	0	0	0
1159	E	0	0	0	0	0	0	0
1160	H	0	0	0	0	0	0	0
1161	L	0	0	0	0	0	0	0
1162	S	0	0	0	0	0	0	0
1163	S	0	0	0	0	0	0	0
1164	M	0	0	0	0	0	0	0
1165	N	0	0	0	0	0	0	0
1166	N	0	0	0	0	0	0	0
1167	Y	0	0	0	0	0	0	0
1168	L	0	0	0	0	0	0	0
1169	S	0	0	0	0	0	0	0
1170	E	0	0	0	0	0	0	0
1171	T	0	0	0	0	0	0	0
1172	Y	Phosphotyrosine	NNYLSETYQEFRKYF	HHHHHHHHHHHHHHH	0	0	0	0
1173	Q	0	0	0	0	0	0	0
1174	E	0	0	0	0	0	0	0
1175	F	0	0	0	0	0	0	0
1176	R	0	0	0	0	0	0	0
1177	K	0	0	0	0	0	0	0
1178	Y	Phosphotyrosine	TYQEFRKYFKEACNV	HHHHHHHHHHHHHCC	0	0	0	0
1179	F	0	0	0	0	0	0	0
1180	K	0	0	0	0	0	0	0
1181	E	0	0	0	0	0	0	0
1182	A	0	0	0	0	0	0	0
1183	C	0	0	0	0	0	0	0
1184	N	0	0	0	0	0	0	0
1185	V	0	0	0	0	0	0	0
1186	P	0	0	0	0	0	0	0
1187	E	0	0	0	0	0	0	0
1188	P	0	0	0	0	0	0	0
1189	E	0	0	0	0	0	0	0
1190	E	0	0	0	0	0	0	0
1191	K	0	0	0	0	0	0	0
1192	F	0	0	0	0	0	0	0
1193	N	0	0	0	0	0	0	0
1194	M	0	0	0	0	0	0	0
1195	D	0	0	0	0	0	0	0
1196	K	0	0	0	0	0	0	0
1197	Y	0	0	0	0	0	0	0
1198	T	0	0	0	0	0	0	0
1199	D	0	0	0	0	0	0	0
1200	L	0	0	0	0	0	0	0
1201	V	0	0	0	0	0	0	0
1202	T	0	0	0	0	0	0	0
1203	V	0	0	0	0	0	0	0
1204	S	0	0	0	0	0	0	0
1205	K	0	0	0	0	0	0	0
1206	P	0	0	0	0	0	0	0
1207	V	0	0	0	0	0	0	0
1208	I	0	0	0	0	0	0	0
1209	Y	0	0	0	0	0	0	0
1210	I	0	0	0	0	0	0	0
1211	S	0	0	0	0	0	0	0
1212	I	0	0	0	0	0	0	0
1213	E	0	0	0	0	0	0	0
1214	E	0	0	0	0	0	0	0
1215	I	0	0	0	0	0	0	0
1216	I	0	0	0	0	0	0	0
1217	S	0	0	0	0	0	0	0
1218	T	0	0	0	0	0	0	0
1219	H	0	0	0	0	0	0	0
1220	S	0	0	0	0	0	0	0
1221	L	0	0	0	0	0	0	0
1222	L	0	0	0	0	0	0	0
1223	L	0	0	0	0	0	0	0
1224	E	0	0	0	0	0	0	0
1225	H	0	0	0	0	0	0	0
1226	Q	0	0	0	0	0	0	0
1227	D	0	0	0	0	0	0	0
1228	A	0	0	0	0	0	0	0
1229	I	0	0	0	0	0	0	0
1230	A	0	0	0	0	0	0	0
1231	P	0	0	0	0	0	0	0
1232	E	0	0	0	0	0	0	0
1233	K	0	0	0	0	0	0	0
1234	N	0	0	0	0	0	0	0
1235	D	0	0	0	0	0	0	0
1236	L	0	0	0	0	0	0	0
1237	L	0	0	0	0	0	0	0
1238	S	0	0	0	0	0	0	0
1239	E	0	0	0	0	0	0	0
1240	L	0	0	0	0	0	0	0
1241	L	0	0	0	0	0	0	0
1242	G	0	0	0	0	0	0	0
1243	S	0	0	0	0	0	0	0
1244	L	0	0	0	0	0	0	0
1245	G	0	0	0	0	0	0	0
1246	E	0	0	0	0	0	0	0
1247	V	0	0	0	0	0	0	0
1248	P	0	0	0	0	0	0	0
1249	T	Phosphothreonine	GSLGEVPTVESFLGE	HHCCCCCCHHHHHCC	0	0	0	0
1250	V	0	0	0	0	0	0	0
1251	E	0	0	0	0	0	0	0
1252	S	0	0	0	0	0	0	0
1253	F	0	0	0	0	0	0	0
1254	L	0	0	0	0	0	0	0
1255	G	0	0	0	0	0	0	0
1256	E	0	0	0	0	0	0	0
1257	G	0	0	0	0	0	0	0
1258	A	0	0	0	0	0	0	0
1259	V	0	0	0	0	0	0	0
1260	D	0	0	0	0	0	0	0
1261	P	0	0	0	0	0	0	0
1262	N	0	0	0	0	0	0	0
1263	D	0	0	0	0	0	0	0
1264	P	0	0	0	0	0	0	0
1265	N	0	0	0	0	0	0	0
1266	K	0	0	0	0	0	0	0
1267	A	0	0	0	0	0	0	0
1268	N	0	0	0	0	0	0	0
1269	T	Phosphothreonine	NDPNKANTLSQLSKT	CCCCCCCHHHHHCHH	0	0	0	0
1270	L	0	0	0	0	0	0	0
1271	S	Phosphoserine	PNKANTLSQLSKTEI	CCCCCHHHHHCHHHH	0	0	0	0
1272	Q	0	0	0	0	0	0	0
1273	L	0	0	0	0	0	0	0
1274	S	0	0	0	0	0	0	0
1275	K	0	0	0	0	0	0	0
1276	T	Phosphothreonine	TLSQLSKTEISLVLT	HHHHHCHHHHEEEEE	0	0	0	0
1277	E	0	0	0	0	0	0	0
1278	I	0	0	0	0	0	0	0
1279	S	Phosphoserine	QLSKTEISLVLTSKY	HHCHHHHEEEEEECC	0	0	0	0
1280	L	0	0	0	0	0	0	0
1281	V	0	0	0	0	0	0	0
1282	L	0	0	0	0	0	0	0
1283	T	0	0	0	0	0	0	0
1284	S	Phosphoserine	EISLVLTSKYDIEDG	HHEEEEEECCCCCCC	0	0	0	0
1285	K	0	0	0	0	0	0	0
1286	Y	0	0	0	0	0	0	0
1287	D	0	0	0	0	0	0	0
1288	I	0	0	0	0	0	0	0
1289	E	0	0	0	0	0	0	0
1290	D	0	0	0	0	0	0	0
1291	G	0	0	0	0	0	0	0
1292	E	0	0	0	0	0	0	0
1293	A	0	0	0	0	0	0	0
1294	I	0	0	0	0	0	0	0
1295	D	0	0	0	0	0	0	0
1296	S	0	0	0	0	0	0	0
1297	R	0	0	0	0	0	0	0
1298	S	0	0	0	0	0	0	0
1299	L	0	0	0	0	0	0	0
1300	M	0	0	0	0	0	0	0
1301	I	0	0	0	0	0	0	0
1302	K	0	0	0	0	0	0	0
1303	T	0	0	0	0	0	0	0
1304	K	0	0	0	0	0	0	0
1305	K	0	0	0	0	0	0	0
1306	L	0	0	0	0	0	0	0
1307	I	0	0	0	0	0	0	0
1308	I	0	0	0	0	0	0	0
1309	D	0	0	0	0	0	0	0
1310	V	0	0	0	0	0	0	0
1311	I	0	0	0	0	0	0	0
1312	R	0	0	0	0	0	0	0
1313	N	0	0	0	0	0	0	0
1314	Q	0	0	0	0	0	0	0
1315	P	0	0	0	0	0	0	0
1316	G	0	0	0	0	0	0	0
1317	N	0	0	0	0	0	0	0
1318	T	0	0	0	0	0	0	0
1319	L	0	0	0	0	0	0	0
1320	T	0	0	0	0	0	0	0
1321	E	0	0	0	0	0	0	0
1322	I	0	0	0	0	0	0	0
1323	L	0	0	0	0	0	0	0
1324	E	0	0	0	0	0	0	0
1325	T	0	0	0	0	0	0	0
1326	P	0	0	0	0	0	0	0
1327	A	0	0	0	0	0	0	0
1328	T	0	0	0	0	0	0	0
1329	A	0	0	0	0	0	0	0
1330	Q	0	0	0	0	0	0	0
1331	Q	0	0	0	0	0	0	0
1332	E	0	0	0	0	0	0	0
1333	V	0	0	0	0	0	0	0
1334	D	0	0	0	0	0	0	0
1335	H	0	0	0	0	0	0	0
1336	A	0	0	0	0	0	0	0
1337	T	0	0	0	0	0	0	0
1338	D	0	0	0	0	0	0	0
1339	M	0	0	0	0	0	0	0
1340	V	0	0	0	0	0	0	0
1341	S	0	0	0	0	0	0	0
1342	R	0	0	0	0	0	0	0
1343	A	0	0	0	0	0	0	0
1344	M	0	0	0	0	0	0	0
1345	I	0	0	0	0	0	0	0
1346	D	0	0	0	0	0	0	0
1347	S	0	0	0	0	0	0	0
1348	R	0	0	0	0	0	0	0
1349	T	Phosphothreonine	RAMIDSRTPEEMKHS	HHHHCCCCHHHHHCC	0	0	0	0
1350	P	0	0	0	0	0	0	0
1351	E	0	0	0	0	0	0	0
1352	E	0	0	0	0	0	0	0
1353	M	0	0	0	0	0	0	0
1354	K	0	0	0	0	0	0	0
1355	H	0	0	0	0	0	0	0
1356	S	Phosphoserine	TPEEMKHSQSMIEDA	CHHHHHCCHHHHHHC	0	0	0	0
1357	Q	0	0	0	0	0	0	0
1358	S	Phosphoserine	EEMKHSQSMIEDAQL	HHHHCCHHHHHHCCC	0	0	0	0
1359	M	0	0	0	0	0	0	0
1360	I	0	0	0	0	0	0	0
1361	E	0	0	0	0	0	0	0
1362	D	0	0	0	0	0	0	0
1363	A	0	0	0	0	0	0	0
1364	Q	0	0	0	0	0	0	0
1365	L	0	0	0	0	0	0	0
1366	P	0	0	0	0	0	0	0
1367	L	0	0	0	0	0	0	0
1368	E	0	0	0	0	0	0	0
1369	Q	0	0	0	0	0	0	0
1370	K	0	0	0	0	0	0	0
1371	K	0	0	0	0	0	0	0
1372	R	0	0	0	0	0	0	0
1373	K	0	0	0	0	0	0	0
1374	I	0	0	0	0	0	0	0
1375	Q	0	0	0	0	0	0	0
1376	R	0	0	0	0	0	0	0
1377	N	0	0	0	0	0	0	0
1378	L	0	0	0	0	0	0	0
1379	R	0	0	0	0	0	0	0
1380	T	Phosphothreonine	KIQRNLRTLEQTGHV	HHHHHHHHHHHHCCC	0	0	0	0
1381	L	0	0	0	0	0	0	0
1382	E	0	0	0	0	0	0	0
1383	Q	0	0	0	0	0	0	0
1384	T	Phosphothreonine	NLRTLEQTGHVSSEN	HHHHHHHHCCCCCCH	0	0	0	0
1385	G	0	0	0	0	0	0	0
1386	H	0	0	0	0	0	0	0
1387	V	0	0	0	0	0	0	0
1388	S	0	0	0	0	0	0	0
1389	S	Phosphoserine	EQTGHVSSENKYQDI	HHHCCCCCCHHHHHH	0	0	0	0
1390	E	0	0	0	0	0	0	0
1391	N	0	0	0	0	0	0	0
1392	K	0	0	0	0	0	0	0
1393	Y	Phosphotyrosine	HVSSENKYQDILNEI	CCCCCHHHHHHHHHH	0	0	0	0
1394	Q	0	0	0	0	0	0	0
1395	D	0	0	0	0	0	0	0
1396	I	0	0	0	0	0	0	0
1397	L	0	0	0	0	0	0	0
1398	N	0	0	0	0	0	0	0
1399	E	0	0	0	0	0	0	0
1400	I	0	0	0	0	0	0	0
1401	A	0	0	0	0	0	0	0
1402	K	0	0	0	0	0	0	0
1403	D	0	0	0	0	0	0	0
1404	I	0	0	0	0	0	0	0
1405	R	0	0	0	0	0	0	0
1406	N	0	0	0	0	0	0	0
1407	Q	0	0	0	0	0	0	0
1408	R	0	0	0	0	0	0	0
1409	I	0	0	0	0	0	0	0
1410	Y	0	0	0	0	0	0	0
1411	R	0	0	0	0	0	0	0
1412	K	0	0	0	0	0	0	0
1413	L	0	0	0	0	0	0	0
1414	R	0	0	0	0	0	0	0
1415	K	0	0	0	0	0	0	0
1416	A	0	0	0	0	0	0	0
1417	E	0	0	0	0	0	0	0
1418	L	0	0	0	0	0	0	0
1419	A	0	0	0	0	0	0	0
1420	K	0	0	0	0	0	0	0
1421	L	0	0	0	0	0	0	0
1422	Q	0	0	0	0	0	0	0
1423	Q	0	0	0	0	0	0	0
1424	T	0	0	0	0	0	0	0
1425	L	0	0	0	0	0	0	0
1426	N	0	0	0	0	0	0	0
1427	A	0	0	0	0	0	0	0
1428	L	0	0	0	0	0	0	0
1429	N	0	0	0	0	0	0	0
1430	K	0	0	0	0	0	0	0
1431	K	0	0	0	0	0	0	0
1432	A	0	0	0	0	0	0	0
1433	A	0	0	0	0	0	0	0
1434	F	0	0	0	0	0	0	0
1435	Y	0	0	0	0	0	0	0
1436	E	0	0	0	0	0	0	0
1437	E	0	0	0	0	0	0	0
1438	Q	0	0	0	0	0	0	0
1439	I	0	0	0	0	0	0	0
1440	N	0	0	0	0	0	0	0
1441	Y	0	0	0	0	0	0	0
1442	Y	0	0	0	0	0	0	0
1443	D	0	0	0	0	0	0	0
1444	T	0	0	0	0	0	0	0
1445	Y	0	0	0	0	0	0	0
1446	I	0	0	0	0	0	0	0
1447	K	0	0	0	0	0	0	0
1448	T	0	0	0	0	0	0	0
1449	C	0	0	0	0	0	0	0
1450	L	0	0	0	0	0	0	0
1451	D	0	0	0	0	0	0	0
1452	N	0	0	0	0	0	0	0
1453	L	0	0	0	0	0	0	0
1454	K	N6-acetyllysine	KTCLDNLKRKNTRRS	HHHHHHHHHCCCCCC	0	0	0	0
1455	R	0	0	0	0	0	0	0
1456	K	0	0	0	0	0	0	0
1457	N	0	0	0	0	0	0	0
1458	T	0	0	0	0	0	0	0
1459	R	0	0	0	0	0	0	0
1460	R	0	0	0	0	0	0	0
1461	S	Phosphoserine	KRKNTRRSIKLDGKG	HHCCCCCCEECCCCC	0	0	0	0
1462	I	0	0	0	0	0	0	0
1463	K	0	0	0	0	0	0	0
1464	L	0	0	0	0	0	0	0
1465	D	0	0	0	0	0	0	0
1466	G	0	0	0	0	0	0	0
1467	K	N6-acetyllysine	RSIKLDGKGEPKGAK	CCEECCCCCCCCCCC	0	0	0	0
1468	G	0	0	0	0	0	0	0
1469	E	0	0	0	0	0	0	0
1470	P	0	0	0	0	0	0	0
1471	K	N6-acetyllysine	LDGKGEPKGAKRAKP	CCCCCCCCCCCCCCC	0	0	0	0
1472	G	0	0	0	0	0	0	0
1473	A	0	0	0	0	0	0	0
1474	K	N6-acetyllysine	KGEPKGAKRAKPVKY	CCCCCCCCCCCCCCE	0	0	0	0
1475	R	0	0	0	0	0	0	0
1476	A	0	0	0	0	0	0	0
1477	K	0	0	0	0	0	0	0
1478	P	0	0	0	0	0	0	0
1479	V	0	0	0	0	0	0	0
1480	K	0	0	0	0	0	0	0
1481	Y	0	0	0	0	0	0	0
1482	T	0	0	0	0	0	0	0
1483	A	0	0	0	0	0	0	0
1484	A	0	0	0	0	0	0	0
1485	K	0	0	0	0	0	0	0
1486	L	0	0	0	0	0	0	0
1487	H	0	0	0	0	0	0	0
1488	E	0	0	0	0	0	0	0
1489	K	0	0	0	0	0	0	0
1490	G	0	0	0	0	0	0	0
1491	V	0	0	0	0	0	0	0
1492	L	0	0	0	0	0	0	0
1493	L	0	0	0	0	0	0	0
1494	D	0	0	0	0	0	0	0
1495	I	0	0	0	0	0	0	0
1496	D	0	0	0	0	0	0	0
1497	D	0	0	0	0	0	0	0
1498	L	0	0	0	0	0	0	0
1499	Q	0	0	0	0	0	0	0
1500	T	0	0	0	0	0	0	0
1501	N	0	0	0	0	0	0	0
1502	Q	0	0	0	0	0	0	0
1503	F	0	0	0	0	0	0	0
1504	K	0	0	0	0	0	0	0
1505	N	0	0	0	0	0	0	0
1506	V	0	0	0	0	0	0	0
1507	T	0	0	0	0	0	0	0
1508	F	0	0	0	0	0	0	0
1509	D	0	0	0	0	0	0	0
1510	I	0	0	0	0	0	0	0
1511	I	0	0	0	0	0	0	0
1512	A	0	0	0	0	0	0	0
1513	T	0	0	0	0	0	0	0
1514	E	0	0	0	0	0	0	0
1515	D	0	0	0	0	0	0	0
1516	V	0	0	0	0	0	0	0
1517	G	0	0	0	0	0	0	0
1518	I	0	0	0	0	0	0	0
1519	F	0	0	0	0	0	0	0
1520	D	0	0	0	0	0	0	0
1521	V	0	0	0	0	0	0	0
1522	R	0	0	0	0	0	0	0
1523	S	0	0	0	0	0	0	0
1524	K	0	0	0	0	0	0	0
1525	F	0	0	0	0	0	0	0
1526	L	0	0	0	0	0	0	0
1527	G	0	0	0	0	0	0	0
1528	V	0	0	0	0	0	0	0
1529	E	0	0	0	0	0	0	0
1530	M	0	0	0	0	0	0	0
1531	E	0	0	0	0	0	0	0
1532	K	0	0	0	0	0	0	0
1533	V	0	0	0	0	0	0	0
1534	Q	0	0	0	0	0	0	0
1535	L	0	0	0	0	0	0	0
1536	N	0	0	0	0	0	0	0
1537	I	0	0	0	0	0	0	0
1538	Q	0	0	0	0	0	0	0
1539	D	0	0	0	0	0	0	0
1540	L	0	0	0	0	0	0	0
1541	L	0	0	0	0	0	0	0
1542	Q	0	0	0	0	0	0	0
1543	M	0	0	0	0	0	0	0
1544	Q	0	0	0	0	0	0	0
1545	Y	0	0	0	0	0	0	0
1546	E	0	0	0	0	0	0	0
1547	G	0	0	0	0	0	0	0
1548	V	0	0	0	0	0	0	0
1549	A	0	0	0	0	0	0	0
1550	V	0	0	0	0	0	0	0
1551	M	0	0	0	0	0	0	0
1552	K	0	0	0	0	0	0	0
1553	M	0	0	0	0	0	0	0
1554	F	0	0	0	0	0	0	0
1555	D	0	0	0	0	0	0	0
1556	K	0	0	0	0	0	0	0
1557	V	0	0	0	0	0	0	0
1558	K	0	0	0	0	0	0	0
1559	V	0	0	0	0	0	0	0
1560	N	0	0	0	0	0	0	0
1561	V	0	0	0	0	0	0	0
1562	N	0	0	0	0	0	0	0
1563	L	0	0	0	0	0	0	0
1564	L	0	0	0	0	0	0	0
1565	I	0	0	0	0	0	0	0
1566	Y	0	0	0	0	0	0	0
1567	L	0	0	0	0	0	0	0
1568	L	0	0	0	0	0	0	0
1569	N	0	0	0	0	0	0	0
1570	K	0	0	0	0	0	0	0
1571	K	0	0	0	0	0	0	0
1572	F	0	0	0	0	0	0	0
1573	Y	0	0	0	0	0	0	0
1574	G	0	0	0	0	0	0	0
1575	K	0	0	0	0	0	0	0
