location	residue	Modification	seq	secStruc	RelatedDisease	VariantPosition	ResidueChange	DaPSbySAP
1	M	0	0	0	0	0	0	0
2	G	0	0	0	0	0	0	0
3	M	0	0	0	0	0	0	0
4	A	0	0	0	0	0	0	0
5	C	0	0	0	0	0	0	0
6	L	0	0	0	0	0	0	0
7	T	0	0	0	0	0	0	0
8	M	0	0	0	0	0	0	0
9	T	0	0	0	0	0	0	0
10	E	0	0	0	0	0	0	0
11	M	0	0	0	0	0	0	0
12	E	0	0	0	0	0	0	0
13	G	0	0	0	0	0	0	0
14	T	0	0	0	0	0	0	0
15	S	0	0	0	0	0	0	0
16	T	0	0	0	0	0	0	0
17	S	0	0	0	0	0	0	0
18	S	0	0	0	0	0	0	0
19	I	0	0	0	0	0	0	0
20	Y	0	0	0	0	0	0	0
21	Q	0	0	0	0	0	0	0
22	N	0	0	0	0	0	0	0
23	G	0	0	0	0	0	0	0
24	D	0	0	0	0	0	0	0
25	I	0	0	0	0	0	0	0
26	S	0	0	0	0	0	0	0
27	G	0	0	0	0	0	0	0
28	N	0	0	0	0	0	0	0
29	A	0	0	0	0	0	0	0
30	N	0	0	0	0	0	0	0
31	S	0	0	0	0	0	0	0
32	M	0	0	0	0	0	0	0
33	K	0	0	0	0	0	0	0
34	Q	0	0	0	0	0	0	0
35	I	0	0	0	0	0	0	0
36	D	0	0	0	0	0	0	0
37	P	0	0	0	0	0	0	0
38	V	0	0	0	0	0	0	0
39	L	0	0	0	0	0	0	0
40	Q	0	0	0	0	0	0	0
41	V	0	0	0	0	0	0	0
42	Y	0	0	0	0	0	0	0
43	L	0	0	0	0	0	0	0
44	Y	0	0	0	0	0	0	0
45	H	0	0	0	0	0	0	0
46	S	0	0	0	0	0	0	0
47	L	0	0	0	0	0	0	0
48	G	0	0	0	0	0	0	0
49	K	0	0	0	0	0	0	0
50	S	0	0	0	0	0	0	0
51	E	0	0	0	0	0	0	0
52	A	0	0	0	0	0	0	0
53	D	0	0	0	0	0	0	0
54	Y	0	0	0	0	0	0	0
55	L	0	0	0	0	0	0	0
56	T	0	0	0	0	0	0	0
57	F	0	0	0	0	0	0	0
58	P	0	0	0	0	0	0	0
59	S	0	0	0	0	0	0	0
60	G	0	0	0	0	0	0	0
61	E	0	0	0	0	0	0	0
62	Y	0	0	0	0	0	0	0
63	V	0	0	0	0	0	0	0
64	A	0	0	0	0	0	0	0
65	E	0	0	0	0	0	0	0
66	E	0	0	0	0	0	0	0
67	I	0	0	0	0	0	0	0
68	C	0	0	0	0	0	0	0
69	I	0	0	0	0	0	0	0
70	A	0	0	0	0	0	0	0
71	A	0	0	0	0	0	0	0
72	S	0	0	0	0	0	0	0
73	K	0	0	0	0	0	0	0
74	A	0	0	0	0	0	0	0
75	C	0	0	0	0	0	0	0
76	G	0	0	0	0	0	0	0
77	I	0	0	0	0	0	0	0
78	T	0	0	0	0	0	0	0
79	P	0	0	0	0	0	0	0
80	V	0	0	0	0	0	0	0
81	Y	0	0	0	0	0	0	0
82	H	0	0	0	0	0	0	0
83	N	0	0	0	0	0	0	0
84	M	0	0	0	0	0	0	0
85	F	0	0	0	0	0	0	0
86	A	0	0	0	0	0	0	0
87	L	0	0	0	0	0	0	0
88	M	0	0	0	0	0	0	0
89	S	0	0	0	0	0	0	0
90	E	0	0	0	0	0	0	0
91	T	0	0	0	0	0	0	0
92	E	0	0	0	0	0	0	0
93	R	0	0	0	0	0	0	0
94	I	0	0	0	0	0	0	0
95	W	0	0	0	0	0	0	0
96	Y	0	0	0	0	0	0	0
97	P	0	0	0	0	0	0	0
98	P	0	0	0	0	0	0	0
99	N	0	0	0	0	0	0	0
100	H	0	0	0	0	0	0	0
101	V	0	0	0	0	0	0	0
102	F	0	0	0	0	0	0	0
103	H	0	0	0	0	0	0	0
104	I	0	0	0	0	0	0	0
105	D	0	0	0	0	0	0	0
106	E	0	0	0	0	0	0	0
107	S	0	0	0	0	0	0	0
108	T	0	0	0	0	0	0	0
109	R	0	0	0	0	0	0	0
110	H	0	0	0	0	0	0	0
111	N	0	0	0	0	0	0	0
112	V	0	0	0	0	0	0	0
113	L	0	0	0	0	0	0	0
114	Y	0	0	0	0	0	0	0
115	R	0	0	0	0	0	0	0
116	I	0	0	0	0	0	0	0
117	R	0	0	0	0	0	0	0
118	F	0	0	0	0	0	0	0
119	Y	Phosphotyrosine	VLYRIRFYFPRWYCS	EEEEEEEECCCCEEC	0	0	0	0
120	F	0	0	0	0	0	0	0
121	P	0	0	0	0	0	0	0
122	R	0	0	0	0	0	0	0
123	W	0	0	0	0	0	0	0
124	Y	0	0	0	0	0	0	0
125	C	0	0	0	0	0	0	0
126	S	0	0	0	0	0	0	0
127	G	0	0	0	0	0	0	0
128	S	0	0	0	0	0	0	0
129	N	0	0	0	0	0	0	0
130	R	0	0	0	0	0	0	0
131	A	0	0	0	0	0	0	0
132	Y	0	0	0	0	0	0	0
133	R	0	0	0	0	0	0	0
134	H	0	0	0	0	0	0	0
135	G	0	0	0	0	0	0	0
136	I	0	0	0	0	0	0	0
137	S	0	0	0	0	0	0	0
138	R	0	0	0	0	0	0	0
139	G	0	0	0	0	0	0	0
140	A	0	0	0	0	0	0	0
141	E	0	0	0	0	0	0	0
142	A	0	0	0	0	0	0	0
143	P	0	0	0	0	0	0	0
144	L	0	0	0	0	0	0	0
145	L	0	0	0	0	0	0	0
146	D	0	0	0	0	0	0	0
147	D	0	0	0	0	0	0	0
148	F	0	0	0	0	0	0	0
149	V	0	0	0	0	0	0	0
150	M	0	0	0	0	0	0	0
151	S	0	0	0	0	0	0	0
152	Y	0	0	0	0	0	0	0
153	L	0	0	0	0	0	0	0
154	F	0	0	0	0	0	0	0
155	A	0	0	0	0	0	0	0
156	Q	0	0	0	0	0	0	0
157	W	0	0	0	0	0	0	0
158	R	0	0	0	0	0	0	0
159	H	0	0	0	0	0	0	0
160	D	0	0	0	0	0	0	0
161	F	0	0	0	0	0	0	0
162	V	0	0	0	0	0	0	0
163	H	0	0	0	0	0	0	0
164	G	0	0	0	0	0	0	0
165	W	0	0	0	0	0	0	0
166	I	0	0	0	0	0	0	0
167	K	0	0	0	0	0	0	0
168	V	0	0	0	0	0	0	0
169	P	0	0	0	0	0	0	0
170	V	0	0	0	0	0	0	0
171	T	0	0	0	0	0	0	0
172	H	0	0	0	0	0	0	0
173	E	0	0	0	0	0	0	0
174	T	0	0	0	0	0	0	0
175	Q	0	0	0	0	0	0	0
176	E	0	0	0	0	0	0	0
177	E	0	0	0	0	0	0	0
178	C	0	0	0	0	0	0	0
179	L	0	0	0	0	0	0	0
180	G	0	0	0	0	0	0	0
181	M	0	0	0	0	0	0	0
182	A	0	0	0	0	0	0	0
183	V	0	0	0	0	0	0	0
184	L	0	0	0	0	0	0	0
185	D	0	0	0	0	0	0	0
186	M	0	0	0	0	0	0	0
187	M	0	0	0	0	0	0	0
188	R	0	0	0	0	0	0	0
189	I	0	0	0	0	0	0	0
190	A	0	0	0	0	0	0	0
191	K	0	0	0	0	0	0	0
192	E	0	0	0	0	0	0	0
193	N	0	0	0	0	0	0	0
194	D	0	0	0	0	0	0	0
195	Q	0	0	0	0	0	0	0
196	T	0	0	0	0	0	0	0
197	P	0	0	0	0	0	0	0
198	L	0	0	0	0	0	0	0
199	A	0	0	0	0	0	0	0
200	I	0	0	0	0	0	0	0
201	Y	Phosphotyrosine	DQTPLAIYNSISYKT	CCCCEEEEECCCHHH	0	0	0	0
202	N	0	0	0	0	0	0	0
203	S	0	0	0	0	0	0	0
204	I	0	0	0	0	0	0	0
205	S	0	0	0	0	0	0	0
206	Y	Phosphotyrosine	AIYNSISYKTFLPKC	EEEECCCHHHHHHHH	0	0	0	0
207	K	0	0	0	0	0	0	0
208	T	0	0	0	0	0	0	0
209	F	0	0	0	0	0	0	0
210	L	0	0	0	0	0	0	0
211	P	0	0	0	0	0	0	0
212	K	0	0	0	0	0	0	0
213	C	0	0	0	0	0	0	0
214	I	0	0	0	0	0	0	0
215	R	0	0	0	0	0	0	0
216	A	0	0	0	0	0	0	0
217	K	0	0	0	0	0	0	0
218	I	0	0	0	0	0	0	0
219	Q	0	0	0	0	0	0	0
220	D	0	0	0	0	0	0	0
221	Y	Phosphotyrosine	IRAKIQDYHILTRKR	HHHHHHHEEECCHHH	0	0	0	0
222	H	0	0	0	0	0	0	0
223	I	0	0	0	0	0	0	0
224	L	0	0	0	0	0	0	0
225	T	0	0	0	0	0	0	0
226	R	0	0	0	0	0	0	0
227	K	0	0	0	0	0	0	0
228	R	0	0	0	0	0	0	0
229	I	0	0	0	0	0	0	0
230	R	0	0	0	0	0	0	0
231	Y	0	0	0	0	0	0	0
232	R	0	0	0	0	0	0	0
233	F	0	0	0	0	0	0	0
234	R	0	0	0	0	0	0	0
235	R	0	0	0	0	0	0	0
236	F	0	0	0	0	0	0	0
237	I	0	0	0	0	0	0	0
238	Q	0	0	0	0	0	0	0
239	Q	0	0	0	0	0	0	0
240	F	0	0	0	0	0	0	0
241	S	0	0	0	0	0	0	0
242	Q	0	0	0	0	0	0	0
243	C	0	0	0	0	0	0	0
244	K	0	0	0	0	0	0	0
245	A	0	0	0	0	0	0	0
246	T	0	0	0	0	0	0	0
247	A	0	0	0	0	0	0	0
248	R	0	0	0	0	0	0	0
249	N	0	0	0	0	0	0	0
250	L	0	0	0	0	0	0	0
251	K	0	0	0	0	0	0	0
252	L	0	0	0	0	0	0	0
253	K	0	0	0	0	0	0	0
254	Y	0	0	0	0	0	0	0
255	L	0	0	0	0	0	0	0
256	I	0	0	0	0	0	0	0
257	N	0	0	0	0	0	0	0
258	L	0	0	0	0	0	0	0
259	E	0	0	0	0	0	0	0
260	T	0	0	0	0	0	0	0
261	L	0	0	0	0	0	0	0
262	Q	0	0	0	0	0	0	0
263	S	0	0	0	0	0	0	0
264	A	0	0	0	0	0	0	0
265	F	0	0	0	0	0	0	0
266	Y	0	0	0	0	0	0	0
267	T	0	0	0	0	0	0	0
268	E	0	0	0	0	0	0	0
269	K	0	0	0	0	0	0	0
270	F	0	0	0	0	0	0	0
271	E	0	0	0	0	0	0	0
272	V	0	0	0	0	0	0	0
273	K	0	0	0	0	0	0	0
274	E	0	0	0	0	0	0	0
275	P	0	0	0	0	0	0	0
276	G	0	0	0	0	0	0	0
277	S	0	0	0	0	0	0	0
278	G	0	0	0	0	0	0	0
279	P	0	0	0	0	0	0	0
280	S	0	0	0	0	0	0	0
281	G	0	0	0	0	0	0	0
282	E	0	0	0	0	0	0	0
283	E	0	0	0	0	0	0	0
284	I	0	0	0	0	0	0	0
285	F	0	0	0	0	0	0	0
286	A	0	0	0	0	0	0	0
287	T	0	0	0	0	0	0	0
288	I	0	0	0	0	0	0	0
289	I	0	0	0	0	0	0	0
290	I	0	0	0	0	0	0	0
291	T	0	0	0	0	0	0	0
292	G	0	0	0	0	0	0	0
293	N	0	0	0	0	0	0	0
294	G	0	0	0	0	0	0	0
295	G	0	0	0	0	0	0	0
296	I	0	0	0	0	0	0	0
297	Q	0	0	0	0	0	0	0
298	W	0	0	0	0	0	0	0
299	S	0	0	0	0	0	0	0
300	R	0	0	0	0	0	0	0
301	G	0	0	0	0	0	0	0
302	K	0	0	0	0	0	0	0
303	H	0	0	0	0	0	0	0
304	K	0	0	0	0	0	0	0
305	E	0	0	0	0	0	0	0
306	S	0	0	0	0	0	0	0
307	E	0	0	0	0	0	0	0
308	T	0	0	0	0	0	0	0
309	L	0	0	0	0	0	0	0
310	T	0	0	0	0	0	0	0
311	E	0	0	0	0	0	0	0
312	Q	0	0	0	0	0	0	0
313	D	0	0	0	0	0	0	0
314	L	0	0	0	0	0	0	0
315	Q	0	0	0	0	0	0	0
316	L	0	0	0	0	0	0	0
317	Y	0	0	0	0	0	0	0
318	C	0	0	0	0	0	0	0
319	D	0	0	0	0	0	0	0
320	F	0	0	0	0	0	0	0
321	P	0	0	0	0	0	0	0
322	N	0	0	0	0	0	0	0
323	I	0	0	0	0	0	0	0
324	I	0	0	0	0	0	0	0
325	D	0	0	0	0	0	0	0
326	V	0	0	0	0	0	0	0
327	S	0	0	0	0	0	0	0
328	I	0	0	0	0	0	0	0
329	K	0	0	0	0	0	0	0
330	Q	0	0	0	0	0	0	0
331	A	0	0	0	0	0	0	0
332	N	0	0	0	0	0	0	0
333	Q	0	0	0	0	0	0	0
334	E	0	0	0	0	0	0	0
335	G	0	0	0	0	0	0	0
336	S	0	0	0	0	0	0	0
337	N	0	0	0	0	0	0	0
338	E	0	0	0	0	0	0	0
339	S	0	0	0	0	0	0	0
340	R	0	0	0	0	0	0	0
341	V	0	0	0	0	0	0	0
342	V	0	0	0	0	0	0	0
343	T	0	0	0	0	0	0	0
344	I	0	0	0	0	0	0	0
345	H	0	0	0	0	0	0	0
346	K	0	0	0	0	0	0	0
347	Q	0	0	0	0	0	0	0
348	D	0	0	0	0	0	0	0
349	G	0	0	0	0	0	0	0
350	K	0	0	0	0	0	0	0
351	N	0	0	0	0	0	0	0
352	L	0	0	0	0	0	0	0
353	E	0	0	0	0	0	0	0
354	I	0	0	0	0	0	0	0
355	E	0	0	0	0	0	0	0
356	L	0	0	0	0	0	0	0
357	S	0	0	0	0	0	0	0
358	S	0	0	0	0	0	0	0
359	L	0	0	0	0	0	0	0
360	R	0	0	0	0	0	0	0
361	E	0	0	0	0	0	0	0
362	A	0	0	0	0	0	0	0
363	L	0	0	0	0	0	0	0
364	S	0	0	0	0	0	0	0
365	F	0	0	0	0	0	0	0
366	V	0	0	0	0	0	0	0
367	S	0	0	0	0	0	0	0
368	L	0	0	0	0	0	0	0
369	I	0	0	0	0	0	0	0
370	D	0	0	0	0	0	0	0
371	G	0	0	0	0	0	0	0
372	Y	0	0	0	0	0	0	0
373	Y	0	0	0	0	0	0	0
374	R	0	0	0	0	0	0	0
375	L	0	0	0	0	0	0	0
376	T	0	0	0	0	0	0	0
377	A	0	0	0	0	0	0	0
378	D	0	0	0	0	0	0	0
379	A	0	0	0	0	0	0	0
380	H	0	0	0	0	0	0	0
381	H	0	0	0	0	0	0	0
382	Y	Phosphotyrosine	LTADAHHYLCKEVAP	HCHHHHHHHHHCCCC	0	0	0	0
383	L	0	0	0	0	0	0	0
384	C	0	0	0	0	0	0	0
385	K	0	0	0	0	0	0	0
386	E	0	0	0	0	0	0	0
387	V	0	0	0	0	0	0	0
388	A	0	0	0	0	0	0	0
389	P	0	0	0	0	0	0	0
390	P	0	0	0	0	0	0	0
391	A	0	0	0	0	0	0	0
392	V	0	0	0	0	0	0	0
393	L	0	0	0	0	0	0	0
394	E	0	0	0	0	0	0	0
395	N	0	0	0	0	0	0	0
396	I	0	0	0	0	0	0	0
397	Q	0	0	0	0	0	0	0
398	S	0	0	0	0	0	0	0
399	N	0	0	0	0	0	0	0
400	C	0	0	0	0	0	0	0
401	H	0	0	0	0	0	0	0
402	G	0	0	0	0	0	0	0
403	P	0	0	0	0	0	0	0
404	I	0	0	0	0	0	0	0
405	S	0	0	0	0	0	0	0
406	M	0	0	0	0	0	0	0
407	D	0	0	0	0	0	0	0
408	F	0	0	0	0	0	0	0
409	A	0	0	0	0	0	0	0
410	I	0	0	0	0	0	0	0
411	S	0	0	0	0	0	0	0
412	K	0	0	0	0	0	0	0
413	L	0	0	0	0	0	0	0
414	K	0	0	0	0	0	0	0
415	K	0	0	0	0	0	0	0
416	A	0	0	0	0	0	0	0
417	G	0	0	0	0	0	0	0
418	N	0	0	0	0	0	0	0
419	Q	0	0	0	0	0	0	0
420	T	0	0	0	0	0	0	0
421	G	0	0	0	0	0	0	0
422	L	0	0	0	0	0	0	0
423	Y	Phosphotyrosine	AGNQTGLYVLRCSPK	CCCCCCEEEEEECHH	0	0	0	0
424	V	0	0	0	0	0	0	0
425	L	0	0	0	0	0	0	0
426	R	0	0	0	0	0	0	0
427	C	0	0	0	0	0	0	0
428	S	0	0	0	0	0	0	0
429	P	0	0	0	0	0	0	0
430	K	0	0	0	0	0	0	0
431	D	0	0	0	0	0	0	0
432	F	0	0	0	0	0	0	0
433	N	0	0	0	0	0	0	0
434	K	0	0	0	0	0	0	0
435	Y	Phosphotyrosine	SPKDFNKYFLTFAVE	CHHHHHHHEEEEEEE	0	0	0	0
436	F	0	0	0	0	0	0	0
437	L	0	0	0	0	0	0	0
438	T	0	0	0	0	0	0	0
439	F	0	0	0	0	0	0	0
440	A	0	0	0	0	0	0	0
441	V	0	0	0	0	0	0	0
442	E	0	0	0	0	0	0	0
443	R	0	0	0	0	0	0	0
444	E	0	0	0	0	0	0	0
445	N	0	0	0	0	0	0	0
446	V	0	0	0	0	0	0	0
447	I	0	0	0	0	0	0	0
448	E	0	0	0	0	0	0	0
449	Y	0	0	0	0	0	0	0
450	K	0	0	0	0	0	0	0
451	H	0	0	0	0	0	0	0
452	C	0	0	0	0	0	0	0
453	L	0	0	0	0	0	0	0
454	I	0	0	0	0	0	0	0
455	T	0	0	0	0	0	0	0
456	K	0	0	0	0	0	0	0
457	N	0	0	0	0	0	0	0
458	E	0	0	0	0	0	0	0
459	N	0	0	0	0	0	0	0
460	E	0	0	0	0	0	0	0
461	E	0	0	0	0	0	0	0
462	Y	0	0	0	0	0	0	0
463	N	0	0	0	0	0	0	0
464	L	0	0	0	0	0	0	0
465	S	0	0	0	0	0	0	0
466	G	0	0	0	0	0	0	0
467	T	0	0	0	0	0	0	0
468	K	0	0	0	0	0	0	0
469	K	0	0	0	0	0	0	0
470	N	0	0	0	0	0	0	0
471	F	0	0	0	0	0	0	0
472	S	0	0	0	0	0	0	0
473	S	0	0	0	0	0	0	0
474	L	0	0	0	0	0	0	0
475	K	0	0	0	0	0	0	0
476	D	0	0	0	0	0	0	0
477	L	0	0	0	0	0	0	0
478	L	0	0	0	0	0	0	0
479	N	0	0	0	0	0	0	0
480	C	0	0	0	0	0	0	0
481	Y	0	0	0	0	0	0	0
482	Q	0	0	0	0	0	0	0
483	M	0	0	0	0	0	0	0
484	E	0	0	0	0	0	0	0
485	T	0	0	0	0	0	0	0
486	V	0	0	0	0	0	0	0
487	R	0	0	0	0	0	0	0
488	S	0	0	0	0	0	0	0
489	D	0	0	0	0	0	0	0
490	N	0	0	0	0	0	0	0
491	I	0	0	0	0	0	0	0
492	I	0	0	0	0	0	0	0
493	F	0	0	0	0	0	0	0
494	Q	0	0	0	0	0	0	0
495	F	0	0	0	0	0	0	0
496	T	0	0	0	0	0	0	0
497	K	0	0	0	0	0	0	0
498	C	0	0	0	0	0	0	0
499	C	0	0	0	0	0	0	0
500	P	0	0	0	0	0	0	0
501	P	0	0	0	0	0	0	0
502	K	0	0	0	0	0	0	0
503	P	0	0	0	0	0	0	0
504	K	0	0	0	0	0	0	0
505	D	0	0	0	0	0	0	0
506	K	0	0	0	0	0	0	0
507	S	0	0	0	0	0	0	0
508	N	0	0	0	0	0	0	0
509	L	0	0	0	0	0	0	0
510	L	0	0	0	0	0	0	0
511	V	0	0	0	0	0	0	0
512	F	0	0	0	0	0	0	0
513	R	0	0	0	0	0	0	0
514	T	0	0	0	0	0	0	0
515	N	0	0	0	0	0	0	0
516	G	0	0	0	0	0	0	0
517	V	0	0	0	0	0	0	0
518	S	0	0	0	0	0	0	0
519	D	0	0	0	0	0	0	0
520	V	0	0	0	0	0	0	0
521	P	0	0	0	0	0	0	0
522	T	Phosphothreonine	NGVSDVPTSPTLQRP	CCCCCCCCCCCCCCC	0	0	0	0
523	S	Phosphoserine	GVSDVPTSPTLQRPT	CCCCCCCCCCCCCCC	0	0	0	0
524	P	0	0	0	0	0	0	0
525	T	Phosphothreonine	SDVPTSPTLQRPTHM	CCCCCCCCCCCCCCC	0	0	0	0
526	L	0	0	0	0	0	0	0
527	Q	0	0	0	0	0	0	0
528	R	0	0	0	0	0	0	0
529	P	0	0	0	0	0	0	0
530	T	0	0	0	0	0	0	0
531	H	0	0	0	0	0	0	0
532	M	0	0	0	0	0	0	0
533	N	0	0	0	0	0	0	0
534	Q	0	0	0	0	0	0	0
535	M	0	0	0	0	0	0	0
536	V	0	0	0	0	0	0	0
537	F	0	0	0	0	0	0	0
538	H	0	0	0	0	0	0	0
539	K	0	0	0	0	0	0	0
540	I	0	0	0	0	0	0	0
541	R	0	0	0	0	0	0	0
542	N	0	0	0	0	0	0	0
543	E	0	0	0	0	0	0	0
544	D	0	0	0	0	0	0	0
545	L	0	0	0	0	0	0	0
546	I	0	0	0	0	0	0	0
547	F	0	0	0	0	0	0	0
548	N	0	0	0	0	0	0	0
549	E	0	0	0	0	0	0	0
550	S	0	0	0	0	0	0	0
551	L	0	0	0	0	0	0	0
552	G	0	0	0	0	0	0	0
553	Q	0	0	0	0	0	0	0
554	G	0	0	0	0	0	0	0
555	T	0	0	0	0	0	0	0
556	F	0	0	0	0	0	0	0
557	T	0	0	0	0	0	0	0
558	K	0	0	0	0	0	0	0
559	I	0	0	0	0	0	0	0
560	F	0	0	0	0	0	0	0
561	K	0	0	0	0	0	0	0
562	G	0	0	0	0	0	0	0
563	V	0	0	0	0	0	0	0
564	R	0	0	0	0	0	0	0
565	R	0	0	0	0	0	0	0
566	E	0	0	0	0	0	0	0
567	V	0	0	0	0	0	0	0
568	G	0	0	0	0	0	0	0
569	D	0	0	0	0	0	0	0
570	Y	Phosphotyrosine	VRREVGDYGQLHETE	HHCHHCCCCCEEHHH	0	0	0	0
571	G	0	0	0	0	0	0	0
572	Q	0	0	0	0	0	0	0
573	L	0	0	0	0	0	0	0
574	H	0	0	0	0	0	0	0
575	E	0	0	0	0	0	0	0
576	T	0	0	0	0	0	0	0
577	E	0	0	0	0	0	0	0
578	V	0	0	0	0	0	0	0
579	L	0	0	0	0	0	0	0
580	L	0	0	0	0	0	0	0
581	K	0	0	0	0	0	0	0
582	V	0	0	0	0	0	0	0
583	L	0	0	0	0	0	0	0
584	D	0	0	0	0	0	0	0
585	K	0	0	0	0	0	0	0
586	A	0	0	0	0	0	0	0
587	H	0	0	0	0	0	0	0
588	R	0	0	0	0	0	0	0
589	N	0	0	0	0	0	0	0
590	Y	0	0	0	0	0	0	0
591	S	0	0	0	0	0	0	0
592	E	0	0	0	0	0	0	0
593	S	0	0	0	0	0	0	0
594	F	0	0	0	0	0	0	0
595	F	0	0	0	0	0	0	0
596	E	0	0	0	0	0	0	0
597	A	0	0	0	0	0	0	0
598	A	0	0	0	0	0	0	0
599	S	0	0	0	0	0	0	0
600	M	0	0	0	0	0	0	0
601	M	0	0	0	0	0	0	0
602	S	0	0	0	0	0	0	0
603	K	0	0	0	0	0	0	0
604	L	0	0	0	0	0	0	0
605	S	0	0	0	0	0	0	0
606	H	0	0	0	0	0	0	0
607	K	0	0	0	0	0	0	0
608	H	0	0	0	0	0	0	0
609	L	0	0	0	0	0	0	0
610	V	0	0	0	0	0	0	0
611	L	0	0	0	0	0	0	0
612	N	0	0	0	0	0	0	0
613	Y	0	0	0	0	0	0	0
614	G	0	0	0	0	0	0	0
615	V	0	0	0	0	0	0	0
616	C	0	0	0	0	0	0	0
617	V	0	0	0	0	0	0	0
618	C	0	0	0	0	0	0	0
619	G	0	0	0	0	0	0	0
620	D	0	0	0	0	0	0	0
621	E	0	0	0	0	0	0	0
622	N	0	0	0	0	0	0	0
623	I	0	0	0	0	0	0	0
624	L	0	0	0	0	0	0	0
625	V	0	0	0	0	0	0	0
626	Q	0	0	0	0	0	0	0
627	E	0	0	0	0	0	0	0
628	F	0	0	0	0	0	0	0
629	V	0	0	0	0	0	0	0
630	K	0	0	0	0	0	0	0
631	F	0	0	0	0	0	0	0
632	G	0	0	0	0	0	0	0
633	S	0	0	0	0	0	0	0
634	L	0	0	0	0	0	0	0
635	D	0	0	0	0	0	0	0
636	T	0	0	0	0	0	0	0
637	Y	Phosphotyrosine	KFGSLDTYLKKNKNC	HHCCHHHHHHHCCCH	0	0	0	0
638	L	0	0	0	0	0	0	0
639	K	0	0	0	0	0	0	0
640	K	0	0	0	0	0	0	0
641	N	0	0	0	0	0	0	0
642	K	0	0	0	0	0	0	0
643	N	0	0	0	0	0	0	0
644	C	0	0	0	0	0	0	0
645	I	0	0	0	0	0	0	0
646	N	0	0	0	0	0	0	0
647	I	0	0	0	0	0	0	0
648	L	0	0	0	0	0	0	0
649	W	0	0	0	0	0	0	0
650	K	0	0	0	0	0	0	0
651	L	0	0	0	0	0	0	0
652	E	0	0	0	0	0	0	0
653	V	0	0	0	0	0	0	0
654	A	0	0	0	0	0	0	0
655	K	0	0	0	0	0	0	0
656	Q	0	0	0	0	0	0	0
657	L	0	0	0	0	0	0	0
658	A	0	0	0	0	0	0	0
659	W	0	0	0	0	0	0	0
660	A	0	0	0	0	0	0	0
661	M	0	0	0	0	0	0	0
662	H	0	0	0	0	0	0	0
663	F	0	0	0	0	0	0	0
664	L	0	0	0	0	0	0	0
665	E	0	0	0	0	0	0	0
666	E	0	0	0	0	0	0	0
667	N	0	0	0	0	0	0	0
668	T	0	0	0	0	0	0	0
669	L	0	0	0	0	0	0	0
670	I	0	0	0	0	0	0	0
671	H	0	0	0	0	0	0	0
672	G	0	0	0	0	0	0	0
673	N	0	0	0	0	0	0	0
674	V	0	0	0	0	0	0	0
675	C	0	0	0	0	0	0	0
676	A	0	0	0	0	0	0	0
677	K	0	0	0	0	0	0	0
678	N	0	0	0	0	0	0	0
679	I	0	0	0	0	0	0	0
680	L	0	0	0	0	0	0	0
681	L	0	0	0	0	0	0	0
682	I	0	0	0	0	0	0	0
683	R	0	0	0	0	0	0	0
684	E	0	0	0	0	0	0	0
685	E	0	0	0	0	0	0	0
686	D	0	0	0	0	0	0	0
687	R	0	0	0	0	0	0	0
688	K	0	0	0	0	0	0	0
689	T	0	0	0	0	0	0	0
690	G	0	0	0	0	0	0	0
691	N	0	0	0	0	0	0	0
692	P	0	0	0	0	0	0	0
693	P	0	0	0	0	0	0	0
694	F	0	0	0	0	0	0	0
695	I	0	0	0	0	0	0	0
696	K	0	0	0	0	0	0	0
697	L	0	0	0	0	0	0	0
698	S	0	0	0	0	0	0	0
699	D	0	0	0	0	0	0	0
700	P	0	0	0	0	0	0	0
701	G	0	0	0	0	0	0	0
702	I	0	0	0	0	0	0	0
703	S	0	0	0	0	0	0	0
704	I	0	0	0	0	0	0	0
705	T	0	0	0	0	0	0	0
706	V	0	0	0	0	0	0	0
707	L	0	0	0	0	0	0	0
708	P	0	0	0	0	0	0	0
709	K	0	0	0	0	0	0	0
710	D	0	0	0	0	0	0	0
711	I	0	0	0	0	0	0	0
712	L	0	0	0	0	0	0	0
713	Q	0	0	0	0	0	0	0
714	E	0	0	0	0	0	0	0
715	R	0	0	0	0	0	0	0
716	I	0	0	0	0	0	0	0
717	P	0	0	0	0	0	0	0
718	W	0	0	0	0	0	0	0
719	V	0	0	0	0	0	0	0
720	P	0	0	0	0	0	0	0
721	P	0	0	0	0	0	0	0
722	E	0	0	0	0	0	0	0
723	C	0	0	0	0	0	0	0
724	I	0	0	0	0	0	0	0
725	E	0	0	0	0	0	0	0
726	N	0	0	0	0	0	0	0
727	P	0	0	0	0	0	0	0
728	K	0	0	0	0	0	0	0
729	N	0	0	0	0	0	0	0
730	L	0	0	0	0	0	0	0
731	N	0	0	0	0	0	0	0
732	L	0	0	0	0	0	0	0
733	A	0	0	0	0	0	0	0
734	T	0	0	0	0	0	0	0
735	D	0	0	0	0	0	0	0
736	K	0	0	0	0	0	0	0
737	W	0	0	0	0	0	0	0
738	S	0	0	0	0	0	0	0
739	F	0	0	0	0	0	0	0
740	G	0	0	0	0	0	0	0
741	T	0	0	0	0	0	0	0
742	T	0	0	0	0	0	0	0
743	L	0	0	0	0	0	0	0
744	W	0	0	0	0	0	0	0
745	E	0	0	0	0	0	0	0
746	I	0	0	0	0	0	0	0
747	C	0	0	0	0	0	0	0
748	S	0	0	0	0	0	0	0
749	G	0	0	0	0	0	0	0
750	G	0	0	0	0	0	0	0
751	D	0	0	0	0	0	0	0
752	K	0	0	0	0	0	0	0
753	P	0	0	0	0	0	0	0
754	L	0	0	0	0	0	0	0
755	S	0	0	0	0	0	0	0
756	A	0	0	0	0	0	0	0
757	L	0	0	0	0	0	0	0
758	D	0	0	0	0	0	0	0
759	S	0	0	0	0	0	0	0
760	Q	0	0	0	0	0	0	0
761	R	0	0	0	0	0	0	0
762	K	0	0	0	0	0	0	0
763	L	0	0	0	0	0	0	0
764	Q	0	0	0	0	0	0	0
765	F	0	0	0	0	0	0	0
766	Y	0	0	0	0	0	0	0
767	E	0	0	0	0	0	0	0
768	D	0	0	0	0	0	0	0
769	R	0	0	0	0	0	0	0
770	H	0	0	0	0	0	0	0
771	Q	0	0	0	0	0	0	0
772	L	0	0	0	0	0	0	0
773	P	0	0	0	0	0	0	0
774	A	0	0	0	0	0	0	0
775	P	0	0	0	0	0	0	0
776	K	0	0	0	0	0	0	0
777	W	0	0	0	0	0	0	0
778	A	0	0	0	0	0	0	0
779	E	0	0	0	0	0	0	0
780	L	0	0	0	0	0	0	0
781	A	0	0	0	0	0	0	0
782	N	0	0	0	0	0	0	0
783	L	0	0	0	0	0	0	0
784	I	0	0	0	0	0	0	0
785	N	0	0	0	0	0	0	0
786	N	0	0	0	0	0	0	0
787	C	0	0	0	0	0	0	0
788	M	0	0	0	0	0	0	0
789	D	0	0	0	0	0	0	0
790	Y	Phosphotyrosine	LINNCMDYEPDFRPS	HHHHHHCCCCCCCHH	0	0	0	0
791	E	0	0	0	0	0	0	0
792	P	0	0	0	0	0	0	0
793	D	0	0	0	0	0	0	0
794	F	0	0	0	0	0	0	0
795	R	0	0	0	0	0	0	0
796	P	0	0	0	0	0	0	0
797	S	0	0	0	0	0	0	0
798	F	0	0	0	0	0	0	0
799	R	0	0	0	0	0	0	0
800	A	0	0	0	0	0	0	0
801	I	0	0	0	0	0	0	0
802	I	0	0	0	0	0	0	0
803	R	0	0	0	0	0	0	0
804	D	0	0	0	0	0	0	0
805	L	0	0	0	0	0	0	0
806	N	0	0	0	0	0	0	0
807	S	0	0	0	0	0	0	0
808	L	0	0	0	0	0	0	0
809	F	0	0	0	0	0	0	0
810	T	0	0	0	0	0	0	0
811	P	0	0	0	0	0	0	0
812	D	0	0	0	0	0	0	0
813	Y	Phosphotyrosine	NSLFTPDYELLTEND	HHHCCCCHHHCCCCC	0	0	0	0
814	E	0	0	0	0	0	0	0
815	L	0	0	0	0	0	0	0
816	L	0	0	0	0	0	0	0
817	T	0	0	0	0	0	0	0
818	E	0	0	0	0	0	0	0
819	N	0	0	0	0	0	0	0
820	D	0	0	0	0	0	0	0
821	M	0	0	0	0	0	0	0
822	L	0	0	0	0	0	0	0
823	P	0	0	0	0	0	0	0
824	N	0	0	0	0	0	0	0
825	M	0	0	0	0	0	0	0
826	R	0	0	0	0	0	0	0
827	I	0	0	0	0	0	0	0
828	G	0	0	0	0	0	0	0
829	A	0	0	0	0	0	0	0
830	L	0	0	0	0	0	0	0
831	G	0	0	0	0	0	0	0
832	F	0	0	0	0	0	0	0
833	S	0	0	0	0	0	0	0
834	G	0	0	0	0	0	0	0
835	A	0	0	0	0	0	0	0
836	F	0	0	0	0	0	0	0
837	E	0	0	0	0	0	0	0
838	D	0	0	0	0	0	0	0
839	R	0	0	0	0	0	0	0
840	D	0	0	0	0	0	0	0
841	P	0	0	0	0	0	0	0
842	T	0	0	0	0	0	0	0
843	Q	0	0	0	0	0	0	0
844	F	0	0	0	0	0	0	0
845	E	0	0	0	0	0	0	0
846	E	0	0	0	0	0	0	0
847	R	0	0	0	0	0	0	0
848	H	0	0	0	0	0	0	0
849	L	0	0	0	0	0	0	0
850	K	0	0	0	0	0	0	0
851	F	0	0	0	0	0	0	0
852	L	0	0	0	0	0	0	0
853	Q	0	0	0	0	0	0	0
854	Q	0	0	0	0	0	0	0
855	L	0	0	0	0	0	0	0
856	G	0	0	0	0	0	0	0
857	K	0	0	0	0	0	0	0
858	G	0	0	0	0	0	0	0
859	N	0	0	0	0	0	0	0
860	F	0	0	0	0	0	0	0
861	G	0	0	0	0	0	0	0
862	S	0	0	0	0	0	0	0
863	V	0	0	0	0	0	0	0
864	E	0	0	0	0	0	0	0
865	M	0	0	0	0	0	0	0
866	C	0	0	0	0	0	0	0
867	R	0	0	0	0	0	0	0
868	Y	Phosphotyrosine	GSVEMCRYDPLQDNT	CCEEEEECCCCCCCC	0	0	0	0
869	D	0	0	0	0	0	0	0
870	P	0	0	0	0	0	0	0
871	L	0	0	0	0	0	0	0
872	Q	0	0	0	0	0	0	0
873	D	0	0	0	0	0	0	0
874	N	0	0	0	0	0	0	0
875	T	0	0	0	0	0	0	0
876	G	0	0	0	0	0	0	0
877	E	0	0	0	0	0	0	0
878	V	0	0	0	0	0	0	0
879	V	0	0	0	0	0	0	0
880	A	0	0	0	0	0	0	0
881	V	0	0	0	0	0	0	0
882	K	0	0	0	0	0	0	0
883	K	0	0	0	0	0	0	0
884	L	0	0	0	0	0	0	0
885	Q	0	0	0	0	0	0	0
886	H	0	0	0	0	0	0	0
887	S	0	0	0	0	0	0	0
888	T	0	0	0	0	0	0	0
889	E	0	0	0	0	0	0	0
890	E	0	0	0	0	0	0	0
891	H	0	0	0	0	0	0	0
892	L	0	0	0	0	0	0	0
893	R	0	0	0	0	0	0	0
894	D	0	0	0	0	0	0	0
895	F	0	0	0	0	0	0	0
896	E	0	0	0	0	0	0	0
897	R	0	0	0	0	0	0	0
898	E	0	0	0	0	0	0	0
899	I	0	0	0	0	0	0	0
900	E	0	0	0	0	0	0	0
901	I	0	0	0	0	0	0	0
902	L	0	0	0	0	0	0	0
903	K	0	0	0	0	0	0	0
904	S	Phosphoserine	REIEILKSLQHDNIV	HHHHHHHHCCCCCCC	Plateletcrit:plateletcrit	914 (10)	0	0
905	L	0	0	0	0	0	0	0
906	Q	0	0	0	0	0	0	0
907	H	0	0	0	0	0	0	0
908	D	0	0	0	0	0	0	0
909	N	0	0	0	0	0	0	0
910	I	0	0	0	0	0	0	0
911	V	0	0	0	0	0	0	0
912	K	0	0	0	0	0	0	0
913	Y	0	0	0	0	0	0	0
914	K	0	0	0	0	0	H;P	904
915	G	0	0	0	0	0	0	0
916	V	0	0	0	0	0	0	0
917	C	0	0	0	0	0	0	0
918	Y	0	0	0	0	0	0	0
919	S	0	0	0	0	0	0	0
920	A	0	0	0	0	0	0	0
921	G	0	0	0	0	0	0	0
922	R	0	0	0	0	0	0	0
923	R	0	0	0	0	0	0	0
924	N	0	0	0	0	0	0	0
925	L	0	0	0	0	0	0	0
926	K	0	0	0	0	0	0	0
927	L	0	0	0	0	0	0	0
928	I	0	0	0	0	0	0	0
929	M	0	0	0	0	0	0	0
930	E	0	0	0	0	0	0	0
931	Y	Phosphotyrosine	NLKLIMEYLPYGSLR	CHHHHHHHCCCCCHH	0	0	0	0
932	L	0	0	0	0	0	0	0
933	P	0	0	0	0	0	0	0
934	Y	Phosphotyrosine	LIMEYLPYGSLRDYL	HHHHHCCCCCHHHHH	0	0	0	0
935	G	0	0	0	0	0	0	0
936	S	Phosphoserine	MEYLPYGSLRDYLQK	HHHCCCCCHHHHHHH	0	0	0	0
937	L	0	0	0	0	0	0	0
938	R	0	0	0	0	0	0	0
939	D	0	0	0	0	0	0	0
940	Y	Phosphotyrosine	PYGSLRDYLQKHKER	CCCCHHHHHHHHHHH	0	0	0	0
941	L	0	0	0	0	0	0	0
942	Q	0	0	0	0	0	0	0
943	K	0	0	0	0	0	0	0
944	H	0	0	0	0	0	0	0
945	K	0	0	0	0	0	0	0
946	E	0	0	0	0	0	0	0
947	R	0	0	0	0	0	0	0
948	I	0	0	0	0	0	0	0
949	D	0	0	0	0	0	0	0
950	H	0	0	0	0	0	0	0
951	I	0	0	0	0	0	0	0
952	K	0	0	0	0	0	0	0
953	L	0	0	0	0	0	0	0
954	L	0	0	0	0	0	0	0
955	Q	0	0	0	0	0	0	0
956	Y	Phosphotyrosine	DHIKLLQYTSQICKG	HHHHHHHHHHHHHCC	0	0	0	0
957	T	0	0	0	0	0	0	0
958	S	0	0	0	0	0	0	0
959	Q	0	0	0	0	0	0	0
960	I	0	0	0	0	0	0	0
961	C	0	0	0	0	0	0	0
962	K	0	0	0	0	0	0	0
963	G	0	0	0	0	0	0	0
964	M	0	0	0	0	0	0	0
965	E	0	0	0	0	0	0	0
966	Y	Phosphotyrosine	QICKGMEYLGTKRYI	HHHCCCHHHCCCCCC	0	0	0	0
967	L	0	0	0	0	0	0	0
968	G	0	0	0	0	0	0	0
969	T	0	0	0	0	0	0	0
970	K	0	0	0	0	0	0	0
971	R	0	0	0	0	0	0	0
972	Y	Phosphotyrosine	EYLGTKRYIHRDLAT	HHHCCCCCCCCCHHH	0	0	0	0
973	I	0	0	0	0	0	0	0
974	H	0	0	0	0	0	0	0
975	R	0	0	0	0	0	0	0
976	D	0	0	0	0	0	0	0
977	L	0	0	0	0	0	0	0
978	A	0	0	0	0	0	0	0
979	T	0	0	0	0	0	0	0
980	R	0	0	0	0	0	0	0
981	N	0	0	0	0	0	0	0
982	I	0	0	0	0	0	0	0
983	L	0	0	0	0	0	0	0
984	V	0	0	0	0	0	0	0
985	E	0	0	0	0	0	0	0
986	N	0	0	0	0	0	0	0
987	E	0	0	0	0	0	0	0
988	N	0	0	0	0	0	0	0
989	R	0	0	0	0	0	0	0
990	V	0	0	0	0	0	0	0
991	K	0	0	0	0	0	0	0
992	I	0	0	0	0	0	0	0
993	G	0	0	0	0	0	0	0
994	D	0	0	0	0	0	0	0
995	F	0	0	0	0	0	0	0
996	G	0	0	0	0	0	0	0
997	L	0	0	0	0	0	0	0
998	T	0	0	0	0	0	0	0
999	K	0	0	0	0	0	0	0
1000	V	0	0	0	0	0	0	0
1001	L	0	0	0	0	0	0	0
1002	P	0	0	0	0	0	0	0
1003	Q	0	0	0	0	0	0	0
1004	D	0	0	0	0	0	0	0
1005	K	0	0	0	0	0	0	0
1006	E	0	0	0	0	0	0	0
1007	Y	Dephosphotyrosine	VLPQDKEYYKVKEPG	ECCCCCCEEECCCCC	0	0	0	0
1008	Y	Dephosphotyrosine	LPQDKEYYKVKEPGE	CCCCCCEEECCCCCC	0	0	0	0
1009	K	0	0	0	0	0	0	0
1010	V	0	0	0	0	0	0	0
1011	K	0	0	0	0	0	0	0
1012	E	0	0	0	0	0	0	0
1013	P	0	0	0	0	0	0	0
1014	G	0	0	0	0	0	0	0
1015	E	0	0	0	0	0	0	0
1016	S	0	0	0	0	0	0	0
1017	P	0	0	0	0	0	0	0
1018	I	0	0	0	0	0	0	0
1019	F	0	0	0	0	0	0	0
1020	W	0	0	0	0	0	0	0
1021	Y	0	0	0	0	0	0	0
1022	A	0	0	0	0	0	0	0
1023	P	0	0	0	0	0	0	0
1024	E	0	0	0	0	0	0	0
1025	S	0	0	0	0	0	0	0
1026	L	0	0	0	0	0	0	0
1027	T	0	0	0	0	0	0	0
1028	E	0	0	0	0	0	0	0
1029	S	0	0	0	0	0	0	0
1030	K	0	0	0	0	0	0	0
1031	F	0	0	0	0	0	0	0
1032	S	0	0	0	0	0	0	0
1033	V	0	0	0	0	0	0	0
1034	A	0	0	0	0	0	0	0
1035	S	0	0	0	0	0	0	0
1036	D	0	0	0	0	0	0	0
1037	V	0	0	0	0	0	0	0
1038	W	0	0	0	0	0	0	0
1039	S	0	0	0	0	0	0	0
1040	F	0	0	0	0	0	0	0
1041	G	0	0	0	0	0	0	0
1042	V	0	0	0	0	0	0	0
1043	V	0	0	0	0	0	0	0
1044	L	0	0	0	0	0	0	0
1045	Y	0	0	0	0	0	0	0
1046	E	0	0	0	0	0	0	0
1047	L	0	0	0	0	0	0	0
1048	F	0	0	0	0	0	0	0
1049	T	0	0	0	0	0	0	0
1050	Y	0	0	0	0	0	0	0
1051	I	0	0	0	0	0	0	0
1052	E	0	0	0	0	0	0	0
1053	K	0	0	0	0	0	0	0
1054	S	0	0	0	0	0	0	0
1055	K	0	0	0	0	0	0	0
1056	S	0	0	0	0	0	0	0
1057	P	0	0	0	0	0	0	0
1058	P	0	0	0	0	0	0	0
1059	A	0	0	0	0	0	0	0
1060	E	0	0	0	0	0	0	0
1061	F	0	0	0	0	0	0	0
1062	M	0	0	0	0	0	0	0
1063	R	0	0	0	0	0	H;P	1069
1064	M	0	0	0	0	0	0	0
1065	I	0	0	0	0	0	0	0
1066	G	0	0	0	0	0	0	0
1067	N	0	0	0	0	0	0	0
1068	D	0	0	0	0	0	0	0
1069	K	N-acetyllysine	MRMIGNDKQGQMIVF	HHHHCCCCCCCCHHH	Plateletcrit:plateletcrit	1063 (6)	0	0
1070	Q	0	0	0	0	0	0	0
1071	G	0	0	0	0	0	0	0
1072	Q	0	0	0	0	0	0	0
1073	M	0	0	0	0	0	0	0
1074	I	0	0	0	0	0	0	0
1075	V	0	0	0	0	0	0	0
1076	F	0	0	0	0	0	0	0
1077	H	0	0	0	0	0	0	0
1078	L	0	0	0	0	0	0	0
1079	I	0	0	0	0	0	0	0
1080	E	0	0	0	0	0	0	0
1081	L	0	0	0	0	0	0	0
1082	L	0	0	0	0	0	0	0
1083	K	0	0	0	0	0	0	0
1084	N	0	0	0	0	0	0	0
1085	N	0	0	0	0	0	0	0
1086	G	0	0	0	0	0	0	0
1087	R	0	0	0	0	0	0	0
1088	L	0	0	0	0	0	0	0
1089	P	0	0	0	0	0	0	0
1090	R	0	0	0	0	0	0	0
1091	P	0	0	0	0	0	0	0
1092	D	0	0	0	0	0	0	0
1093	G	0	0	0	0	0	0	0
1094	C	0	0	0	0	0	0	0
1095	P	0	0	0	0	0	0	0
1096	D	0	0	0	0	0	0	0
1097	E	0	0	0	0	0	0	0
1098	I	0	0	0	0	0	0	0
1099	Y	0	0	0	0	0	0	0
1100	M	0	0	0	0	0	0	0
1101	I	0	0	0	0	0	0	0
1102	M	0	0	0	0	0	0	0
1103	T	0	0	0	0	0	0	0
1104	E	0	0	0	0	0	0	0
1105	C	0	0	0	0	0	0	0
1106	W	0	0	0	0	0	0	0
1107	N	0	0	0	0	0	0	0
1108	N	0	0	0	0	0	0	0
1109	N	0	0	0	0	0	0	0
1110	V	0	0	0	0	0	0	0
1111	N	0	0	0	0	0	0	0
1112	Q	0	0	0	0	0	0	0
1113	R	0	0	0	0	0	0	0
1114	P	0	0	0	0	0	0	0
1115	S	0	0	0	0	0	0	0
1116	F	0	0	0	0	0	0	0
1117	R	0	0	0	0	0	0	0
1118	D	0	0	0	0	0	0	0
1119	L	0	0	0	0	0	0	0
1120	A	0	0	0	0	0	0	0
1121	L	0	0	0	0	0	0	0
1122	R	0	0	0	0	0	0	0
1123	V	0	0	0	0	0	0	0
1124	D	0	0	0	0	0	0	0
1125	Q	0	0	0	0	0	0	0
1126	I	0	0	0	0	0	0	0
1127	R	0	0	0	0	0	0	0
1128	D	0	0	0	0	0	0	0
1129	N	0	0	0	0	0	0	0
1130	M	0	0	0	0	0	0	0
1131	A	0	0	0	0	0	0	0
1132	G	0	0	0	0	0	0	0
