location	residue	Modification	seq	secStruc	RelatedDisease	VariantPosition	ResidueChange	DaPSbySAP
1	M	0	0	0	0	0	0	0
2	Y	0	0	0	0	0	0	0
3	S	0	0	0	0	0	0	0
4	V	0	0	0	0	0	0	0
5	E	0	0	0	0	0	0	0
6	D	0	0	0	0	0	0	0
7	L	0	0	0	0	0	0	0
8	L	0	0	0	0	0	0	0
9	I	0	0	0	0	0	0	0
10	S	0	0	0	0	0	0	0
11	H	0	0	0	0	0	0	0
12	G	0	0	0	0	0	0	0
13	Y	0	0	0	0	0	0	0
14	K	0	0	0	0	0	0	0
15	L	0	0	0	0	0	0	0
16	S	0	0	0	0	0	0	0
17	R	0	0	0	0	0	0	0
18	D	0	0	0	0	0	0	0
19	P	0	0	0	0	0	0	0
20	P	0	0	0	0	0	0	0
21	A	0	0	0	0	0	0	0
22	S	0	0	0	0	0	0	0
23	R	0	0	0	0	0	0	0
24	E	0	0	0	0	0	0	0
25	D	0	0	0	0	0	0	0
26	N	0	0	0	0	0	0	0
27	P	0	0	0	0	0	0	0
28	K	0	0	0	0	0	0	0
29	G	0	0	0	0	0	0	0
30	R	0	0	0	0	0	0	0
31	Q	0	0	0	0	0	0	0
32	A	0	0	0	0	0	0	0
33	A	0	0	0	0	0	0	0
34	R	0	0	0	0	0	0	0
35	T	0	0	0	0	0	0	0
36	G	0	0	0	0	0	0	0
37	T	0	0	0	0	0	0	0
38	R	0	0	0	0	0	0	0
39	A	0	0	0	0	0	0	0
40	G	0	0	0	0	0	0	0
41	Q	0	0	0	0	0	0	0
42	G	0	0	0	0	0	0	0
43	L	0	0	0	0	0	0	0
44	Q	0	0	0	0	0	0	0
45	N	0	0	0	0	0	0	0
46	G	0	0	0	0	0	0	0
47	H	0	0	0	0	0	0	0
48	E	0	0	0	0	0	0	0
49	D	0	0	0	0	0	0	0
50	G	0	0	0	0	0	0	0
51	P	0	0	0	0	0	0	0
52	A	0	0	0	0	0	0	0
53	A	0	0	0	0	0	0	0
54	L	0	0	0	0	0	0	0
55	A	0	0	0	0	0	0	0
56	H	0	0	0	0	0	0	0
57	R	0	0	0	0	0	0	0
58	K	0	0	0	0	0	0	0
59	T	0	0	0	0	0	0	0
60	S	0	0	0	0	0	0	0
61	A	0	0	0	0	0	0	0
62	G	0	0	0	0	0	0	0
63	K	0	0	0	0	0	0	0
64	G	0	0	0	0	0	0	0
65	H	0	0	0	0	0	0	0
66	V	0	0	0	0	0	0	0
67	S	Phosphoserine	SAGKGHVSDSESRRS	CCCCCCCCCCCCCCC	0	0	0	0
68	D	0	0	0	0	0	0	0
69	S	Phosphoserine	GKGHVSDSESRRSTP	CCCCCCCCCCCCCCC	0	0	0	0
70	E	0	0	0	0	0	0	0
71	S	Phosphoserine	GHVSDSESRRSTPRG	CCCCCCCCCCCCCCC	0	0	0	0
72	R	0	0	0	0	0	0	0
73	R	0	0	0	0	0	0	0
74	S	0	0	0	0	0	0	0
75	T	0	0	0	0	0	0	0
76	P	0	0	0	0	0	0	0
77	R	0	0	0	0	0	0	0
78	G	0	0	0	0	0	0	0
79	H	0	0	0	0	0	0	0
80	G	0	0	0	0	0	0	0
81	E	0	0	0	0	0	0	0
82	P	0	0	0	0	0	0	0
83	Q	0	0	0	0	0	0	0
84	S	0	0	0	0	0	0	0
85	T	0	0	0	0	0	0	0
86	S	0	0	0	0	0	0	0
87	A	0	0	0	0	0	0	0
88	S	0	0	0	0	0	0	0
89	R	0	0	0	0	0	0	0
90	T	0	0	0	0	0	0	0
91	S	0	0	0	0	0	0	0
92	E	0	0	0	0	0	0	0
93	A	0	0	0	0	0	0	0
94	G	0	0	0	0	0	0	0
95	F	0	0	0	0	0	0	0
96	C	0	0	0	0	0	0	0
97	N	0	0	0	0	0	0	0
98	Q	0	0	0	0	0	0	0
99	P	0	0	0	0	0	0	0
100	P	0	0	0	0	0	0	0
101	S	0	0	0	0	0	0	0
102	A	0	0	0	0	0	0	0
103	W	0	0	0	0	0	0	0
104	S	0	0	0	0	0	0	0
105	S	0	0	0	0	0	0	0
106	H	0	0	0	0	0	0	0
107	P	0	0	0	0	0	0	0
108	P	0	0	0	0	0	0	0
109	T	0	0	0	0	0	0	0
110	G	0	0	0	0	0	0	0
111	N	0	0	0	0	0	0	0
112	D	0	0	0	0	0	0	0
113	Q	0	0	0	0	0	0	0
114	A	0	0	0	0	0	0	0
115	Y	0	0	0	0	0	0	0
116	R	0	0	0	0	0	0	0
117	R	0	0	0	0	0	0	0
118	R	0	0	0	0	0	0	0
119	G	0	0	0	0	0	0	0
120	R	0	0	0	0	0	0	0
121	Q	0	0	0	0	0	0	0
122	E	0	0	0	0	0	0	0
123	A	0	0	0	0	0	0	0
124	R	0	0	0	0	0	0	0
125	S	0	0	0	0	0	0	0
126	Q	0	0	0	0	0	0	0
127	K	0	0	0	0	0	0	0
128	P	0	0	0	0	0	0	0
129	R	0	0	0	0	0	0	0
130	E	0	0	0	0	0	0	0
131	H	0	0	0	0	0	0	0
132	E	0	0	0	0	0	0	0
133	N	0	0	0	0	0	0	0
134	L	0	0	0	0	0	0	0
135	E	0	0	0	0	0	0	0
136	A	0	0	0	0	0	0	0
137	R	0	0	0	0	0	0	0
138	G	0	0	0	0	0	0	0
139	M	0	0	0	0	0	0	0
140	A	0	0	0	0	0	0	0
141	Q	0	0	0	0	0	0	0
142	A	0	0	0	0	0	0	0
143	H	0	0	0	0	0	0	0
144	S	0	0	0	0	0	0	0
145	L	0	0	0	0	0	0	0
146	P	0	0	0	0	0	0	0
147	V	0	0	0	0	0	0	0
148	H	0	0	0	0	0	0	0
149	V	0	0	0	0	0	0	0
150	R	0	0	0	0	0	0	0
151	E	0	0	0	0	0	0	0
152	G	0	0	0	0	0	0	0
153	P	0	0	0	0	0	0	0
154	W	0	0	0	0	0	0	0
155	E	0	0	0	0	0	0	0
156	V	0	0	0	0	0	0	0
157	G	0	0	0	0	0	0	0
158	G	0	0	0	0	0	0	0
159	R	0	0	0	0	0	0	0
160	S	0	0	0	0	0	0	0
161	E	0	0	0	0	0	0	0
162	H	0	0	0	0	0	0	0
163	V	0	0	0	0	0	0	0
164	M	0	0	0	0	0	0	0
165	K	0	0	0	0	0	0	0
166	K	0	0	0	0	0	0	0
167	P	0	0	0	0	0	0	0
168	V	0	0	0	0	0	0	0
169	W	0	0	0	0	0	0	0
170	E	0	0	0	0	0	0	0
171	E	0	0	0	0	0	0	0
172	E	0	0	0	0	0	0	0
173	L	0	0	0	0	0	0	0
174	R	N6-methyllysine	PVWEEELRMSGPAKW	CCCHHHHHHHCCCCC	0	0	0	0
175	M	0	0	0	0	0	0	0
176	S	0	0	0	0	0	0	0
177	G	0	0	0	0	0	0	0
178	P	Phosphoserine	EELRMSGPAKWQNVS	HHHHHHCCCCCCCCC	0	0	0	0
179	A	0	0	0	0	0	0	0
180	K	0	0	0	0	0	0	0
181	W	0	0	0	0	0	0	0
182	Q	0	0	0	0	0	0	0
183	N	0	0	0	0	0	0	0
184	V	0	0	0	0	0	0	0
185	S	Phosphoserine	PAKWQNVSLESWNQP	CCCCCCCCHHHCCCC	0	0	0	0
186	L	0	0	0	0	0	0	0
187	E	0	0	0	0	0	0	0
188	S	0	0	0	0	0	0	0
189	W	0	0	0	0	0	0	0
190	N	0	0	0	0	0	0	0
191	Q	0	0	0	0	0	0	0
192	P	0	0	0	0	0	0	0
193	R	0	0	0	0	0	0	0
194	K	0	0	0	0	0	0	0
195	L	0	0	0	0	0	0	0
196	G	0	0	0	0	0	0	0
197	R	0	0	0	0	0	0	0
198	Q	0	0	0	0	0	0	0
199	M	0	0	0	0	0	0	0
200	S	Phosphoserine	RKLGRQMSDGDGERL	HHHCCCCCCCCHHHH	0	0	0	0
201	D	0	0	0	0	0	0	0
202	G	0	0	0	0	0	0	0
203	D	0	0	0	0	0	0	0
204	G	0	0	0	0	0	0	0
205	E	0	0	0	0	0	0	0
206	R	0	0	0	0	0	0	0
207	L	0	0	0	0	0	0	0
208	F	0	0	0	0	0	0	0
209	Q	0	0	0	0	0	0	0
210	D	0	0	0	0	0	0	0
211	L	0	0	0	0	0	0	0
212	Y	Phosphotyrosine	ERLFQDLYPFIQGEH	HHHHHHHHHHHCCHH	0	0	0	0
213	P	0	0	0	0	0	0	0
214	F	0	0	0	0	0	0	0
215	I	0	0	0	0	0	0	0
216	Q	0	0	0	0	0	0	0
217	G	0	0	0	0	0	0	0
218	E	0	0	0	0	0	0	0
219	H	0	0	0	0	0	0	0
220	V	0	0	0	0	0	0	0
221	L	0	0	0	0	0	0	0
222	N	0	0	0	0	0	0	0
223	S	0	0	0	0	0	0	0
224	Q	0	0	0	0	0	0	0
225	N	0	0	0	0	0	0	0
226	K	0	0	0	0	0	0	0
227	G	0	0	0	0	0	0	0
228	K	0	0	0	0	0	0	0
229	S	0	0	0	0	0	0	0
230	R	0	0	0	0	0	0	0
231	S	0	0	0	0	0	0	0
232	L	0	0	0	0	0	0	0
233	P	0	0	0	0	0	0	0
234	R	0	0	0	0	0	0	0
235	V	0	0	0	0	0	0	0
236	L	0	0	0	0	0	0	0
237	S	Phosphoserine	RSLPRVLSPESLSCT	CCCCCCCCHHHCCCC	0	0	0	0
238	P	0	0	0	0	0	0	0
239	E	0	0	0	0	0	0	0
240	S	0	0	0	0	0	0	0
241	L	0	0	0	0	0	0	0
242	S	0	0	0	0	0	0	0
243	C	0	0	0	0	0	0	0
244	T	0	0	0	0	0	0	0
245	E	0	0	0	0	0	0	0
246	I	0	0	0	0	0	0	0
247	P	0	0	0	0	0	0	0
248	I	0	0	0	0	0	0	0
249	P	0	0	0	0	0	0	0
250	L	0	0	0	0	0	0	0
251	N	0	0	0	0	0	0	0
252	E	0	0	0	0	0	0	0
253	R	0	0	0	0	0	0	0
254	H	0	0	0	0	0	0	0
255	S	Phosphoserine	IPLNERHSPKMPPYP	CCCCCCCCCCCCCCC	0	0	0	0
256	P	0	0	0	0	0	0	0
257	K	0	0	0	0	0	0	0
258	M	0	0	0	0	0	0	0
259	P	0	0	0	0	0	0	0
260	P	0	0	0	0	0	0	0
261	Y	0	0	0	0	0	0	0
262	P	0	0	0	0	0	0	0
263	P	0	0	0	0	0	0	0
264	T	0	0	0	0	0	0	0
265	C	0	0	0	0	0	0	0
266	A	0	0	0	0	0	0	0
267	P	0	0	0	0	0	0	0
268	N	0	0	0	0	0	0	0
269	L	0	0	0	0	0	0	0
270	D	0	0	0	0	0	0	0
271	S	0	0	0	0	0	0	0
272	T	0	0	0	0	0	0	0
273	R	0	0	0	0	0	0	0
274	N	0	0	0	0	0	0	0
275	S	0	0	0	0	0	0	0
276	E	0	0	0	0	0	0	0
277	K	0	0	0	0	0	0	0
278	S	0	0	0	0	0	0	0
279	G	0	0	0	0	0	0	0
280	C	0	0	0	0	0	0	0
281	S	0	0	0	0	0	0	0
282	A	0	0	0	0	0	0	0
283	P	0	0	0	0	0	0	0
284	F	0	0	0	0	0	0	0
285	P	0	0	0	0	0	0	0
286	R	0	0	0	0	0	0	0
287	P	0	0	0	0	0	0	0
288	K	0	0	0	0	0	0	0
289	F	0	0	0	0	0	0	0
290	G	0	0	0	0	0	0	0
291	R	0	0	0	0	0	0	0
292	P	0	0	0	0	0	0	0
293	L	0	0	0	0	0	0	0
294	K	0	0	0	0	0	0	0
295	P	0	0	0	0	0	0	0
296	P	0	0	0	0	0	0	0
297	S	0	0	0	0	0	0	0
298	Y	0	0	0	0	0	0	0
299	S	0	0	0	0	0	0	0
300	S	0	0	0	0	0	0	0
301	H	0	0	0	0	0	0	0
302	Q	0	0	0	0	0	0	0
303	Q	0	0	0	0	0	0	0
304	S	0	0	0	0	0	0	0
305	R	0	0	0	0	0	0	0
306	G	0	0	0	0	0	0	0
307	G	0	0	0	0	0	0	0
308	A	0	0	0	0	0	0	0
309	D	0	0	0	0	0	0	0
310	S	0	0	0	0	0	0	0
311	S	0	0	0	0	0	0	0
312	D	0	0	0	0	0	0	0
313	S	0	0	0	0	0	0	0
314	Q	0	0	0	0	0	0	0
315	D	0	0	0	0	0	0	0
316	S	0	0	0	0	0	0	0
317	Q	0	0	0	0	0	0	0
318	Q	0	0	0	0	0	0	0
319	M	0	0	0	0	0	0	0
320	D	0	0	0	0	0	0	0
321	A	0	0	0	0	0	0	0
322	Y	Phosphotyrosine	DSQQMDAYVPRHELC	CHHHHHHHCCHHHHC	0	0	0	0
323	V	0	0	0	0	0	0	0
324	P	0	0	0	0	0	0	0
325	R	0	0	0	0	0	0	0
326	H	0	0	0	0	0	0	0
327	E	0	0	0	0	0	0	0
328	L	0	0	0	0	0	0	0
329	C	0	0	0	0	0	0	0
330	L	0	0	0	0	0	0	0
331	S	0	0	0	0	0	0	0
332	D	0	0	0	0	0	0	0
333	P	0	0	0	0	0	0	0
334	G	0	0	0	0	0	0	0
335	L	0	0	0	0	0	0	0
336	E	0	0	0	0	0	0	0
337	P	0	0	0	0	0	0	0
338	P	0	0	0	0	0	0	0
339	V	0	0	0	0	0	0	0
340	Y	Phosphotyrosine	PGLEPPVYVPPPSYR	CCCCCCCCCCCCHHC	0	0	0	0
341	V	0	0	0	0	0	0	0
342	P	0	0	0	0	0	0	0
343	P	0	0	0	0	0	0	0
344	P	0	0	0	0	0	0	0
345	S	0	0	0	0	0	0	0
346	Y	0	0	0	0	0	0	0
347	R	0	0	0	0	0	0	0
348	S	0	0	0	0	0	0	0
349	P	0	0	0	0	0	0	0
350	P	0	0	0	0	0	0	0
351	Q	0	0	0	0	0	0	0
352	N	0	0	0	0	0	0	0
353	I	0	0	0	0	0	0	0
354	P	0	0	0	0	0	0	0
355	N	0	0	0	0	0	0	0
356	P	0	0	0	0	0	0	0
357	Y	0	0	0	0	0	0	0
358	L	0	0	0	0	0	0	0
359	E	0	0	0	0	0	0	0
360	D	0	0	0	0	0	0	0
361	T	0	0	0	0	0	0	0
362	V	0	0	0	0	0	0	0
363	P	0	0	0	0	0	0	0
364	I	0	0	0	0	0	0	0
365	N	0	0	0	0	0	0	0
366	V	0	0	0	0	0	0	0
367	C	0	0	0	0	0	0	0
368	G	0	0	0	0	0	0	0
369	G	0	0	0	0	0	0	0
370	H	0	0	0	0	0	0	0
371	S	Phosphoserine	INVCGGHSQQQSPTE	EEECCCCCCCCCCCC	0	0	0	0
372	Q	0	0	0	0	0	0	0
373	Q	0	0	0	0	0	0	0
374	Q	0	0	0	0	0	0	0
375	S	Phosphoserine	GGHSQQQSPTEKAGA	CCCCCCCCCCCCCCC	0	0	0	0
376	P	0	0	0	0	0	0	0
377	T	0	0	0	0	0	0	0
378	E	0	0	0	0	0	0	0
379	K	0	0	0	0	0	0	0
380	A	0	0	0	0	0	0	0
381	G	0	0	0	0	0	0	0
382	A	0	0	0	0	0	0	0
383	S	0	0	0	0	0	0	0
384	G	0	0	0	0	0	0	0
385	Q	0	0	0	0	0	0	0
386	P	0	0	0	0	0	0	0
387	P	0	0	0	0	0	0	0
388	S	0	0	0	0	0	0	0
389	G	0	0	0	0	0	0	0
390	P	0	0	0	0	0	0	0
391	P	0	0	0	0	0	0	0
392	G	0	0	0	0	0	0	0
393	T	0	0	0	0	0	0	0
394	G	0	0	0	0	0	0	0
395	N	0	0	0	0	0	0	0
396	E	0	0	0	0	0	0	0
397	Y	Phosphotyrosine	PPGTGNEYGVSPRLP	CCCCCCCCCCCCCCC	0	0	0	0
398	G	0	0	0	0	0	0	0
399	V	0	0	0	0	0	0	0
400	S	0	0	0	0	0	0	0
401	P	0	0	0	0	0	0	0
402	R	0	0	0	0	0	0	0
403	L	0	0	0	0	0	0	0
404	P	0	0	0	0	0	0	0
405	Q	0	0	0	0	0	0	0
406	G	0	0	0	0	0	0	0
407	L	0	0	0	0	0	0	0
408	P	0	0	0	0	0	0	0
409	A	0	0	0	0	0	0	0
410	H	0	0	0	0	0	0	0
411	P	0	0	0	0	0	0	0
412	R	0	0	0	0	0	0	0
413	P	0	0	0	0	0	0	0
414	V	0	0	0	0	0	0	0
415	T	0	0	0	0	0	0	0
416	A	0	0	0	0	0	0	0
417	Y	Phosphotyrosine	HPRPVTAYDGFVQYI	CCCCEECCCCCEEEE	0	0	0	0
418	D	0	0	0	0	0	0	0
419	G	0	0	0	0	0	0	0
420	F	0	0	0	0	0	0	0
421	V	0	0	0	0	0	0	0
422	Q	0	0	0	0	0	0	0
423	Y	Phosphotyrosine	AYDGFVQYIPFDDPR	CCCCCEEEECCCCCC	0	0	0	0
424	I	0	0	0	0	0	0	0
425	P	0	0	0	0	0	0	0
426	F	0	0	0	0	0	0	0
427	D	0	0	0	0	0	0	0
428	D	0	0	0	0	0	0	0
429	P	0	0	0	0	0	0	0
430	R	0	0	0	0	0	0	0
431	L	0	0	0	0	0	0	0
432	R	0	0	0	0	0	0	0
433	H	0	0	0	0	0	0	0
434	F	0	0	0	0	0	0	0
435	K	0	0	0	0	0	0	0
436	L	0	0	0	0	0	0	0
437	A	0	0	0	0	0	0	0
438	Q	0	0	0	0	0	0	0
439	P	0	0	0	0	0	0	0
440	Q	0	0	0	0	0	0	0
441	G	0	0	0	0	0	0	0
442	F	0	0	0	0	0	0	0
443	C	0	0	0	0	0	0	0
444	E	0	0	0	0	0	0	0
445	D	0	0	0	0	0	0	0
446	I	0	0	0	0	0	0	0
447	K	0	0	0	0	0	0	0
448	L	0	0	0	0	0	0	0
449	D	0	0	0	0	0	0	0
450	D	0	0	0	0	0	0	0
451	K	0	0	0	0	0	0	0
452	S	0	0	0	0	0	0	0
453	Y	0	0	0	0	0	0	0
454	N	0	0	0	0	0	0	0
455	S	0	0	0	0	0	0	0
456	S	0	0	0	0	0	0	0
457	P	0	0	0	0	0	0	0
458	V	0	0	0	0	0	0	0
459	T	0	0	0	0	0	0	0
460	A	0	0	0	0	0	0	0
461	Q	0	0	0	0	0	0	0
462	E	0	0	0	0	0	0	0
463	P	0	0	0	0	0	0	0
464	A	0	0	0	0	0	0	0
465	H	0	0	0	0	0	0	0
466	G	0	0	0	0	0	0	0
467	G	0	0	0	0	0	0	0
468	M	0	0	0	0	0	0	0
469	Q	0	0	0	0	0	0	0
470	P	0	0	0	0	0	0	0
471	D	0	0	0	0	0	0	0
472	G	0	0	0	0	0	0	0
473	A	0	0	0	0	0	0	0
474	I	0	0	0	0	0	0	0
475	W	0	0	0	0	0	0	0
476	N	0	0	0	0	0	0	0
477	P	0	0	0	0	0	0	0
478	Q	0	0	0	0	0	0	0
479	S	0	0	0	0	0	0	0
480	L	0	0	0	0	0	0	0
481	I	0	0	0	0	0	0	0
482	P	0	0	0	0	0	0	0
483	P	0	0	0	0	0	0	0
484	S	0	0	0	0	0	0	0
485	G	0	0	0	0	0	0	0
486	D	0	0	0	0	0	0	0
487	E	0	0	0	0	0	0	0
488	R	0	0	0	0	0	0	0
489	G	0	0	0	0	0	0	0
490	L	0	0	0	0	0	0	0
491	V	0	0	0	0	0	0	0
492	L	0	0	0	0	0	0	0
493	A	0	0	0	0	0	0	0
494	D	0	0	0	0	0	0	0
495	S	0	0	0	0	0	0	0
496	S	Phosphoserine	GLVLADSSPRWLWGQ	CEEECCCCCCCCCCC	0	0	0	0
497	P	0	0	0	0	0	0	0
498	R	0	0	0	0	0	0	0
499	W	0	0	0	0	0	0	0
500	L	0	0	0	0	0	0	0
501	W	0	0	0	0	0	0	0
502	G	0	0	0	0	0	0	0
503	Q	0	0	0	0	0	0	0
504	P	0	0	0	0	0	0	0
505	P	0	0	0	0	0	0	0
506	G	0	0	0	0	0	0	0
507	D	0	0	0	0	0	0	0
508	G	0	0	0	0	0	0	0
509	E	0	0	0	0	0	0	0
510	N	0	0	0	0	0	0	0
511	S	0	0	0	0	0	0	0
512	G	0	0	0	0	0	0	0
513	L	0	0	0	0	0	0	0
514	P	0	0	0	0	0	0	0
515	N	0	0	0	0	0	0	0
516	Q	0	0	0	0	0	0	0
517	R	0	0	0	0	0	0	0
518	D	0	0	0	0	0	0	0
519	R	0	0	0	0	0	0	0
520	C	0	0	0	0	0	0	0
521	V	0	0	0	0	0	0	0
522	A	0	0	0	0	0	0	0
523	R	0	0	0	0	0	0	0
524	G	0	0	0	0	0	0	0
525	Q	0	0	0	0	0	0	0
526	W	0	0	0	0	0	0	0
527	P	0	0	0	0	0	0	0
528	D	0	0	0	0	0	0	0
529	V	0	0	0	0	0	0	0
530	R	0	0	0	0	0	0	0
531	G	0	0	0	0	0	0	0
532	S	0	0	0	0	0	0	0
533	Q	0	0	0	0	0	0	0
534	H	0	0	0	0	0	0	0
535	G	0	0	0	0	0	0	0
536	H	0	0	0	0	0	0	0
537	T	0	0	0	0	0	0	0
538	G	0	0	0	0	0	0	0
539	R	0	0	0	0	0	0	0
540	Q	0	0	0	0	0	0	0
541	V	0	0	0	0	0	0	0
542	S	Phosphoserine	GHTGRQVSSPYSQGE	CCCCCCCCCCCCCCC	0	0	0	0
543	S	0	0	0	0	0	0	0
544	P	0	0	0	0	0	0	0
545	Y	Phosphotyrosine	GRQVSSPYSQGESTC	CCCCCCCCCCCCCCC	0	0	0	0
546	S	0	0	0	0	0	0	0
547	Q	0	0	0	0	0	0	0
548	G	0	0	0	0	0	0	0
549	E	0	0	0	0	0	0	0
550	S	0	0	0	0	0	0	0
551	T	0	0	0	0	0	0	0
552	C	0	0	0	0	0	0	0
553	E	0	0	0	0	0	0	0
554	T	0	0	0	0	0	0	0
555	Q	0	0	0	0	0	0	0
556	T	0	0	0	0	0	0	0
557	K	0	0	0	0	0	0	0
558	L	0	0	0	0	0	0	0
559	K	0	0	0	0	0	0	0
560	K	0	0	0	0	0	0	0
561	F	0	0	0	0	0	0	0
562	Q	0	0	0	0	0	0	0
563	T	0	0	0	0	0	0	0
564	G	0	0	0	0	0	0	0
565	T	0	0	0	0	0	0	0
566	R	0	0	0	0	0	0	0
567	T	0	0	0	0	0	0	0
568	K	0	0	0	0	0	0	0
569	K	0	0	0	0	0	0	0
570	S	0	0	0	0	0	0	0
571	S	0	0	0	0	0	0	0
572	K	0	0	0	0	0	0	0
573	K	0	0	0	0	0	0	0
574	K	0	0	0	0	0	0	0
575	M	0	0	0	0	0	0	0
576	N	0	0	0	0	0	0	0
577	E	0	0	0	0	0	0	0
578	T	Phosphothreonine	SKKKMNETIFCLVSI	CCCCCCCEEEEEEEC	0	0	0	0
579	I	0	0	0	0	0	0	0
580	F	0	0	0	0	0	0	0
581	C	0	0	0	0	0	0	0
582	L	0	0	0	0	0	0	0
583	V	0	0	0	0	0	0	0
584	S	0	0	0	0	0	0	0
585	I	0	0	0	0	0	0	0
586	P	0	0	0	0	0	0	0
587	V	0	0	0	0	0	0	0
588	K	0	0	0	0	0	0	0
589	S	0	0	0	0	0	0	0
590	E	0	0	0	0	0	0	0
591	S	0	0	0	0	0	0	0
592	H	0	0	0	0	0	0	0
593	L	0	0	0	0	0	0	0
594	P	0	0	0	0	0	0	0
595	D	0	0	0	0	0	0	0
596	R	0	0	0	0	0	0	0
597	D	0	0	0	0	0	0	0
598	M	0	0	0	0	0	0	0
599	D	0	0	0	0	0	0	0
600	N	0	0	0	0	0	0	0
601	N	0	0	0	0	0	0	0
602	D	0	0	0	0	0	0	0
603	L	0	0	0	0	0	0	0
604	K	0	0	0	0	0	0	0
605	P	0	0	0	0	0	0	0
606	S	0	0	0	0	0	0	0
607	A	0	0	0	0	0	0	0
608	D	0	0	0	0	0	0	0
609	Q	0	0	0	0	0	0	0
610	K	0	0	0	0	0	0	0
611	N	0	0	0	0	0	0	0
612	G	0	0	0	0	0	0	0
613	S	0	0	0	0	0	0	0
614	D	0	0	0	0	0	0	0
615	K	0	0	0	0	0	0	0
616	S	0	0	0	0	0	0	0
617	P	0	0	0	0	0	0	0
618	A	0	0	0	0	0	0	0
619	L	0	0	0	0	0	0	0
620	Q	0	0	0	0	0	0	0
621	E	0	0	0	0	0	0	0
622	Q	0	0	0	0	0	0	0
623	S	0	0	0	0	0	0	0
624	L	0	0	0	0	0	0	0
625	L	0	0	0	0	0	0	0
626	S	0	0	0	0	0	0	0
627	M	0	0	0	0	0	0	0
628	S	Phosphoserine	EQSLLSMSSTDLELQ	HHHHHHCCCCHHHHH	0	0	0	0
629	S	Phosphoserine	QSLLSMSSTDLELQA	HHHHHCCCCHHHHHH	0	0	0	0
630	T	0	0	0	0	0	0	0
631	D	0	0	0	0	0	0	0
632	L	0	0	0	0	0	0	0
633	E	0	0	0	0	0	0	0
634	L	0	0	0	0	0	0	0
635	Q	0	0	0	0	0	0	0
636	A	0	0	0	0	0	0	0
637	L	0	0	0	0	0	0	0
638	T	0	0	0	0	0	0	0
639	G	0	0	0	0	0	0	0
640	S	0	0	0	0	0	0	0
641	M	0	0	0	0	0	0	0
642	G	0	0	0	0	0	0	0
643	G	0	0	0	0	0	0	0
644	R	0	0	0	0	0	0	0
645	T	0	0	0	0	0	0	0
646	E	0	0	0	0	0	0	0
647	F	0	0	0	0	0	0	0
648	Q	0	0	0	0	0	0	0
649	K	0	0	0	0	0	0	0
650	Q	0	0	0	0	0	0	0
651	D	0	0	0	0	0	0	0
652	L	0	0	0	0	0	0	0
653	G	0	0	0	0	0	0	0
654	E	0	0	0	0	0	0	0
655	P	0	0	0	0	0	0	0
656	E	0	0	0	0	0	0	0
657	E	0	0	0	0	0	0	0
658	D	0	0	0	0	0	0	0
659	R	0	0	0	0	0	0	0
660	Q	0	0	0	0	0	0	0
661	T	0	0	0	0	0	0	0
662	N	0	0	0	0	0	0	0
663	D	0	0	0	0	0	0	0
664	L	0	0	0	0	0	0	0
665	S	0	0	0	0	0	0	0
666	F	0	0	0	0	0	0	0
667	I	0	0	0	0	0	0	0
668	H	0	0	0	0	0	0	0
669	L	0	0	0	0	0	0	0
670	T	0	0	0	0	0	0	0
671	K	0	0	0	0	0	0	0
672	H	0	0	0	0	0	0	0
673	R	0	0	0	0	0	0	0
674	E	0	0	0	0	0	0	0
675	L	0	0	0	0	0	0	0
676	K	0	0	0	0	0	0	0
677	H	0	0	0	0	0	0	0
678	S	0	0	0	0	0	0	0
679	G	0	0	0	0	0	0	0
680	S	Phosphoserine	RELKHSGSWPGHRYR	CCCCCCCCCCCCCCC	0	0	0	0
681	W	0	0	0	0	0	0	0
682	P	0	0	0	0	0	0	0
683	G	0	0	0	0	0	0	0
684	H	0	0	0	0	0	0	0
685	R	0	0	0	0	0	0	0
686	Y	0	0	0	0	0	0	0
687	R	0	0	0	0	0	0	0
688	D	0	0	0	0	0	0	0
689	Q	0	0	0	0	0	0	0
690	Q	0	0	0	0	0	0	0
691	T	Phosphothreonine	HRYRDQQTQTSFSEE	CCCCCCCCCCCCCCC	0	0	0	0
692	Q	0	0	0	0	0	0	0
693	T	0	0	0	0	0	0	0
694	S	Phosphoserine	RDQQTQTSFSEEPQS	CCCCCCCCCCCCCCH	0	0	0	0
695	F	0	0	0	0	0	0	0
696	S	Phosphoserine	QQTQTSFSEEPQSSQ	CCCCCCCCCCCCHHC	0	0	0	0
697	E	0	0	0	0	0	0	0
698	E	0	0	0	0	0	0	0
699	P	0	0	0	0	0	0	0
700	Q	0	0	0	0	0	0	0
701	S	0	0	0	0	0	0	0
702	S	0	0	0	0	0	0	0
703	Q	0	0	0	0	0	0	0
704	L	0	0	0	0	0	0	0
705	L	0	0	0	0	0	0	0
706	P	0	0	0	0	0	0	0
707	G	0	0	0	0	0	0	0
708	A	0	0	0	0	0	0	0
709	K	0	0	0	0	0	0	0
710	L	0	0	0	0	0	0	0
711	G	0	0	0	0	0	0	0
712	G	0	0	0	0	0	0	0
713	P	0	0	0	0	0	0	0
714	S	Phosphoserine	GAKLGGPSRAALSPK	CCCCCCCCCCCCCCC	0	0	0	0
715	R	0	0	0	0	0	0	0
716	A	0	0	0	0	0	0	0
717	A	0	0	0	0	0	0	0
718	L	0	0	0	0	0	0	0
719	S	Phosphoserine	GPSRAALSPKCSDPA	CCCCCCCCCCCCCHH	0	0	0	0
720	P	0	0	0	0	0	0	0
721	K	0	0	0	0	0	0	0
722	C	0	0	0	0	0	0	0
723	S	0	0	0	0	0	0	0
724	D	0	0	0	0	0	0	0
725	P	0	0	0	0	0	0	0
726	A	Phosphoserine	SPKCSDPAASEAQTH	CCCCCCHHHHHHHCC	0	0	0	0
727	A	0	0	0	0	0	0	0
728	S	0	0	0	0	0	0	0
729	E	0	0	0	0	0	0	0
730	A	0	0	0	0	0	0	0
731	Q	0	0	0	0	0	0	0
732	T	0	0	0	0	0	0	0
733	H	0	0	0	0	0	0	0
734	T	0	0	0	0	0	0	0
735	A	0	0	0	0	0	0	0
736	F	0	0	0	0	0	0	0
737	P	0	0	0	0	0	0	0
738	T	0	0	0	0	0	0	0
739	G	0	0	0	0	0	0	0
740	D	0	0	0	0	0	0	0
741	H	0	0	0	0	0	0	0
742	K	0	0	0	0	0	0	0
743	Q	0	0	0	0	0	0	0
744	R	0	0	0	0	0	0	0
745	P	0	0	0	0	0	0	0
746	S	0	0	0	0	0	0	0
747	A	0	0	0	0	0	0	0
748	R	0	0	0	0	0	0	0
749	N	0	0	0	0	0	0	0
750	L	0	0	0	0	0	0	0
751	K	0	0	0	0	0	0	0
752	G	0	0	0	0	0	0	0
753	H	0	0	0	0	0	0	0
754	R	0	0	0	0	0	0	0
755	S	Phosphoserine	RNLKGHRSLSPSSNS	HCCCCCCCCCCCCCC	0	0	0	0
756	L	0	0	0	0	0	0	0
757	S	Phosphoserine	LKGHRSLSPSSNSAF	CCCCCCCCCCCCCCC	0	0	0	0
758	P	0	0	0	0	0	0	0
759	S	0	0	0	0	0	0	0
760	S	Phosphoserine	HRSLSPSSNSAFSRT	CCCCCCCCCCCCCCC	0	0	0	0
761	N	0	0	0	0	0	0	0
762	S	0	0	0	0	0	0	0
763	A	0	0	0	0	0	0	0
764	F	0	0	0	0	0	0	0
765	S	Phosphoserine	PSSNSAFSRTSLSVD	CCCCCCCCCCCCCCC	0	0	0	0
766	R	0	0	0	0	0	0	0
767	T	0	0	0	0	0	0	0
768	S	Phosphoserine	NSAFSRTSLSVDQAP	CCCCCCCCCCCCCCC	0	0	0	0
769	L	0	0	0	0	0	0	0
770	S	Phosphoserine	AFSRTSLSVDQAPTP	CCCCCCCCCCCCCCC	0	0	0	0
771	V	0	0	0	0	0	0	0
772	D	0	0	0	0	0	0	0
773	Q	0	0	0	0	0	0	0
774	A	0	0	0	0	0	0	0
775	P	0	0	0	0	0	0	0
776	T	0	0	0	0	0	0	0
777	P	0	0	0	0	0	0	0
778	K	0	0	0	0	0	0	0
779	A	0	0	0	0	0	0	0
780	G	0	0	0	0	0	0	0
781	R	0	0	0	0	0	0	0
782	S	0	0	0	0	0	0	0
783	Q	0	0	0	0	0	0	0
784	P	0	0	0	0	0	0	0
785	C	0	0	0	0	0	0	0
786	V	0	0	0	0	0	0	0
787	D	0	0	0	0	0	0	0
788	V	0	0	0	0	0	0	0
789	H	0	0	0	0	0	0	0
790	G	0	0	0	0	0	0	0
791	L	0	0	0	0	0	0	0
792	G	0	0	0	0	0	0	0
793	A	0	0	0	0	0	0	0
794	H	0	0	0	0	0	0	0
795	P	0	0	0	0	0	0	0
796	G	0	0	0	0	0	0	0
797	P	0	0	0	0	0	0	0
798	K	0	0	0	0	0	0	0
799	R	0	0	0	0	0	0	0
800	E	0	0	0	0	0	0	0
801	V	0	0	0	0	0	0	0
802	V	0	0	0	0	0	0	0
803	K	0	0	0	0	0	0	0
804	G	0	0	0	0	0	0	0
805	E	0	0	0	0	0	0	0
806	P	0	0	0	0	0	0	0
807	T	0	0	0	0	0	0	0
808	G	0	0	0	0	0	0	0
809	P	0	0	0	0	0	0	0
810	C	0	0	0	0	0	0	0
811	N	0	0	0	0	0	0	0
812	S	0	0	0	0	0	0	0
813	K	0	0	0	0	0	0	0
814	Q	0	0	0	0	0	0	0
815	L	0	0	0	0	0	0	0
816	F	0	0	0	0	0	0	0
817	G	0	0	0	0	0	0	0
818	Q	0	0	0	0	0	0	0
819	F	0	0	0	0	0	0	0
820	L	0	0	0	0	0	0	0
821	L	0	0	0	0	0	0	0
822	K	0	0	0	0	0	0	0
823	P	0	0	0	0	0	0	0
824	V	0	0	0	0	0	0	0
825	S	0	0	0	0	0	0	0
826	R	0	0	0	0	0	0	0
827	R	0	0	0	0	0	0	0
828	P	0	0	0	0	0	0	0
829	W	0	0	0	0	0	0	0
830	D	0	0	0	0	0	0	0
831	L	0	0	0	0	0	0	0
832	I	0	0	0	0	0	0	0
833	S	0	0	0	0	0	0	0
834	Q	0	0	0	0	0	0	0
835	L	0	0	0	0	0	0	0
836	E	0	0	0	0	0	0	0
837	S	Phosphoserine	DLISQLESFNKELQE	HHHHHHHHHHHHHHH	0	0	0	0
838	F	0	0	0	0	0	0	0
839	N	0	0	0	0	0	0	0
840	K	0	0	0	0	0	0	0
841	E	0	0	0	0	0	0	0
842	L	0	0	0	0	0	0	0
843	Q	0	0	0	0	0	0	0
844	E	0	0	0	0	0	0	0
845	E	0	0	0	0	0	0	0
846	E	0	0	0	0	0	0	0
847	E	0	0	0	0	0	0	0
848	S	0	0	0	0	0	0	0
849	S	0	0	0	0	0	0	0
850	S	Phosphoserine	QEEEESSSSSSSSSS	HHHHHHCCCCCCCCC	0	0	0	0
851	S	Phosphoserine	EEEESSSSSSSSSSS	HHHHHCCCCCCCCCC	0	0	0	0
852	S	Phosphoserine	EEESSSSSSSSSSSS	HHHHCCCCCCCCCCC	0	0	0	0
853	S	Phosphoserine	EESSSSSSSSSSSSE	HHHCCCCCCCCCCCH	0	0	0	0
854	S	0	0	0	0	0	0	0
855	S	0	0	0	0	0	0	0
856	S	0	0	0	0	0	0	0
857	S	0	0	0	0	0	0	0
858	S	0	0	0	0	0	0	0
859	S	0	0	0	0	0	0	0
860	E	0	0	0	0	0	0	0
861	E	0	0	0	0	0	0	0
862	S	0	0	0	0	0	0	0
863	E	0	0	0	0	0	0	0
864	A	0	0	0	0	0	0	0
865	E	0	0	0	0	0	0	0
866	P	0	0	0	0	0	0	0
867	Q	0	0	0	0	0	0	0
868	Q	0	0	0	0	0	0	0
869	E	0	0	0	0	0	0	0
870	N	0	0	0	0	0	0	0
871	R	0	0	0	0	0	0	0
872	A	0	0	0	0	0	0	0
873	H	0	0	0	0	0	0	0
874	C	0	0	0	0	0	0	0
875	R	0	0	0	0	0	0	0
876	Q	0	0	0	0	0	0	0
877	E	0	0	0	0	0	0	0
878	D	0	0	0	0	0	0	0
879	V	0	0	0	0	0	0	0
880	G	0	0	0	0	0	0	0
881	F	0	0	0	0	0	0	0
882	R	0	0	0	0	0	0	0
883	G	0	0	0	0	0	0	0
884	N	0	0	0	0	0	0	0
885	S	Phosphoserine	DVGFRGNSPEMRVEP	HCCCCCCCCCCCCCC	0	0	0	0
886	P	0	0	0	0	0	0	0
887	E	0	0	0	0	0	0	0
888	M	0	0	0	0	0	0	0
889	R	0	0	0	0	0	0	0
890	V	0	0	0	0	0	0	0
891	E	0	0	0	0	0	0	0
892	P	0	0	0	0	0	0	0
893	Q	0	0	0	0	0	0	0
894	P	0	0	0	0	0	0	0
895	R	0	0	0	0	0	0	0
896	M	0	0	0	0	0	0	0
897	W	0	0	0	0	0	0	0
898	V	0	0	0	0	0	0	0
899	P	0	0	0	0	0	0	0
900	E	0	0	0	0	0	0	0
901	S	Phosphoserine	PRMWVPESPVCRSGR	CCCCCCCCCCCCCCC	0	0	0	0
902	P	0	0	0	0	0	0	0
903	V	0	0	0	0	0	0	0
904	C	0	0	0	0	0	0	0
905	R	0	0	0	0	0	0	0
906	S	0	0	0	0	0	0	0
907	G	0	0	0	0	0	0	0
908	R	0	0	0	0	0	0	0
909	G	0	0	0	0	0	0	0
910	E	0	0	0	0	0	0	0
911	S	0	0	0	0	0	0	0
912	K	0	0	0	0	0	0	0
913	S	Phosphoserine	SGRGESKSESWSEEL	CCCCCCCCCCCHHHC	0	0	0	0
914	E	0	0	0	0	0	0	0
915	S	Phosphoserine	RGESKSESWSEELQP	CCCCCCCCCHHHCCC	0	0	0	0
916	W	0	0	0	0	0	0	0
917	S	0	0	0	0	0	0	0
918	E	0	0	0	0	0	0	0
919	E	0	0	0	0	0	0	0
920	L	0	0	0	0	0	0	0
921	Q	0	0	0	0	0	0	0
922	P	0	0	0	0	0	0	0
923	G	0	0	0	0	0	0	0
924	H	0	0	0	0	0	0	0
925	P	0	0	0	0	0	0	0
926	R	0	0	0	0	0	0	0
927	A	0	0	0	0	0	0	0
928	W	0	0	0	0	0	0	0
929	P	0	0	0	0	0	0	0
930	P	0	0	0	0	0	0	0
931	S	Phosphoserine	HPRAWPPSPGRFRVE	CCCCCCCCCCCEEEE	0	0	0	0
932	P	0	0	0	0	0	0	0
933	G	0	0	0	0	0	0	0
934	R	0	0	0	0	0	0	0
935	F	0	0	0	0	0	0	0
936	R	0	0	0	0	0	0	0
937	V	0	0	0	0	0	0	0
938	E	0	0	0	0	0	0	0
939	E	0	0	0	0	0	0	0
940	G	0	0	0	0	0	0	0
941	G	0	0	0	0	0	0	0
942	G	0	0	0	0	0	0	0
943	A	0	0	0	0	0	0	0
944	P	0	0	0	0	0	0	0
945	F	0	0	0	0	0	0	0
946	C	0	0	0	0	0	0	0
947	S	0	0	0	0	0	0	0
948	A	0	0	0	0	0	0	0
949	D	0	0	0	0	0	0	0
950	G	0	0	0	0	0	0	0
951	S	0	0	0	0	0	0	0
952	T	0	0	0	0	0	0	0
953	S	0	0	0	0	0	0	0
954	A	0	0	0	0	0	0	0
955	E	0	0	0	0	0	0	0
956	K	0	0	0	0	0	0	0
957	R	0	0	0	0	0	0	0
958	H	0	0	0	0	0	0	0
959	L	0	0	0	0	0	0	0
960	E	0	0	0	0	0	0	0
961	V	0	0	0	0	0	0	0
962	S	0	0	0	0	0	0	0
963	N	0	0	0	0	0	0	0
964	G	0	0	0	0	0	0	0
965	M	0	0	0	0	0	0	0
966	D	0	0	0	0	0	0	0
967	E	0	0	0	0	0	0	0
968	L	0	0	0	0	0	0	0
969	A	0	0	0	0	0	0	0
970	G	0	0	0	0	0	0	0
971	S	0	0	0	0	0	0	0
972	P	0	0	0	0	0	0	0
973	F	0	0	0	0	0	0	0
974	P	0	0	0	0	0	0	0
975	V	0	0	0	0	0	0	0
976	T	Phosphothreonine	AGSPFPVTRMSSRSS	CCCCCCCCCCCCCCC	0	0	0	0
977	R	0	0	0	0	0	0	0
978	M	0	0	0	0	0	0	0
979	S	Phosphoserine	PFPVTRMSSRSSDAK	CCCCCCCCCCCCCCC	0	0	0	0
980	S	Phosphoserine	FPVTRMSSRSSDAKP	CCCCCCCCCCCCCCC	0	0	0	0
981	R	0	0	0	0	0	0	0
982	S	Phosphoserine	VTRMSSRSSDAKPLP	CCCCCCCCCCCCCCC	0	0	0	0
983	S	Phosphoserine	TRMSSRSSDAKPLPA	CCCCCCCCCCCCCCC	0	0	0	0
984	D	0	0	0	0	0	0	0
985	A	0	0	0	0	0	0	0
986	K	Phosphoserine	SSRSSDAKPLPASYP	CCCCCCCCCCCCCCC	0	0	0	0
987	P	0	0	0	0	0	0	0
988	L	0	0	0	0	0	0	0
989	P	0	0	0	0	0	0	0
990	A	0	0	0	0	0	0	0
991	S	Phosphoserine	DAKPLPASYPAEPRE	CCCCCCCCCCCCCCC	0	0	0	0
992	Y	0	0	0	0	0	0	0
993	P	0	0	0	0	0	0	0
994	A	0	0	0	0	0	0	0
995	E	0	0	0	0	0	0	0
996	P	0	0	0	0	0	0	0
997	R	0	0	0	0	0	0	0
998	E	0	0	0	0	0	0	0
999	P	0	0	0	0	0	0	0
1000	Q	0	0	0	0	0	0	0
1001	E	0	0	0	0	0	0	0
1002	S	0	0	0	0	0	T;I	1006,1007,1011
1003	P	0	0	0	0	0	0	0
1004	K	0	0	0	0	0	0	0
1005	I	0	0	0	0	0	0	0
1006	T	Phosphothreonine	PQESPKITSAFSSVK	CCCCCCCCCCCCCCC	Coronary heart disease:coronary heart disease	1002 (4)	0	0
1007	S	Phosphoserine	QESPKITSAFSSVKP	CCCCCCCCCCCCCCH	Coronary heart disease:coronary heart disease	1002 (5)	0	0
1008	A	0	0	0	0	0	0	0
1009	F	0	0	0	0	0	0	0
1010	S	0	0	0	0	0	0	0
1011	S	Phosphoserine	KITSAFSSVKPSEAV	CCCCCCCCCCHHHCC	Coronary heart disease:coronary heart disease	1002 (9)	0	0
1012	V	0	0	0	0	0	0	0
1013	K	0	0	0	0	0	0	0
1014	P	0	0	0	0	0	0	0
1015	S	0	0	0	0	0	0	0
1016	E	0	0	0	0	0	0	0
1017	A	0	0	0	0	0	0	0
1018	V	0	0	0	0	0	0	0
1019	P	0	0	0	0	0	0	0
1020	R	0	0	0	0	0	0	0
1021	K	0	0	0	0	0	0	0
1022	F	0	0	0	0	0	0	0
1023	D	0	0	0	0	0	0	0
1024	S	0	0	0	0	0	0	0
1025	G	0	0	0	0	0	0	0
1026	G	0	0	0	0	0	0	0
1027	E	0	0	0	0	0	0	0
1028	R	0	0	0	0	0	0	0
1029	G	0	0	0	0	0	0	0
1030	A	0	0	0	0	0	0	0
1031	G	0	0	0	0	0	0	0
1032	L	0	0	0	0	0	0	0
1033	P	0	0	0	0	0	0	0
1034	L	0	0	0	0	0	0	0
1035	S	0	0	0	0	0	0	0
1036	L	0	0	0	0	0	0	0
1037	S	0	0	0	0	0	0	0
1038	N	0	0	0	0	0	0	0
1039	K	0	0	0	0	0	0	0
1040	N	0	0	0	0	0	0	0
1041	R	0	0	0	0	0	0	0
1042	G	0	0	0	0	0	0	0
1043	L	0	0	0	0	0	0	0
1044	S	Phosphoserine	SNKNRGLSAPDLRSV	CCCCCCCCCCCHHHC	0	0	0	0
1045	A	0	0	0	0	0	0	0
1046	P	0	0	0	0	0	0	0
1047	D	0	0	0	0	0	0	0
1048	L	0	0	0	0	0	0	0
1049	R	0	0	0	0	0	0	0
1050	S	0	0	0	0	0	0	0
1051	V	0	0	0	0	0	0	0
1052	G	0	0	0	0	0	0	0
1053	L	0	0	0	0	0	0	0
1054	T	0	0	0	0	0	0	0
1055	P	0	0	0	0	0	0	0
1056	G	0	0	0	0	0	0	0
1057	Q	0	0	0	0	0	0	0
1058	E	0	0	0	0	0	0	0
1059	Q	0	0	0	0	0	0	0
1060	G	0	0	0	0	0	0	0
1061	A	0	0	0	0	0	0	0
1062	S	0	0	0	0	0	0	0
1063	E	0	0	0	0	0	0	0
1064	L	0	0	0	0	0	0	0
1065	E	0	0	0	0	0	0	0
1066	G	0	0	0	0	0	0	0
1067	S	0	0	0	0	0	0	0
1068	L	0	0	0	0	0	0	0
1069	G	0	0	0	0	0	0	0
1070	E	0	0	0	0	0	0	0
1071	A	0	0	0	0	0	0	0
1072	S	0	0	0	0	0	0	0
1073	T	0	0	0	0	0	0	0
1074	I	0	0	0	0	0	0	0
1075	E	0	0	0	0	0	0	0
1076	I	0	0	0	0	0	0	0
1077	P	0	0	0	0	0	0	0
1078	P	0	0	0	0	0	0	0
1079	G	0	0	0	0	0	0	0
1080	E	0	0	0	0	0	0	0
1081	S	0	0	0	0	0	0	0
1082	L	0	0	0	0	0	0	0
1083	Q	0	0	0	0	0	0	0
1084	A	0	0	0	0	0	0	0
1085	R	0	0	0	0	0	0	0
1086	A	0	0	0	0	0	0	0
1087	A	0	0	0	0	0	0	0
1088	R	0	0	0	0	0	0	0
1089	I	0	0	0	0	0	0	0
1090	L	0	0	0	0	0	0	0
1091	G	0	0	0	0	0	0	0
1092	I	0	0	0	0	0	0	0
1093	E	0	0	0	0	0	0	0
1094	V	0	0	0	0	0	0	0
1095	A	0	0	0	0	0	0	0
1096	V	0	0	0	0	0	0	0
1097	E	0	0	0	0	0	0	0
1098	S	0	0	0	0	0	0	0
1099	L	0	0	0	0	0	0	0
1100	L	0	0	0	0	0	0	0
1101	P	0	0	0	0	0	0	0
1102	G	0	0	0	0	0	0	0
1103	I	0	0	0	0	0	0	0
1104	R	0	0	0	0	0	0	0
1105	R	0	0	0	0	0	0	0
1106	A	0	0	0	0	0	0	0
1107	G	0	0	0	0	0	0	0
1108	Q	0	0	0	0	0	0	0
1109	N	0	0	0	0	0	0	0
1110	Q	0	0	0	0	0	0	0
1111	P	0	0	0	0	0	0	0
1112	A	0	0	0	0	0	0	0
1113	E	0	0	0	0	0	0	0
1114	P	0	0	0	0	0	0	0
1115	D	0	0	0	0	0	0	0
1116	A	0	0	0	0	0	0	0
1117	S	0	0	0	0	0	0	0
1118	A	0	0	0	0	0	0	0
1119	C	0	0	0	0	0	0	0
1120	T	0	0	0	0	0	0	0
1121	P	0	0	0	0	0	0	0
1122	E	0	0	0	0	0	0	0
1123	S	Phosphoserine	ASACTPESPQEELLS	CCCCCCCCHHHHHHC	0	0	0	0
1124	P	0	0	0	0	0	0	0
1125	Q	0	0	0	0	0	0	0
1126	E	0	0	0	0	0	0	0
1127	E	0	0	0	0	0	0	0
1128	L	0	0	0	0	0	0	0
1129	L	0	0	0	0	0	0	0
1130	S	0	0	0	0	0	0	0
1131	R	0	0	0	0	0	0	0
1132	P	0	0	0	0	0	0	0
1133	A	0	0	0	0	0	0	0
1134	P	0	0	0	0	0	0	0
1135	A	0	0	0	0	0	0	0
1136	D	0	0	0	0	0	0	0
1137	V	0	0	0	0	0	0	0
1138	P	0	0	0	0	0	0	0
1139	R	0	0	0	0	0	0	0
1140	V	0	0	0	0	0	0	0
1141	S	0	0	0	0	0	0	0
1142	T	0	0	0	0	0	0	0
1143	D	0	0	0	0	0	0	0
1144	A	0	0	0	0	0	0	0
1145	F	0	0	0	0	0	0	0
1146	Y	0	0	0	0	0	0	0
1147	G	0	0	0	0	0	0	0
1148	R	0	0	0	0	0	0	0
1149	R	0	0	0	0	0	0	0
1150	K	0	0	0	0	0	0	0
1151	C	0	0	0	0	0	0	0
1152	G	0	0	0	0	0	0	0
1153	W	0	0	0	0	0	0	0
1154	T	0	0	0	0	0	0	0
1155	K	0	0	0	0	0	0	0
1156	S	0	0	0	0	0	0	0
1157	P	0	0	0	0	0	0	0
1158	L	0	0	0	0	0	0	0
1159	F	0	0	0	0	0	0	0
1160	V	0	0	0	0	0	0	0
1161	G	0	0	0	0	0	0	0
1162	D	0	0	0	0	0	0	0
1163	R	0	0	0	0	0	0	0
1164	D	0	0	0	0	0	0	0
1165	S	0	0	0	0	0	0	0
1166	A	0	0	0	0	0	0	0
1167	R	0	0	0	0	0	0	0
1168	R	0	0	0	0	0	0	0
1169	A	0	0	0	0	0	0	0
1170	P	0	0	0	0	0	0	0
1171	Q	0	0	0	0	0	0	0
1172	A	0	0	0	0	0	0	0
1173	F	0	0	0	0	0	0	0
1174	E	0	0	0	0	0	0	0
1175	H	0	0	0	0	0	0	0
1176	S	0	0	0	0	0	0	0
1177	D	0	0	0	0	0	0	0
1178	V	0	0	0	0	0	0	0
1179	D	0	0	0	0	0	0	0
1180	G	0	0	0	0	0	0	0
1181	V	0	0	0	0	0	0	0
1182	V	0	0	0	0	0	0	0
1183	T	0	0	0	0	0	0	0
1184	S	0	0	0	0	0	0	0
1185	T	0	0	0	0	0	0	0
1186	D	0	0	0	0	0	0	0
1187	P	0	0	0	0	0	0	0
1188	V	0	0	0	0	0	0	0
1189	P	0	0	0	0	0	0	0
1190	E	0	0	0	0	0	0	0
1191	P	0	0	0	0	0	0	0
1192	E	0	0	0	0	0	0	0
1193	P	0	0	0	0	0	0	0
1194	S	Phosphoserine	PVPEPEPSPLESKFF	CCCCCCCCCCHHHHC	0	0	0	0
1195	P	0	0	0	0	0	0	0
1196	L	0	0	0	0	0	0	0
1197	E	0	0	0	0	0	0	0
1198	S	0	0	0	0	0	0	0
1199	K	0	0	0	0	0	0	0
1200	F	0	0	0	0	0	0	0
1201	F	0	0	0	0	0	0	0
1202	E	0	0	0	0	0	0	0
1203	Q	0	0	0	0	0	0	0
1204	K	0	0	0	0	0	0	0
1205	D	0	0	0	0	0	0	0
1206	V	0	0	0	0	0	0	0
1207	E	0	0	0	0	0	0	0
1208	T	0	0	0	0	0	0	0
1209	K	0	0	0	0	0	0	0
1210	P	0	0	0	0	0	0	0
1211	P	0	0	0	0	0	0	0
1212	F	0	0	0	0	0	0	0
1213	R	0	0	0	0	0	0	0
1214	S	0	0	0	0	0	0	0
1215	T	0	0	0	0	0	0	0
1216	L	0	0	0	0	0	0	0
1217	F	0	0	0	0	0	0	0
1218	H	0	0	0	0	0	0	0
1219	F	0	0	0	0	0	0	0
1220	V	0	0	0	0	0	0	0
1221	E	0	0	0	0	0	0	0
1222	R	0	0	0	0	0	0	0
1223	T	0	0	0	0	0	0	0
1224	P	0	0	0	0	0	0	0
1225	S	Phosphoserine	HFVERTPSVAGSEKR	HHHHCCCCCCCCHHH	0	0	0	0
1226	V	0	0	0	0	0	0	0
1227	A	0	0	0	0	0	0	0
1228	G	0	0	0	0	0	0	0
1229	S	Phosphoserine	RTPSVAGSEKRLRSP	CCCCCCCCHHHCCCH	0	0	0	0
1230	E	0	0	0	0	0	0	0
1231	K	0	0	0	0	0	0	0
1232	R	0	0	0	0	0	0	0
1233	L	0	0	0	0	0	0	0
1234	R	0	0	0	0	0	0	0
1235	S	Phosphoserine	GSEKRLRSPSKVIES	CCHHHCCCHHHHHHH	0	0	0	0
1236	P	0	0	0	0	0	0	0
1237	S	Phosphoserine	EKRLRSPSKVIESLQ	HHHCCCHHHHHHHHH	0	0	0	0
1238	K	0	0	0	0	0	0	0
1239	V	0	0	0	0	0	0	0
1240	I	0	0	0	0	0	0	0
1241	E	0	0	0	0	0	0	0
1242	S	0	0	0	0	0	0	0
1243	L	0	0	0	0	0	0	0
1244	Q	0	0	0	0	0	0	0
1245	E	0	0	0	0	0	0	0
1246	K	0	0	0	0	0	0	0
1247	L	0	0	0	0	0	0	0
1248	A	0	0	0	0	0	0	0
1249	S	0	0	0	0	0	0	0
1250	P	0	0	0	0	0	0	0
1251	P	0	0	0	0	0	0	0
1252	R	0	0	0	0	0	0	0
1253	R	0	0	0	0	0	0	0
1254	A	0	0	0	0	0	0	0
1255	D	0	0	0	0	0	0	0
1256	P	0	0	0	0	0	0	0
1257	D	0	0	0	0	0	0	0
1258	R	0	0	0	0	0	0	0
1259	L	0	0	0	0	0	0	0
1260	M	0	0	0	0	0	0	0
1261	R	0	0	0	0	0	0	0
1262	M	0	0	0	0	0	0	0
1263	K	0	0	0	0	0	0	0
1264	E	0	0	0	0	0	0	0
1265	V	0	0	0	0	0	0	0
1266	S	0	0	0	0	0	0	0
1267	S	0	0	0	0	0	0	0
1268	V	0	0	0	0	0	0	0
1269	S	0	0	0	0	0	0	0
1270	R	0	0	0	0	0	0	0
1271	M	0	0	0	0	0	0	0
1272	R	0	0	0	0	0	0	0
1273	V	0	0	0	0	0	0	0
1274	L	0	0	0	0	0	0	0
1275	S	Phosphoserine	VSRMRVLSFRNADSQ	HHHEEEEEECCCCCH	0	0	0	0
1276	F	0	0	0	0	0	0	0
1277	R	0	0	0	0	0	0	0
1278	N	0	0	0	0	0	0	0
1279	A	0	0	0	0	0	0	0
1280	D	0	0	0	0	0	0	0
1281	S	Phosphoserine	LSFRNADSQEDAEEL	EEECCCCCHHHHHHH	0	0	0	0
1282	Q	0	0	0	0	0	0	0
1283	E	0	0	0	0	0	0	0
1284	D	0	0	0	0	0	0	0
1285	A	0	0	0	0	0	0	0
1286	E	0	0	0	0	0	0	0
1287	E	0	0	0	0	0	0	0
1288	L	0	0	0	0	0	0	0
1289	K	0	0	0	0	0	0	0
1290	A	0	0	0	0	0	0	0
1291	T	0	0	0	0	0	0	0
1292	T	0	0	0	0	0	0	0
1293	R	0	0	0	0	0	0	0
1294	G	0	0	0	0	0	0	0
1295	Q	0	0	0	0	0	0	0
1296	A	0	0	0	0	0	0	0
1297	G	0	0	0	0	0	0	0
1298	L	0	0	0	0	0	0	0
1299	P	0	0	0	0	0	0	0
1300	G	0	0	0	0	0	0	0
1301	G	0	0	0	0	0	0	0
1302	L	0	0	0	0	0	0	0
1303	V	0	0	0	0	0	0	0
1304	S	Phosphoserine	GLPGGLVSPGSGDRA	CCCCCCCCCCCCHHH	0	0	0	0
1305	P	0	0	0	0	0	0	0
1306	G	0	0	0	0	0	0	0
1307	S	0	0	0	0	0	0	0
1308	G	0	0	0	0	0	0	0
1309	D	0	0	0	0	0	0	0
1310	R	0	0	0	0	0	0	0
1311	A	0	0	0	0	0	0	0
1312	Q	0	0	0	0	0	0	0
1313	R	0	0	0	0	0	0	0
1314	L	0	0	0	0	0	0	0
1315	G	0	0	0	0	0	0	0
1316	H	0	0	0	0	0	0	0
1317	S	Phosphoserine	RAQRLGHSLSVSKDS	HHHHHCCCCCCCHHH	0	0	0	0
1318	L	0	0	0	0	0	0	0
1319	S	Phosphoserine	QRLGHSLSVSKDSIS	HHHCCCCCCCHHHCC	0	0	0	0
1320	V	0	0	0	0	0	0	0
1321	S	Phosphoserine	LGHSLSVSKDSISRE	HCCCCCCCHHHCCHH	0	0	0	0
1322	K	0	0	0	0	0	0	0
1323	D	0	0	0	0	0	0	0
1324	S	Phosphoserine	SLSVSKDSISREEKE	CCCCCHHHCCHHHHH	0	0	0	0
1325	I	0	0	0	0	0	0	0
1326	S	0	0	0	0	0	0	0
1327	R	0	0	0	0	0	0	0
1328	E	0	0	0	0	0	0	0
1329	E	0	0	0	0	0	0	0
1330	K	0	0	0	0	0	0	0
1331	E	0	0	0	0	0	0	0
1332	H	0	0	0	0	0	0	0
1333	P	0	0	0	0	0	0	0
1334	A	0	0	0	0	0	0	0
1335	A	0	0	0	0	0	0	0
1336	Q	0	0	0	0	0	0	0
1337	K	0	0	0	0	0	0	0
1338	E	0	0	0	0	0	0	0
1339	K	0	0	0	0	0	0	0
1340	S	Phosphoserine	PAAQKEKSMDQDFWC	HHHHHHHCCCCCCCC	0	0	0	0
1341	M	0	0	0	0	0	0	0
1342	D	0	0	0	0	0	0	0
1343	Q	0	0	0	0	0	0	0
1344	D	0	0	0	0	0	0	0
1345	F	0	0	0	0	0	0	0
1346	W	0	0	0	0	0	0	0
1347	C	0	0	0	0	0	0	0
1348	P	0	0	0	0	0	0	0
1349	D	0	0	0	0	0	0	0
1350	S	0	0	0	0	0	0	0
1351	Y	0	0	0	0	0	0	0
1352	D	0	0	0	0	0	0	0
1353	P	0	0	0	0	0	0	0
1354	S	0	0	0	0	0	0	0
1355	R	0	0	0	0	0	0	0
1356	V	0	0	0	0	0	0	0
1357	E	0	0	0	0	0	0	0
1358	R	0	0	0	0	0	0	0
1359	V	0	0	0	0	0	0	0
