location	residue	Modification	seq	secStruc	RelatedDisease	VariantPosition	ResidueChange	DaPSbySAP
1	M	0	0	0	0	0	0	0
2	A	0	0	0	0	0	0	0
3	V	0	0	0	0	0	0	0
4	E	0	0	0	0	0	0	0
5	T	0	0	0	0	0	0	0
6	R	0	0	0	0	0	0	0
7	A	0	0	0	0	0	0	0
8	E	0	0	0	0	0	0	0
9	L	0	0	0	0	0	0	0
10	V	0	0	0	0	0	0	0
11	G	0	0	0	0	0	0	0
12	K	0	0	0	0	0	0	0
13	R	0	0	0	0	0	0	0
14	F	0	0	0	0	0	0	0
15	L	0	0	0	0	0	0	0
16	C	0	0	0	0	0	0	0
17	V	0	0	0	0	0	0	0
18	A	0	0	0	0	0	0	0
19	V	0	0	0	0	0	0	0
20	G	0	0	0	0	0	0	0
21	D	0	0	0	0	0	0	0
22	E	0	0	0	0	0	0	0
23	A	0	0	0	0	0	0	0
24	R	0	0	0	0	0	0	0
25	S	0	0	0	0	0	0	0
26	E	0	0	0	0	0	0	0
27	R	0	0	0	0	0	0	0
28	W	0	0	0	0	0	0	0
29	E	0	0	0	0	0	0	0
30	S	0	0	0	0	0	0	0
31	G	0	0	0	0	0	0	0
32	R	0	0	0	0	0	0	0
33	G	0	0	0	0	0	0	0
34	W	0	0	0	0	0	0	0
35	R	0	0	0	0	0	0	0
36	S	0	0	0	0	0	0	0
37	W	0	0	0	0	0	0	0
38	R	0	0	0	0	0	0	0
39	A	0	0	0	0	0	0	0
40	G	0	0	0	0	0	0	0
41	V	0	0	0	0	0	0	0
42	I	0	0	0	0	0	0	0
43	R	0	0	0	0	0	0	0
44	A	0	0	0	0	0	0	0
45	V	0	0	0	0	0	0	0
46	S	0	0	0	0	0	0	0
47	H	0	0	0	0	0	0	0
48	R	0	0	0	0	0	0	0
49	D	0	0	0	0	0	0	0
50	S	0	0	0	0	0	0	0
51	R	0	0	0	0	0	0	0
52	N	0	0	0	0	0	0	0
53	P	0	0	0	0	0	0	0
54	D	0	0	0	0	0	0	0
55	L	0	0	0	0	0	0	0
56	A	0	0	0	0	0	0	0
57	V	O-linked Glycosylation	SRNPDLAVYVEFDDL	CCCCCEEEEEEECCC	0	0	0	0
58	Y	0	0	0	0	0	0	0
59	V	0	0	0	0	0	0	0
60	E	0	0	0	0	0	0	0
61	F	0	0	0	0	0	0	0
62	D	0	0	0	0	0	0	0
63	D	0	0	0	0	0	0	0
64	L	0	0	0	0	0	0	0
65	E	0	0	0	0	0	0	0
66	W	0	0	0	0	0	0	0
67	D	0	0	0	0	0	0	0
68	K	0	0	0	0	0	0	0
69	R	0	0	0	0	0	0	0
70	E	0	0	0	0	0	0	0
71	W	0	0	0	0	0	0	0
72	V	0	0	0	0	0	0	0
73	K	0	0	0	0	0	0	0
74	V	0	0	0	0	0	0	0
75	Y	0	0	0	0	0	0	0
76	E	0	0	0	0	0	0	0
77	D	0	0	0	0	0	0	0
78	F	0	0	0	0	0	0	0
79	S	0	0	0	0	0	0	0
80	T	0	0	0	0	0	0	0
81	F	0	0	0	0	0	0	0
82	L	0	0	0	0	0	0	0
83	V	0	0	0	0	0	0	0
84	E	0	0	0	0	0	0	0
85	Y	0	0	0	0	0	0	0
86	H	0	0	0	0	0	0	0
87	L	0	0	0	0	0	0	0
88	I	0	0	0	0	0	0	0
89	W	0	0	0	0	0	0	0
90	A	0	0	0	0	0	0	0
91	K	0	0	0	0	0	0	0
92	R	0	0	0	0	0	0	0
93	N	0	0	0	0	0	0	0
94	D	0	0	0	0	0	0	0
95	P	0	0	0	0	0	0	0
96	S	0	0	0	0	0	0	0
97	Q	O-linked Glycosylation	AKRNDPSQTQGSKSK	CCCCCCCCCCCCCCC	0	0	0	0
98	T	Phosphoserine	KRNDPSQTQGSKSKQ	CCCCCCCCCCCCCCC	0	0	0	0
99	Q	0	0	0	0	0	0	0
100	G	Phosphoserine	NDPSQTQGSKSKQIQ	CCCCCCCCCCCCCCC	0	0	0	0
101	S	Phosphoserine	DPSQTQGSKSKQIQW	CCCCCCCCCCCCCCC	0	0	0	0
102	K	0	0	0	0	0	0	0
103	S	0	0	0	0	0	0	0
104	K	0	0	0	0	0	0	0
105	Q	0	0	0	0	0	0	0
106	I	0	0	0	0	0	0	0
107	Q	0	0	0	0	0	0	0
108	W	0	0	0	0	0	0	0
109	P	0	0	0	0	0	0	0
110	A	0	0	0	0	0	0	0
111	L	O-linked Glycosylation	KQIQWPALTFKPLVE	CCCCCCCCCCHHHHH	0	0	0	0
112	T	0	0	0	0	0	0	0
113	F	O-linked Glycosylation	IQWPALTFKPLVERN	CCCCCCCCHHHHHCC	0	0	0	0
114	K	0	0	0	0	0	0	0
115	P	0	0	0	0	0	0	0
116	L	0	0	0	0	0	0	0
117	V	0	0	0	0	0	0	0
118	E	0	0	0	0	0	0	0
119	R	0	0	0	0	0	0	0
120	N	0	0	0	0	0	0	0
121	I	0	0	0	0	0	0	0
122	P	0	0	0	0	0	0	0
123	S	0	0	0	0	0	0	0
124	S	0	0	0	0	0	0	0
125	V	0	0	0	0	0	0	0
126	T	0	0	0	0	0	0	0
127	A	0	0	0	0	0	0	0
128	V	0	0	0	0	0	0	0
129	E	0	0	0	0	0	0	0
130	F	0	0	0	0	0	0	0
131	L	0	0	0	0	0	0	0
132	V	0	0	0	0	0	0	0
133	D	0	0	0	0	0	0	0
134	K	0	0	0	0	0	0	0
135	Q	0	0	0	0	0	0	0
136	L	0	0	0	0	0	0	0
137	D	0	0	0	0	0	0	0
138	F	0	0	0	0	0	0	0
139	L	0	0	0	0	0	0	0
140	T	0	0	0	0	0	0	0
141	E	0	0	0	0	0	0	0
142	D	0	0	0	0	0	0	0
143	S	0	0	0	0	0	0	0
144	A	0	0	0	0	0	0	0
145	F	0	0	0	0	0	0	0
146	Q	0	0	0	0	0	0	0
147	P	0	0	0	0	0	0	0
148	Y	0	0	0	0	0	0	0
149	Q	0	0	0	0	0	0	0
150	D	0	0	0	0	0	0	0
151	D	0	0	0	0	0	0	0
152	I	0	0	0	0	0	0	0
153	D	0	0	0	0	0	0	0
154	S	Phosphoserine	PYQDDIDSLNPVLRD	CCCCCHHHCCHHHCC	0	0	0	0
155	L	0	0	0	0	0	0	0
156	N	0	0	0	0	0	0	0
157	P	Phosphoserine	DDIDSLNPVLRDNPQ	CCHHHCCHHHCCCHH	0	0	0	0
158	V	0	0	0	0	0	0	0
159	L	Phosphoserine	IDSLNPVLRDNPQLH	HHHCCHHHCCCHHHH	0	0	0	0
160	R	Phosphoserine	DSLNPVLRDNPQLHE	HHCCHHHCCCHHHHH	0	0	0	0
161	D	0	0	0	0	0	0	0
162	N	0	0	0	0	0	0	0
163	P	0	0	0	0	0	0	0
164	Q	0	0	0	0	0	0	0
165	L	0	0	0	0	0	0	0
166	H	0	0	0	0	0	0	0
167	E	0	0	0	0	0	0	0
168	E	0	0	0	0	0	0	0
169	V	0	0	0	0	0	0	0
170	K	0	0	0	0	0	0	0
171	V	0	0	0	0	0	0	0
172	W	0	0	0	0	0	0	0
173	V	0	0	0	0	0	0	0
174	K	0	0	0	0	0	0	0
175	E	0	0	0	0	0	0	0
176	Q	0	0	0	0	0	0	0
177	K	0	0	0	0	0	0	0
178	V	0	0	0	0	0	0	0
179	Q	0	0	0	0	0	0	0
180	E	0	0	0	0	0	0	0
181	I	0	0	0	0	0	0	0
182	F	0	0	0	0	0	0	0
183	M	0	0	0	0	0	0	0
184	Q	0	0	0	0	0	0	0
185	G	0	0	0	0	0	0	0
186	P	0	0	0	0	0	0	0
187	Y	0	0	0	0	0	0	0
188	S	0	0	0	0	0	0	0
189	L	0	0	0	0	0	0	0
190	N	0	0	0	0	0	0	0
191	G	0	0	0	0	0	0	0
192	Y	0	0	0	0	0	0	0
193	R	0	0	0	0	0	0	0
194	V	0	0	0	0	0	0	0
195	R	0	0	0	0	0	0	0
196	V	0	0	0	0	0	0	0
197	Y	0	0	0	0	0	0	0
198	R	0	0	0	0	0	0	0
199	Q	0	0	0	0	0	0	0
200	D	0	0	0	0	0	0	0
201	S	0	0	0	0	0	0	0
202	A	0	0	0	0	0	0	0
203	T	0	0	0	0	0	0	0
204	Q	0	0	0	0	0	0	0
205	W	0	0	0	0	0	0	0
206	F	0	0	0	0	0	0	0
207	T	0	0	0	0	0	0	0
208	G	0	0	0	0	0	0	0
209	I	0	0	0	0	0	0	0
210	I	0	0	0	0	0	0	0
211	T	Phosphoserine	QWFTGIITHHDLFTR	HHHCEEEHHHHHCCC	0	0	0	0
212	H	0	0	0	0	0	0	0
213	H	0	0	0	0	0	0	0
214	D	0	0	0	0	0	0	0
215	L	0	0	0	0	0	0	0
216	F	0	0	0	0	0	0	0
217	T	0	0	0	0	0	0	0
218	R	0	0	0	0	0	0	0
219	T	0	0	0	0	0	0	0
220	M	0	0	0	0	0	0	0
221	I	0	0	0	0	0	0	0
222	V	0	0	0	0	0	0	0
223	M	0	0	0	0	0	0	0
224	N	0	0	0	0	0	0	0
225	D	0	0	0	0	0	0	0
226	Q	0	0	0	0	0	0	0
227	V	0	0	0	0	0	0	0
228	L	0	0	0	0	0	0	0
229	E	0	0	0	0	0	0	0
230	P	0	0	0	0	0	0	0
231	Q	0	0	0	0	0	0	0
232	N	0	0	0	0	0	0	0
233	V	0	0	0	0	0	0	0
234	D	0	0	0	0	0	0	0
235	P	0	0	0	0	0	0	0
236	S	0	0	0	0	0	0	0
237	M	0	0	0	0	0	0	0
238	V	0	0	0	0	0	0	0
239	Q	0	0	0	0	0	0	0
240	M	0	0	0	0	0	0	0
241	T	0	0	0	0	0	0	0
242	F	0	0	0	0	0	0	0
243	L	0	0	0	0	0	0	0
244	D	0	0	0	0	0	0	0
245	D	0	0	0	0	0	0	0
246	V	0	0	0	0	0	0	0
247	V	0	0	0	0	0	0	0
248	H	0	0	0	0	0	0	0
249	S	0	0	0	0	0	0	0
250	L	0	0	0	0	0	0	0
251	L	0	0	0	0	0	0	0
252	K	0	0	0	0	0	0	0
253	G	0	0	0	0	0	0	0
254	E	0	0	0	0	0	0	0
255	N	0	0	0	0	0	0	0
256	I	0	0	0	0	0	0	0
257	G	0	0	0	0	0	0	0
258	I	0	0	0	0	0	0	0
259	T	0	0	0	0	0	0	0
260	S	0	0	0	0	0	0	0
261	R	0	0	0	0	0	0	0
262	R	0	0	0	0	0	0	0
263	R	0	0	0	0	0	0	0
264	S	0	0	0	0	0	0	0
265	R	0	0	0	0	0	0	0
266	A	0	0	0	0	0	0	0
267	N	0	0	0	0	0	0	0
268	Q	0	0	0	0	0	0	0
269	N	0	0	0	0	0	0	0
270	V	0	0	0	0	0	0	0
271	N	0	0	0	0	0	0	0
272	A	0	0	0	0	0	0	0
273	V	0	0	0	0	0	0	0
274	H	0	0	0	0	0	0	0
275	S	0	0	0	0	0	0	0
276	H	0	0	0	0	0	0	0
277	Y	0	0	0	0	0	0	0
278	T	0	0	0	0	0	0	0
279	R	0	0	0	0	0	0	0
280	A	0	0	0	0	0	0	0
281	Q	0	0	0	0	0	0	0
282	A	0	0	0	0	0	0	0
283	N	0	0	0	0	0	0	0
284	S	Phosphoserine	YTRAQANSPRPAMNS	HHHHHCCCCCCCCCC	0	0	0	0
285	P	0	0	0	0	0	0	0
286	R	0	0	0	0	0	0	0
287	P	0	0	0	0	0	0	0
288	A	0	0	0	0	0	0	0
289	M	0	0	0	0	0	0	0
290	N	0	0	0	0	0	0	0
291	S	0	0	0	0	0	0	0
292	Q	0	0	0	0	0	0	0
293	A	0	0	0	0	0	0	0
294	A	0	0	0	0	0	0	0
295	V	0	0	0	0	0	0	0
296	P	0	0	0	0	0	0	0
297	K	0	0	0	0	0	0	0
298	Q	0	0	0	0	0	0	0
299	N	0	0	0	0	0	0	0
300	T	0	0	0	0	0	0	0
301	H	0	0	0	0	0	0	0
302	Q	0	0	0	0	0	0	0
303	Q	0	0	0	0	0	0	0
304	Q	0	0	0	0	0	0	0
305	Q	0	0	0	0	0	0	0
306	Q	0	0	0	0	0	0	0
307	R	0	0	0	0	0	0	0
308	S	0	0	0	0	0	0	0
309	I	0	0	0	0	0	0	0
310	R	0	0	0	0	0	0	0
311	P	0	0	0	0	0	0	0
312	N	0	0	0	0	0	0	0
313	K	0	0	0	0	0	0	0
314	R	0	0	0	0	0	0	0
315	K	0	0	0	0	0	0	0
316	G	0	0	0	0	0	0	0
317	S	Phosphoserine	RPNKRKGSDSSIPDE	CCCCCCCCCCCCCCH	0	0	0	0
318	D	0	0	0	0	0	0	0
319	S	Phosphoserine	NKRKGSDSSIPDEEK	CCCCCCCCCCCCHHH	0	0	0	0
320	S	Phosphoserine	KRKGSDSSIPDEEKM	CCCCCCCCCCCHHHH	0	0	0	0
321	I	0	0	0	0	0	0	0
322	P	0	0	0	0	0	0	0
323	D	0	0	0	0	0	0	0
324	E	0	0	0	0	0	0	0
325	E	0	0	0	0	0	0	0
326	K	0	0	0	0	0	0	0
327	M	0	0	0	0	0	0	0
328	K	0	0	0	0	0	0	0
329	E	0	0	0	0	0	0	0
330	E	0	0	0	0	0	0	0
331	K	0	0	0	0	0	0	0
332	Y	Phosphotyrosine	EKMKEEKYDYISRGE	HHHHHHHCCHHHCCC	0	0	0	0
333	D	0	0	0	0	0	0	0
334	Y	0	0	0	0	0	0	0
335	I	0	0	0	0	0	0	0
336	S	0	0	0	0	0	0	0
337	R	0	0	0	0	0	0	0
338	G	0	0	0	0	0	0	0
339	E	0	0	0	0	0	0	0
340	N	0	0	0	0	0	0	0
341	P	0	0	0	0	0	0	0
342	K	0	0	0	0	0	0	0
343	G	0	0	0	0	0	0	0
344	K	0	0	0	0	0	0	0
345	N	0	0	0	0	0	0	0
346	K	0	0	0	0	0	0	0
347	H	0	0	0	0	0	0	0
348	L	0	0	0	0	0	0	0
349	M	0	0	0	0	0	0	0
350	N	0	0	0	0	0	0	0
351	K	0	0	0	0	0	0	0
352	R	0	0	0	0	0	0	0
353	R	0	0	0	0	0	0	0
354	K	0	0	0	0	0	0	0
355	P	0	0	0	0	0	0	0
356	E	0	0	0	0	0	0	0
357	E	0	0	0	0	0	0	0
358	D	0	0	0	0	0	0	0
359	E	0	0	0	0	0	0	0
360	K	0	0	0	0	0	0	0
361	K	0	0	0	0	0	0	0
362	L	0	0	0	0	0	0	0
363	N	0	0	0	0	0	0	0
364	M	0	0	0	0	0	0	0
365	K	N-acetyllysine	DEKKLNMKRLRTDNV	HHHHHCHHHHCCCCH	Immature fraction of reticulocytes:reticulocyte count	372 (7)	0	0
366	R	0	0	0	0	0	0	0
367	L	0	0	0	0	0	0	0
368	R	0	0	0	0	0	0	0
369	T	0	0	0	0	0	0	0
370	D	0	0	0	0	0	0	0
371	N	0	0	0	0	0	0	0
372	V	0	0	0	0	0	V	365,373,376,378,379,381
373	S	Phosphoserine	RLRTDNVSDFSESSD	HHCCCCHHHCCCCCC	Immature fraction of reticulocytes:reticulocyte count	372 (1)	0	0
374	D	0	0	0	0	0	0	0
375	F	0	0	0	0	0	0	0
376	S	Phosphoserine	TDNVSDFSESSDSEN	CCCHHHCCCCCCCCC	Immature fraction of reticulocytes:reticulocyte count	372 (4)	0	0
377	E	0	0	0	0	0	0	0
378	S	Phosphoserine	NVSDFSESSDSENSN	CHHHCCCCCCCCCCC	Immature fraction of reticulocytes:reticulocyte count	372 (6)	0	0
379	S	Phosphoserine	VSDFSESSDSENSNK	HHHCCCCCCCCCCCC	Immature fraction of reticulocytes:reticulocyte count	372 (7)	0	0
380	D	0	0	0	0	0	0	0
381	S	Phosphoserine	DFSESSDSENSNKRI	HCCCCCCCCCCCCCC	Immature fraction of reticulocytes:reticulocyte count	372 (9)	0	0
382	E	0	0	0	0	0	0	0
383	N	0	0	0	0	0	0	0
384	S	Phosphoserine	ESSDSENSNKRIIDN	CCCCCCCCCCCCCCC	0	0	0	0
385	N	0	0	0	0	0	0	0
386	K	0	0	0	0	0	0	0
387	R	0	0	0	0	0	0	0
388	I	0	0	0	0	0	0	0
389	I	0	0	0	0	0	0	0
390	D	0	0	0	0	0	0	0
391	N	0	0	0	0	0	0	0
392	S	0	0	0	0	0	0	0
393	S	0	0	0	0	0	0	0
394	E	0	0	0	0	0	0	0
395	Q	0	0	0	0	0	0	0
396	K	0	0	0	0	0	0	0
397	P	0	0	0	0	0	0	0
398	E	Phosphoserine	NSSEQKPENELKNKN	CCCCCCCCHHHCCCC	0	0	0	0
399	N	0	0	0	0	0	0	0
400	E	0	0	0	0	0	0	0
401	L	0	0	0	0	0	0	0
402	K	0	0	0	0	0	0	0
403	N	0	0	0	0	0	0	0
404	K	0	0	0	0	0	0	0
405	N	0	0	0	0	0	0	0
406	T	0	0	0	0	0	0	0
407	S	0	0	0	0	0	0	0
408	K	0	0	0	0	0	0	0
409	I	0	0	0	0	0	0	0
410	N	0	0	0	0	0	0	0
411	G	0	0	0	0	0	0	0
412	E	0	0	0	0	0	0	0
413	E	0	0	0	0	0	0	0
414	G	0	0	0	0	0	0	0
415	K	0	0	0	0	0	0	0
416	P	0	0	0	0	0	0	0
417	H	0	0	0	0	0	0	0
418	N	0	0	0	0	0	0	0
419	N	Phosphoserine	EEGKPHNNEKAGEET	CCCCCCCCCCCCHHH	0	0	0	0
420	E	0	0	0	0	0	0	0
421	K	0	0	0	0	0	0	0
422	A	Phosphoserine	KPHNNEKAGEETLKN	CCCCCCCCCHHHHHC	0	0	0	0
423	G	0	0	0	0	0	0	0
424	E	0	0	0	0	0	0	0
425	E	0	0	0	0	0	0	0
426	T	0	0	0	0	0	0	0
427	L	0	0	0	0	0	0	0
428	K	0	0	0	0	0	0	0
429	N	0	0	0	0	0	0	0
430	S	Phosphoserine	GEETLKNSQPPWDQI	CHHHHHCCCCCHHHH	0	0	0	0
431	Q	0	0	0	0	0	0	0
432	P	0	0	0	0	0	0	0
433	P	0	0	0	0	0	0	0
434	W	0	0	0	0	0	0	0
435	D	0	0	0	0	0	0	0
436	Q	0	0	0	0	0	0	0
437	I	0	0	0	0	0	0	0
438	Q	0	0	0	0	0	0	0
439	E	0	0	0	0	0	0	0
440	D	0	0	0	0	0	0	0
441	K	0	0	0	0	0	0	0
442	K	0	0	0	0	0	0	0
443	H	0	0	0	0	0	0	0
444	E	0	0	0	0	0	0	0
445	E	0	0	0	0	0	0	0
446	A	0	0	0	0	0	0	0
447	E	0	0	0	0	0	0	0
448	K	0	0	0	0	0	0	0
449	R	0	0	0	0	0	0	0
450	K	0	0	0	0	0	0	0
451	S	0	0	0	0	0	0	0
452	V	0	0	0	0	0	0	0
453	D	0	0	0	0	0	0	0
454	T	0	0	0	0	0	0	0
455	Q	0	0	0	0	0	0	0
456	L	0	0	0	0	0	0	0
457	Q	0	0	0	0	0	0	0
458	E	0	0	0	0	0	0	0
459	D	0	0	0	0	0	0	0
460	M	0	0	0	0	0	0	0
461	I	0	0	0	0	0	0	0
462	I	0	0	0	0	0	0	0
463	H	0	0	0	0	0	0	0
464	S	0	0	0	0	0	0	0
465	S	0	0	0	0	0	0	0
466	E	0	0	0	0	0	0	0
467	Q	0	0	0	0	0	0	0
468	S	0	0	0	0	0	0	0
469	T	0	0	0	0	0	0	0
470	V	0	0	0	0	0	0	0
471	S	0	0	0	0	0	0	0
472	D	0	0	0	0	0	0	0
473	H	0	0	0	0	0	0	0
474	N	0	0	0	0	0	0	0
475	S	0	0	0	0	0	0	0
476	N	0	0	0	0	0	0	0
477	D	0	0	0	0	0	0	0
478	L	0	0	0	0	0	0	0
479	L	0	0	0	0	0	0	0
480	P	0	0	0	0	0	0	0
481	Q	0	0	0	0	0	0	0
482	E	0	0	0	0	0	0	0
483	C	0	0	0	0	0	0	0
484	N	0	0	0	0	0	0	0
485	M	0	0	0	0	0	0	0
486	D	0	0	0	0	0	0	0
487	K	0	0	0	0	0	0	0
488	T	0	0	0	0	0	0	0
489	H	0	0	0	0	0	0	0
490	T	0	0	0	0	0	0	0
491	M	0	0	0	0	0	0	0
492	E	0	0	0	0	0	0	0
493	L	0	0	0	0	0	0	0
494	L	0	0	0	0	0	0	0
495	P	0	0	0	0	0	0	0
496	K	0	0	0	0	0	0	0
497	E	0	0	0	0	0	0	0
498	K	0	0	0	0	0	0	0
499	F	0	0	0	0	0	0	0
500	V	0	0	0	0	0	0	0
501	S	Phosphoserine	LPKEKFVSRPPTPKC	CCHHHHCCCCCCCCE	0	0	0	0
502	R	0	0	0	0	0	0	0
503	P	0	0	0	0	0	0	0
504	P	0	0	0	0	0	0	0
505	T	Phosphothreonine	KFVSRPPTPKCVIDI	HHCCCCCCCCEEEEC	0	0	0	0
506	P	0	0	0	0	0	0	0
507	K	0	0	0	0	0	0	0
508	C	0	0	0	0	0	0	0
509	V	0	0	0	0	0	0	0
510	I	0	0	0	0	0	0	0
511	D	0	0	0	0	0	0	0
512	I	0	0	0	0	0	0	0
513	T	0	0	0	0	0	0	0
514	N	0	0	0	0	0	0	0
515	D	0	0	0	0	0	0	0
516	T	0	0	0	0	0	0	0
517	N	0	0	0	0	0	0	0
518	L	0	0	0	0	0	0	0
519	E	0	0	0	0	0	0	0
520	K	0	0	0	0	0	0	0
521	V	0	0	0	0	0	0	0
522	A	0	0	0	0	0	0	0
523	Q	0	0	0	0	0	0	0
524	E	0	0	0	0	0	0	0
525	N	0	0	0	0	0	0	0
526	S	0	0	0	0	0	0	0
527	S	0	0	0	0	0	0	0
528	T	Phosphothreonine	VAQENSSTFGLQTLQ	HHHHCCCCCCHHHHH	0	0	0	0
529	F	0	0	0	0	0	0	0
530	G	0	0	0	0	0	0	0
531	L	0	0	0	0	0	0	0
532	Q	0	0	0	0	0	0	0
533	T	Phosphothreonine	SSTFGLQTLQKMDPN	CCCCCHHHHHHCCCC	0	0	0	0
534	L	0	0	0	0	0	0	0
535	Q	0	0	0	0	0	0	0
536	K	0	0	0	0	0	0	0
537	M	0	0	0	0	0	0	0
538	D	0	0	0	0	0	0	0
539	P	0	0	0	0	0	0	0
540	N	0	0	0	0	0	0	0
541	V	0	0	0	0	0	0	0
542	S	0	0	0	0	0	0	0
543	D	0	0	0	0	0	0	0
544	S	0	0	0	0	0	0	0
545	K	0	0	0	0	0	0	0
546	H	0	0	0	0	0	0	0
547	S	Phosphoserine	NVSDSKHSIANAKFL	CCCCCCHHHHHHHHH	Immature fraction of reticulocytes:reticulocyte count;High light scatter reticulocyte count:reticulocyte count	553 (6)	0	0
548	I	0	0	0	0	0	0	0
549	A	0	0	0	0	0	0	0
550	N	0	0	0	0	0	0	0
551	A	0	0	0	0	0	0	0
552	K	N6-acetyllysine	KHSIANAKFLETAKK	CHHHHHHHHHHHHHH	Immature fraction of reticulocytes:reticulocyte count;High light scatter reticulocyte count:reticulocyte count	553 (1)	0	0
553	F	0	0	0	0	0	V	547,552,556
554	L	0	0	0	0	0	0	0
555	E	0	0	0	0	0	0	0
556	T	Phosphothreonine	ANAKFLETAKKDSDQ	HHHHHHHHHHHCCCC	Immature fraction of reticulocytes:reticulocyte count;High light scatter reticulocyte count:reticulocyte count	553 (3)	0	0
557	A	0	0	0	0	0	0	0
558	K	0	0	0	0	0	0	0
559	K	0	0	0	0	0	0	0
560	D	0	0	0	0	0	0	0
561	S	0	0	0	0	0	0	0
562	D	0	0	0	0	0	0	0
563	Q	0	0	0	0	0	0	0
564	S	0	0	0	0	0	0	0
565	W	0	0	0	0	0	0	0
566	V	0	0	0	0	0	0	0
567	S	0	0	0	0	0	0	0
568	D	0	0	0	0	0	0	0
569	V	0	0	0	0	0	0	0
570	V	0	0	0	0	0	0	0
571	K	0	0	0	0	0	0	0
572	V	0	0	0	0	0	0	0
573	D	0	0	0	0	0	0	0
574	L	0	0	0	0	0	0	0
575	T	0	0	0	0	0	0	0
576	Q	0	0	0	0	0	0	0
577	S	0	0	0	0	0	0	0
578	S	0	0	0	0	0	0	0
579	V	0	0	0	0	0	0	0
580	T	0	0	0	0	0	0	0
581	N	0	0	0	0	0	0	0
582	A	0	0	0	0	0	0	0
583	S	0	0	0	0	0	0	0
584	S	0	0	0	0	0	0	0
585	G	0	0	0	0	0	0	0
586	N	0	0	0	0	0	0	0
587	D	0	0	0	0	0	0	0
588	H	0	0	0	0	0	0	0
589	L	0	0	0	0	0	0	0
590	N	0	0	0	0	0	0	0
591	M	0	0	0	0	0	0	0
592	E	0	0	0	0	0	0	0
593	K	0	0	0	0	0	0	0
594	E	0	0	0	0	0	0	0
595	K	0	0	0	0	0	0	0
596	Y	Phosphotyrosine	LNMEKEKYVSYISPL	CCCCHHHHHHCCCCH	0	0	0	0
597	V	0	0	0	0	0	0	0
598	S	Phosphoserine	MEKEKYVSYISPLSA	CCHHHHHHCCCCHHH	0	0	0	0
599	Y	O-linked Glycosylation	EKEKYVSYISPLSAV	CHHHHHHCCCCHHHH	0	0	0	0
600	I	0	0	0	0	0	0	0
601	S	Phosphoserine	EKYVSYISPLSAVSV	HHHHHCCCCHHHHHH	0	0	0	0
602	P	0	0	0	0	0	0	0
603	L	0	0	0	0	0	0	0
604	S	Phosphoserine	VSYISPLSAVSVMED	HHCCCCHHHHHHHHH	0	0	0	0
605	A	0	0	0	0	0	0	0
606	V	0	0	0	0	0	0	0
607	S	0	0	0	0	0	0	0
608	V	0	0	0	0	0	0	0
609	M	0	0	0	0	0	0	0
610	E	0	0	0	0	0	0	0
611	D	0	0	0	0	0	0	0
612	K	N6-acetyllysine	AVSVMEDKLHKRSPP	HHHHHHHHHHCCCCC	0	0	0	0
613	L	0	0	0	0	0	0	0
614	H	0	0	0	0	0	0	0
615	K	0	0	0	0	0	0	0
616	R	0	0	0	0	0	0	0
617	S	Phosphoserine	EDKLHKRSPPPETIK	HHHHHCCCCCCHHHH	0	0	0	0
618	P	0	0	0	0	0	0	0
619	P	0	0	0	0	0	0	0
620	P	0	0	0	0	0	0	0
621	E	0	0	0	0	0	0	0
622	T	Phosphothreonine	KRSPPPETIKSKLNT	CCCCCCHHHHHHCCC	0	0	0	0
623	I	0	0	0	0	0	0	0
624	K	0	0	0	0	0	0	0
625	S	0	0	0	0	0	0	0
626	K	N6-acetyllysine	PPETIKSKLNTSVDT	CCHHHHHHCCCCCCC	0	0	0	0
627	L	0	0	0	0	0	0	0
628	N	0	0	0	0	0	0	0
629	T	Phosphothreonine	TIKSKLNTSVDTHKI	HHHHHCCCCCCCCCC	0	0	0	0
630	S	Phosphoserine	IKSKLNTSVDTHKIK	HHHHCCCCCCCCCCC	0	0	0	0
631	V	0	0	0	0	0	0	0
632	D	0	0	0	0	0	0	0
633	T	0	0	0	0	0	0	0
634	H	0	0	0	0	0	0	0
635	K	0	0	0	0	0	0	0
636	I	0	0	0	0	0	0	0
637	K	0	0	0	0	0	0	0
638	S	Phosphoserine	VDTHKIKSSPSPEVV	CCCCCCCCCCCCCCC	0	0	0	0
639	S	Phosphoserine	DTHKIKSSPSPEVVK	CCCCCCCCCCCCCCC	0	0	0	0
640	P	0	0	0	0	0	0	0
641	S	Phosphoserine	HKIKSSPSPEVVKPK	CCCCCCCCCCCCCCC	0	0	0	0
642	P	0	0	0	0	0	0	0
643	E	0	0	0	0	0	0	0
644	V	0	0	0	0	0	0	0
645	V	0	0	0	0	0	0	0
646	K	0	0	0	0	0	0	0
647	P	0	0	0	0	0	0	0
648	K	0	0	0	0	0	0	0
649	I	0	0	0	0	0	0	0
650	T	0	0	0	0	0	0	0
651	H	0	0	0	0	0	0	0
652	S	Phosphoserine	VKPKITHSPDSVKSK	CCCCCCCCCCCHHHC	0	0	0	0
653	P	0	0	0	0	0	0	0
654	D	0	0	0	0	0	0	0
655	S	0	0	0	0	0	0	0
656	V	0	0	0	0	0	0	0
657	K	0	0	0	0	0	0	0
658	S	0	0	0	0	0	0	0
659	K	0	0	0	0	0	0	0
660	A	0	0	0	0	0	0	0
661	T	0	0	0	0	0	0	0
662	Y	Phosphotyrosine	SVKSKATYVNSQATG	CHHHCCEEECCCHHH	0	0	0	0
663	V	0	0	0	0	0	0	0
664	N	0	0	0	0	0	0	0
665	S	0	0	0	0	0	0	0
666	Q	0	0	0	0	0	0	0
667	A	0	0	0	0	0	0	0
668	T	0	0	0	0	0	0	0
669	G	0	0	0	0	0	0	0
670	E	0	0	0	0	0	0	0
671	R	0	0	0	0	0	0	0
672	R	0	0	0	0	0	0	0
673	L	0	0	0	0	0	0	0
674	A	0	0	0	0	0	0	0
675	N	0	0	0	0	0	0	0
676	K	0	0	0	0	0	0	0
677	I	0	0	0	0	0	0	0
678	E	0	0	0	0	0	0	0
679	H	0	0	0	0	0	0	0
680	E	0	0	0	0	0	0	0
681	L	0	0	0	0	0	0	0
682	S	0	0	0	0	0	0	0
683	R	0	0	0	0	0	0	0
684	C	0	0	0	0	0	0	0
685	S	0	0	0	0	0	0	0
686	F	0	0	0	0	0	0	0
687	H	0	0	0	0	0	0	0
688	P	0	0	0	0	0	0	0
689	I	0	0	0	0	0	0	0
690	P	0	0	0	0	0	0	0
691	T	0	0	0	0	0	0	0
692	R	0	0	0	0	0	0	0
693	S	0	0	0	0	0	0	0
694	S	0	0	0	0	0	0	0
695	T	0	0	0	0	0	0	0
696	L	0	0	0	0	0	0	0
697	E	0	0	0	0	0	0	0
698	T	0	0	0	0	0	0	0
699	T	0	0	0	0	0	0	0
700	K	0	0	0	0	0	0	0
701	S	0	0	0	0	0	0	0
702	P	0	0	0	0	0	0	0
703	L	0	0	0	0	0	0	0
704	I	0	0	0	0	0	0	0
705	I	0	0	0	0	0	0	0
706	D	0	0	0	0	0	0	0
707	K	0	0	0	0	0	0	0
708	N	0	0	0	0	0	0	0
709	E	0	0	0	0	0	0	0
710	H	0	0	0	0	0	0	0
711	F	0	0	0	0	0	0	0
712	T	0	0	0	0	0	0	0
713	V	0	0	0	0	0	0	0
714	Y	0	0	0	0	0	0	0
715	R	0	0	0	0	0	0	0
716	D	0	0	0	0	0	0	0
717	P	0	0	0	0	0	0	0
718	A	0	0	0	0	0	0	0
719	L	0	0	0	0	0	0	0
720	I	0	0	0	0	0	0	0
721	G	0	0	0	0	0	0	0
722	S	0	0	0	0	0	0	0
723	E	0	0	0	0	0	0	0
724	T	Phosphoserine	PALIGSETGANHISP	HHHCCCCCCCCCCHH	0	0	0	0
725	G	0	0	0	0	0	0	0
726	A	0	0	0	0	0	0	0
727	N	0	0	0	0	0	0	0
728	H	0	0	0	0	0	0	0
729	I	0	0	0	0	0	0	0
730	S	0	0	0	0	0	0	0
731	P	0	0	0	0	0	0	0
732	F	0	0	0	0	0	0	0
733	L	0	0	0	0	0	0	0
734	S	Phosphoserine	NHISPFLSQHPFPLH	CCCHHHHHCCCCCCC	0	0	0	0
735	Q	0	0	0	0	0	0	0
736	H	0	0	0	0	0	0	0
737	P	0	0	0	0	0	0	0
738	F	0	0	0	0	0	0	0
739	P	0	0	0	0	0	0	0
740	L	0	0	0	0	0	0	0
741	H	0	0	0	0	0	0	0
742	S	Phosphoserine	QHPFPLHSSSHRTCL	CCCCCCCCCCCCCCC	0	0	0	0
743	S	0	0	0	0	0	0	0
744	S	Phosphoserine	PFPLHSSSHRTCLNP	CCCCCCCCCCCCCCC	0	0	0	0
745	H	0	0	0	0	0	0	0
746	R	0	0	0	0	0	0	0
747	T	0	0	0	0	0	0	0
748	C	0	0	0	0	0	0	0
749	L	0	0	0	0	0	0	0
750	N	0	0	0	0	0	0	0
751	P	0	0	0	0	0	0	0
752	G	0	0	0	0	0	0	0
753	T	0	0	0	0	0	0	0
754	H	0	0	0	0	0	0	0
755	H	0	0	0	0	0	0	0
756	P	0	0	0	0	0	0	0
757	A	0	0	0	0	0	0	0
758	L	0	0	0	0	0	0	0
759	T	0	0	0	0	0	0	0
760	P	0	0	0	0	0	0	0
761	A	0	0	0	0	0	0	0
762	P	0	0	0	0	0	0	0
763	H	0	0	0	0	0	0	0
764	L	0	0	0	0	0	0	0
765	L	0	0	0	0	0	0	0
766	A	0	0	0	0	0	0	0
767	G	0	0	0	0	0	0	0
768	S	0	0	0	0	0	0	0
769	S	0	0	0	0	0	0	0
770	S	0	0	0	0	0	0	0
771	Q	0	0	0	0	0	0	0
772	T	0	0	0	0	0	0	0
773	P	0	0	0	0	0	0	0
774	L	0	0	0	0	0	0	0
775	P	0	0	0	0	0	0	0
776	T	0	0	0	0	0	0	0
777	I	0	0	0	0	0	0	0
778	N	0	0	0	0	0	0	0
779	T	0	0	0	0	0	0	0
780	H	0	0	0	0	0	0	0
781	P	0	0	0	0	0	0	0
782	L	0	0	0	0	0	0	0
783	T	0	0	0	0	0	0	0
784	S	0	0	0	0	0	0	0
785	G	0	0	0	0	0	0	0
786	P	0	0	0	0	0	0	0
787	H	0	0	0	0	0	0	0
788	H	0	0	0	0	0	0	0
789	A	0	0	0	0	0	0	0
790	V	0	0	0	0	0	0	0
791	H	0	0	0	0	0	0	0
792	H	0	0	0	0	0	0	0
793	P	0	0	0	0	0	0	0
794	H	0	0	0	0	0	0	0
795	L	0	0	0	0	0	0	0
796	L	0	0	0	0	0	0	0
797	P	0	0	0	0	0	0	0
798	T	0	0	0	0	0	0	0
799	V	0	0	0	0	0	0	0
800	L	0	0	0	0	0	0	0
801	P	0	0	0	0	0	0	0
802	G	0	0	0	0	0	0	0
803	V	0	0	0	0	0	0	0
804	P	0	0	0	0	0	0	0
805	T	0	0	0	0	0	0	0
806	A	0	0	0	0	0	0	0
807	S	0	0	0	0	0	0	0
808	L	0	0	0	0	0	0	0
809	L	0	0	0	0	0	0	0
810	G	0	0	0	0	0	0	0
811	G	0	0	0	0	0	0	0
812	H	0	0	0	0	0	0	0
813	P	0	0	0	0	0	0	0
814	R	0	0	0	0	0	0	0
815	L	0	0	0	0	0	0	0
816	E	0	0	0	0	0	0	0
817	S	0	0	0	0	0	0	0
818	A	0	0	0	0	0	0	0
819	H	0	0	0	0	0	0	0
820	A	0	0	0	0	0	0	0
821	S	0	0	0	0	0	0	0
822	S	0	0	0	0	0	0	0
823	L	0	0	0	0	0	0	0
824	S	0	0	0	0	0	0	0
825	H	0	0	0	0	0	0	0
826	L	0	0	0	0	0	0	0
827	A	0	0	0	0	0	0	0
828	L	0	0	0	0	0	0	0
829	A	0	0	0	0	0	0	0
830	H	0	0	0	0	0	0	0
831	Q	0	0	0	0	0	0	0
832	Q	0	0	0	0	0	0	0
833	Q	0	0	0	0	0	0	0
834	Q	0	0	0	0	0	0	0
835	Q	0	0	0	0	0	0	0
836	L	0	0	0	0	0	0	0
837	L	0	0	0	0	0	0	0
838	Q	0	0	0	0	0	0	0
839	H	0	0	0	0	0	0	0
840	Q	0	0	0	0	0	0	0
841	S	0	0	0	0	0	0	0
842	P	0	0	0	0	0	0	0
843	H	0	0	0	0	0	0	0
844	L	0	0	0	0	0	0	0
845	L	0	0	0	0	0	0	0
846	G	0	0	0	0	0	0	0
847	Q	0	0	0	0	0	0	0
848	A	0	0	0	0	0	0	0
849	H	0	0	0	0	0	0	0
850	P	0	0	0	0	0	0	0
851	S	0	0	0	0	0	0	0
852	A	0	0	0	0	0	0	0
853	S	0	0	0	0	0	0	0
854	Y	0	0	0	0	0	0	0
855	N	0	0	0	0	0	0	0
856	Q	0	0	0	0	0	0	0
857	L	0	0	0	0	0	0	0
858	G	0	0	0	0	0	0	0
859	L	0	0	0	0	0	0	0
860	Y	0	0	0	0	0	0	0
861	P	0	0	0	0	0	0	0
862	I	0	0	0	0	0	0	0
863	I	0	0	0	0	0	0	0
864	W	0	0	0	0	0	0	0
865	Q	0	0	0	0	0	0	0
866	Y	0	0	0	0	0	0	0
867	P	0	0	0	0	0	0	0
868	N	0	0	0	0	0	0	0
869	G	0	0	0	0	0	0	0
870	T	0	0	0	0	0	0	0
871	H	0	0	0	0	0	0	0
872	A	0	0	0	0	0	0	0
873	Y	0	0	0	0	0	0	0
874	S	0	0	0	0	0	0	0
875	G	0	0	0	0	0	0	0
876	L	0	0	0	0	0	0	0
877	G	0	0	0	0	0	0	0
878	L	0	0	0	0	0	0	0
879	P	0	0	0	0	0	0	0
880	S	0	0	0	0	0	0	0
881	S	0	0	0	0	0	0	0
882	K	0	0	0	0	0	0	0
883	W	0	0	0	0	0	0	0
884	V	0	0	0	0	0	0	0
885	H	0	0	0	0	0	0	0
886	P	0	0	0	0	0	0	0
887	E	0	0	0	0	0	0	0
888	N	0	0	0	0	0	0	0
889	A	0	0	0	0	0	0	0
890	V	0	0	0	0	0	0	0
891	N	0	0	0	0	0	0	0
892	A	0	0	0	0	0	0	0
893	E	0	0	0	0	0	0	0
894	A	0	0	0	0	0	0	0
895	S	0	0	0	0	0	0	0
896	L	0	0	0	0	0	0	0
897	R	N6-methyllysine	VNAEASLRRNSPSPW	CCHHHHHHCCCCCCC	0	0	0	0
898	R	0	0	0	0	0	0	0
899	N	0	0	0	0	0	0	0
900	S	0	0	0	0	0	0	0
901	P	0	0	0	0	0	0	0
902	S	0	0	0	0	0	0	0
903	P	0	0	0	0	0	0	0
904	W	0	0	0	0	0	0	0
905	L	0	0	0	0	0	0	0
906	H	0	0	0	0	0	0	0
907	Q	0	0	0	0	0	0	0
908	P	0	0	0	0	0	0	0
909	T	0	0	0	0	0	0	0
910	P	0	0	0	0	0	0	0
911	V	0	0	0	0	0	0	0
912	T	0	0	0	0	0	0	0
913	S	0	0	0	0	0	0	0
914	A	0	0	0	0	0	0	0
915	D	0	0	0	0	0	0	0
916	G	0	0	0	0	0	0	0
917	I	0	0	0	0	0	0	0
918	G	0	0	0	0	0	0	0
919	L	0	0	0	0	0	0	0
920	L	0	0	0	0	0	0	0
921	S	0	0	0	0	0	0	0
922	H	0	0	0	0	0	0	0
923	I	0	0	0	0	0	0	0
924	P	0	0	0	0	0	0	0
925	V	0	0	0	0	0	0	0
926	R	0	0	0	0	0	0	0
927	P	0	0	0	0	0	0	0
928	S	0	0	0	0	0	0	0
929	S	0	0	0	0	0	0	0
930	A	0	0	0	0	0	0	0
931	E	0	0	0	0	0	0	0
932	P	0	0	0	0	0	0	0
933	H	0	0	0	0	0	0	0
934	R	0	0	0	0	0	0	0
935	P	0	0	0	0	0	0	0
936	L	0	0	0	0	0	0	0
937	K	0	0	0	0	0	0	0
938	I	0	0	0	0	0	0	0
939	T	0	0	0	0	0	0	0
940	A	0	0	0	0	0	0	0
941	H	0	0	0	0	0	0	0
942	S	Phosphoserine	PLKITAHSSPPLTKT	CCEEEECCCCCCHHH	0	0	0	0
943	S	Phosphoserine	LKITAHSSPPLTKTL	CEEEECCCCCCHHHH	0	0	0	0
944	P	0	0	0	0	0	0	0
945	P	0	0	0	0	0	0	0
946	L	0	0	0	0	0	0	0
947	T	0	0	0	0	0	0	0
948	K	0	0	0	0	0	0	0
949	T	0	0	0	0	0	0	0
950	L	0	0	0	0	0	0	0
951	V	0	0	0	0	0	0	0
952	D	0	0	0	0	0	0	0
953	H	0	0	0	0	0	0	0
954	H	0	0	0	0	0	0	0
955	K	0	0	0	0	0	0	0
956	E	0	0	0	0	0	0	0
957	E	0	0	0	0	0	0	0
958	L	0	0	0	0	0	0	0
959	E	0	0	0	0	0	0	0
960	R	0	0	0	0	0	0	0
961	K	0	0	0	0	0	0	0
962	A	0	0	0	0	0	0	0
963	F	0	0	0	0	0	0	0
964	M	0	0	0	0	0	0	0
965	E	0	0	0	0	0	0	0
966	P	Phosphoserine	ERKAFMEPLRSVAST	HHHHHHHHHHHHHCC	0	0	0	0
967	L	0	0	0	0	0	0	0
968	R	0	0	0	0	0	0	0
969	S	0	0	0	0	0	0	0
970	V	0	0	0	0	0	0	0
971	A	0	0	0	0	0	0	0
972	S	0	0	0	0	0	0	0
973	T	0	0	0	0	0	0	0
974	S	Phosphoserine	LRSVASTSAKNDLDL	HHHHHCCCCCCCCCC	0	0	0	0
975	A	0	0	0	0	0	0	0
976	K	0	0	0	0	0	0	0
977	N	0	0	0	0	0	0	0
978	D	0	0	0	0	0	0	0
979	L	0	0	0	0	0	0	0
980	D	0	0	0	0	0	0	0
981	L	0	0	0	0	0	0	0
982	N	0	0	0	0	0	0	0
983	R	0	0	0	0	0	0	0
984	S	Phosphoserine	NDLDLNRSQTGKDCH	CCCCCCHHHCCCCCH	0	0	0	0
985	Q	0	0	0	0	0	0	0
986	T	Phosphothreonine	LDLNRSQTGKDCHLH	CCCCHHHCCCCCHHH	0	0	0	0
987	G	0	0	0	0	0	0	0
988	K	0	0	0	0	0	0	0
989	D	0	0	0	0	0	0	0
990	C	0	0	0	0	0	0	0
991	H	0	0	0	0	0	0	0
992	L	0	0	0	0	0	0	0
993	H	0	0	0	0	0	0	0
994	R	0	0	0	0	0	0	0
995	H	0	0	0	0	0	0	0
996	F	0	0	0	0	0	0	0
997	V	0	0	0	0	0	0	0
998	D	0	0	0	0	0	0	0
999	P	0	0	0	0	0	0	0
1000	V	0	0	0	0	0	0	0
1001	L	0	0	0	0	0	0	0
1002	N	0	0	0	0	0	0	0
1003	Q	0	0	0	0	0	0	0
1004	L	0	0	0	0	0	0	0
1005	Q	0	0	0	0	0	0	0
1006	R	0	0	0	0	0	0	0
1007	P	0	0	0	0	0	0	0
1008	P	0	0	0	0	0	0	0
1009	Q	0	0	0	0	0	0	0
1010	E	0	0	0	0	0	0	0
1011	T	0	0	0	0	0	0	0
1012	G	0	0	0	0	0	0	0
1013	E	0	0	0	0	0	0	0
1014	R	0	0	0	0	0	0	0
1015	L	0	0	0	0	0	0	0
1016	N	0	0	0	0	0	0	0
1017	K	0	0	0	0	0	0	0
1018	Y	0	0	0	0	0	0	0
1019	K	0	0	0	0	0	0	0
1020	E	0	0	0	0	0	0	0
1021	E	0	0	0	0	0	0	0
1022	H	0	0	0	0	0	0	0
1023	R	0	0	0	0	0	0	0
1024	R	0	0	0	0	0	0	0
1025	I	0	0	0	0	0	0	0
1026	L	0	0	0	0	0	0	0
1027	Q	0	0	0	0	0	0	0
1028	E	0	0	0	0	0	0	0
1029	S	0	0	0	0	0	0	0
1030	I	0	0	0	0	0	0	0
1031	D	0	0	0	0	0	0	0
1032	V	0	0	0	0	0	0	0
1033	A	0	0	0	0	0	0	0
1034	P	0	0	0	0	0	0	0
1035	F	0	0	0	0	0	0	0
1036	T	0	0	0	0	0	0	0
1037	T	0	0	0	0	0	0	0
1038	K	0	0	0	0	0	0	0
1039	I	0	0	0	0	0	0	0
1040	K	0	0	0	0	0	0	0
1041	G	0	0	0	0	0	0	0
1042	L	0	0	0	0	0	0	0
1043	E	0	0	0	0	0	0	0
1044	G	0	0	0	0	0	0	0
1045	E	0	0	0	0	0	0	0
1046	R	0	0	0	0	0	0	0
1047	E	0	0	0	0	0	0	0
1048	N	0	0	0	0	0	0	0
1049	Y	0	0	0	0	0	0	0
1050	S	Phosphoserine	EGERENYSRVASSSS	CCCCCCHHHHCCCCC	0	0	0	0
1051	R	0	0	0	0	0	0	0
1052	V	0	0	0	0	0	0	0
1053	A	0	0	0	0	0	0	0
1054	S	Phosphoserine	ENYSRVASSSSSPKS	CCHHHHCCCCCCCCH	0	0	0	0
1055	S	0	0	0	0	0	0	0
1056	S	0	0	0	0	0	0	0
1057	S	Phosphoserine	SRVASSSSSPKSHII	HHHCCCCCCCCHHHC	0	0	0	0
1058	S	0	0	0	0	0	0	0
1059	P	0	0	0	0	0	0	0
1060	K	0	0	0	0	0	0	0
1061	S	0	0	0	0	0	0	0
1062	H	0	0	0	0	0	0	0
1063	I	0	0	0	0	0	0	0
1064	I	0	0	0	0	0	0	0
1065	K	0	0	0	0	0	0	0
1066	Q	0	0	0	0	0	0	0
1067	D	0	0	0	0	0	0	0
1068	M	0	0	0	0	0	0	0
1069	D	0	0	0	0	0	0	0
1070	V	0	0	0	0	0	0	0
1071	E	0	0	0	0	0	0	0
1072	R	0	0	0	0	0	0	0
1073	S	0	0	0	0	0	0	0
1074	V	0	0	0	0	0	0	0
1075	S	0	0	0	0	0	0	0
1076	D	0	0	0	0	0	0	0
1077	L	0	0	0	0	0	0	0
1078	Y	0	0	0	0	0	0	0
1079	K	0	0	0	0	0	0	0
1080	M	0	0	0	0	0	0	0
1081	K	0	0	0	0	0	0	0
1082	H	0	0	0	0	0	0	0
1083	S	0	0	0	0	0	0	0
1084	V	0	0	0	0	0	0	0
1085	P	0	0	0	0	0	0	0
1086	Q	0	0	0	0	0	0	0
1087	S	0	0	0	0	0	0	0
1088	L	0	0	0	0	0	0	0
1089	P	0	0	0	0	0	0	0
1090	Q	0	0	0	0	0	0	0
1091	S	0	0	0	0	0	0	0
1092	N	0	0	0	0	0	0	0
1093	Y	0	0	0	0	0	0	0
1094	F	0	0	0	0	0	0	0
1095	T	0	0	0	0	0	0	0
1096	T	0	0	0	0	0	0	0
1097	L	0	0	0	0	0	0	0
1098	S	0	0	0	0	0	0	0
1099	N	0	0	0	0	0	0	0
1100	S	0	0	0	0	0	0	0
1101	V	0	0	0	0	0	0	0
1102	V	0	0	0	0	0	0	0
1103	N	0	0	0	0	0	0	0
1104	E	0	0	0	0	0	0	0
1105	P	0	0	0	0	0	0	0
1106	P	0	0	0	0	0	0	0
1107	R	0	0	0	0	0	0	0
1108	S	0	0	0	0	0	0	0
1109	Y	0	0	0	0	0	0	0
1110	P	0	0	0	0	0	0	0
1111	S	0	0	0	0	0	0	0
1112	K	0	0	0	0	0	0	0
1113	E	0	0	0	0	0	0	0
1114	V	0	0	0	0	0	0	0
1115	S	0	0	0	0	0	0	0
1116	N	0	0	0	0	0	0	0
1117	I	0	0	0	0	0	0	0
1118	Y	0	0	0	0	0	0	0
1119	G	0	0	0	0	0	0	0
1120	D	0	0	0	0	0	0	0
1121	K	0	0	0	0	0	0	0
1122	Q	0	0	0	0	0	0	0
1123	S	0	0	0	0	0	0	0
1124	N	0	0	0	0	0	0	0
1125	A	0	0	0	0	0	0	0
1126	L	0	0	0	0	0	0	0
1127	A	0	0	0	0	0	0	0
1128	A	0	0	0	0	0	0	0
1129	A	0	0	0	0	0	0	0
1130	A	0	0	0	0	0	0	0
1131	A	0	0	0	0	0	0	0
1132	N	0	0	0	0	0	0	0
1133	P	0	0	0	0	0	0	0
1134	Q	0	0	0	0	0	0	0
1135	T	0	0	0	0	0	0	0
1136	L	0	0	0	0	0	0	0
1137	T	0	0	0	0	0	0	0
1138	S	0	0	0	0	0	0	0
1139	F	0	0	0	0	0	0	0
1140	I	0	0	0	0	0	0	0
1141	T	0	0	0	0	0	0	0
1142	S	0	0	0	0	0	0	0
1143	L	0	0	0	0	0	0	0
1144	S	0	0	0	0	0	0	0
1145	K	0	0	0	0	0	0	0
1146	P	0	0	0	0	0	0	0
1147	P	0	0	0	0	0	0	0
1148	P	0	0	0	0	0	0	0
1149	L	0	0	0	0	0	0	0
1150	I	0	0	0	0	0	0	0
1151	K	0	0	0	0	0	0	0
1152	H	0	0	0	0	0	0	0
1153	Q	0	0	0	0	0	0	0
1154	P	0	0	0	0	0	0	0
1155	E	0	0	0	0	0	0	0
1156	S	0	0	0	0	0	0	0
1157	E	0	0	0	0	0	0	0
1158	G	0	0	0	0	0	0	0
1159	L	0	0	0	0	0	0	0
1160	V	0	0	0	0	0	0	0
1161	G	0	0	0	0	0	0	0
1162	K	0	0	0	0	0	0	0
1163	I	0	0	0	0	0	0	0
1164	P	0	0	0	0	0	0	0
1165	E	0	0	0	0	0	0	0
1166	H	0	0	0	0	0	0	0
1167	L	0	0	0	0	0	0	0
1168	P	0	0	0	0	0	0	0
1169	H	0	0	0	0	0	0	0
1170	Q	0	0	0	0	0	0	0
1171	I	0	0	0	0	0	0	0
1172	A	0	0	0	0	0	0	0
1173	S	0	0	0	0	0	0	0
1174	H	0	0	0	0	0	0	0
1175	S	0	0	0	0	0	0	0
1176	V	0	0	0	0	0	0	0
1177	T	0	0	0	0	0	0	0
1178	T	0	0	0	0	0	0	0
1179	F	0	0	0	0	0	0	0
1180	R	0	0	0	0	0	0	0
1181	N	0	0	0	0	0	0	0
1182	D	0	0	0	0	0	0	0
1183	C	0	0	0	0	0	0	0
1184	R	0	0	0	0	0	0	0
1185	S	Phosphoserine	TFRNDCRSPTHLTVS	EECCCCCCCCEEEEC	0	0	0	0
1186	P	0	0	0	0	0	0	0
1187	T	Phosphothreonine	RNDCRSPTHLTVSST	CCCCCCCCEEEECCC	0	0	0	0
1188	H	0	0	0	0	0	0	0
1189	L	0	0	0	0	0	0	0
1190	T	Phosphothreonine	CRSPTHLTVSSTNTL	CCCCCEEEECCCCHH	0	0	0	0
1191	V	0	0	0	0	0	0	0
1192	S	0	0	0	0	0	0	0
1193	S	0	0	0	0	0	0	0
1194	T	0	0	0	0	0	0	0
1195	N	0	0	0	0	0	0	0
1196	T	Phosphothreonine	LTVSSTNTLRSMPAL	EEECCCCHHHCCCHH	0	0	0	0
1197	L	0	0	0	0	0	0	0
1198	R	0	0	0	0	0	0	0
1199	S	0	0	0	0	0	0	0
1200	M	0	0	0	0	0	0	0
1201	P	0	0	0	0	0	0	0
1202	A	0	0	0	0	0	0	0
1203	L	0	0	0	0	0	0	0
1204	H	0	0	0	0	0	0	0
1205	R	0	0	0	0	0	0	0
1206	A	0	0	0	0	0	0	0
1207	P	0	0	0	0	0	0	0
1208	V	0	0	0	0	0	0	0
1209	F	0	0	0	0	0	0	0
1210	H	0	0	0	0	0	0	0
1211	P	0	0	0	0	0	0	0
1212	P	0	0	0	0	0	0	0
1213	I	0	0	0	0	0	0	0
1214	H	0	0	0	0	0	0	0
1215	H	0	0	0	0	0	0	0
1216	S	0	0	0	0	0	0	0
1217	L	0	0	0	0	0	0	0
1218	E	0	0	0	0	0	0	0
1219	R	0	0	0	0	0	0	0
1220	K	0	0	0	0	0	0	0
1221	E	0	0	0	0	0	0	0
1222	G	0	0	0	0	0	0	0
1223	S	Phosphoserine	SLERKEGSYSSLSPP	HHCCCCCCCCCCCCC	0	0	0	0
1224	Y	Phosphotyrosine	LERKEGSYSSLSPPT	HCCCCCCCCCCCCCC	0	0	0	0
1225	S	Phosphoserine	ERKEGSYSSLSPPTL	CCCCCCCCCCCCCCC	0	0	0	0
1226	S	Phosphoserine	RKEGSYSSLSPPTLT	CCCCCCCCCCCCCCC	0	0	0	0
1227	L	0	0	0	0	0	0	0
1228	S	Phosphoserine	EGSYSSLSPPTLTPV	CCCCCCCCCCCCCCC	0	0	0	0
1229	P	0	0	0	0	0	0	0
1230	P	0	0	0	0	0	0	0
1231	T	Phosphothreonine	YSSLSPPTLTPVMPV	CCCCCCCCCCCCCCC	0	0	0	0
1232	L	0	0	0	0	0	0	0
1233	T	Phosphothreonine	SLSPPTLTPVMPVNA	CCCCCCCCCCCCCCC	0	0	0	0
1234	P	0	0	0	0	0	0	0
1235	V	0	0	0	0	0	0	0
1236	M	0	0	0	0	0	0	0
1237	P	0	0	0	0	0	0	0
1238	V	0	0	0	0	0	0	0
1239	N	0	0	0	0	0	0	0
1240	A	0	0	0	0	0	0	0
1241	G	0	0	0	0	0	0	0
1242	G	0	0	0	0	0	0	0
1243	K	0	0	0	0	0	0	0
1244	V	0	0	0	0	0	0	0
1245	Q	0	0	0	0	0	0	0
1246	E	0	0	0	0	0	0	0
1247	S	0	0	0	0	0	0	0
1248	Q	0	0	0	0	0	0	0
1249	K	0	0	0	0	0	0	0
1250	P	0	0	0	0	0	0	0
1251	P	0	0	0	0	0	0	0
1252	T	0	0	0	0	0	0	0
1253	L	0	0	0	0	0	0	0
1254	I	0	0	0	0	0	0	0
1255	P	0	0	0	0	0	0	0
1256	E	0	0	0	0	0	0	0
1257	P	0	0	0	0	0	0	0
1258	K	0	0	0	0	0	0	0
1259	D	0	0	0	0	0	0	0
1260	S	0	0	0	0	0	0	0
1261	Q	0	0	0	0	0	0	0
1262	A	0	0	0	0	0	0	0
1263	N	0	0	0	0	0	0	0
1264	F	0	0	0	0	0	0	0
1265	K	N6-methyllysine	KDSQANFKSSSEQSL	CCCCCCCCCCCHHHH	0	0	0	0
1266	S	0	0	0	0	0	0	0
1267	S	0	0	0	0	0	0	0
1268	S	Phosphoserine	QANFKSSSEQSLTEM	CCCCCCCCHHHHHHH	0	0	0	0
1269	E	0	0	0	0	0	0	0
1270	Q	0	0	0	0	0	0	0
1271	S	0	0	0	0	0	0	0
1272	L	0	0	0	0	0	0	0
1273	T	0	0	0	0	0	0	0
1274	E	0	0	0	0	0	0	0
1275	M	0	0	0	0	0	0	0
1276	W	0	0	0	0	0	0	0
1277	R	0	0	0	0	0	0	0
1278	P	0	0	0	0	0	0	0
1279	N	0	0	0	0	0	0	0
1280	N	0	0	0	0	0	0	0
1281	N	0	0	0	0	0	0	0
1282	L	0	0	0	0	0	0	0
1283	S	0	0	0	0	0	0	0
1284	K	0	0	0	0	0	0	0
1285	E	0	0	0	0	0	0	0
1286	K	0	0	0	0	0	0	0
1287	T	Phosphothreonine	NNLSKEKTEWHVEKS	CCCCHHHHHHEEECC	0	0	0	0
1288	E	0	0	0	0	0	0	0
1289	W	0	0	0	0	0	0	0
1290	H	0	0	0	0	0	0	0
1291	V	0	0	0	0	0	0	0
1292	E	0	0	0	0	0	0	0
1293	K	0	0	0	0	0	0	0
1294	S	0	0	0	0	0	0	0
1295	S	Phosphoserine	EWHVEKSSGKLQAAM	HHEEECCCCCCEEEE	0	0	0	0
1296	G	0	0	0	0	0	0	0
1297	K	N6-acetyllysine	HVEKSSGKLQAAMAS	EEECCCCCCEEEEEE	0	0	0	0
1298	L	0	0	0	0	0	0	0
1299	Q	0	0	0	0	0	0	0
1300	A	0	0	0	0	0	0	0
1301	A	0	0	0	0	0	0	0
1302	M	0	0	0	0	0	0	0
1303	A	0	0	0	0	0	0	0
1304	S	0	0	0	0	0	0	0
1305	V	0	0	0	0	0	0	0
1306	I	0	0	0	0	0	0	0
1307	V	0	0	0	0	0	0	0
1308	R	0	0	0	0	0	0	0
1309	P	0	0	0	0	0	0	0
1310	S	0	0	0	0	0	0	0
1311	S	0	0	0	0	0	0	0
1312	S	0	0	0	0	0	0	0
1313	T	0	0	0	0	0	0	0
1314	K	0	0	0	0	0	0	0
1315	T	0	0	0	0	0	0	0
1316	D	0	0	0	0	0	0	0
1317	S	0	0	0	0	0	0	0
1318	M	0	0	0	0	0	0	0
1319	P	0	0	0	0	0	0	0
1320	A	0	0	0	0	0	0	0
1321	M	0	0	0	0	0	0	0
1322	Q	0	0	0	0	0	0	0
1323	L	0	0	0	0	0	0	0
1324	A	0	0	0	0	0	0	0
1325	S	0	0	0	0	0	0	0
1326	K	0	0	0	0	0	0	0
1327	D	0	0	0	0	0	0	0
1328	R	0	0	0	0	0	0	0
1329	V	0	0	0	0	0	0	0
1330	S	0	0	0	0	0	0	0
1331	E	0	0	0	0	0	0	0
1332	R	0	0	0	0	0	0	0
1333	S	0	0	0	0	0	0	0
1334	S	0	0	0	0	0	0	0
1335	A	0	0	0	0	0	0	0
1336	G	0	0	0	0	0	0	0
1337	A	0	0	0	0	0	0	0
1338	H	0	0	0	0	0	0	0
1339	K	0	0	0	0	0	0	0
1340	T	0	0	0	0	0	0	0
1341	D	0	0	0	0	0	0	0
1342	C	0	0	0	0	0	0	0
1343	L	0	0	0	0	0	0	0
1344	K	0	0	0	0	0	0	0
1345	L	0	0	0	0	0	0	0
1346	A	0	0	0	0	0	0	0
1347	E	0	0	0	0	0	0	0
1348	A	0	0	0	0	0	0	0
1349	G	0	0	0	0	0	0	0
1350	E	0	0	0	0	0	0	0
1351	T	0	0	0	0	0	0	0
1352	G	0	0	0	0	0	0	0
1353	R	0	0	0	0	0	0	0
1354	I	0	0	0	0	0	0	0
1355	I	0	0	0	0	0	0	0
1356	L	0	0	0	0	0	0	0
1357	P	0	0	0	0	0	0	0
1358	N	0	0	0	0	0	0	0
1359	V	0	0	0	0	0	0	0
1360	N	0	0	0	0	0	0	0
1361	S	0	0	0	0	0	0	0
1362	D	0	0	0	0	0	0	0
1363	S	0	0	0	0	0	0	0
1364	V	0	0	0	0	0	0	0
1365	H	0	0	0	0	0	0	0
1366	T	0	0	0	0	0	0	0
1367	K	0	0	0	0	0	0	0
1368	S	0	0	0	0	0	0	0
1369	E	0	0	0	0	0	0	0
1370	K	0	0	0	0	0	0	0
1371	N	0	0	0	0	0	0	0
1372	F	0	0	0	0	0	0	0
1373	Q	0	0	0	0	0	0	0
1374	A	0	0	0	0	0	0	0
1375	V	0	0	0	0	0	0	0
1376	S	0	0	0	0	0	0	0
1377	Q	0	0	0	0	0	0	0
1378	G	0	0	0	0	0	0	0
1379	S	0	0	0	0	0	0	0
1380	V	0	0	0	0	0	0	0
1381	P	0	0	0	0	0	0	0
1382	S	0	0	0	0	0	0	0
1383	S	0	0	0	0	0	0	0
1384	V	0	0	0	0	0	0	0
1385	M	0	0	0	0	0	0	0
1386	S	0	0	0	0	0	0	0
1387	A	0	0	0	0	0	0	0
1388	V	0	0	0	0	0	0	0
1389	N	0	0	0	0	0	0	0
1390	T	0	0	0	0	0	0	0
1391	M	0	0	0	0	0	0	0
1392	C	0	0	0	0	0	0	0
1393	N	0	0	0	0	0	0	0
1394	T	0	0	0	0	0	0	0
1395	K	0	0	0	0	0	0	0
1396	T	0	0	0	0	0	0	0
1397	D	0	0	0	0	0	0	0
1398	V	0	0	0	0	0	0	0
1399	I	0	0	0	0	0	0	0
1400	T	0	0	0	0	0	0	0
1401	S	0	0	0	0	0	0	0
1402	A	0	0	0	0	0	0	0
1403	A	0	0	0	0	0	0	0
1404	D	0	0	0	0	0	0	0
1405	T	Phosphothreonine	VITSAADTTSVSSWG	EEECCCCCCCCHHCC	0	0	0	0
1406	T	0	0	0	0	0	0	0
1407	S	0	0	0	0	0	0	0
1408	V	0	0	0	0	0	0	0
1409	S	Phosphoserine	AADTTSVSSWGGSEV	CCCCCCCHHCCHHHH	0	0	0	0
1410	S	0	0	0	0	0	0	0
1411	W	0	0	0	0	0	0	0
1412	G	0	0	0	0	0	0	0
1413	G	0	0	0	0	0	0	0
1414	S	Phosphoserine	SVSSWGGSEVISSLS	CCHHCCHHHHHHHHC	0	0	0	0
1415	E	0	0	0	0	0	0	0
1416	V	0	0	0	0	0	0	0
1417	I	0	0	0	0	0	0	0
1418	S	0	0	0	0	0	0	0
1419	S	0	0	0	0	0	0	0
1420	L	0	0	0	0	0	0	0
1421	S	0	0	0	0	0	0	0
1422	N	0	0	0	0	0	0	0
1423	T	0	0	0	0	0	0	0
1424	I	0	0	0	0	0	0	0
1425	L	0	0	0	0	0	0	0
1426	A	0	0	0	0	0	0	0
1427	S	0	0	0	0	0	0	0
1428	T	Phosphothreonine	SNTILASTSSECVSS	CCCEEEECCCHHHCC	0	0	0	0
1429	S	0	0	0	0	0	0	0
1430	S	0	0	0	0	0	0	0
1431	E	0	0	0	0	0	0	0
1432	C	0	0	0	0	0	0	0
1433	V	0	0	0	0	0	0	0
1434	S	Phosphoserine	STSSECVSSKSVSQP	ECCCHHHCCCCCCCC	0	0	0	0
1435	S	0	0	0	0	0	0	0
1436	K	0	0	0	0	0	0	0
1437	S	0	0	0	0	0	0	0
1438	V	0	0	0	0	0	0	0
1439	S	0	0	0	0	0	0	0
1440	Q	0	0	0	0	0	0	0
1441	P	0	0	0	0	0	0	0
1442	V	0	0	0	0	0	0	0
1443	A	0	0	0	0	0	0	0
1444	Q	0	0	0	0	0	0	0
1445	K	N6-acetyllysine	VSQPVAQKQECKVST	CCCCCCCCCCCEEEC	0	0	0	0
1446	Q	0	0	0	0	0	0	0
1447	E	0	0	0	0	0	0	0
1448	C	0	0	0	0	0	0	0
1449	K	0	0	0	0	0	0	0
1450	V	0	0	0	0	0	0	0
1451	S	0	0	0	0	0	0	0
1452	T	O-linked (GlcNAc)	KQECKVSTTAPVTLA	CCCCEEECCCCEEEE	0	0	0	0
1453	T	O-linked (GlcNAc)	QECKVSTTAPVTLAS	CCCEEECCCCEEEEC	0	0	0	0
1454	A	0	0	0	0	0	0	0
1455	P	0	0	0	0	0	0	0
1456	V	0	0	0	0	0	0	0
1457	T	O-linked (GlcNAc)	VSTTAPVTLASSKTG	EECCCCEEEECCCCC	0	0	0	0
1458	L	0	0	0	0	0	0	0
1459	A	0	0	0	0	0	0	0
1460	S	Phosphoserine	TAPVTLASSKTGSVV	CCCEEEECCCCCCEE	0	0	0	0
1461	S	Phosphoserine	APVTLASSKTGSVVQ	CCEEEECCCCCCEEC	0	0	0	0
1462	K	0	0	0	0	0	0	0
1463	T	0	0	0	0	0	0	0
1464	G	0	0	0	0	0	0	0
1465	S	0	0	0	0	0	0	0
1466	V	0	0	0	0	0	0	0
1467	V	0	0	0	0	0	0	0
1468	Q	0	0	0	0	0	0	0
1469	P	0	0	0	0	0	0	0
1470	S	0	0	0	0	0	0	0
1471	S	0	0	0	0	0	0	0
1472	G	0	0	0	0	0	0	0
1473	F	0	0	0	0	0	0	0
1474	S	0	0	0	0	0	0	0
1475	G	0	0	0	0	0	0	0
1476	T	0	0	0	0	0	0	0
1477	T	0	0	0	0	0	0	0
1478	D	0	0	0	0	0	0	0
1479	F	0	0	0	0	0	0	0
1480	I	0	0	0	0	0	0	0
1481	H	0	0	0	0	0	0	0
1482	L	0	0	0	0	0	0	0
1483	K	N6-acetyllysine	TTDFIHLKKHKAALA	CCCEEEHHHHHHHHH	0	0	0	0
1484	K	0	0	0	0	0	0	0
1485	H	0	0	0	0	0	0	0
1486	K	0	0	0	0	0	0	0
1487	A	0	0	0	0	0	0	0
1488	A	0	0	0	0	0	0	0
1489	L	0	0	0	0	0	0	0
1490	A	0	0	0	0	0	0	0
1491	A	0	0	0	0	0	0	0
1492	A	0	0	0	0	0	0	0
1493	Q	0	0	0	0	0	0	0
1494	Y	0	0	0	0	0	0	0
1495	K	0	0	0	0	0	0	0
1496	S	0	0	0	0	0	0	0
1497	S	0	0	0	0	0	0	0
1498	N	0	0	0	0	0	0	0
1499	A	0	0	0	0	0	0	0
1500	S	0	0	0	0	0	0	0
1501	E	0	0	0	0	0	0	0
1502	T	0	0	0	0	0	0	0
1503	E	0	0	0	0	0	0	0
1504	P	0	0	0	0	0	0	0
1505	N	0	0	0	0	0	0	0
1506	A	0	0	0	0	0	0	0
1507	I	0	0	0	0	0	0	0
1508	K	0	0	0	0	0	0	0
1509	N	0	0	0	0	0	0	0
1510	Q	0	0	0	0	0	0	0
1511	T	0	0	0	0	0	0	0
1512	L	0	0	0	0	0	0	0
1513	S	0	0	0	0	0	0	0
1514	A	0	0	0	0	0	0	0
1515	S	0	0	0	0	0	0	0
1516	L	0	0	0	0	0	0	0
1517	P	0	0	0	0	0	0	0
1518	L	0	0	0	0	0	0	0
1519	D	0	0	0	0	0	0	0
1520	S	0	0	0	0	0	0	0
1521	T	0	0	0	0	0	0	0
1522	V	0	0	0	0	0	0	0
1523	I	0	0	0	0	0	0	0
1524	C	0	0	0	0	0	0	0
1525	S	0	0	0	0	0	0	0
1526	T	0	0	0	0	0	0	0
1527	I	0	0	0	0	0	0	0
1528	N	0	0	0	0	0	0	0
1529	K	0	0	0	0	0	0	0
1530	A	0	0	0	0	0	0	0
1531	N	0	0	0	0	0	0	0
1532	S	0	0	0	0	0	0	0
1533	V	0	0	0	0	0	0	0
1534	G	0	0	0	0	0	0	0
1535	N	0	0	0	0	0	0	0
1536	G	0	0	0	0	0	0	0
1537	Q	0	0	0	0	0	0	0
1538	A	0	0	0	0	0	0	0
1539	S	0	0	0	0	0	0	0
1540	Q	0	0	0	0	0	0	0
1541	T	0	0	0	0	0	0	0
1542	S	0	0	0	0	0	0	0
1543	Q	0	0	0	0	0	0	0
1544	P	0	0	0	0	0	0	0
1545	N	0	0	0	0	0	0	0
1546	Y	0	0	0	0	0	0	0
1547	H	0	0	0	0	0	0	0
1548	T	Phosphothreonine	TSQPNYHTKLKKAWL	CCCCCHHHHHHHHHH	0	0	0	0
1549	K	0	0	0	0	0	0	0
1550	L	0	0	0	0	0	0	0
1551	K	0	0	0	0	0	0	0
1552	K	0	0	0	0	0	0	0
1553	A	0	0	0	0	0	0	0
1554	W	0	0	0	0	0	0	0
1555	L	0	0	0	0	0	0	0
1556	T	0	0	0	0	0	0	0
1557	R	0	0	0	0	0	0	0
1558	H	0	0	0	0	0	0	0
1559	S	0	0	0	0	0	0	0
1560	E	0	0	0	0	0	0	0
1561	E	0	0	0	0	0	0	0
1562	D	0	0	0	0	0	0	0
1563	K	0	0	0	0	0	0	0
1564	N	0	0	0	0	0	0	0
1565	T	0	0	0	0	0	0	0
1566	N	0	0	0	0	0	0	0
1567	K	0	0	0	0	0	0	0
1568	M	0	0	0	0	0	0	0
1569	E	0	0	0	0	0	0	0
1570	N	0	0	0	0	0	0	0
1571	S	0	0	0	0	0	0	0
1572	G	0	0	0	0	0	0	0
1573	N	0	0	0	0	0	0	0
1574	S	0	0	0	0	0	0	0
1575	V	0	0	0	0	0	0	0
1576	S	0	0	0	0	0	0	0
1577	E	0	0	0	0	0	0	0
1578	I	0	0	0	0	0	0	0
1579	I	0	0	0	0	0	0	0
1580	K	0	0	0	0	0	0	0
1581	P	0	0	0	0	0	0	0
1582	C	0	0	0	0	0	0	0
1583	S	0	0	0	0	0	0	0
1584	V	0	0	0	0	0	0	0
1585	N	0	0	0	0	0	0	0
1586	L	0	0	0	0	0	0	0
1587	I	0	0	0	0	0	0	0
1588	A	0	0	0	0	0	0	0
1589	S	0	0	0	0	0	0	0
1590	T	0	0	0	0	0	0	0
1591	S	0	0	0	0	0	0	0
1592	S	0	0	0	0	0	0	0
1593	D	0	0	0	0	0	0	0
1594	I	0	0	0	0	0	0	0
1595	Q	0	0	0	0	0	0	0
1596	N	0	0	0	0	0	0	0
1597	S	0	0	0	0	0	0	0
1598	V	0	0	0	0	0	0	0
1599	D	0	0	0	0	0	0	0
1600	S	0	0	0	0	0	0	0
1601	K	0	0	0	0	0	0	0
1602	I	0	0	0	0	0	0	0
1603	I	0	0	0	0	0	0	0
1604	V	0	0	0	0	0	0	0
1605	D	0	0	0	0	0	0	0
1606	K	0	0	0	0	0	0	0
1607	Y	0	0	0	0	0	0	0
1608	V	0	0	0	0	0	0	0
1609	K	0	0	0	0	0	0	0
1610	D	0	0	0	0	0	0	0
1611	D	0	0	0	0	0	0	0
1612	K	0	0	0	0	0	0	0
1613	V	0	0	0	0	0	0	0
1614	N	0	0	0	0	0	0	0
1615	R	0	0	0	0	0	0	0
1616	R	0	0	0	0	0	0	0
1617	K	0	0	0	0	0	0	0
1618	A	0	0	0	0	0	0	0
1619	K	0	0	0	0	0	0	0
1620	R	0	0	0	0	0	0	0
1621	T	Phosphothreonine	NRRKAKRTYESGSES	CHHHHCHHHCCCCCC	0	0	0	0
1622	Y	0	0	0	0	0	0	0
1623	E	0	0	0	0	0	0	0
1624	S	0	0	0	0	0	0	0
1625	G	0	0	0	0	0	0	0
1626	S	0	0	0	0	0	0	0
1627	E	0	0	0	0	0	0	0
1628	S	Phosphoserine	TYESGSESGDSDESE	HHCCCCCCCCCCCCC	0	0	0	0
1629	G	0	0	0	0	0	0	0
1630	D	0	0	0	0	0	0	0
1631	S	Phosphoserine	SGSESGDSDESESKS	CCCCCCCCCCCCCHH	0	0	0	0
1632	D	0	0	0	0	0	0	0
1633	E	0	0	0	0	0	0	0
1634	S	Phosphoserine	ESGDSDESESKSEQR	CCCCCCCCCCHHHHH	0	0	0	0
1635	E	0	0	0	0	0	0	0
1636	S	Phosphoserine	GDSDESESKSEQRTK	CCCCCCCCHHHHHHH	0	0	0	0
1637	K	0	0	0	0	0	0	0
1638	S	0	0	0	0	0	0	0
1639	E	0	0	0	0	0	0	0
1640	Q	0	0	0	0	0	0	0
1641	R	0	0	0	0	0	0	0
1642	T	0	0	0	0	0	0	0
1643	K	0	0	0	0	0	0	0
1644	R	0	0	0	0	0	0	0
1645	Q	0	0	0	0	0	0	0
1646	P	0	0	0	0	0	0	0
1647	K	0	0	0	0	0	0	0
1648	P	0	0	0	0	0	0	0
1649	T	0	0	0	0	0	0	0
1650	Y	0	0	0	0	0	0	0
1651	K	0	0	0	0	0	0	0
1652	K	0	0	0	0	0	0	0
1653	K	0	0	0	0	0	0	0
1654	Q	0	0	0	0	0	0	0
1655	N	0	0	0	0	0	0	0
1656	D	0	0	0	0	0	0	0
1657	L	0	0	0	0	0	0	0
1658	Q	0	0	0	0	0	0	0
1659	K	0	0	0	0	0	0	0
1660	R	0	0	0	0	0	0	0
1661	K	0	0	0	0	0	0	0
1662	G	0	0	0	0	0	0	0
1663	E	0	0	0	0	0	0	0
1664	I	0	0	0	0	0	0	0
1665	E	0	0	0	0	0	0	0
1666	E	0	0	0	0	0	0	0
1667	D	0	0	0	0	0	0	0
1668	L	0	0	0	0	0	0	0
1669	K	0	0	0	0	0	0	0
1670	P	0	0	0	0	0	0	0
1671	N	0	0	0	0	0	0	0
1672	G	0	0	0	0	0	0	0
1673	V	0	0	0	0	0	0	0
1674	L	0	0	0	0	0	0	0
1675	S	0	0	0	0	0	0	0
1676	R	0	0	0	0	0	0	0
1677	S	Phosphoserine	PNGVLSRSAKERSKL	CCCCCCCCHHHHHCC	0	0	0	0
1678	A	0	0	0	0	0	0	0
1679	K	0	0	0	0	0	0	0
1680	E	0	0	0	0	0	0	0
1681	R	0	0	0	0	0	0	0
1682	S	Phosphoserine	SRSAKERSKLKLQSN	CCCHHHHHCCCCCCC	0	0	0	0
1683	K	0	0	0	0	0	0	0
1684	L	0	0	0	0	0	0	0
1685	K	0	0	0	0	0	0	0
1686	L	0	0	0	0	0	0	0
1687	Q	0	0	0	0	0	0	0
1688	S	0	0	0	0	0	0	0
1689	N	0	0	0	0	0	0	0
1690	S	0	0	0	0	0	0	0
1691	N	0	0	0	0	0	0	0
1692	T	0	0	0	0	0	0	0
1693	G	0	0	0	0	0	0	0
1694	I	0	0	0	0	0	0	0
1695	P	0	0	0	0	0	0	0
1696	R	0	0	0	0	0	0	0
1697	S	0	0	0	0	0	0	0
1698	V	0	0	0	0	0	0	0
1699	L	0	0	0	0	0	0	0
1700	K	0	0	0	0	0	0	0
1701	D	0	0	0	0	0	0	0
1702	W	0	0	0	0	0	0	0
1703	R	0	0	0	0	0	0	0
1704	K	0	0	0	0	0	0	0
1705	V	0	0	0	0	0	0	0
1706	K	0	0	0	0	0	0	0
1707	K	0	0	0	0	0	0	0
1708	L	0	0	0	0	0	0	0
1709	K	0	0	0	0	0	0	0
1710	Q	0	0	0	0	0	0	0
1711	T	0	0	0	0	0	0	0
1712	G	0	0	0	0	0	0	0
1713	E	0	0	0	0	0	0	0
1714	S	0	0	0	0	0	0	0
1715	F	0	0	0	0	0	0	0
1716	L	0	0	0	0	0	0	0
1717	Q	0	0	0	0	0	0	0
1718	D	0	0	0	0	0	0	0
1719	D	0	0	0	0	0	0	0
1720	S	0	0	0	0	0	0	0
1721	C	0	0	0	0	0	0	0
1722	C	0	0	0	0	0	0	0
1723	E	0	0	0	0	0	0	0
1724	I	0	0	0	0	0	0	0
1725	G	0	0	0	0	0	0	0
1726	P	0	0	0	0	0	0	0
1727	N	0	0	0	0	0	0	0
1728	L	0	0	0	0	0	0	0
1729	Q	0	0	0	0	0	0	0
1730	K	N6-acetyllysine	EIGPNLQKCRECRLI	CCCCCHHHHHHCCCH	0	0	0	0
1731	C	0	0	0	0	0	0	0
1732	R	0	0	0	0	0	0	0
1733	E	0	0	0	0	0	0	0
1734	C	0	0	0	0	0	0	0
1735	R	0	0	0	0	0	0	0
1736	L	0	0	0	0	0	0	0
1737	I	0	0	0	0	0	0	0
1738	R	0	0	0	0	0	0	0
1739	S	0	0	0	0	0	0	0
1740	K	0	0	0	0	0	0	0
1741	K	0	0	0	0	0	0	0
1742	G	0	0	0	0	0	0	0
1743	E	0	0	0	0	0	0	0
1744	E	0	0	0	0	0	0	0
1745	P	0	0	0	0	0	0	0
1746	A	0	0	0	0	0	0	0
1747	H	0	0	0	0	0	0	0
1748	S	Phosphoserine	KGEEPAHSPVFCRFY	CCCCCCCCCCCCCCE	0	0	0	0
1749	P	0	0	0	0	0	0	0
1750	V	0	0	0	0	0	0	0
1751	F	0	0	0	0	0	0	0
1752	C	0	0	0	0	0	0	0
1753	R	0	0	0	0	0	0	0
1754	F	0	0	0	0	0	0	0
1755	Y	0	0	0	0	0	0	0
1756	Y	0	0	0	0	0	0	0
1757	F	0	0	0	0	0	0	0
1758	R	0	0	0	0	0	0	0
1759	R	0	0	0	0	0	0	0
1760	L	0	0	0	0	0	0	0
1761	S	Phosphoserine	FYYFRRLSFSKNGVV	CEEEEEECCCCCCEE	0	0	0	0
1762	F	0	0	0	0	0	0	0
1763	S	Phosphoserine	YFRRLSFSKNGVVRI	EEEEECCCCCCEEEE	0	0	0	0
1764	K	0	0	0	0	0	0	0
1765	N	0	0	0	0	0	0	0
1766	G	0	0	0	0	0	0	0
1767	V	0	0	0	0	0	0	0
1768	V	Phosphoserine	SFSKNGVVRIDGFSS	CCCCCCEEEECCCCC	0	0	0	0
1769	R	0	0	0	0	0	0	0
1770	I	0	0	0	0	0	0	0
1771	D	0	0	0	0	0	0	0
1772	G	0	0	0	0	0	0	0
1773	F	0	0	0	0	0	0	0
1774	S	0	0	0	0	0	0	0
1775	S	0	0	0	0	0	0	0
1776	P	0	0	0	0	0	0	0
1777	D	0	0	0	0	0	0	0
1778	Q	0	0	0	0	0	0	0
1779	Y	0	0	0	0	0	0	0
1780	D	0	0	0	0	0	0	0
1781	D	0	0	0	0	0	0	0
1782	E	0	0	0	0	0	0	0
1783	A	0	0	0	0	0	0	0
1784	M	0	0	0	0	0	0	0
1785	S	0	0	0	0	0	0	0
1786	L	0	0	0	0	0	0	0
1787	W	0	0	0	0	0	0	0
1788	T	0	0	0	0	0	0	0
1789	H	0	0	0	0	0	0	0
1790	E	0	0	0	0	0	0	0
1791	N	0	0	0	0	0	0	0
1792	F	0	0	0	0	0	0	0
1793	E	0	0	0	0	0	0	0
1794	D	0	0	0	0	0	0	0
1795	D	0	0	0	0	0	0	0
1796	E	0	0	0	0	0	0	0
1797	L	0	0	0	0	0	0	0
1798	D	0	0	0	0	0	0	0
1799	I	0	0	0	0	0	0	0
1800	E	0	0	0	0	0	0	0
1801	T	0	0	0	0	0	0	0
1802	S	0	0	0	0	0	0	0
1803	K	0	0	0	0	0	0	0
1804	Y	0	0	0	0	0	0	0
1805	I	0	0	0	0	0	0	0
1806	L	0	0	0	0	0	0	0
1807	D	0	0	0	0	0	0	0
1808	I	0	0	0	0	0	0	0
1809	I	0	0	0	0	0	0	0
1810	G	Phosphoserine	KYILDIIGDKFCQLV	HHHHHHHCHHHHHHH	0	0	0	0
1811	D	0	0	0	0	0	0	0
1812	K	0	0	0	0	0	0	0
1813	F	0	0	0	0	0	0	0
1814	C	0	0	0	0	0	0	0
1815	Q	Phosphothreonine	IIGDKFCQLVTSEKT	HHCHHHHHHHHCCCH	0	0	0	0
1816	L	Phosphoserine	IGDKFCQLVTSEKTA	HCHHHHHHHHCCCHH	0	0	0	0
1817	V	0	0	0	0	0	0	0
1818	T	0	0	0	0	0	0	0
1819	S	0	0	0	0	0	0	0
1820	E	0	0	0	0	0	0	0
1821	K	0	0	0	0	0	0	0
1822	T	0	0	0	0	0	0	0
1823	A	0	0	0	0	0	0	0
1824	L	0	0	0	0	0	0	0
1825	S	0	0	0	0	0	0	0
1826	W	0	0	0	0	0	0	0
1827	V	0	0	0	0	0	0	0
1828	K	0	0	0	0	0	0	0
1829	K	0	0	0	0	0	0	0
1830	D	0	0	0	0	0	0	0
1831	A	0	0	0	0	0	0	0
1832	K	0	0	0	0	0	0	0
1833	I	0	0	0	0	0	0	0
1834	A	0	0	0	0	0	0	0
1835	W	0	0	0	0	0	0	0
1836	K	0	0	0	0	0	0	0
1837	R	0	0	0	0	0	0	0
1838	A	0	0	0	0	0	0	0
1839	V	0	0	0	0	0	0	0
1840	R	0	0	0	0	0	0	0
1841	G	0	0	0	0	0	0	0
1842	V	0	0	0	0	0	0	0
1843	R	0	0	0	0	0	0	0
1844	E	0	0	0	0	0	0	0
1845	M	0	0	0	0	0	0	0
1846	C	0	0	0	0	0	0	0
1847	D	0	0	0	0	0	0	0
1848	A	0	0	0	0	0	0	0
1849	C	0	0	0	0	0	0	0
1850	E	0	0	0	0	0	0	0
1851	A	0	0	0	0	0	0	0
1852	T	0	0	0	0	0	0	0
1853	L	0	0	0	0	0	0	0
1854	F	0	0	0	0	0	0	0
1855	N	0	0	0	0	0	0	0
1856	I	0	0	0	0	0	0	0
1857	H	0	0	0	0	0	0	0
1858	W	0	0	0	0	0	0	0
1859	V	0	0	0	0	0	0	0
1860	C	0	0	0	0	0	0	0
1861	Q	0	0	0	0	0	0	0
1862	K	0	0	0	0	0	0	0
1863	C	0	0	0	0	0	0	0
1864	G	0	0	0	0	0	0	0
1865	F	0	0	0	0	0	0	0
1866	V	0	0	0	0	0	0	0
1867	V	0	0	0	0	0	0	0
1868	C	0	0	0	0	0	0	0
1869	L	0	0	0	0	0	0	0
1870	D	0	0	0	0	0	0	0
1871	C	0	0	0	0	0	0	0
1872	Y	0	0	0	0	0	0	0
1873	K	0	0	0	0	0	0	0
1874	A	0	0	0	0	0	0	0
1875	K	0	0	0	0	0	0	0
1876	E	0	0	0	0	0	0	0
1877	R	0	0	0	0	0	0	0
1878	K	0	0	0	0	0	0	0
1879	S	0	0	0	0	0	0	0
1880	S	0	0	0	0	0	0	0
1881	R	0	0	0	0	0	0	0
1882	D	0	0	0	0	0	0	0
1883	K	0	0	0	0	0	0	0
1884	E	0	0	0	0	0	0	0
1885	L	0	0	0	0	0	0	0
1886	Y	0	0	0	0	0	0	0
1887	A	0	0	0	0	0	0	0
1888	W	0	0	0	0	0	0	0
1889	M	0	0	0	0	0	0	0
1890	K	0	0	0	0	0	0	0
1891	C	0	0	0	0	0	0	0
1892	V	0	0	0	0	0	0	0
1893	K	0	0	0	0	0	0	0
1894	G	0	0	0	0	0	0	0
1895	Q	0	0	0	0	0	0	0
1896	P	0	0	0	0	0	0	0
1897	H	0	0	0	0	0	0	0
1898	D	0	0	0	0	0	0	0
1899	H	0	0	0	0	0	0	0
1900	K	0	0	0	0	0	0	0
1901	H	0	0	0	0	0	0	0
1902	L	0	0	0	0	0	0	0
1903	M	0	0	0	0	0	0	0
1904	P	0	0	0	0	0	0	0
1905	T	0	0	0	0	0	0	0
1906	Q	0	0	0	0	0	0	0
1907	I	0	0	0	0	0	0	0
1908	I	0	0	0	0	0	0	0
1909	P	0	0	0	0	0	0	0
1910	G	0	0	0	0	0	0	0
1911	S	0	0	0	0	0	0	0
1912	V	0	0	0	0	0	0	0
1913	L	0	0	0	0	0	0	0
1914	T	0	0	0	0	0	0	0
1915	D	0	0	0	0	0	0	0
1916	L	0	0	0	0	0	0	0
1917	L	0	0	0	0	0	0	0
1918	D	0	0	0	0	0	0	0
1919	A	0	0	0	0	0	0	0
1920	M	0	0	0	0	0	0	0
1921	H	0	0	0	0	0	0	0
1922	T	0	0	0	0	0	0	0
1923	L	0	0	0	0	0	0	0
1924	R	0	0	0	0	0	0	0
1925	E	0	0	0	0	0	0	0
1926	K	0	0	0	0	0	0	0
1927	Y	0	0	0	0	0	0	0
1928	G	0	0	0	0	0	0	0
1929	I	0	0	0	0	0	0	0
1930	K	0	0	0	0	0	0	0
1931	S	0	0	0	0	0	0	0
1932	H	0	0	0	0	0	0	0
1933	C	0	0	0	0	0	0	0
1934	H	0	0	0	0	0	0	0
1935	C	0	0	0	0	0	0	0
1936	T	0	0	0	0	0	0	0
1937	N	0	0	0	0	0	0	0
1938	K	0	0	0	0	0	0	0
1939	Q	0	0	0	0	0	0	0
1940	N	0	0	0	0	0	0	0
1941	L	0	0	0	0	0	0	0
1942	Q	0	0	0	0	0	0	0
1943	V	0	0	0	0	0	0	0
1944	G	0	0	0	0	0	0	0
1945	N	0	0	0	0	0	0	0
1946	F	0	0	0	0	0	0	0
1947	P	0	0	0	0	0	0	0
1948	T	0	0	0	0	0	0	0
1949	M	0	0	0	0	0	0	0
1950	N	0	0	0	0	0	0	0
1951	G	0	0	0	0	0	0	0
1952	V	0	0	0	0	0	0	0
1953	S	0	0	0	0	0	0	0
1954	Q	0	0	0	0	0	0	0
1955	V	0	0	0	0	0	0	0
1956	L	0	0	0	0	0	0	0
1957	Q	0	0	0	0	0	0	0
1958	N	0	0	0	0	0	0	0
1959	V	0	0	0	0	0	0	0
1960	L	0	0	0	0	0	0	0
1961	N	0	0	0	0	0	0	0
1962	H	0	0	0	0	0	0	0
1963	S	0	0	0	0	0	0	0
1964	N	0	0	0	0	0	0	0
1965	K	0	0	0	0	0	0	0
1966	I	0	0	0	0	0	0	0
1967	S	0	0	0	0	0	0	0
1968	L	0	0	0	0	0	0	0
1969	C	0	0	0	0	0	0	0
1970	M	0	0	0	0	0	0	0
1971	P	0	0	0	0	0	0	0
1972	E	0	0	0	0	0	0	0
1973	S	Phosphoserine	ISLCMPESQQQNTPP	CEEECCHHHCCCCCC	0	0	0	0
1974	Q	0	0	0	0	0	0	0
1975	Q	0	0	0	0	0	0	0
1976	Q	0	0	0	0	0	0	0
1977	N	0	0	0	0	0	0	0
1978	T	Phosphothreonine	PESQQQNTPPKSEKN	CHHHCCCCCCCCCCC	0	0	0	0
1979	P	0	0	0	0	0	0	0
1980	P	0	0	0	0	0	0	0
1981	K	0	0	0	0	0	0	0
1982	S	Phosphoserine	QQNTPPKSEKNGGSS	CCCCCCCCCCCCCCC	0	0	0	0
1983	E	0	0	0	0	0	0	0
1984	K	0	0	0	0	0	0	0
1985	N	0	0	0	0	0	0	0
1986	G	0	0	0	0	0	0	0
1987	G	0	0	0	0	0	0	0
1988	S	Phosphoserine	KSEKNGGSSPESDVG	CCCCCCCCCCHHHCC	0	0	0	0
1989	S	Phosphoserine	SEKNGGSSPESDVGT	CCCCCCCCCHHHCCC	0	0	0	0
1990	P	0	0	0	0	0	0	0
1991	E	0	0	0	0	0	0	0
1992	S	0	0	0	0	0	0	0
1993	D	0	0	0	0	0	0	0
1994	V	0	0	0	0	0	0	0
1995	G	0	0	0	0	0	0	0
1996	T	0	0	0	0	0	0	0
1997	D	0	0	0	0	0	0	0
1998	N	0	0	0	0	0	0	0
1999	K	0	0	0	0	0	0	0
2000	L	0	0	0	0	0	0	0
2001	T	Phosphothreonine	VGTDNKLTPPESQSP	CCCCCCCCCCHHCCH	0	0	0	0
2002	P	0	0	0	0	0	0	0
2003	P	0	0	0	0	0	0	0
2004	E	0	0	0	0	0	0	0
2005	S	Phosphoserine	NKLTPPESQSPLHWL	CCCCCCHHCCHHHHH	0	0	0	0
2006	Q	0	0	0	0	0	0	0
2007	S	Phosphoserine	LTPPESQSPLHWLAD	CCCCHHCCHHHHHHH	0	0	0	0
2008	P	0	0	0	0	0	0	0
2009	L	0	0	0	0	0	0	0
2010	H	0	0	0	0	0	0	0
2011	W	0	0	0	0	0	0	0
2012	L	0	0	0	0	0	0	0
2013	A	0	0	0	0	0	0	0
2014	D	0	0	0	0	0	0	0
2015	L	0	0	0	0	0	0	0
2016	A	0	0	0	0	0	0	0
2017	E	0	0	0	0	0	0	0
2018	Q	0	0	0	0	0	0	0
2019	K	0	0	0	0	0	0	0
2020	A	0	0	0	0	0	0	0
2021	R	0	0	0	0	0	0	0
2022	E	0	0	0	0	0	0	0
2023	E	0	0	0	0	0	0	0
2024	K	0	0	0	0	0	0	0
2025	K	0	0	0	0	0	0	0
2026	E	0	0	0	0	0	0	0
2027	N	0	0	0	0	0	0	0
2028	K	0	0	0	0	0	0	0
2029	E	0	0	0	0	0	0	0
2030	L	0	0	0	0	0	0	0
2031	T	0	0	0	0	0	0	0
2032	L	0	0	0	0	0	0	0
2033	E	0	0	0	0	0	0	0
2034	N	0	0	0	0	0	0	0
2035	Q	0	0	0	0	0	0	0
2036	I	0	0	0	0	0	0	0
2037	K	0	0	0	0	0	0	0
2038	E	0	0	0	0	0	0	0
2039	E	0	0	0	0	0	0	0
2040	R	0	0	0	0	0	0	0
2041	E	0	0	0	0	0	0	0
2042	Q	0	0	0	0	0	0	0
2043	D	0	0	0	0	0	0	0
2044	N	0	0	0	0	0	0	0
2045	S	Phosphoserine	EEREQDNSESPNGRT	HHHHHHCCCCCCCCC	0	0	0	0
2046	E	0	0	0	0	0	0	0
2047	S	Phosphoserine	REQDNSESPNGRTSP	HHHHCCCCCCCCCCC	0	0	0	0
2048	P	0	0	0	0	0	0	0
2049	N	0	0	0	0	0	0	0
2050	G	0	0	0	0	0	0	0
2051	R	0	0	0	0	0	0	0
2052	T	Phosphothreonine	SESPNGRTSPLVSQN	CCCCCCCCCCCCCCC	0	0	0	0
2053	S	Phosphoserine	ESPNGRTSPLVSQNN	CCCCCCCCCCCCCCC	0	0	0	0
2054	P	0	0	0	0	0	0	0
2055	L	0	0	0	0	0	0	0
2056	V	0	0	0	0	0	0	0
2057	S	Phosphoserine	GRTSPLVSQNNEQGS	CCCCCCCCCCCCCCC	0	0	0	0
2058	Q	0	0	0	0	0	0	0
2059	N	0	0	0	0	0	0	0
2060	N	0	0	0	0	0	0	0
2061	E	0	0	0	0	0	0	0
2062	Q	0	0	0	0	0	0	0
2063	G	0	0	0	0	0	0	0
2064	S	Phosphoserine	SQNNEQGSTLRDLLT	CCCCCCCCHHHHHHH	0	0	0	0
2065	T	Phosphothreonine	QNNEQGSTLRDLLTT	CCCCCCCHHHHHHHH	0	0	0	0
2066	L	0	0	0	0	0	0	0
2067	R	0	0	0	0	0	0	0
2068	D	0	0	0	0	0	0	0
2069	L	0	0	0	0	0	0	0
2070	L	0	0	0	0	0	0	0
2071	T	0	0	0	0	0	0	0
2072	T	0	0	0	0	0	0	0
2073	T	0	0	0	0	0	0	0
2074	A	0	0	0	0	0	0	0
2075	G	0	0	0	0	0	0	0
2076	K	N6-acetyllysine	LLTTTAGKLRVGSTD	HHHHCCCCEECCCCC	0	0	0	0
2077	L	0	0	0	0	0	0	0
2078	R	0	0	0	0	0	0	0
2079	V	0	0	0	0	0	0	0
2080	G	0	0	0	0	0	0	0
2081	S	0	0	0	0	0	0	0
2082	T	Phosphothreonine	GKLRVGSTDAGIAFA	CCEECCCCCCCEEEE	0	0	0	0
2083	D	0	0	0	0	0	0	0
2084	A	0	0	0	0	0	0	0
2085	G	0	0	0	0	0	0	0
2086	I	0	0	0	0	0	0	0
2087	A	0	0	0	0	0	0	0
2088	F	0	0	0	0	0	0	0
2089	A	0	0	0	0	0	0	0
2090	P	0	0	0	0	0	0	0
2091	V	0	0	0	0	0	0	0
2092	Y	0	0	0	0	0	0	0
2093	S	0	0	0	0	0	0	0
2094	M	0	0	0	0	0	0	0
2095	G	0	0	0	0	0	0	0
2096	A	0	0	0	0	0	0	0
2097	P	0	0	0	0	0	0	0
2098	S	0	0	0	0	0	0	0
2099	S	0	0	0	0	0	0	0
2100	K	0	0	0	0	0	0	0
2101	S	0	0	0	0	0	0	0
2102	G	0	0	0	0	0	0	0
2103	R	0	0	0	0	0	0	0
2104	T	0	0	0	0	0	0	0
2105	M	0	0	0	0	0	0	0
2106	P	0	0	0	0	0	0	0
2107	N	0	0	0	0	0	0	0
2108	I	0	0	0	0	0	0	0
2109	L	0	0	0	0	0	0	0
2110	D	0	0	0	0	0	0	0
2111	D	0	0	0	0	0	0	0
2112	I	0	0	0	0	0	0	0
2113	I	0	0	0	0	0	0	0
2114	A	0	0	0	0	0	0	0
2115	S	0	0	0	0	0	0	0
2116	V	0	0	0	0	0	0	0
2117	V	0	0	0	0	0	0	0
2118	E	0	0	0	0	0	0	0
2119	N	0	0	0	0	0	0	0
2120	K	0	0	0	0	0	0	0
2121	I	0	0	0	0	0	0	0
2122	P	0	0	0	0	0	0	0
2123	P	0	0	0	0	0	0	0
2124	S	0	0	0	0	0	0	0
2125	K	0	0	0	0	0	0	0
2126	T	0	0	0	0	0	0	0
2127	S	0	0	0	0	0	0	0
2128	K	0	0	0	0	0	0	0
2129	I	0	0	0	0	0	0	0
2130	N	0	0	0	0	0	0	0
2131	V	0	0	0	0	0	0	0
2132	K	Sumoyllysine	KTSKINVKPELKEEP	CCCCCCCCHHHCCCC	0	0	0	0
2133	P	0	0	0	0	0	0	0
2134	E	0	0	0	0	0	0	0
2135	L	0	0	0	0	0	0	0
2136	K	Sumoyllysine	INVKPELKEEPEESI	CCCCHHHCCCCCHHH	0	0	0	0
2137	E	0	0	0	0	0	0	0
2138	E	0	0	0	0	0	0	0
2139	P	0	0	0	0	0	0	0
2140	E	0	0	0	0	0	0	0
2141	E	0	0	0	0	0	0	0
2142	S	0	0	0	0	0	0	0
2143	I	0	0	0	0	0	0	0
2144	I	0	0	0	0	0	0	0
2145	S	0	0	0	0	0	0	0
2146	A	0	0	0	0	0	0	0
2147	V	0	0	0	0	0	0	0
2148	D	0	0	0	0	0	0	0
2149	E	0	0	0	0	0	0	0
2150	N	0	0	0	0	0	0	0
2151	N	0	0	0	0	0	0	0
2152	K	0	0	0	0	0	0	0
2153	L	0	0	0	0	0	0	0
2154	Y	0	0	0	0	0	0	0
2155	S	0	0	0	0	0	0	0
2156	D	0	0	0	0	0	0	0
2157	I	0	0	0	0	0	0	0
2158	P	0	0	0	0	0	0	0
2159	H	0	0	0	0	0	0	0
2160	S	0	0	0	0	0	0	0
2161	W	0	0	0	0	0	0	0
2162	I	0	0	0	0	0	0	0
2163	C	0	0	0	0	0	0	0
2164	E	0	0	0	0	0	0	0
2165	K	0	0	0	0	0	0	0
2166	H	0	0	0	0	0	0	0
2167	I	0	0	0	0	0	0	0
2168	L	0	0	0	0	0	0	0
2169	W	0	0	0	0	0	0	0
2170	L	0	0	0	0	0	0	0
2171	K	0	0	0	0	0	0	0
2172	D	0	0	0	0	0	0	0
2173	Y	0	0	0	0	0	0	0
2174	K	0	0	0	0	0	0	0
2175	N	0	0	0	0	0	0	0
2176	S	0	0	0	0	0	0	0
2177	S	0	0	0	0	0	0	0
2178	N	0	0	0	0	0	0	0
2179	W	0	0	0	0	0	0	0
2180	K	0	0	0	0	0	0	0
2181	L	0	0	0	0	0	0	0
2182	F	0	0	0	0	0	0	0
2183	K	0	0	0	0	0	0	0
2184	E	0	0	0	0	0	0	0
2185	C	0	0	0	0	0	0	0
2186	W	0	0	0	0	0	0	0
2187	K	0	0	0	0	0	0	0
2188	Q	0	0	0	0	0	0	0
2189	G	0	0	0	0	0	0	0
2190	Q	0	0	0	0	0	0	0
2191	P	0	0	0	0	0	0	0
2192	A	0	0	0	0	0	0	0
2193	V	0	0	0	0	0	0	0
2194	V	0	0	0	0	0	0	0
2195	S	0	0	0	0	0	0	0
2196	G	0	0	0	0	0	0	0
2197	V	0	0	0	0	0	0	0
2198	H	0	0	0	0	0	0	0
2199	K	0	0	0	0	0	0	0
2200	K	0	0	0	0	0	0	0
2201	M	0	0	0	0	0	0	0
2202	N	0	0	0	0	0	0	0
2203	I	0	0	0	0	0	0	0
2204	S	0	0	0	0	0	0	0
2205	L	0	0	0	0	0	0	0
2206	W	0	0	0	0	0	0	0
2207	K	0	0	0	0	0	0	0
2208	A	0	0	0	0	0	0	0
2209	E	0	0	0	0	0	0	0
2210	S	0	0	0	0	0	0	0
2211	I	0	0	0	0	0	0	0
2212	S	0	0	0	0	0	0	0
2213	L	0	0	0	0	0	0	0
2214	D	0	0	0	0	0	0	0
2215	F	0	0	0	0	0	0	0
2216	G	0	0	0	0	0	0	0
2217	D	0	0	0	0	0	0	0
2218	H	0	0	0	0	0	0	0
2219	Q	0	0	0	0	0	0	0
2220	A	0	0	0	0	0	0	0
2221	D	0	0	0	0	0	0	0
2222	L	0	0	0	0	0	0	0
2223	L	0	0	0	0	0	0	0
2224	N	0	0	0	0	0	0	0
2225	C	0	0	0	0	0	0	0
2226	K	0	0	0	0	0	0	0
2227	D	0	0	0	0	0	0	0
2228	S	0	0	0	0	0	0	0
2229	I	0	0	0	0	0	0	0
2230	I	0	0	0	0	0	0	0
2231	S	0	0	0	0	0	0	0
2232	N	0	0	0	0	0	0	0
2233	A	0	0	0	0	0	0	0
2234	N	0	0	0	0	0	0	0
2235	V	0	0	0	0	0	0	0
2236	K	0	0	0	0	0	0	0
2237	E	0	0	0	0	0	0	0
2238	F	0	0	0	0	0	0	0
2239	W	0	0	0	0	0	0	0
2240	D	0	0	0	0	0	0	0
2241	G	0	0	0	0	0	0	0
2242	F	0	0	0	0	0	0	0
2243	E	0	0	0	0	0	0	0
2244	E	0	0	0	0	0	0	0
2245	V	0	0	0	0	0	0	0
2246	S	0	0	0	0	0	0	0
2247	K	0	0	0	0	0	0	0
2248	R	0	0	0	0	0	0	0
2249	Q	0	0	0	0	0	0	0
2250	K	0	0	0	0	0	0	0
2251	N	0	0	0	0	0	0	0
2252	K	0	0	0	0	0	0	0
2253	S	0	0	0	0	0	0	0
2254	G	0	0	0	0	0	0	0
2255	E	0	0	0	0	0	0	0
2256	T	0	0	0	0	0	0	0
2257	V	0	0	0	0	0	0	0
2258	V	0	0	0	0	0	0	0
2259	L	0	0	0	0	0	0	0
2260	K	0	0	0	0	0	0	0
2261	L	0	0	0	0	0	0	0
2262	K	0	0	0	0	0	0	0
2263	D	0	0	0	0	0	0	0
2264	W	0	0	0	0	0	0	0
2265	P	0	0	0	0	0	0	0
2266	S	0	0	0	0	0	0	0
2267	G	0	0	0	0	0	0	0
2268	E	0	0	0	0	0	0	0
2269	D	0	0	0	0	0	0	0
2270	F	0	0	0	0	0	0	0
2271	K	0	0	0	0	0	0	0
2272	T	0	0	0	0	0	0	0
2273	M	0	0	0	0	0	0	0
2274	M	0	0	0	0	0	0	0
2275	P	0	0	0	0	0	0	0
2276	A	0	0	0	0	0	0	0
2277	R	0	0	0	0	0	0	0
2278	Y	0	0	0	0	0	0	0
2279	E	0	0	0	0	0	0	0
2280	D	0	0	0	0	0	0	0
2281	L	0	0	0	0	0	0	0
2282	L	0	0	0	0	0	0	0
2283	K	0	0	0	0	0	0	0
2284	S	0	0	0	0	0	0	0
2285	L	0	0	0	0	0	0	0
2286	P	0	0	0	0	0	0	0
2287	L	0	0	0	0	0	0	0
2288	P	0	0	0	0	0	0	0
2289	E	0	0	0	0	0	0	0
2290	Y	0	0	0	0	0	0	0
2291	C	0	0	0	0	0	0	0
2292	N	0	0	0	0	0	0	0
2293	P	0	0	0	0	0	0	0
2294	E	0	0	0	0	0	0	0
2295	G	0	0	0	0	0	0	0
2296	K	0	0	0	0	0	0	0
2297	F	0	0	0	0	0	0	0
2298	N	0	0	0	0	0	0	0
2299	L	0	0	0	0	0	0	0
2300	A	0	0	0	0	0	0	0
2301	S	0	0	0	0	0	0	0
2302	H	0	0	0	0	0	0	0
2303	L	0	0	0	0	0	0	0
2304	P	0	0	0	0	0	0	0
2305	G	0	0	0	0	0	0	0
2306	F	0	0	0	0	0	0	0
2307	F	0	0	0	0	0	0	0
2308	V	0	0	0	0	0	0	0
2309	R	0	0	0	0	0	0	0
2310	P	0	0	0	0	0	0	0
2311	D	0	0	0	0	0	0	0
2312	L	0	0	0	0	0	0	0
2313	G	0	0	0	0	0	0	0
2314	P	0	0	0	0	0	0	0
2315	R	0	0	0	0	0	0	0
2316	L	0	0	0	0	0	0	0
2317	C	0	0	0	0	0	0	0
2318	S	0	0	0	0	0	0	0
2319	A	0	0	0	0	0	0	0
2320	Y	0	0	0	0	0	0	0
2321	G	0	0	0	0	0	0	0
2322	V	0	0	0	0	0	0	0
2323	V	0	0	0	0	0	0	0
2324	A	0	0	0	0	0	0	0
2325	A	0	0	0	0	0	0	0
2326	K	0	0	0	0	0	0	0
2327	D	0	0	0	0	0	0	0
2328	H	0	0	0	0	0	0	0
2329	D	0	0	0	0	0	0	0
2330	I	0	0	0	0	0	0	0
2331	G	0	0	0	0	0	0	0
2332	T	0	0	0	0	0	0	0
2333	T	0	0	0	0	0	0	0
2334	N	0	0	0	0	0	0	0
2335	L	0	0	0	0	0	0	0
2336	H	0	0	0	0	0	0	0
2337	I	0	0	0	0	0	0	0
2338	E	0	0	0	0	0	0	0
2339	V	0	0	0	0	0	0	0
2340	S	0	0	0	0	0	0	0
2341	D	0	0	0	0	0	0	0
2342	V	0	0	0	0	0	0	0
2343	V	0	0	0	0	0	0	0
2344	N	0	0	0	0	0	0	0
2345	I	0	0	0	0	0	0	0
2346	L	0	0	0	0	0	0	0
2347	V	0	0	0	0	0	0	0
2348	Y	0	0	0	0	0	0	0
2349	V	0	0	0	0	0	0	0
2350	G	0	0	0	0	0	0	0
2351	I	0	0	0	0	0	0	0
2352	A	0	0	0	0	0	0	0
2353	K	0	0	0	0	0	0	0
2354	G	0	0	0	0	0	0	0
2355	N	0	0	0	0	0	0	0
2356	G	0	0	0	0	0	0	0
2357	I	0	0	0	0	0	0	0
2358	L	0	0	0	0	0	0	0
2359	S	0	0	0	0	0	0	0
2360	K	0	0	0	0	0	0	0
2361	A	0	0	0	0	0	0	0
2362	G	0	0	0	0	0	0	0
2363	I	0	0	0	0	0	0	0
2364	L	0	0	0	0	0	0	0
2365	K	0	0	0	0	0	0	0
2366	K	N6-acetyllysine	SKAGILKKFEEEDLD	HHHCHHHHHCCCCHH	0	0	0	0
2367	F	0	0	0	0	0	0	0
2368	E	0	0	0	0	0	0	0
2369	E	0	0	0	0	0	0	0
2370	E	0	0	0	0	0	0	0
2371	D	0	0	0	0	0	0	0
2372	L	0	0	0	0	0	0	0
2373	D	0	0	0	0	0	0	0
2374	D	0	0	0	0	0	0	0
2375	I	0	0	0	0	0	0	0
2376	L	0	0	0	0	0	0	0
2377	R	0	0	0	0	0	0	0
2378	K	0	0	0	0	0	0	0
2379	R	0	0	0	0	0	0	0
2380	L	0	0	0	0	0	0	0
2381	K	0	0	0	0	0	0	0
2382	D	0	0	0	0	0	0	0
2383	S	0	0	0	0	0	0	0
2384	S	0	0	0	0	0	0	0
2385	E	0	0	0	0	0	0	0
2386	I	0	0	0	0	0	0	0
2387	P	0	0	0	0	0	0	0
2388	G	0	0	0	0	0	0	0
2389	A	0	0	0	0	0	0	0
2390	L	0	0	0	0	0	0	0
2391	W	0	0	0	0	0	0	0
2392	H	0	0	0	0	0	0	0
2393	I	0	0	0	0	0	0	0
2394	Y	0	0	0	0	0	0	0
2395	A	0	0	0	0	0	0	0
2396	G	0	0	0	0	0	0	0
2397	K	0	0	0	0	0	0	0
2398	D	0	0	0	0	0	0	0
2399	V	0	0	0	0	0	0	0
2400	D	0	0	0	0	0	0	0
2401	K	0	0	0	0	0	0	0
2402	I	0	0	0	0	0	0	0
2403	R	0	0	0	0	0	0	0
2404	E	0	0	0	0	0	0	0
2405	F	0	0	0	0	0	0	0
2406	L	0	0	0	0	0	0	0
2407	Q	0	0	0	0	0	0	0
2408	K	0	0	0	0	0	0	0
2409	I	0	0	0	0	0	0	0
2410	S	0	0	0	0	0	0	0
2411	K	0	0	0	0	0	0	0
2412	E	0	0	0	0	0	0	0
2413	Q	0	0	0	0	0	0	0
2414	G	0	0	0	0	0	0	0
2415	L	0	0	0	0	0	0	0
2416	E	0	0	0	0	0	0	0
2417	V	0	0	0	0	0	0	0
2418	L	0	0	0	0	0	0	0
2419	P	0	0	0	0	0	0	0
2420	E	0	0	0	0	0	0	0
2421	H	0	0	0	0	0	0	0
2422	D	0	0	0	0	0	0	0
2423	P	0	0	0	0	0	0	0
2424	I	0	0	0	0	0	0	0
2425	R	N6-methyllysine	LPEHDPIRDQSWYVN	CCCCCCCCCCHHHHC	0	0	0	0
2426	D	0	0	0	0	0	0	0
2427	Q	0	0	0	0	0	0	0
2428	S	0	0	0	0	0	0	0
2429	W	0	0	0	0	0	0	0
2430	Y	0	0	0	0	0	0	0
2431	V	0	0	0	0	0	0	0
2432	N	0	0	0	0	0	0	0
2433	K	0	0	0	0	0	0	0
2434	K	0	0	0	0	0	0	0
2435	L	0	0	0	0	0	0	0
2436	R	0	0	0	0	0	0	0
2437	Q	0	0	0	0	0	0	0
2438	R	0	0	0	0	0	0	0
2439	L	0	0	0	0	0	0	0
2440	L	0	0	0	0	0	0	0
2441	E	0	0	0	0	0	0	0
2442	E	0	0	0	0	0	0	0
2443	Y	0	0	0	0	0	0	0
2444	G	0	0	0	0	0	0	0
2445	V	0	0	0	0	0	0	0
2446	R	0	0	0	0	0	0	0
2447	T	0	0	0	0	0	0	0
2448	C	0	0	0	0	0	0	0
2449	T	0	0	0	0	0	0	0
2450	L	0	0	0	0	0	0	0
2451	I	0	0	0	0	0	0	0
2452	Q	0	0	0	0	0	0	0
2453	F	0	0	0	0	0	0	0
2454	L	0	0	0	0	0	0	0
2455	G	0	0	0	0	0	0	0
2456	D	0	0	0	0	0	0	0
2457	A	0	0	0	0	0	0	0
2458	I	0	0	0	0	0	0	0
2459	V	0	0	0	0	0	0	0
2460	L	0	0	0	0	0	0	0
2461	P	0	0	0	0	0	0	0
2462	A	0	0	0	0	0	0	0
2463	G	0	0	0	0	0	0	0
2464	A	0	0	0	0	0	0	0
2465	L	0	0	0	0	0	0	0
2466	H	0	0	0	0	0	0	0
2467	Q	0	0	0	0	0	0	0
2468	V	0	0	0	0	0	0	0
2469	Q	0	0	0	0	0	0	0
2470	N	0	0	0	0	0	0	0
2471	F	0	0	0	0	0	0	0
2472	H	0	0	0	0	0	0	0
2473	S	0	0	0	0	0	0	0
2474	C	0	0	0	0	0	0	0
2475	I	0	0	0	0	0	0	0
2476	Q	0	0	0	0	0	0	0
2477	V	0	0	0	0	0	0	0
2478	T	0	0	0	0	0	0	0
2479	E	0	0	0	0	0	0	0
2480	D	0	0	0	0	0	0	0
2481	F	0	0	0	0	0	0	0
2482	V	0	0	0	0	0	0	0
2483	S	0	0	0	0	0	0	0
2484	P	0	0	0	0	0	0	0
2485	E	0	0	0	0	0	0	0
2486	H	0	0	0	0	0	0	0
2487	L	0	0	0	0	0	0	0
2488	V	0	0	0	0	0	0	0
2489	E	0	0	0	0	0	0	0
2490	S	0	0	0	0	0	0	0
2491	F	0	0	0	0	0	0	0
2492	H	0	0	0	0	0	0	0
2493	L	0	0	0	0	0	0	0
2494	T	0	0	0	0	0	0	0
2495	Q	0	0	0	0	0	0	0
2496	E	0	0	0	0	0	0	0
2497	L	0	0	0	0	0	0	0
2498	R	0	0	0	0	0	0	0
2499	L	0	0	0	0	0	0	0
2500	L	0	0	0	0	0	0	0
2501	K	0	0	0	0	0	0	0
2502	E	0	0	0	0	0	0	0
2503	E	0	0	0	0	0	0	0
2504	I	0	0	0	0	0	0	0
2505	N	0	0	0	0	0	0	0
2506	Y	0	0	0	0	0	0	0
2507	D	0	0	0	0	0	0	0
2508	D	0	0	0	0	0	0	0
2509	K	0	0	0	0	0	0	0
2510	L	0	0	0	0	0	0	0
2511	Q	0	0	0	0	0	0	0
2512	V	0	0	0	0	0	0	0
2513	K	0	0	0	0	0	0	0
2514	N	0	0	0	0	0	0	0
2515	I	0	0	0	0	0	0	0
2516	L	0	0	0	0	0	0	0
2517	Y	0	0	0	0	0	0	0
2518	H	0	0	0	0	0	0	0
2519	A	0	0	0	0	0	0	0
2520	V	0	0	0	0	0	0	0
2521	K	N6-acetyllysine	NILYHAVKEMVRALK	HHHHHHHHHHHHHHH	0	0	0	0
2522	E	0	0	0	0	0	0	0
2523	M	0	0	0	0	0	0	0
2524	V	0	0	0	0	0	0	0
2525	R	0	0	0	0	0	0	0
2526	A	0	0	0	0	0	0	0
2527	L	0	0	0	0	0	0	0
2528	K	0	0	0	0	0	0	0
2529	I	0	0	0	0	0	0	0
2530	H	0	0	0	0	0	0	0
2531	E	0	0	0	0	0	0	0
2532	D	0	0	0	0	0	0	0
2533	E	0	0	0	0	0	0	0
2534	V	0	0	0	0	0	0	0
2535	E	0	0	0	0	0	0	0
2536	D	0	0	0	0	0	0	0
2537	M	0	0	0	0	0	0	0
2538	E	0	0	0	0	0	0	0
2539	E	0	0	0	0	0	0	0
2540	N	0	0	0	0	0	0	0
