location	residue	Modification	seq	secStruc	RelatedDisease	VariantPosition	ResidueChange	DaPSbySAP
1	M	0	0	0	0	0	0	0
2	E	0	0	0	0	0	0	0
3	G	0	0	0	0	0	0	0
4	G	0	0	0	0	0	0	0
5	D	0	0	0	0	0	0	0
6	Q	0	0	0	0	0	0	0
7	S	Phosphoserine	-MEGGDQSEEEPRER	-CCCCCCCCCCHHHH	0	0	0	0
8	E	0	0	0	0	0	0	0
9	E	0	0	0	0	0	0	0
10	E	0	0	0	0	0	0	0
11	P	0	0	0	0	0	0	0
12	R	0	0	0	0	0	0	0
13	E	0	0	0	0	0	0	0
14	R	0	0	0	0	0	0	0
15	S	0	0	0	0	0	0	0
16	Q	0	0	0	0	0	0	0
17	A	0	0	0	0	0	0	0
18	G	0	0	0	0	0	0	0
19	G	0	0	0	0	0	0	0
20	M	0	0	0	0	0	0	0
21	G	0	0	0	0	0	0	0
22	T	0	0	0	0	0	0	0
23	L	0	0	0	0	0	0	0
24	W	0	0	0	0	0	0	0
25	S	0	0	0	0	0	0	0
26	Q	0	0	0	0	0	0	0
27	E	0	0	0	0	0	0	0
28	S	0	0	0	0	0	0	0
29	T	0	0	0	0	0	0	0
30	P	0	0	0	0	0	0	0
31	E	0	0	0	0	0	0	0
32	E	0	0	0	0	0	0	0
33	R	0	0	0	0	0	0	0
34	L	0	0	0	0	0	0	0
35	P	0	0	0	0	0	0	0
36	V	0	0	0	0	0	0	0
37	E	0	0	0	0	0	0	0
38	G	0	0	0	0	0	0	0
39	S	0	0	0	0	0	0	0
40	R	0	0	0	0	0	0	0
41	P	0	0	0	0	0	0	0
42	W	0	0	0	0	0	0	0
43	A	0	0	0	0	0	0	0
44	V	0	0	0	0	0	0	0
45	A	0	0	0	0	0	0	0
46	R	0	0	0	0	0	0	0
47	R	0	0	0	0	0	0	0
48	V	0	0	0	0	0	0	0
49	L	0	0	0	0	0	0	0
50	T	0	0	0	0	0	0	0
51	A	0	0	0	0	0	0	0
52	I	0	0	0	0	0	0	0
53	L	0	0	0	0	0	0	0
54	I	0	0	0	0	0	0	0
55	L	0	0	0	0	0	0	0
56	G	0	0	0	0	0	0	0
57	L	0	0	0	0	0	0	0
58	L	0	0	0	0	0	0	0
59	L	0	0	0	0	0	0	0
60	C	0	0	0	0	0	0	0
61	F	0	0	0	0	0	0	0
62	S	0	0	0	0	0	0	0
63	V	0	0	0	0	0	0	0
64	L	0	0	0	0	0	0	0
65	L	0	0	0	0	0	0	0
66	F	0	0	0	0	0	0	0
67	Y	0	0	0	0	0	0	0
68	N	0	0	0	0	0	0	0
69	F	0	0	0	0	0	0	0
70	Q	0	0	0	0	0	0	0
71	N	0	0	0	0	0	0	0
72	C	0	0	0	0	0	0	0
73	G	0	0	0	0	0	0	0
74	P	0	0	0	0	0	0	0
75	R	0	0	0	0	0	0	0
76	P	0	0	0	0	0	0	0
77	C	0	0	0	0	0	0	0
78	E	0	0	0	0	0	0	0
79	T	0	0	0	0	0	0	0
80	S	0	0	0	0	0	0	0
81	V	0	0	0	0	0	0	0
82	C	0	0	0	0	0	0	0
83	L	0	0	0	0	0	0	0
84	D	0	0	0	0	0	0	0
85	L	0	0	0	0	0	0	0
86	R	0	0	0	0	0	0	0
87	D	0	0	0	0	0	0	0
88	H	0	0	0	0	0	0	0
89	Y	0	0	0	0	0	0	0
90	L	0	0	0	0	0	0	0
91	A	0	0	0	0	0	0	0
92	S	0	0	0	0	0	0	0
93	G	0	0	0	0	0	0	0
94	N	0	0	0	0	0	0	0
95	T	0	0	0	0	0	0	0
96	S	0	0	0	0	0	0	0
97	V	0	0	0	0	0	0	0
98	A	0	0	0	0	0	0	0
99	P	0	0	0	0	0	0	0
100	C	0	0	0	0	0	0	0
101	T	0	0	0	0	0	0	0
102	D	0	0	0	0	0	0	0
103	F	0	0	0	0	0	0	0
104	F	0	0	0	0	0	0	0
105	S	0	0	0	0	0	0	0
106	F	0	0	0	0	0	0	0
107	A	0	0	0	0	0	0	0
108	C	0	0	0	0	0	0	0
109	G	0	0	0	0	0	0	0
110	R	0	0	0	0	0	0	0
111	A	0	0	0	0	0	0	0
112	K	0	0	0	0	0	0	0
113	E	0	0	0	0	0	0	0
114	T	0	0	0	0	0	0	0
115	N	0	0	0	0	0	0	0
116	N	0	0	0	0	0	0	0
117	S	0	0	0	0	0	0	0
118	F	0	0	0	0	0	0	0
119	Q	0	0	0	0	0	0	0
120	E	0	0	0	0	0	0	0
121	L	0	0	0	0	0	0	0
122	A	0	0	0	0	0	0	0
123	T	0	0	0	0	0	0	0
124	K	0	0	0	0	0	0	0
125	N	0	0	0	0	0	0	0
126	K	0	0	0	0	0	0	0
127	N	0	0	0	0	0	0	0
128	R	0	0	0	0	0	0	0
129	L	0	0	0	0	0	0	0
130	R	0	0	0	0	0	0	0
131	R	0	0	0	0	0	0	0
132	I	0	0	0	0	0	0	0
133	L	0	0	0	0	0	0	0
134	E	0	0	0	0	0	0	0
135	V	0	0	0	0	0	0	0
136	Q	0	0	0	0	0	0	0
137	N	0	0	0	0	0	0	0
138	S	0	0	0	0	0	0	0
139	W	0	0	0	0	0	0	0
140	H	0	0	0	0	0	0	0
141	P	0	0	0	0	0	0	0
142	G	0	0	0	0	0	0	0
143	S	0	0	0	0	0	0	0
144	G	0	0	0	0	0	0	0
145	E	0	0	0	0	0	0	0
146	E	0	0	0	0	0	0	0
147	K	0	0	0	0	0	0	0
148	A	0	0	0	0	0	0	0
149	F	0	0	0	0	0	0	0
150	Q	0	0	0	0	0	0	0
151	F	0	0	0	0	0	0	0
152	Y	0	0	0	0	0	0	0
153	N	0	0	0	0	0	0	0
154	S	0	0	0	0	0	0	0
155	C	0	0	0	0	0	0	0
156	M	0	0	0	0	0	0	0
157	D	0	0	0	0	0	0	0
158	T	0	0	0	0	0	0	0
159	L	0	0	0	0	0	0	0
160	A	0	0	0	0	0	0	0
161	I	0	0	0	0	0	0	0
162	E	0	0	0	0	0	0	0
163	A	0	0	0	0	0	0	0
164	A	0	0	0	0	0	0	0
165	G	0	0	0	0	0	0	0
166	T	0	0	0	0	0	0	0
167	G	0	0	0	0	0	0	0
168	P	0	0	0	0	0	0	0
169	L	0	0	0	0	0	0	0
170	R	0	0	0	0	0	0	0
171	Q	0	0	0	0	0	0	0
172	V	0	0	0	0	0	0	0
173	I	0	0	0	0	0	0	0
174	E	0	0	0	0	0	0	0
175	E	0	0	0	0	0	0	0
176	L	0	0	0	0	0	0	0
177	G	0	0	0	0	0	0	0
178	G	0	0	0	0	0	0	0
179	W	0	0	0	0	0	0	0
180	R	0	0	0	0	0	0	0
181	I	0	0	0	0	0	0	0
182	S	0	0	0	0	0	0	0
183	G	0	0	0	0	0	0	0
184	K	0	0	0	0	0	0	0
185	W	0	0	0	0	0	0	0
186	T	0	0	0	0	0	0	0
187	S	0	0	0	0	0	0	0
188	L	0	0	0	0	0	0	0
189	N	0	0	0	0	0	0	0
190	F	0	0	0	0	0	0	0
191	N	N-linked (GlcNAc)	KWTSLNFNRTLRLLM	CEECCCHHHHHHHHH	0	0	0	0
192	R	0	0	0	0	0	0	0
193	T	0	0	0	0	0	0	0
194	L	0	0	0	0	0	0	0
195	R	0	0	0	0	0	0	0
196	L	0	0	0	0	0	0	0
197	L	0	0	0	0	0	0	0
198	M	0	0	0	0	0	0	0
199	S	0	0	0	0	0	0	0
200	Q	0	0	0	0	0	0	0
201	Y	Phosphotyrosine	LRLLMSQYGHFPFFR	HHHHHHHHCCCHHHH	0	0	0	0
202	G	0	0	0	0	0	0	0
203	H	0	0	0	0	0	0	0
204	F	0	0	0	0	0	0	0
205	P	0	0	0	0	0	0	0
206	F	0	0	0	0	0	0	0
207	F	0	0	0	0	0	0	0
208	R	0	0	0	0	0	0	0
209	A	0	0	0	0	0	0	0
210	Y	0	0	0	0	0	0	0
211	L	0	0	0	0	0	0	0
212	G	0	0	0	0	0	0	0
213	P	0	0	0	0	0	0	0
214	H	0	0	0	0	0	0	0
215	P	0	0	0	0	0	0	0
216	A	0	0	0	0	0	0	0
217	S	0	0	0	0	0	0	0
218	P	0	0	0	0	0	0	0
219	H	0	0	0	0	0	0	0
220	T	0	0	0	0	0	0	0
221	P	0	0	0	0	0	0	0
222	V	0	0	0	0	0	0	0
223	I	0	0	0	0	0	0	0
224	Q	0	0	0	0	0	0	0
225	I	0	0	0	0	0	0	0
226	D	0	0	0	0	0	0	0
227	Q	0	0	0	0	0	0	0
228	P	0	0	0	0	0	0	0
229	E	0	0	0	0	0	0	0
230	F	0	0	0	0	0	0	0
231	D	0	0	0	0	0	0	0
232	V	0	0	0	0	0	0	0
233	P	0	0	0	0	0	0	0
234	L	0	0	0	0	0	0	0
235	K	0	0	0	0	0	0	0
236	Q	0	0	0	0	0	0	0
237	D	0	0	0	0	0	0	0
238	Q	0	0	0	0	0	0	0
239	E	0	0	0	0	0	0	0
240	Q	0	0	0	0	0	0	0
241	K	0	0	0	0	0	0	0
242	I	0	0	0	0	0	0	0
243	Y	0	0	0	0	0	0	0
244	A	0	0	0	0	0	0	0
245	Q	0	0	0	0	0	0	0
246	I	0	0	0	0	0	0	0
247	F	0	0	0	0	0	0	0
248	R	0	0	0	0	0	0	0
249	E	0	0	0	0	0	0	0
250	Y	0	0	0	0	0	0	0
251	L	0	0	0	0	0	0	0
252	T	0	0	0	0	0	0	0
253	Y	0	0	0	0	0	0	0
254	L	0	0	0	0	0	0	0
255	N	0	0	0	0	0	0	0
256	Q	0	0	0	0	0	0	0
257	L	0	0	0	0	0	0	0
258	G	0	0	0	0	0	0	0
259	T	0	0	0	0	0	0	0
260	L	0	0	0	0	0	0	0
261	L	0	0	0	0	0	0	0
262	G	0	0	0	0	0	0	0
263	G	0	0	0	0	0	0	0
264	D	0	0	0	0	0	0	0
265	P	0	0	0	0	0	0	0
266	S	0	0	0	0	0	0	0
267	K	0	0	0	0	0	0	0
268	V	0	0	0	0	0	0	0
269	Q	0	0	0	0	0	0	0
270	E	0	0	0	0	0	0	0
271	H	0	0	0	0	0	0	0
272	S	Phosphoserine	PSKVQEHSSLSISIT	HHHHCCCCCCHHHHH	Immature fraction of reticulocytes:reticulocyte count;High light scatter reticulocyte count:reticulocyte count;High light scatter reticulocyte percentage of red cells:reticulocyte count	281 (9)	0	0
273	S	0	0	0	0	0	0	0
274	L	0	0	0	0	0	0	0
275	S	0	0	0	0	0	0	0
276	I	0	0	0	0	0	0	0
277	S	0	0	0	0	0	0	0
278	I	0	0	0	0	0	0	0
279	T	0	0	0	0	0	0	0
280	S	0	0	0	0	0	0	0
281	R	0	0	0	0	0	W	272
282	L	0	0	0	0	0	0	0
283	F	0	0	0	0	0	0	0
284	Q	0	0	0	0	0	0	0
285	F	0	0	0	0	0	0	0
286	L	0	0	0	0	0	0	0
287	R	0	0	0	0	0	0	0
288	P	0	0	0	0	0	0	0
289	L	0	0	0	0	0	0	0
290	E	0	0	0	0	0	0	0
291	Q	0	0	0	0	0	0	0
292	R	0	0	0	0	0	0	0
293	R	0	0	0	0	0	0	0
294	A	0	0	0	0	0	0	0
295	Q	0	0	0	0	0	0	0
296	G	0	0	0	0	0	0	0
297	K	0	0	0	0	0	0	0
298	L	0	0	0	0	0	0	0
299	F	0	0	0	0	0	0	0
300	Q	0	0	0	0	0	0	0
301	M	0	0	0	0	0	0	0
302	V	0	0	0	0	0	0	0
303	T	Phosphothreonine	GKLFQMVTIDQLKEM	CCEEEEEEHHHHHHH	0	0	0	0
304	I	0	0	0	0	0	0	0
305	D	0	0	0	0	0	0	0
306	Q	0	0	0	0	0	0	0
307	L	0	0	0	0	0	0	0
308	K	0	0	0	0	0	0	0
309	E	0	0	0	0	0	0	0
310	M	0	0	0	0	0	0	0
311	A	0	0	0	0	0	0	0
312	P	0	0	0	0	0	0	0
313	A	0	0	0	0	0	0	0
314	I	0	0	0	0	0	0	0
315	D	0	0	0	0	0	0	0
316	W	0	0	0	0	0	0	0
317	L	0	0	0	0	0	0	0
318	S	0	0	0	0	0	0	0
319	C	0	0	0	0	0	0	0
320	L	0	0	0	0	0	0	0
321	Q	0	0	0	0	0	0	0
322	A	0	0	0	0	0	0	0
323	T	0	0	0	0	0	0	0
324	F	0	0	0	0	0	0	0
325	T	0	0	0	0	0	0	0
326	P	0	0	0	0	0	0	0
327	M	0	0	0	0	0	0	0
328	S	0	0	0	0	0	0	0
329	L	0	0	0	0	0	0	0
330	S	0	0	0	0	0	0	0
331	P	0	0	0	0	0	0	0
332	S	0	0	0	0	0	0	0
333	Q	0	0	0	0	0	0	0
334	S	0	0	0	0	0	0	0
335	L	0	0	0	0	0	0	0
336	V	0	0	0	0	0	0	0
337	V	0	0	0	0	0	0	0
338	H	0	0	0	0	0	0	0
339	D	0	0	0	0	0	0	0
340	V	0	0	0	0	0	0	0
341	E	0	0	0	0	0	0	0
342	Y	0	0	0	0	0	0	0
343	L	0	0	0	0	0	0	0
344	K	0	0	0	0	0	0	0
345	N	0	0	0	0	0	0	0
346	M	0	0	0	0	0	0	0
347	S	0	0	0	0	0	0	0
348	Q	0	0	0	0	0	0	0
349	L	0	0	0	0	0	0	0
350	V	0	0	0	0	0	0	0
351	E	0	0	0	0	0	0	0
352	E	0	0	0	0	0	0	0
353	M	0	0	0	0	0	0	0
354	L	0	0	0	0	0	0	0
355	L	0	0	0	0	0	0	0
356	K	0	0	0	0	0	0	0
357	Q	0	0	0	0	0	0	0
358	R	0	0	0	0	0	0	0
359	D	0	0	0	0	0	0	0
360	F	0	0	0	0	0	0	0
361	L	0	0	0	0	0	0	0
362	Q	0	0	0	0	0	0	0
363	S	0	0	0	0	0	0	0
364	H	0	0	0	0	0	0	0
365	M	0	0	0	0	0	0	0
366	I	0	0	0	0	0	0	0
367	L	0	0	0	0	0	0	0
368	G	0	0	0	0	0	0	0
369	L	0	0	0	0	0	0	0
370	V	0	0	0	0	0	0	0
371	V	0	0	0	0	0	0	0
372	T	0	0	0	0	0	0	0
373	L	0	0	0	0	0	0	0
374	S	0	0	0	0	0	0	0
375	P	0	0	0	0	0	0	0
376	A	0	0	0	0	0	0	0
377	L	0	0	0	0	0	0	0
378	D	0	0	0	0	0	0	0
379	S	0	0	0	0	0	0	0
380	Q	0	0	0	0	0	0	0
381	F	0	0	0	0	0	0	0
382	Q	0	0	0	0	0	0	0
383	E	0	0	0	0	0	0	0
384	A	0	0	0	0	0	0	0
385	R	0	0	0	0	0	0	0
386	R	0	0	0	0	0	0	0
387	K	0	0	0	0	0	0	0
388	L	0	0	0	0	0	0	0
389	S	0	0	0	0	0	0	0
390	Q	0	0	0	0	0	0	0
391	K	0	0	0	0	0	0	0
392	L	0	0	0	0	0	0	0
393	R	0	0	0	0	0	0	0
394	E	0	0	0	0	0	0	0
395	L	0	0	0	0	0	0	0
396	T	0	0	0	0	0	0	0
397	E	0	0	0	0	0	0	0
398	Q	0	0	0	0	0	0	0
399	P	0	0	0	0	0	0	0
400	P	0	0	0	0	0	0	0
401	M	0	0	0	0	0	0	0
402	P	0	0	0	0	0	0	0
403	A	0	0	0	0	0	0	0
404	R	0	0	0	0	0	0	0
405	P	0	0	0	0	0	0	0
406	R	0	0	0	0	0	0	0
407	W	0	0	0	0	0	0	0
408	M	0	0	0	0	0	0	0
409	K	0	0	0	0	0	0	0
410	C	0	0	0	0	0	0	0
411	V	0	0	0	0	0	0	0
412	E	0	0	0	0	0	0	0
413	E	0	0	0	0	0	0	0
414	T	0	0	0	0	0	0	0
415	G	0	0	0	0	0	0	0
416	T	0	0	0	0	0	0	0
417	F	0	0	0	0	0	0	0
418	F	0	0	0	0	0	0	0
419	E	0	0	0	0	0	0	0
420	P	0	0	0	0	0	0	0
421	T	0	0	0	0	0	0	0
422	L	0	0	0	0	0	0	0
423	A	0	0	0	0	0	0	0
424	A	0	0	0	0	0	0	0
425	L	0	0	0	0	0	0	0
426	F	0	0	0	0	0	0	0
427	V	0	0	0	0	0	0	0
428	R	0	0	0	0	0	0	0
429	E	0	0	0	0	0	0	0
430	A	0	0	0	0	0	0	0
431	F	0	0	0	0	0	0	0
432	G	0	0	0	0	0	0	0
433	P	0	0	0	0	0	0	0
434	S	0	0	0	0	0	0	0
435	T	0	0	0	0	0	0	0
436	R	0	0	0	0	0	0	0
437	S	0	0	0	0	0	0	0
438	A	0	0	0	0	0	0	0
439	A	0	0	0	0	0	0	0
440	M	0	0	0	0	0	0	0
441	K	0	0	0	0	0	0	0
442	L	0	0	0	0	0	0	0
443	F	0	0	0	0	0	0	0
444	T	Phosphothreonine	SAAMKLFTAIRDALI	HHHHHHHHHHHHHHH	0	0	0	0
445	A	0	0	0	0	0	0	0
446	I	0	0	0	0	0	0	0
447	R	0	0	0	0	0	0	0
448	D	0	0	0	0	0	0	0
449	A	0	0	0	0	0	0	0
450	L	0	0	0	0	0	0	0
451	I	0	0	0	0	0	0	0
452	T	Phosphothreonine	AIRDALITRLRNLPW	HHHHHHHHHHHCCCC	0	0	0	0
453	R	0	0	0	0	0	0	0
454	L	0	0	0	0	0	0	0
455	R	0	0	0	0	0	0	0
456	N	0	0	0	0	0	0	0
457	L	0	0	0	0	0	0	0
458	P	0	0	0	0	0	0	0
459	W	0	0	0	0	0	0	0
460	M	0	0	0	0	0	0	0
461	N	0	0	0	0	0	0	0
462	E	0	0	0	0	0	0	0
463	E	0	0	0	0	0	0	0
464	T	0	0	0	0	0	0	0
465	Q	0	0	0	0	0	0	0
466	N	0	0	0	0	0	0	0
467	M	0	0	0	0	0	0	0
468	A	0	0	0	0	0	0	0
469	Q	0	0	0	0	0	0	0
470	D	0	0	0	0	0	0	0
471	K	0	0	0	0	0	0	0
472	V	0	0	0	0	0	0	0
473	A	0	0	0	0	0	0	0
474	Q	0	0	0	0	0	0	0
475	L	0	0	0	0	0	0	0
476	Q	0	0	0	0	0	0	0
477	V	0	0	0	0	0	0	0
478	E	0	0	0	0	0	0	0
479	M	0	0	0	0	0	0	0
480	G	0	0	0	0	0	0	0
481	A	0	0	0	0	0	0	0
482	S	0	0	0	0	0	0	0
483	E	0	0	0	0	0	0	0
484	W	0	0	0	0	0	0	0
485	A	0	0	0	0	0	0	0
486	L	0	0	0	0	0	0	0
487	K	0	0	0	0	0	0	0
488	P	0	0	0	0	0	0	0
489	E	0	0	0	0	0	0	0
490	L	0	0	0	0	0	0	0
491	A	0	0	0	0	0	0	0
492	R	0	0	0	0	0	0	0
493	Q	0	0	0	0	0	0	0
494	E	0	0	0	0	0	0	0
495	Y	0	0	0	0	0	0	0
496	N	0	0	0	0	0	0	0
497	D	0	0	0	0	0	0	0
498	I	0	0	0	0	0	0	0
499	Q	0	0	0	0	0	0	0
500	L	0	0	0	0	0	0	0
501	G	0	0	0	0	0	0	0
502	S	0	0	0	0	0	0	0
503	S	0	0	0	0	0	0	0
504	F	0	0	0	0	0	0	0
505	L	0	0	0	0	0	0	0
506	Q	0	0	0	0	0	0	0
507	S	0	0	0	0	0	0	0
508	V	0	0	0	0	0	0	0
509	L	0	0	0	0	0	0	0
510	S	0	0	0	0	0	0	0
511	C	0	0	0	0	0	0	0
512	V	0	0	0	0	0	0	0
513	R	0	0	0	0	0	0	0
514	S	0	0	0	0	0	0	0
515	L	0	0	0	0	0	0	0
516	R	0	0	0	0	0	0	0
517	A	0	0	0	0	0	0	0
518	R	0	0	0	0	0	0	0
519	I	0	0	0	0	0	0	0
520	V	0	0	0	0	0	0	0
521	Q	0	0	0	0	0	0	0
522	S	0	0	0	0	0	0	0
523	F	0	0	0	0	0	0	0
524	L	0	0	0	0	0	0	0
525	Q	0	0	0	0	0	0	0
526	P	0	0	0	0	0	0	0
527	H	0	0	0	0	0	0	0
528	P	0	0	0	0	0	0	0
529	Q	0	0	0	0	0	0	0
530	H	0	0	0	0	0	0	0
531	R	0	0	0	0	0	0	0
532	W	0	0	0	0	0	0	0
533	K	0	0	0	0	0	0	0
534	V	0	0	0	0	0	0	0
535	S	0	0	0	0	0	0	0
536	P	0	0	0	0	0	0	0
537	W	0	0	0	0	0	0	0
538	D	0	0	0	0	0	0	0
539	V	0	0	0	0	0	0	0
540	N	0	0	0	0	0	0	0
541	A	0	0	0	0	0	0	0
542	Y	0	0	0	0	0	0	0
543	Y	0	0	0	0	0	0	0
544	S	0	0	0	0	0	0	0
545	V	0	0	0	0	0	0	0
546	S	0	0	0	0	0	0	0
547	D	0	0	0	0	0	0	0
548	H	0	0	0	0	0	0	0
549	V	0	0	0	0	0	0	0
550	V	0	0	0	0	0	0	0
551	V	0	0	0	0	0	0	0
552	F	0	0	0	0	0	0	0
553	P	0	0	0	0	0	0	0
554	A	0	0	0	0	0	0	0
555	G	0	0	0	0	0	0	0
556	L	0	0	0	0	0	0	0
557	L	0	0	0	0	0	0	0
558	Q	0	0	0	0	0	0	0
559	P	0	0	0	0	0	0	0
560	P	0	0	0	0	0	0	0
561	F	0	0	0	0	0	0	0
562	F	0	0	0	0	0	0	0
563	H	0	0	0	0	0	0	0
564	P	0	0	0	0	0	0	0
565	G	0	0	0	0	0	0	0
566	Y	0	0	0	0	0	0	0
567	P	0	0	0	0	0	0	0
568	R	0	0	0	0	0	0	0
569	A	0	0	0	0	0	0	0
570	V	0	0	0	0	0	0	0
571	N	0	0	0	0	0	0	0
572	F	0	0	0	0	0	0	0
573	G	0	0	0	0	0	0	0
574	A	0	0	0	0	0	0	0
575	A	0	0	0	0	0	0	0
576	G	0	0	0	0	0	0	0
577	S	0	0	0	0	0	0	0
578	I	0	0	0	0	0	0	0
579	M	0	0	0	0	0	0	0
580	A	0	0	0	0	0	0	0
581	H	0	0	0	0	0	0	0
582	E	0	0	0	0	0	0	0
583	L	0	0	0	0	0	0	0
584	L	0	0	0	0	0	0	0
585	H	0	0	0	0	0	0	0
586	I	0	0	0	0	0	0	0
587	F	0	0	0	0	0	0	0
588	Y	0	0	0	0	0	0	0
589	Q	0	0	0	0	0	0	0
590	L	0	0	0	0	0	0	0
591	L	0	0	0	0	0	0	0
592	L	0	0	0	0	0	0	0
593	P	0	0	0	0	0	0	0
594	G	0	0	0	0	0	0	0
595	G	0	0	0	0	0	0	0
596	C	0	0	0	0	0	0	0
597	L	0	0	0	0	0	0	0
598	A	0	0	0	0	0	0	0
599	C	0	0	0	0	0	0	0
600	D	0	0	0	0	0	0	0
601	N	0	0	0	0	0	0	0
602	H	0	0	0	0	0	0	0
603	A	0	0	0	0	0	0	0
604	L	0	0	0	0	0	0	0
605	Q	0	0	0	0	0	0	0
606	E	0	0	0	0	0	0	0
607	A	0	0	0	0	0	0	0
608	H	0	0	0	0	0	0	0
609	L	0	0	0	0	0	0	0
610	C	0	0	0	0	0	0	0
611	L	0	0	0	0	0	0	0
612	K	0	0	0	0	0	0	0
613	R	0	0	0	0	0	0	0
614	H	0	0	0	0	0	0	0
615	Y	0	0	0	0	0	0	0
616	A	0	0	0	0	0	0	0
617	A	0	0	0	0	0	0	0
618	F	0	0	0	0	0	0	0
619	P	0	0	0	0	0	0	0
620	L	0	0	0	0	0	0	0
621	P	0	0	0	0	0	0	0
622	S	0	0	0	0	0	0	0
623	R	0	0	0	0	0	0	0
624	T	0	0	0	0	0	0	0
625	S	0	0	0	0	0	0	0
626	F	0	0	0	0	0	0	0
627	N	0	0	0	0	0	0	0
628	D	0	0	0	0	0	0	0
629	S	0	0	0	0	0	0	0
630	L	0	0	0	0	0	0	0
631	T	0	0	0	0	0	0	0
632	F	0	0	0	0	0	0	0
633	L	0	0	0	0	0	0	0
634	E	0	0	0	0	0	0	0
635	N	0	0	0	0	0	0	0
636	A	0	0	0	0	0	0	0
637	A	0	0	0	0	0	0	0
638	D	0	0	0	0	0	0	0
639	V	0	0	0	0	0	0	0
640	G	0	0	0	0	0	0	0
641	G	0	0	0	0	0	0	0
642	L	0	0	0	0	0	0	0
643	A	0	0	0	0	0	0	0
644	I	0	0	0	0	0	0	0
645	A	0	0	0	0	0	0	0
646	L	0	0	0	0	0	0	0
647	Q	0	0	0	0	0	0	0
648	A	0	0	0	0	0	0	0
649	Y	0	0	0	0	0	0	0
650	S	0	0	0	0	0	0	0
651	K	0	0	0	0	0	0	0
652	R	0	0	0	0	0	0	0
653	L	0	0	0	0	0	0	0
654	L	0	0	0	0	0	0	0
655	R	0	0	0	0	0	0	0
656	H	0	0	0	0	0	0	0
657	H	0	0	0	0	0	0	0
658	G	0	0	0	0	0	0	0
659	E	0	0	0	0	0	0	0
660	T	0	0	0	0	0	0	0
661	V	0	0	0	0	0	0	0
662	L	0	0	0	0	0	0	0
663	P	0	0	0	0	0	0	0
664	S	0	0	0	0	0	0	0
665	L	0	0	0	0	0	0	0
666	D	0	0	0	0	0	0	0
667	L	0	0	0	0	0	0	0
668	S	0	0	0	0	0	0	0
669	P	0	0	0	0	0	0	0
670	Q	0	0	0	0	0	0	0
671	Q	0	0	0	0	0	0	0
672	I	0	0	0	0	0	0	0
673	F	0	0	0	0	0	0	0
674	F	0	0	0	0	0	0	0
675	R	0	0	0	0	0	0	0
676	S	0	0	0	0	0	0	0
677	Y	0	0	0	0	0	0	0
678	A	0	0	0	0	0	0	0
679	Q	0	0	0	0	0	0	0
680	V	0	0	0	0	0	0	0
681	M	0	0	0	0	0	0	0
682	C	0	0	0	0	0	0	0
683	R	0	0	0	0	0	0	0
684	K	0	0	0	0	0	0	0
685	P	0	0	0	0	0	0	0
686	S	0	0	0	0	0	0	0
687	P	0	0	0	0	0	0	0
688	Q	0	0	0	0	0	0	0
689	D	0	0	0	0	0	0	0
690	S	0	0	0	0	0	0	0
691	H	0	0	0	0	0	0	0
692	D	0	0	0	0	0	0	0
693	T	0	0	0	0	0	0	0
694	H	0	0	0	0	0	0	0
695	S	0	0	0	0	0	0	0
696	P	0	0	0	0	0	0	0
697	P	0	0	0	0	0	0	0
698	H	0	0	0	0	0	0	0
699	L	0	0	0	0	0	0	0
700	R	0	0	0	0	0	0	0
701	V	0	0	0	0	0	0	0
702	H	0	0	0	0	0	0	0
703	G	0	0	0	0	0	0	0
704	P	0	0	0	0	0	0	0
705	L	0	0	0	0	0	0	0
706	S	0	0	0	0	0	0	0
707	S	0	0	0	0	0	0	0
708	T	0	0	0	0	0	0	0
709	P	0	0	0	0	0	0	0
710	A	0	0	0	0	0	0	0
711	F	0	0	0	0	0	0	0
712	A	0	0	0	0	0	0	0
713	R	0	0	0	0	0	0	0
714	Y	0	0	0	0	0	0	0
715	F	0	0	0	0	0	0	0
716	R	0	0	0	0	0	0	0
717	C	0	0	0	0	0	0	0
718	A	0	0	0	0	0	0	0
719	R	0	0	0	0	0	0	0
720	G	0	0	0	0	0	0	0
721	A	0	0	0	0	0	0	0
722	L	0	0	0	0	0	0	0
723	L	0	0	0	0	0	0	0
724	N	0	0	0	0	0	0	0
725	P	0	0	0	0	0	0	0
726	S	0	0	0	0	0	0	0
727	S	0	0	0	0	0	0	0
728	R	0	0	0	0	0	0	0
729	C	0	0	0	0	0	0	0
730	Q	0	0	0	0	0	0	0
731	L	0	0	0	0	0	0	0
732	W	0	0	0	0	0	0	0
