location	residue	Modification	seq	secStruc	RelatedDisease	VariantPosition	ResidueChange	DaPSbySAP
1	M	0	0	0	0	0	0	0
2	A	0	0	0	0	0	0	0
3	E	0	0	0	0	0	0	0
4	A	0	0	0	0	0	0	0
5	V	0	0	0	0	0	0	0
6	L	0	0	0	0	0	0	0
7	I	0	0	0	0	0	0	0
8	D	0	0	0	0	0	0	0
9	L	0	0	0	0	0	0	0
10	F	0	0	0	0	0	0	0
11	G	0	0	0	0	0	0	0
12	L	0	0	0	0	0	0	0
13	K	0	0	0	0	0	0	0
14	L	0	0	0	0	0	0	0
15	N	0	0	0	0	0	0	0
16	S	0	0	0	0	0	0	0
17	Q	0	0	0	0	0	0	0
18	K	0	0	0	0	0	0	0
19	N	0	0	0	0	0	0	0
20	C	0	0	0	0	0	0	0
21	H	0	0	0	0	0	0	0
22	Q	0	0	0	0	0	0	0
23	T	0	0	0	0	0	0	0
24	L	0	0	0	0	0	0	0
25	L	0	0	0	0	0	0	0
26	K	0	0	0	0	0	0	0
27	T	0	0	0	0	0	0	0
28	L	0	0	0	0	0	0	0
29	N	0	0	0	0	0	0	0
30	A	0	0	0	0	0	0	0
31	V	0	0	0	0	0	0	0
32	Q	0	0	0	0	0	0	0
33	Y	0	0	0	0	0	0	0
34	H	0	0	0	0	0	0	0
35	H	0	0	0	0	0	0	0
36	A	0	0	0	0	0	0	0
37	A	0	0	0	0	0	0	0
38	K	0	0	0	0	0	0	0
39	A	0	0	0	0	0	0	0
40	K	0	0	0	0	0	0	0
41	F	0	0	0	0	0	0	0
42	L	0	0	0	0	0	0	0
43	C	0	0	0	0	0	0	0
44	I	0	0	0	0	0	0	0
45	M	0	0	0	0	0	0	0
46	C	0	0	0	0	0	0	0
47	C	0	0	0	0	0	0	0
48	S	0	0	0	0	0	0	0
49	N	0	0	0	0	0	0	0
50	I	0	0	0	0	0	0	0
51	S	0	0	0	0	0	0	0
52	Y	0	0	0	0	0	0	0
53	E	0	0	0	0	0	0	0
54	R	0	0	0	0	0	0	0
55	D	0	0	0	0	0	0	0
56	G	0	0	0	0	0	0	0
57	E	0	0	0	0	0	0	0
58	Q	0	0	0	0	0	0	0
59	D	0	0	0	0	0	0	0
60	N	0	0	0	0	0	0	0
61	C	0	0	0	0	0	0	0
62	E	0	0	0	0	0	0	0
63	I	0	0	0	0	0	0	0
64	E	0	0	0	0	0	0	0
65	T	0	0	0	0	0	0	0
66	S	0	0	0	0	0	0	0
67	N	0	0	0	0	0	0	0
68	G	0	0	0	0	0	0	0
69	L	0	0	0	0	0	0	0
70	S	0	0	0	0	0	0	0
71	A	0	0	0	0	0	0	0
72	L	0	0	0	0	0	0	0
73	L	0	0	0	0	0	0	0
74	E	0	0	0	0	0	0	0
75	E	0	0	0	0	0	0	0
76	F	0	0	0	0	0	0	0
77	E	0	0	0	0	0	0	0
78	I	0	0	0	0	0	0	0
79	V	0	0	0	0	0	0	0
80	S	0	0	0	0	0	0	0
81	C	0	0	0	0	0	0	0
82	P	0	0	0	0	0	0	0
83	S	0	0	0	0	0	0	0
84	M	0	0	0	0	0	0	0
85	A	0	0	0	0	0	0	0
86	A	0	0	0	0	0	0	0
87	T	0	0	0	0	0	0	0
88	L	0	0	0	0	0	0	0
89	Y	0	0	0	0	0	0	0
90	T	0	0	0	0	0	0	0
91	I	0	0	0	0	0	0	0
92	K	0	0	0	0	0	0	0
93	Q	0	0	0	0	0	0	0
94	K	0	0	0	0	0	0	0
95	I	0	0	0	0	0	0	0
96	D	0	0	0	0	0	0	0
97	E	0	0	0	0	0	0	0
98	K	0	0	0	0	0	0	0
99	N	0	0	0	0	0	0	0
100	L	0	0	0	0	0	0	0
101	S	0	0	0	0	0	0	0
102	S	0	0	0	0	0	0	0
103	I	0	0	0	0	0	0	0
104	K	0	0	0	0	0	0	0
105	V	0	0	0	0	0	0	0
106	I	0	0	0	0	0	0	0
107	V	0	0	0	0	0	0	0
108	P	0	0	0	0	0	0	0
109	R	0	0	0	0	0	0	0
110	H	0	0	0	0	0	0	0
111	R	0	0	0	0	0	0	0
112	K	0	0	0	0	0	0	0
113	T	0	0	0	0	0	0	0
114	L	0	0	0	0	0	0	0
115	M	0	0	0	0	0	0	0
116	K	0	0	0	0	0	0	0
117	A	0	0	0	0	0	0	0
118	F	0	0	0	0	0	0	0
119	I	0	0	0	0	0	0	0
120	D	0	0	0	0	0	0	0
121	Q	0	0	0	0	0	0	0
122	L	0	0	0	0	0	0	0
123	F	0	0	0	0	0	0	0
124	T	0	0	0	0	0	0	0
125	D	0	0	0	0	0	0	0
126	V	0	0	0	0	0	0	0
127	Y	0	0	0	0	0	0	0
128	N	0	0	0	0	0	0	0
129	F	0	0	0	0	0	0	0
130	E	0	0	0	0	0	0	0
131	F	0	0	0	0	0	0	0
132	E	0	0	0	0	0	0	0
133	D	0	0	0	0	0	0	0
134	L	0	0	0	0	0	0	0
135	Q	0	0	0	0	0	0	0
136	V	0	0	0	0	0	0	0
137	T	0	0	0	0	0	0	0
138	F	0	0	0	0	0	0	0
139	R	0	0	0	0	0	0	0
140	G	0	0	0	0	0	0	0
141	G	0	0	0	0	0	0	0
142	L	0	0	0	0	0	0	0
143	F	0	0	0	0	0	0	0
144	K	0	0	0	0	0	0	0
145	Q	0	0	0	0	0	0	0
146	S	0	0	0	0	0	0	0
147	I	0	0	0	0	0	0	0
148	E	0	0	0	0	0	0	0
149	I	0	0	0	0	0	0	0
150	N	0	0	0	0	0	0	0
151	V	0	0	0	0	0	0	0
152	I	0	0	0	0	0	0	0
153	T	0	0	0	0	0	0	0
154	A	0	0	0	0	0	0	0
155	Q	0	0	0	0	0	0	0
156	E	0	0	0	0	0	0	0
157	L	0	0	0	0	0	0	0
158	R	0	0	0	0	0	0	0
159	G	0	0	0	0	0	0	0
160	I	0	0	0	0	0	0	0
161	Q	0	0	0	0	0	0	0
162	N	0	0	0	0	0	0	0
163	E	0	0	0	0	0	0	0
164	I	0	0	0	0	0	0	0
165	E	0	0	0	0	0	0	0
166	T	Phosphothreonine	GIQNEIETFLRSLPA	HHHHHHHHHHHHCHH	0	0	0	0
167	F	0	0	0	0	0	0	0
168	L	0	0	0	0	0	0	0
169	R	0	0	0	0	0	0	0
170	S	0	0	0	0	0	0	0
171	L	0	0	0	0	0	0	0
172	P	0	0	0	0	0	0	0
173	A	0	0	0	0	0	0	0
174	L	0	0	0	0	0	0	0
175	R	0	0	0	0	0	0	0
176	G	0	0	0	0	0	0	0
177	K	0	0	0	0	0	0	0
178	L	0	0	0	0	0	0	0
179	T	0	0	0	0	0	0	0
180	I	0	0	0	0	0	0	0
181	I	0	0	0	0	0	0	0
182	T	0	0	0	0	0	0	0
183	S	0	0	0	0	0	0	0
184	S	0	0	0	0	0	0	0
185	L	0	0	0	0	0	0	0
186	I	0	0	0	0	0	0	0
187	P	0	0	0	0	0	0	0
188	D	0	0	0	0	0	0	0
189	I	0	0	0	0	0	0	0
190	F	0	0	0	0	0	0	0
191	I	0	0	0	0	0	0	0
192	H	0	0	0	0	0	0	0
193	G	0	0	0	0	0	0	0
194	F	0	0	0	0	0	0	0
195	T	0	0	0	0	0	0	0
196	T	0	0	0	0	0	0	0
197	R	0	0	0	0	0	0	0
198	T	0	0	0	0	0	0	0
199	G	0	0	0	0	0	0	0
200	G	0	0	0	0	0	0	0
201	I	0	0	0	0	0	0	0
202	S	0	0	0	0	0	0	0
203	Y	0	0	0	0	0	0	0
204	I	0	0	0	0	0	0	0
205	P	0	0	0	0	0	0	0
206	T	0	0	0	0	0	0	0
207	L	0	0	0	0	0	0	0
208	S	0	0	0	0	0	0	0
209	S	0	0	0	0	0	0	0
210	F	0	0	0	0	0	0	0
211	N	0	0	0	0	0	0	0
212	L	0	0	0	0	0	0	0
213	F	0	0	0	0	0	0	0
214	S	0	0	0	0	0	0	0
215	S	0	0	0	0	0	0	0
216	S	0	0	0	0	0	0	0
217	K	0	0	0	0	0	0	0
218	R	0	0	0	0	0	0	0
219	R	0	0	0	0	0	0	0
220	D	0	0	0	0	0	0	0
221	P	0	0	0	0	0	0	0
222	K	0	0	0	0	0	0	0
223	V	0	0	0	0	0	0	0
224	V	0	0	0	0	0	0	0
225	V	0	0	0	0	0	0	0
226	Q	0	0	0	0	0	0	0
227	E	0	0	0	0	0	0	0
228	N	0	0	0	0	0	0	0
229	L	0	0	0	0	0	0	0
230	R	0	0	0	0	0	0	0
231	R	0	0	0	0	0	0	0
232	L	0	0	0	0	0	0	0
233	A	0	0	0	0	0	0	0
234	N	0	0	0	0	0	0	0
235	A	0	0	0	0	0	0	0
236	A	0	0	0	0	0	0	0
237	G	0	0	0	0	0	0	0
238	F	0	0	0	0	0	0	0
239	N	0	0	0	0	0	0	0
240	V	0	0	0	0	0	0	0
241	E	0	0	0	0	0	0	0
242	K	0	0	0	0	0	0	0
243	F	0	0	0	0	0	0	0
244	Y	0	0	0	0	0	0	0
245	R	0	0	0	0	0	0	0
246	I	0	0	0	0	0	0	0
247	K	N-acetyllysine	VEKFYRIKTHHSNDI	HHHEEEEEECCCCCE	Crohn's disease:Crohn's disease	254 (7)	0	0
248	T	0	0	0	0	0	0	0
249	H	0	0	0	0	0	0	0
250	H	0	0	0	0	0	0	0
251	S	0	0	0	0	0	0	0
252	N	0	0	0	0	0	0	0
253	D	0	0	0	0	0	0	0
254	I	0	0	0	0	0	V	247
255	W	0	0	0	0	0	0	0
256	I	0	0	0	0	0	0	0
257	M	0	0	0	0	0	0	0
258	G	0	0	0	0	0	0	0
259	R	0	0	0	0	0	0	0
260	K	0	0	0	0	0	0	0
261	E	0	0	0	0	0	0	0
262	P	0	0	0	0	0	0	0
263	D	0	0	0	0	0	0	0
264	S	0	0	0	0	0	0	0
265	Y	0	0	0	0	0	0	0
266	D	0	0	0	0	0	0	0
267	G	0	0	0	0	0	0	0
268	I	0	0	0	0	0	0	0
269	T	0	0	0	0	0	0	0
270	T	0	0	0	0	0	0	0
271	N	0	0	0	0	0	0	0
272	Q	0	0	0	0	0	0	0
273	R	0	0	0	0	0	0	0
274	G	0	0	0	0	0	0	0
275	V	0	0	0	0	0	0	0
276	T	0	0	0	0	0	0	0
277	I	0	0	0	0	0	0	0
278	A	0	0	0	0	0	0	0
279	A	0	0	0	0	0	0	0
280	L	0	0	0	0	0	0	0
281	G	0	0	0	0	0	0	0
282	A	0	0	0	0	0	0	0
283	D	0	0	0	0	0	0	0
284	C	0	0	0	0	0	0	0
285	I	0	0	0	0	0	0	0
286	P	0	0	0	0	0	0	0
287	I	0	0	0	0	0	0	0
288	V	0	0	0	0	0	0	0
289	F	0	0	0	0	0	0	0
290	A	0	0	0	0	0	0	0
291	D	0	0	0	0	0	0	0
292	P	0	0	0	0	0	0	0
293	V	0	0	0	0	0	0	0
294	K	0	0	0	0	0	0	0
295	K	0	0	0	0	0	0	0
296	A	0	0	0	0	0	0	0
297	C	0	0	0	0	0	0	0
298	G	0	0	0	0	0	0	0
299	V	0	0	0	0	0	0	0
300	A	0	0	0	0	0	0	0
301	H	0	0	0	0	0	0	0
302	A	0	0	0	0	0	0	0
303	G	0	0	0	0	0	0	0
304	W	0	0	0	0	0	0	0
305	K	0	0	0	0	0	0	0
306	G	0	0	0	0	0	0	0
307	T	0	0	0	0	0	0	0
308	L	0	0	0	0	0	0	0
309	L	0	0	0	0	0	0	0
310	G	0	0	0	0	0	0	0
311	V	0	0	0	0	0	0	0
312	A	0	0	0	0	0	0	0
313	M	0	0	0	0	0	0	0
314	A	0	0	0	0	0	0	0
315	T	0	0	0	0	0	0	0
316	V	0	0	0	0	0	0	0
317	N	0	0	0	0	0	0	0
318	A	0	0	0	0	0	0	0
319	M	0	0	0	0	0	0	0
320	I	0	0	0	0	0	0	0
321	A	0	0	0	0	0	0	0
322	E	0	0	0	0	0	0	0
323	Y	0	0	0	0	0	0	0
324	G	0	0	0	0	0	0	0
325	C	0	0	0	0	0	0	0
326	S	0	0	0	0	0	0	0
327	L	0	0	0	0	0	0	0
328	E	0	0	0	0	0	0	0
329	D	0	0	0	0	0	0	0
330	I	0	0	0	0	0	0	0
331	V	0	0	0	0	0	0	0
332	V	0	0	0	0	0	0	0
333	V	0	0	0	0	0	0	0
334	L	0	0	0	0	0	0	0
335	G	0	0	0	0	0	0	0
336	P	0	0	0	0	0	0	0
337	S	0	0	0	0	0	0	0
338	V	0	0	0	0	0	0	0
339	G	0	0	0	0	0	0	0
340	P	0	0	0	0	0	0	0
341	C	0	0	0	0	0	0	0
342	C	0	0	0	0	0	0	0
343	F	0	0	0	0	0	0	0
344	T	0	0	0	0	0	0	0
345	L	0	0	0	0	0	0	0
346	P	0	0	0	0	0	0	0
347	R	0	0	0	0	0	0	0
348	E	0	0	0	0	0	0	0
349	S	0	0	0	0	0	0	0
350	A	0	0	0	0	0	0	0
351	E	0	0	0	0	0	0	0
352	A	0	0	0	0	0	0	0
353	F	0	0	0	0	0	0	0
354	H	0	0	0	0	0	0	0
355	N	0	0	0	0	0	0	0
356	L	0	0	0	0	0	0	0
357	H	0	0	0	0	0	0	0
358	P	0	0	0	0	0	0	0
359	A	0	0	0	0	0	0	0
360	C	0	0	0	0	0	0	0
361	V	0	0	0	0	0	0	0
362	Q	0	0	0	0	0	0	0
363	L	0	0	0	0	0	0	0
364	F	0	0	0	0	0	0	0
365	D	0	0	0	0	0	0	0
366	S	0	0	0	0	0	0	0
367	P	0	0	0	0	0	0	0
368	N	0	0	0	0	0	0	0
369	P	0	0	0	0	0	0	0
370	C	0	0	0	0	0	0	0
371	I	0	0	0	0	0	0	0
372	D	0	0	0	0	0	0	0
373	I	0	0	0	0	0	0	0
374	R	0	0	0	0	0	0	0
375	K	0	0	0	0	0	0	0
376	A	0	0	0	0	0	0	0
377	T	0	0	0	0	0	0	0
378	R	0	0	0	0	0	0	0
379	I	0	0	0	0	0	0	0
380	L	0	0	0	0	0	0	0
381	L	0	0	0	0	0	0	0
382	E	0	0	0	0	0	0	0
383	Q	0	0	0	0	0	0	0
384	G	0	0	0	0	0	0	0
385	G	0	0	0	0	0	0	0
386	I	0	0	0	0	0	0	0
387	L	0	0	0	0	0	0	0
388	P	0	0	0	0	0	0	0
389	Q	0	0	0	0	0	0	0
390	N	0	0	0	0	0	0	0
391	I	0	0	0	0	0	0	0
392	Q	0	0	0	0	0	0	0
393	D	0	0	0	0	0	0	0
394	Q	0	0	0	0	0	0	0
395	N	0	0	0	0	0	0	0
396	Q	0	0	0	0	0	0	0
397	D	0	0	0	0	0	0	0
398	L	0	0	0	0	0	0	0
399	N	0	0	0	0	0	0	0
400	L	0	0	0	0	0	0	0
401	C	0	0	0	0	0	0	0
402	T	0	0	0	0	0	0	0
403	S	0	0	0	0	0	0	0
404	C	0	0	0	0	0	0	0
405	H	0	0	0	0	0	0	0
406	P	0	0	0	0	0	0	0
407	D	0	0	0	0	0	0	0
408	K	0	0	0	0	0	0	0
409	F	0	0	0	0	0	0	0
410	F	0	0	0	0	0	0	0
411	S	0	0	0	0	0	0	0
412	H	0	0	0	0	0	0	0
413	V	0	0	0	0	0	0	0
414	R	0	0	0	0	0	0	0
415	D	0	0	0	0	0	0	0
416	G	0	0	0	0	0	0	0
417	L	0	0	0	0	0	0	0
418	N	0	0	0	0	0	0	0
419	F	0	0	0	0	0	0	0
420	G	0	0	0	0	0	0	0
421	T	0	0	0	0	0	0	0
422	Q	0	0	0	0	0	0	0
423	I	0	0	0	0	0	0	0
424	G	0	0	0	0	0	0	0
425	F	0	0	0	0	0	0	0
426	I	0	0	0	0	0	0	0
427	S	0	0	0	0	0	0	0
428	I	0	0	0	0	0	0	0
429	K	0	0	0	0	0	0	0
430	E	0	0	0	0	0	0	0
