location	residue	Modification	seq	secStruc	RelatedDisease	VariantPosition	ResidueChange	DaPSbySAP
1	M	0	0	0	0	0	0	0
2	E	0	0	0	0	0	0	0
3	L	0	0	0	0	0	0	0
4	G	0	0	0	0	0	0	0
5	G	0	0	0	0	0	0	0
6	H	0	0	0	0	0	0	0
7	W	0	0	0	0	0	0	0
8	D	0	0	0	0	0	0	0
9	M	0	0	0	0	0	0	0
10	N	0	0	0	0	0	0	0
11	S	0	0	0	0	0	0	0
12	A	0	0	0	0	0	0	0
13	P	0	0	0	0	0	0	0
14	R	0	0	0	0	0	0	0
15	L	0	0	0	0	0	0	0
16	V	0	0	0	0	0	0	0
17	S	Phosphoserine	NSAPRLVSETAERKQ	CCCHHHHHHHHHHHH	0	0	0	0
18	E	0	0	0	0	0	0	0
19	T	Phosphothreonine	APRLVSETAERKQEQ	CHHHHHHHHHHHHHH	0	0	0	0
20	A	0	0	0	0	0	0	0
21	E	0	0	0	0	0	0	0
22	R	0	0	0	0	0	0	0
23	K	N-acetyllysine	VSETAERKQEQKTGT	HHHHHHHHHHHCCCC	0	0	0	0
24	Q	0	0	0	0	0	0	0
25	E	0	0	0	0	0	0	0
26	Q	0	0	0	0	0	0	0
27	K	N-acetyllysine	AERKQEQKTGTEAEA	HHHHHHHCCCCHHHH	0	0	0	0
28	T	Phosphothreonine	ERKQEQKTGTEAEAA	HHHHHHCCCCHHHHH	0	0	0	0
29	G	0	0	0	0	0	0	0
30	T	0	0	0	0	0	0	0
31	E	0	0	0	0	0	0	0
32	A	0	0	0	0	0	0	0
33	E	0	0	0	0	0	0	0
34	A	0	0	0	0	0	0	0
35	A	0	0	0	0	0	0	0
36	D	0	0	0	0	0	0	0
37	S	0	0	0	0	0	0	0
38	G	0	0	0	0	0	0	0
39	A	0	0	0	0	0	0	0
40	V	0	0	0	0	0	0	0
41	G	0	0	0	0	0	0	0
42	A	0	0	0	0	0	0	0
43	R	0	0	0	0	0	0	0
44	R	0	0	0	0	0	0	0
45	F	0	0	0	0	0	0	0
46	L	0	0	0	0	0	0	0
47	L	0	0	0	0	0	0	0
48	C	0	0	0	0	0	0	0
49	L	0	0	0	0	0	0	0
50	Y	0	0	0	0	0	0	0
51	L	0	0	0	0	0	0	0
52	V	0	0	0	0	0	0	0
53	G	0	0	0	0	0	0	0
54	F	0	0	0	0	0	0	0
55	L	0	0	0	0	0	0	0
56	D	0	0	0	0	0	0	0
57	L	0	0	0	0	0	0	0
58	F	0	0	0	0	0	0	0
59	G	0	0	0	0	0	0	0
60	V	0	0	0	0	0	0	0
61	S	0	0	0	0	0	0	0
62	M	0	0	0	0	0	0	0
63	V	0	0	0	0	0	0	0
64	V	0	0	0	0	0	0	0
65	P	0	0	0	0	0	0	0
66	L	0	0	0	0	0	0	0
67	L	0	0	0	0	0	0	0
68	S	0	0	0	0	0	0	0
69	L	0	0	0	0	0	0	0
70	H	0	0	0	0	0	0	0
71	V	0	0	0	0	0	0	0
72	K	0	0	0	0	0	0	0
73	S	0	0	0	0	0	0	0
74	L	0	0	0	0	0	0	0
75	G	0	0	0	0	0	0	0
76	A	0	0	0	0	0	0	0
77	S	0	0	0	0	0	0	0
78	P	0	0	0	0	0	0	0
79	T	0	0	0	0	0	0	0
80	V	0	0	0	0	0	0	0
81	A	0	0	0	0	0	0	0
82	G	0	0	0	0	0	0	0
83	I	0	0	0	0	0	0	0
84	V	0	0	0	0	0	0	0
85	G	0	0	0	0	0	0	0
86	S	0	0	0	0	0	0	0
87	S	Phosphoserine	VAGIVGSSYGILQLF	HHHHHCCHHHHHHHH	0	0	0	0
88	Y	0	0	0	0	0	0	0
89	G	0	0	0	0	0	0	0
90	I	0	0	0	0	0	0	0
91	L	0	0	0	0	0	0	0
92	Q	0	0	0	0	0	0	0
93	L	0	0	0	0	0	0	0
94	F	0	0	0	0	0	0	0
95	S	0	0	0	0	0	0	0
96	S	0	0	0	0	0	0	0
97	T	0	0	0	0	0	0	0
98	L	0	0	0	0	0	0	0
99	V	0	0	0	0	0	0	0
100	G	0	0	0	0	0	0	0
101	C	0	0	0	0	0	0	0
102	W	0	0	0	0	0	0	0
103	S	Phosphoserine	STLVGCWSDVVGRRS	HHHHHHHHHHCCCHH	0	0	0	0
104	D	0	0	0	0	0	0	0
105	V	0	0	0	0	0	0	0
106	V	0	0	0	0	0	0	0
107	G	0	0	0	0	0	0	0
108	R	0	0	0	0	0	0	0
109	R	0	0	0	0	0	0	0
110	S	0	0	0	0	0	0	0
111	S	0	0	0	0	0	0	0
112	L	0	0	0	0	0	0	0
113	L	0	0	0	0	0	0	0
114	A	0	0	0	0	0	0	0
115	C	0	0	0	0	0	0	0
116	I	0	0	0	0	0	0	0
117	L	0	0	0	0	0	0	0
118	L	0	0	0	0	0	0	0
119	S	0	0	0	0	0	0	0
120	A	0	0	0	0	0	0	0
121	L	0	0	0	0	0	0	0
122	G	0	0	0	0	0	0	0
123	Y	0	0	0	0	0	0	0
124	L	0	0	0	0	0	0	0
125	L	0	0	0	0	0	0	0
126	L	0	0	0	0	0	0	0
127	G	0	0	0	0	0	0	0
128	A	0	0	0	0	0	0	0
129	A	0	0	0	0	0	0	0
130	T	0	0	0	0	0	0	0
131	N	0	0	0	0	0	0	0
132	V	0	0	0	0	0	0	0
133	F	0	0	0	0	0	0	0
134	L	0	0	0	0	0	0	0
135	F	0	0	0	0	0	0	0
136	V	0	0	0	0	0	0	0
137	L	0	0	0	0	0	0	0
138	A	0	0	0	0	0	0	0
139	R	0	0	0	0	0	0	0
140	V	0	0	0	0	0	0	0
141	P	0	0	0	0	0	0	0
142	A	0	0	0	0	0	0	0
143	G	0	0	0	0	0	0	0
144	I	0	0	0	0	0	0	0
145	F	0	0	0	0	0	0	0
146	K	0	0	0	0	0	0	0
147	H	0	0	0	0	0	0	0
148	T	0	0	0	0	0	0	0
149	L	0	0	0	0	0	0	0
150	S	0	0	0	0	0	0	0
151	I	0	0	0	0	0	0	0
152	S	0	0	0	0	0	0	0
153	R	0	0	0	0	0	0	0
154	A	0	0	0	0	0	0	0
155	L	0	0	0	0	0	0	0
156	L	0	0	0	0	0	0	0
157	S	0	0	0	0	0	0	0
158	D	0	0	0	0	0	0	0
159	V	0	0	0	0	0	0	0
160	V	0	0	0	0	0	0	0
161	P	0	0	0	0	0	0	0
162	E	0	0	0	0	0	0	0
163	K	0	0	0	0	0	0	0
164	E	0	0	0	0	0	0	0
165	R	0	0	0	0	0	0	0
166	P	0	0	0	0	0	0	0
167	L	0	0	0	0	0	0	0
168	V	0	0	0	0	0	0	0
169	I	0	0	0	0	0	0	0
170	G	0	0	0	0	0	0	0
171	H	0	0	0	0	0	0	0
172	F	0	0	0	0	0	0	0
173	N	0	0	0	0	0	0	0
174	T	0	0	0	0	0	0	0
175	A	0	0	0	0	0	0	0
176	S	0	0	0	0	0	0	0
177	G	0	0	0	0	0	0	0
178	V	0	0	0	0	0	0	0
179	G	0	0	0	0	0	0	0
180	F	0	0	0	0	0	0	0
181	I	0	0	0	0	0	0	0
182	L	0	0	0	0	0	0	0
183	G	0	0	0	0	0	0	0
184	P	0	0	0	0	0	0	0
185	V	0	0	0	0	0	0	0
186	V	0	0	0	0	0	0	0
187	G	0	0	0	0	0	0	0
188	G	0	0	0	0	0	0	0
189	Y	0	0	0	0	0	0	0
190	L	0	0	0	0	0	0	0
191	T	0	0	0	0	0	0	0
192	E	0	0	0	0	0	0	0
193	L	0	0	0	0	0	0	0
194	E	0	0	0	0	0	0	0
195	D	0	0	0	0	0	0	0
196	G	0	0	0	0	0	0	0
197	F	0	0	0	0	0	0	0
198	Y	0	0	0	0	0	0	0
199	L	0	0	0	0	0	0	0
200	T	0	0	0	0	0	0	0
201	A	0	0	0	0	0	0	0
202	F	0	0	0	0	0	0	0
203	I	0	0	0	0	0	0	0
204	C	0	0	0	0	0	0	0
205	F	0	0	0	0	0	0	0
206	L	0	0	0	0	0	0	0
207	V	0	0	0	0	0	0	0
208	F	0	0	0	0	0	0	0
209	I	0	0	0	0	0	0	0
210	L	0	0	0	0	0	0	0
211	N	0	0	0	0	0	0	0
212	A	0	0	0	0	0	0	0
213	G	0	0	0	0	0	0	0
214	L	0	0	0	0	0	0	0
215	V	0	0	0	0	0	0	0
216	W	0	0	0	0	0	0	0
217	F	0	0	0	0	0	0	0
218	F	0	0	0	0	0	0	0
219	P	0	0	0	0	0	0	0
220	W	0	0	0	0	0	0	0
221	R	0	0	0	0	0	0	0
222	E	0	0	0	0	0	0	0
223	A	0	0	0	0	0	0	0
224	K	0	0	0	0	0	0	0
225	P	0	0	0	0	0	0	0
226	G	0	0	0	0	0	0	0
227	S	0	0	0	0	0	T	237
228	T	0	0	0	0	0	0	0
229	E	0	0	0	0	0	0	0
230	K	0	0	0	0	0	0	0
231	G	0	0	0	0	0	0	0
232	L	0	0	0	0	0	0	0
233	P	0	0	0	0	0	0	0
234	L	0	0	0	0	0	0	0
235	R	0	0	0	0	0	0	0
236	K	0	0	0	0	0	0	0
237	T	Phosphothreonine	KGLPLRKTHVLLGRS	CCCCCCCCEEECCCC	Response to amphetamines:response to drug	227 (10)	0	0
238	H	0	0	0	0	0	0	0
239	V	0	0	0	0	0	0	0
240	L	0	0	0	0	0	0	0
241	L	0	0	0	0	0	0	0
242	G	0	0	0	0	0	0	0
243	R	0	0	0	0	0	0	0
244	S	Phosphoserine	THVLLGRSHDTVQEA	CEEECCCCCHHHHHH	0	0	0	0
245	H	0	0	0	0	0	0	0
246	D	0	0	0	0	0	0	0
247	T	Phosphothreonine	LLGRSHDTVQEAATS	ECCCCCHHHHHHHHH	0	0	0	0
248	V	0	0	0	0	0	0	0
249	Q	0	0	0	0	0	0	0
250	E	0	0	0	0	0	0	0
251	A	0	0	0	0	0	0	0
252	A	0	0	0	0	0	0	0
253	T	Phosphothreonine	DTVQEAATSRRARAS	HHHHHHHHHHHHHHC	0	0	0	0
254	S	Phosphoserine	TVQEAATSRRARASK	HHHHHHHHHHHHHCC	0	0	0	0
255	R	0	0	0	0	0	0	0
256	R	0	0	0	0	0	0	0
257	A	0	0	0	0	0	0	0
258	R	0	0	0	0	0	0	0
259	A	0	0	0	0	0	0	0
260	S	0	0	0	0	0	0	0
261	K	0	0	0	0	0	0	0
262	K	0	0	0	0	0	0	0
263	T	0	0	0	0	0	0	0
264	A	0	0	0	0	0	0	0
265	Q	0	0	0	0	0	0	0
266	P	0	0	0	0	0	0	0
267	W	0	0	0	0	0	0	0
268	V	0	0	0	0	0	0	0
269	E	0	0	0	0	0	0	0
270	V	0	0	0	0	0	0	0
271	V	0	0	0	0	0	0	0
272	L	0	0	0	0	0	0	0
273	A	0	0	0	0	0	0	0
274	L	0	0	0	0	0	0	0
275	R	0	0	0	0	0	0	0
276	N	0	0	0	0	0	0	0
277	M	0	0	0	0	0	0	0
278	K	0	0	0	0	0	0	0
279	N	0	0	0	0	0	0	0
280	L	0	0	0	0	0	0	0
281	L	0	0	0	0	0	0	0
282	F	0	0	0	0	0	0	0
283	S	0	0	0	0	0	0	0
284	E	0	0	0	0	0	0	0
285	M	0	0	0	0	0	0	0
286	W	0	0	0	0	0	0	0
287	D	0	0	0	0	0	0	0
288	I	0	0	0	0	0	0	0
289	F	0	0	0	0	0	0	0
290	L	0	0	0	0	0	0	0
291	V	0	0	0	0	0	0	0
292	R	0	0	0	0	0	0	0
293	L	0	0	0	0	0	0	0
294	L	0	0	0	0	0	0	0
295	M	0	0	0	0	0	0	0
296	A	0	0	0	0	0	0	0
297	M	0	0	0	0	0	0	0
298	A	0	0	0	0	0	0	0
299	V	0	0	0	0	0	0	0
300	M	0	0	0	0	0	0	0
301	L	0	0	0	0	0	0	0
302	Y	0	0	0	0	0	0	0
303	Y	0	0	0	0	0	0	0
304	S	0	0	0	0	0	0	0
305	N	0	0	0	0	0	0	0
306	F	0	0	0	0	0	0	0
307	V	0	0	0	0	0	0	0
308	L	0	0	0	0	0	0	0
309	A	0	0	0	0	0	0	0
310	L	0	0	0	0	0	0	0
311	E	0	0	0	0	0	0	0
312	E	0	0	0	0	0	0	0
313	R	0	0	0	0	0	0	0
314	F	0	0	0	0	0	0	0
315	G	0	0	0	0	0	0	0
316	V	0	0	0	0	0	0	0
317	R	0	0	0	0	0	0	0
318	P	0	0	0	0	0	0	0
319	K	0	0	0	0	0	0	0
320	V	0	0	0	0	0	0	0
321	T	0	0	0	0	0	0	0
322	G	0	0	0	0	0	0	0
323	Y	Phosphotyrosine	VRPKVTGYLISYSSM	CCCCCCEEHHCHHHH	0	0	0	0
324	L	0	0	0	0	0	0	0
325	I	0	0	0	0	0	0	0
326	S	0	0	0	0	0	0	0
327	Y	Phosphotyrosine	VTGYLISYSSMLGAV	CCEEHHCHHHHHHHH	0	0	0	0
328	S	0	0	0	0	0	0	0
329	S	0	0	0	0	0	0	0
330	M	0	0	0	0	0	0	0
331	L	0	0	0	0	0	0	0
332	G	0	0	0	0	0	0	0
333	A	0	0	0	0	0	0	0
334	V	0	0	0	0	0	0	0
335	A	0	0	0	0	0	0	0
336	G	0	0	0	0	0	0	0
337	L	0	0	0	0	0	0	0
338	A	0	0	0	0	0	0	0
339	L	0	0	0	0	0	0	0
340	G	0	0	0	0	0	0	0
341	P	0	0	0	0	0	0	0
342	I	0	0	0	0	0	0	0
343	L	0	0	0	0	0	0	0
344	R	0	0	0	0	0	0	0
345	L	0	0	0	0	0	0	0
346	Y	0	0	0	0	0	0	0
347	K	0	0	0	0	0	0	0
348	H	0	0	0	0	0	0	0
349	N	0	0	0	0	0	0	0
350	S	0	0	0	0	0	0	0
351	Q	0	0	0	0	0	0	0
352	A	0	0	0	0	0	0	0
353	L	0	0	0	0	0	0	0
354	L	0	0	0	0	0	0	0
355	L	0	0	0	0	0	0	0
356	H	0	0	0	0	0	0	0
357	S	0	0	0	0	0	0	0
358	S	0	0	0	0	0	0	0
359	I	0	0	0	0	0	0	0
360	L	0	0	0	0	0	0	0
361	T	0	0	0	0	0	0	0
362	C	0	0	0	0	0	0	0
363	T	0	0	0	0	0	0	0
364	L	0	0	0	0	0	0	0
365	L	0	0	0	0	0	0	0
366	L	0	0	0	0	0	0	0
367	L	0	0	0	0	0	0	0
368	Y	0	0	0	0	0	0	0
369	S	0	0	0	0	0	0	0
370	L	0	0	0	0	0	0	0
371	A	0	0	0	0	0	0	0
372	P	0	0	0	0	0	0	0
373	T	0	0	0	0	0	0	0
374	M	0	0	0	0	0	0	0
375	G	0	0	0	0	0	0	0
376	A	0	0	0	0	0	0	0
377	V	0	0	0	0	0	0	0
378	V	0	0	0	0	0	0	0
379	L	0	0	0	0	0	0	0
380	S	0	0	0	0	0	0	0
381	S	0	0	0	0	0	0	0
382	T	0	0	0	0	0	0	0
383	L	0	0	0	0	0	0	0
384	L	0	0	0	0	0	0	0
385	S	0	0	0	0	0	0	0
386	F	0	0	0	0	0	0	0
387	S	0	0	0	0	0	0	0
388	T	0	0	0	0	0	0	0
389	A	0	0	0	0	0	0	0
390	I	0	0	0	0	0	0	0
391	G	0	0	0	0	0	0	0
392	R	0	0	0	0	0	0	0
393	T	0	0	0	0	0	0	0
394	C	0	0	0	0	0	0	0
395	I	0	0	0	0	0	0	0
396	T	0	0	0	0	0	0	0
397	D	0	0	0	0	0	0	0
398	L	0	0	0	0	0	0	0
399	Q	0	0	0	0	0	0	0
400	L	0	0	0	0	0	0	0
401	T	0	0	0	0	0	0	0
402	V	0	0	0	0	0	0	0
403	G	0	0	0	0	0	0	0
404	G	0	0	0	0	0	0	0
405	A	0	0	0	0	0	0	0
406	Q	0	0	0	0	0	0	0
407	A	0	0	0	0	0	0	0
408	S	0	0	0	0	0	0	0
409	G	0	0	0	0	0	0	0
410	T	0	0	0	0	0	0	0
411	L	0	0	0	0	0	0	0
412	I	0	0	0	0	0	0	0
413	G	0	0	0	0	0	0	0
414	V	0	0	0	0	0	0	0
415	G	0	0	0	0	0	0	0
416	Q	0	0	0	0	0	0	0
417	S	0	0	0	0	0	0	0
418	V	0	0	0	0	0	0	0
419	T	0	0	0	0	0	0	0
420	A	0	0	0	0	0	0	0
421	V	0	0	0	0	0	0	0
422	G	0	0	0	0	0	0	0
423	R	0	0	0	0	0	0	0
424	I	0	0	0	0	0	0	0
425	I	0	0	0	0	0	0	0
426	A	0	0	0	0	0	0	0
427	P	0	0	0	0	0	0	0
428	L	0	0	0	0	0	0	0
429	L	0	0	0	0	0	0	0
430	S	0	0	0	0	0	0	0
431	G	0	0	0	0	0	0	0
432	V	0	0	0	0	0	0	0
433	A	0	0	0	0	0	0	0
434	Q	0	0	0	0	0	0	0
435	E	0	0	0	0	0	0	0
436	V	0	0	0	0	0	0	0
437	S	0	0	0	0	0	0	0
438	P	0	0	0	0	0	0	0
439	C	0	0	0	0	0	0	0
440	G	0	0	0	0	0	0	0
441	P	0	0	0	0	0	0	0
442	P	0	0	0	0	0	0	0
443	S	0	0	0	0	0	0	0
444	L	0	0	0	0	0	0	0
445	G	0	0	0	0	0	0	0
446	A	0	0	0	0	0	0	0
447	V	0	0	0	0	0	0	0
448	L	0	0	0	0	0	0	0
449	A	0	0	0	0	0	0	0
450	L	0	0	0	0	0	0	0
451	V	0	0	0	0	0	0	0
452	A	0	0	0	0	0	0	0
453	I	0	0	0	0	0	0	0
454	F	0	0	0	0	0	0	0
455	I	0	0	0	0	0	0	0
456	M	0	0	0	0	0	0	0
457	S	0	0	0	0	0	0	0
458	L	0	0	0	0	0	0	0
459	N	0	0	0	0	0	0	0
460	K	0	0	0	0	0	0	0
461	R	0	0	0	0	0	0	0
462	H	0	0	0	0	0	0	0
463	S	Phosphoserine	MSLNKRHSSGDGNSK	HHHHHHCCCCCCCCC	0	0	0	0
464	S	Phosphoserine	SLNKRHSSGDGNSKL	HHHHHCCCCCCCCCC	0	0	0	0
465	G	0	0	0	0	0	0	0
466	D	0	0	0	0	0	0	0
467	G	0	0	0	0	0	0	0
468	N	0	0	0	0	0	0	0
469	S	Phosphoserine	HSSGDGNSKLKSE--	CCCCCCCCCCCCC--	0	0	0	0
470	K	0	0	0	0	0	0	0
471	L	0	0	0	0	0	0	0
472	K	0	0	0	0	0	0	0
473	S	0	0	0	0	0	0	0
474	E	0	0	0	0	0	0	0
