location	residue	Modification	seq	secStruc	RelatedDisease	VariantPosition	ResidueChange	DaPSbySAP
1	M	0	0	0	0	0	0	0
2	T	0	0	0	0	0	0	0
3	H	0	0	0	0	0	0	0
4	G	0	0	0	0	0	0	0
5	E	0	0	0	0	0	0	0
6	E	0	0	0	0	0	0	0
7	L	0	0	0	0	0	0	0
8	G	0	0	0	0	0	0	0
9	S	0	0	0	0	0	0	0
10	D	0	0	0	0	0	0	0
11	V	0	0	0	0	0	0	0
12	H	0	0	0	0	0	0	0
13	Q	0	0	0	0	0	0	0
14	D	0	0	0	0	0	0	0
15	S	0	0	0	0	0	0	0
16	I	0	0	0	0	0	0	0
17	V	0	0	0	0	0	0	0
18	L	0	0	0	0	0	0	0
19	T	0	0	0	0	0	0	0
20	Y	0	0	0	0	0	0	0
21	L	0	0	0	0	0	0	0
22	E	0	0	0	0	0	0	0
23	G	0	0	0	0	0	0	0
24	L	0	0	0	0	0	0	0
25	L	0	0	0	0	0	0	0
26	M	0	0	0	0	0	0	0
27	H	0	0	0	0	0	0	0
28	Q	0	0	0	0	0	0	0
29	A	0	0	0	0	0	0	0
30	A	0	0	0	0	0	0	0
31	G	0	0	0	0	0	0	0
32	G	0	0	0	0	0	0	0
33	S	0	0	0	0	0	0	0
34	G	0	0	0	0	0	0	0
35	T	0	0	0	0	0	0	0
36	A	0	0	0	0	0	0	0
37	V	0	0	0	0	0	0	0
38	D	0	0	0	0	0	0	0
39	K	0	0	0	0	0	0	0
40	K	0	0	0	0	0	0	0
41	S	0	0	0	0	0	0	0
42	A	0	0	0	0	0	0	0
43	G	0	0	0	0	0	0	0
44	H	0	0	0	0	0	0	0
45	N	0	0	0	0	0	0	0
46	E	0	0	0	0	0	0	0
47	E	0	0	0	0	0	0	0
48	D	0	0	0	0	0	0	0
49	Q	0	0	0	0	0	0	0
50	N	0	0	0	0	0	0	0
51	F	0	0	0	0	0	0	0
52	N	0	0	0	0	0	0	0
53	I	0	0	0	0	0	0	0
54	S	0	0	0	0	0	0	0
55	G	0	0	0	0	0	0	0
56	S	0	0	0	0	0	0	0
57	A	0	0	0	0	0	0	0
58	F	0	0	0	0	0	0	0
59	P	0	0	0	0	0	0	0
60	T	0	0	0	0	0	0	0
61	C	0	0	0	0	0	0	0
62	Q	0	0	0	0	0	0	0
63	S	0	0	0	0	0	0	0
64	N	0	0	0	0	0	0	0
65	G	0	0	0	0	0	0	0
66	P	0	0	0	0	0	0	0
67	V	0	0	0	0	0	0	0
68	L	0	0	0	0	0	0	0
69	N	0	0	0	0	0	0	0
70	T	0	0	0	0	0	0	0
71	H	0	0	0	0	0	0	0
72	T	0	0	0	0	0	0	0
73	Y	0	0	0	0	0	0	0
74	Q	0	0	0	0	0	0	0
75	G	0	0	0	0	0	0	0
76	S	0	0	0	0	0	0	0
77	G	0	0	0	0	0	0	0
78	M	0	0	0	0	0	0	0
79	L	0	0	0	0	0	0	0
80	H	0	0	0	0	0	0	0
81	L	0	0	0	0	0	0	0
82	K	0	0	0	0	0	0	0
83	K	0	0	0	0	0	0	0
84	A	0	0	0	0	0	0	0
85	R	0	0	0	0	0	0	0
86	L	0	0	0	0	0	0	0
87	L	0	0	0	0	0	0	0
88	Q	0	0	0	0	0	0	0
89	S	0	0	0	0	0	0	0
90	S	0	0	0	0	0	0	0
91	E	0	0	0	0	0	0	0
92	D	0	0	0	0	0	0	0
93	W	0	0	0	0	0	0	0
94	N	0	0	0	0	0	0	0
95	A	0	0	0	0	0	0	0
96	A	0	0	0	0	0	0	0
97	K	Ubiquitinlysine	SEDWNAAKRKRLSDS	CCCHHHHHHHHHHHH	0	0	0	0
98	R	0	0	0	0	0	0	0
99	K	0	0	0	0	0	0	0
100	R	0	0	0	0	0	0	0
101	L	0	0	0	0	0	0	0
102	S	Phosphoserine	AAKRKRLSDSIMNLN	HHHHHHHHHHHHCCC	0	0	0	0
103	D	0	0	0	0	0	0	0
104	S	Phosphoserine	KRKRLSDSIMNLNVK	HHHHHHHHHHCCCHH	0	0	0	0
105	I	0	0	0	0	0	0	0
106	M	0	0	0	0	0	0	0
107	N	0	0	0	0	0	0	0
108	L	0	0	0	0	0	0	0
109	N	0	0	0	0	0	0	0
110	V	0	0	0	0	0	0	0
111	K	N6-acetyllysine	SIMNLNVKKEALLAG	HHHCCCHHHHHHHHH	0	0	0	0
112	K	0	0	0	0	0	0	0
113	E	0	0	0	0	0	0	0
114	A	0	0	0	0	0	0	0
115	L	0	0	0	0	0	0	0
116	L	0	0	0	0	0	0	0
117	A	0	0	0	0	0	0	0
118	G	0	0	0	0	0	0	0
119	M	0	0	0	0	0	0	0
120	V	0	0	0	0	0	0	0
121	D	0	0	0	0	0	0	0
122	S	Phosphoserine	LLAGMVDSVPKGKQD	HHHHHCCCCCCCCHH	0	0	0	0
123	V	0	0	0	0	0	0	0
124	P	0	0	0	0	0	0	0
125	K	0	0	0	0	0	0	0
126	G	0	0	0	0	0	0	0
127	K	0	0	0	0	0	0	0
128	Q	0	0	0	0	0	0	0
129	D	0	0	0	0	0	0	0
130	S	0	0	0	0	0	0	0
131	T	0	0	0	0	0	0	0
132	L	0	0	0	0	0	0	0
133	L	0	0	0	0	0	0	0
134	A	0	0	0	0	0	0	0
135	S	0	0	0	0	0	0	0
136	L	0	0	0	0	0	0	0
137	L	0	0	0	0	0	0	0
138	Q	0	0	0	0	0	0	0
139	S	0	0	0	0	0	0	0
140	F	0	0	0	0	0	0	0
141	S	0	0	0	0	0	0	0
142	S	0	0	0	0	0	0	0
143	R	0	0	0	0	0	0	0
144	L	0	0	0	0	0	0	0
145	Q	0	0	0	0	0	0	0
146	T	0	0	0	0	0	0	0
147	V	0	0	0	0	0	0	0
148	A	0	0	0	0	0	0	0
149	L	0	0	0	0	0	0	0
150	S	0	0	0	0	0	0	0
151	Q	0	0	0	0	0	0	0
152	Q	0	0	0	0	0	0	0
153	I	0	0	0	0	0	0	0
154	R	0	0	0	0	0	0	0
155	Q	0	0	0	0	0	0	0
156	S	0	0	0	0	0	0	0
157	L	0	0	0	0	0	0	0
158	K	N6-acetyllysine	QQIRQSLKEQGYALS	HHHHHHHHHCCCCCC	0	0	0	0
159	E	0	0	0	0	0	0	0
160	Q	0	0	0	0	0	0	0
161	G	0	0	0	0	0	0	0
162	Y	0	0	0	0	0	0	0
163	A	0	0	0	0	0	0	0
164	L	0	0	0	0	0	0	0
165	S	0	0	0	0	0	0	0
166	H	0	0	0	0	0	0	0
167	D	0	0	0	0	0	0	0
168	S	0	0	0	0	0	0	0
169	L	0	0	0	0	0	0	0
170	K	Sumoyllysine	ALSHDSLKVEKDLRC	CCCCCCCCCCCCHHH	0	0	0	0
171	V	0	0	0	0	0	0	0
172	E	0	0	0	0	0	0	0
173	K	0	0	0	0	0	0	0
174	D	0	0	0	0	0	0	0
175	L	0	0	0	0	0	0	0
176	R	0	0	0	0	0	0	0
177	C	0	0	0	0	0	0	0
178	Y	Phosphotyrosine	VEKDLRCYGVASSHL	CCCCHHHHHHHHHHH	0	0	0	0
179	G	0	0	0	0	0	0	0
180	V	0	0	0	0	0	0	0
181	A	0	0	0	0	0	0	0
182	S	0	0	0	0	0	0	0
183	S	0	0	0	0	0	0	0
184	H	0	0	0	0	0	0	0
185	L	0	0	0	0	0	0	0
186	K	0	0	0	0	0	0	0
187	T	Phosphothreonine	VASSHLKTLLKKSKV	HHHHHHHHHHHHHCC	0	0	0	0
188	L	0	0	0	0	0	0	0
189	L	0	0	0	0	0	0	0
190	K	0	0	0	0	0	0	0
191	K	0	0	0	0	0	0	0
192	S	0	0	0	0	0	0	0
193	K	0	0	0	0	0	0	0
194	V	0	0	0	0	0	0	0
195	K	Sumoyllysine	LLKKSKVKDQKPDTN	HHHHHCCCCCCCCCC	0	0	0	0
196	D	0	0	0	0	0	0	0
197	Q	0	0	0	0	0	0	0
198	K	Sumoyllysine	KSKVKDQKPDTNLPD	HHCCCCCCCCCCCCH	0	0	0	0
199	P	0	0	0	0	0	0	0
200	D	0	0	0	0	0	0	0
201	T	0	0	0	0	0	0	0
202	N	0	0	0	0	0	0	0
203	L	0	0	0	0	0	0	0
204	P	0	0	0	0	0	0	0
205	D	0	0	0	0	0	0	0
206	V	0	0	0	0	0	0	0
207	T	0	0	0	0	0	0	0
208	K	0	0	0	0	0	0	0
209	N	0	0	0	0	0	0	0
210	L	0	0	0	0	0	0	0
211	I	0	0	0	0	0	0	0
212	R	0	0	0	0	0	0	0
213	D	0	0	0	0	0	0	0
214	R	0	0	0	0	0	0	0
215	F	0	0	0	0	0	0	0
216	A	0	0	0	0	0	0	0
217	E	0	0	0	0	0	0	0
218	S	Phosphoserine	IRDRFAESPHHVGQS	HHHHHHCCCCCCCCC	0	0	0	0
219	P	0	0	0	0	0	0	0
220	H	0	0	0	0	0	0	0
221	H	0	0	0	0	0	0	0
222	V	0	0	0	0	0	0	0
223	G	0	0	0	0	0	0	0
224	Q	0	0	0	0	0	0	0
225	S	0	0	0	0	0	0	0
226	G	0	0	0	0	0	0	0
227	T	0	0	0	0	0	0	0
228	K	0	0	0	0	0	0	0
229	V	0	0	0	0	0	0	0
230	M	0	0	0	0	0	0	0
231	S	0	0	0	0	0	0	0
232	E	0	0	0	0	0	0	0
233	P	0	0	0	0	0	0	0
234	L	0	0	0	0	0	0	0
235	S	0	0	0	0	0	0	0
236	C	0	0	0	0	0	0	0
237	A	0	0	0	0	0	0	0
238	A	0	0	0	0	0	0	0
239	R	N6-methyllysine	EPLSCAARLQAVASM	CCCHHHHHHHHHHHH	0	0	0	0
240	L	0	0	0	0	0	0	0
241	Q	0	0	0	0	0	0	0
242	A	0	0	0	0	0	0	0
243	V	0	0	0	0	0	0	0
244	A	0	0	0	0	0	0	0
245	S	0	0	0	0	0	0	0
246	M	0	0	0	0	0	0	0
247	V	0	0	0	0	0	0	0
248	E	0	0	0	0	0	0	0
249	K	0	0	0	0	0	0	0
250	R	0	0	0	0	0	0	0
251	A	0	0	0	0	0	0	0
252	S	Phosphoserine	SMVEKRASPATSPKP	HHHHHHCCCCCCCCH	0	0	0	0
253	P	0	0	0	0	0	0	0
254	A	0	0	0	0	0	0	0
255	T	Phosphothreonine	EKRASPATSPKPSVA	HHHCCCCCCCCHHHH	0	0	0	0
256	S	Phosphoserine	KRASPATSPKPSVAC	HHCCCCCCCCHHHHH	0	0	0	0
257	P	0	0	0	0	0	0	0
258	K	0	0	0	0	0	0	0
259	P	0	0	0	0	0	0	0
260	S	0	0	0	0	0	0	0
261	V	0	0	0	0	0	0	0
262	A	0	0	0	0	0	0	0
263	C	0	0	0	0	0	0	0
264	S	0	0	0	0	0	0	0
265	Q	0	0	0	0	0	0	0
266	L	0	0	0	0	0	0	0
267	A	0	0	0	0	0	0	0
268	L	0	0	0	0	0	0	0
269	L	0	0	0	0	0	0	0
270	L	0	0	0	0	0	0	0
271	S	0	0	0	0	0	0	0
272	S	0	0	0	0	0	0	0
273	E	0	0	0	0	0	0	0
274	A	0	0	0	0	0	0	0
275	H	0	0	0	0	0	0	0
276	L	0	0	0	0	0	0	0
277	Q	0	0	0	0	0	0	0
278	Q	0	0	0	0	0	0	0
279	Y	0	0	0	0	0	0	0
280	S	0	0	0	0	0	0	0
281	R	0	0	0	0	0	0	0
282	E	0	0	0	0	0	0	0
283	H	0	0	0	0	0	0	0
284	A	0	0	0	0	0	0	0
285	L	0	0	0	0	0	0	0
286	K	Ubiquitinlysine	YSREHALKTQNANQA	HHHHHHHHHCCHHHH	0	0	0	0
287	T	0	0	0	0	0	0	0
288	Q	0	0	0	0	0	0	0
289	N	0	0	0	0	0	0	0
290	A	0	0	0	0	0	0	0
291	N	0	0	0	0	0	0	0
292	Q	0	0	0	0	0	0	0
293	A	0	0	0	0	0	0	0
294	A	0	0	0	0	0	0	0
295	S	0	0	0	0	0	0	0
296	E	0	0	0	0	0	0	0
297	R	0	0	0	0	0	0	0
298	L	0	0	0	0	0	0	0
299	A	0	0	0	0	0	0	0
300	A	0	0	0	0	0	0	0
301	M	0	0	0	0	0	0	0
302	A	0	0	0	0	0	0	0
303	R	0	0	0	0	0	0	0
304	L	0	0	0	0	0	0	0
305	Q	0	0	0	0	0	0	0
306	E	0	0	0	0	0	0	0
307	N	0	0	0	0	0	0	0
308	G	0	0	0	0	0	0	0
309	Q	0	0	0	0	0	0	0
310	K	N6-acetyllysine	RLQENGQKDVGSYQL	HHHHCCCCCCCCEEC	0	0	0	0
311	D	0	0	0	0	0	0	0
312	V	0	0	0	0	0	0	0
313	G	0	0	0	0	0	0	0
314	S	0	0	0	0	0	0	0
315	Y	0	0	0	0	0	0	0
316	Q	0	0	0	0	0	0	0
317	L	0	0	0	0	0	0	0
318	P	0	0	0	0	0	0	0
319	K	0	0	0	0	0	0	0
320	G	0	0	0	0	0	0	0
321	M	0	0	0	0	0	0	0
322	S	0	0	0	0	0	0	0
323	S	0	0	0	0	0	0	0
324	H	0	0	0	0	0	0	0
325	L	0	0	0	0	0	0	0
326	N	0	0	0	0	0	0	0
327	G	0	0	0	0	0	0	0
328	Q	0	0	0	0	0	0	0
329	A	0	0	0	0	0	0	0
330	R	0	0	0	0	0	0	0
331	T	0	0	0	0	0	0	0
332	S	0	0	0	0	0	0	0
333	S	0	0	0	0	0	0	0
334	S	0	0	0	0	0	0	0
335	K	0	0	0	0	0	0	0
336	L	0	0	0	0	0	0	0
337	M	0	0	0	0	0	0	0
338	A	0	0	0	0	0	0	0
339	S	0	0	0	0	0	0	0
340	K	0	0	0	0	0	0	0
341	S	0	0	0	0	0	0	0
342	S	0	0	0	0	0	0	0
343	A	0	0	0	0	0	0	0
344	T	0	0	0	0	0	0	0
345	V	0	0	0	0	0	0	0
346	F	0	0	0	0	0	0	0
347	Q	0	0	0	0	0	0	0
348	N	0	0	0	0	0	0	0
349	P	0	0	0	0	0	0	0
350	M	0	0	0	0	0	0	0
351	G	0	0	0	0	0	0	0
352	I	0	0	0	0	0	0	0
353	I	0	0	0	0	0	0	0
354	P	0	0	0	0	0	0	0
355	S	Phosphoserine	NPMGIIPSSPKNAGY	CCCCCCCCCCCCCCC	0	0	0	0
356	S	0	0	0	0	0	0	0
357	P	0	0	0	0	0	0	0
358	K	0	0	0	0	0	0	0
359	N	0	0	0	0	0	0	0
360	A	0	0	0	0	0	0	0
361	G	0	0	0	0	0	0	0
362	Y	0	0	0	0	0	0	0
363	K	0	0	0	0	0	0	0
364	N	0	0	0	0	0	0	0
365	S	0	0	0	0	0	0	0
366	L	0	0	0	0	0	0	0
367	E	0	0	0	0	0	0	0
368	R	0	0	0	0	0	0	0
369	N	0	0	0	0	0	0	0
370	N	0	0	0	0	0	0	0
371	I	0	0	0	0	0	0	0
372	K	Sumoyllysine	SLERNNIKQAANNSL	HHHHCCHHHHHHHHH	0	0	0	0
373	Q	0	0	0	0	0	0	0
374	A	0	0	0	0	0	0	0
375	A	0	0	0	0	0	0	0
376	N	0	0	0	0	0	0	0
377	N	0	0	0	0	0	0	0
378	S	0	0	0	0	0	0	0
379	L	0	0	0	0	0	0	0
380	L	0	0	0	0	0	0	0
381	L	0	0	0	0	0	0	0
382	H	0	0	0	0	0	0	0
383	L	0	0	0	0	0	0	0
384	L	0	0	0	0	0	0	0
385	K	0	0	0	0	0	0	0
386	S	0	0	0	0	0	0	0
387	Q	0	0	0	0	0	0	0
388	T	0	0	0	0	0	0	0
389	I	0	0	0	0	0	0	0
390	P	0	0	0	0	0	0	0
391	K	0	0	0	0	0	0	0
392	P	0	0	0	0	0	0	0
393	M	0	0	0	0	0	0	0
394	N	0	0	0	0	0	0	0
395	G	0	0	0	0	0	0	0
396	H	0	0	0	0	0	0	0
397	S	0	0	0	0	0	0	0
398	H	0	0	0	0	0	0	0
399	S	0	0	0	0	0	0	0
400	E	0	0	0	0	0	0	0
401	R	0	0	0	0	0	0	0
402	G	0	0	0	0	0	0	0
403	S	0	0	0	0	0	0	0
404	I	0	0	0	0	0	0	0
405	F	0	0	0	0	0	0	0
406	E	0	0	0	0	0	0	0
407	E	0	0	0	0	0	0	0
408	S	0	0	0	0	0	0	0
409	S	0	0	0	0	0	0	0
410	T	0	0	0	0	0	0	0
411	P	0	0	0	0	0	0	0
412	T	0	0	0	0	0	0	0
413	T	0	0	0	0	0	0	0
414	I	0	0	0	0	0	0	0
415	D	0	0	0	0	0	0	0
416	E	0	0	0	0	0	0	0
417	Y	0	0	0	0	0	0	0
418	S	0	0	0	0	0	0	0
419	D	0	0	0	0	0	0	0
420	N	0	0	0	0	0	0	0
421	N	0	0	0	0	0	0	0
422	P	0	0	0	0	0	0	0
423	S	0	0	0	0	0	0	0
424	F	0	0	0	0	0	0	0
425	T	0	0	0	0	0	0	0
426	D	0	0	0	0	0	0	0
427	D	0	0	0	0	0	0	0
428	S	0	0	0	0	0	0	0
429	S	0	0	0	0	0	0	0
430	G	0	0	0	0	0	0	0
431	D	0	0	0	0	0	0	0
432	E	0	0	0	0	0	0	0
433	S	0	0	0	0	0	0	0
434	S	0	0	0	0	0	0	0
435	Y	0	0	0	0	0	0	0
436	S	0	0	0	0	0	0	0
437	N	0	0	0	0	0	0	0
438	C	0	0	0	0	0	0	0
439	V	0	0	0	0	0	0	0
440	P	0	0	0	0	0	0	0
441	I	0	0	0	0	0	0	0
442	D	0	0	0	0	0	0	0
443	L	0	0	0	0	0	0	0
444	S	0	0	0	0	0	0	0
445	C	0	0	0	0	0	0	0
446	K	N6-acetyllysine	VPIDLSCKHRTEKSE	EECCCCCCCCCCCCC	Birth weight:birth weight	448 (2)	0	0
447	H	0	0	0	0	0	0	0
448	R	0	0	0	0	0	G	446
449	T	0	0	0	0	0	0	0
450	E	0	0	0	0	0	0	0
451	K	0	0	0	0	0	0	0
452	S	0	0	0	0	0	0	0
453	E	0	0	0	0	0	0	0
454	S	0	0	0	0	0	0	0
455	D	0	0	0	0	0	0	0
456	Q	0	0	0	0	0	0	0
457	P	0	0	0	0	0	0	0
458	V	0	0	0	0	0	0	0
459	S	0	0	0	0	0	0	0
460	L	0	0	0	0	0	0	0
461	D	0	0	0	0	0	0	0
462	N	0	0	0	0	0	0	0
463	F	0	0	0	0	0	0	0
464	T	0	0	0	0	0	0	0
465	Q	0	0	0	0	0	0	0
466	S	0	0	0	0	0	0	0
467	L	0	0	0	0	0	0	0
468	L	0	0	0	0	0	0	0
469	N	0	0	0	0	0	0	0
470	T	0	0	0	0	0	0	0
471	W	0	0	0	0	0	0	0
472	D	0	0	0	0	0	0	0
473	P	0	0	0	0	0	0	0
474	K	0	0	0	0	0	0	0
475	V	0	0	0	0	0	0	0
476	P	0	0	0	0	0	0	0
477	D	0	0	0	0	0	0	0
478	V	0	0	0	0	0	0	0
479	D	0	0	0	0	0	0	0
480	I	0	0	0	0	0	0	0
481	K	N6-acetyllysine	KVPDVDIKEDQDTSK	CCCCCCCCCCCCCCC	0	0	0	0
482	E	0	0	0	0	0	0	0
483	D	0	0	0	0	0	0	0
484	Q	0	0	0	0	0	0	0
485	D	0	0	0	0	0	0	0
486	T	0	0	0	0	0	0	0
487	S	0	0	0	0	0	0	0
488	K	0	0	0	0	0	0	0
489	N	0	0	0	0	0	0	0
490	S	0	0	0	0	0	0	0
491	K	0	0	0	0	0	0	0
492	L	0	0	0	0	0	0	0
493	N	0	0	0	0	0	0	0
494	S	0	0	0	0	0	0	0
495	H	0	0	0	0	0	0	0
496	Q	0	0	0	0	0	0	0
497	K	0	0	0	0	0	0	0
498	V	0	0	0	0	0	0	0
499	T	0	0	0	0	0	0	0
500	L	0	0	0	0	0	0	0
501	L	0	0	0	0	0	0	0
502	Q	0	0	0	0	0	0	0
503	L	0	0	0	0	0	0	0
504	L	0	0	0	0	0	0	0
505	L	0	0	0	0	0	0	0
506	G	0	0	0	0	0	0	0
507	H	0	0	0	0	0	0	0
508	K	Sumoyllysine	LQLLLGHKNEENVEK	HHHHHCCCCHHHHHC	0	0	0	0
509	N	0	0	0	0	0	0	0
510	E	0	0	0	0	0	0	0
511	E	0	0	0	0	0	0	0
512	N	0	0	0	0	0	0	0
513	V	0	0	0	0	0	0	0
514	E	0	0	0	0	0	0	0
515	K	0	0	0	0	0	0	0
516	N	0	0	0	0	0	0	0
517	T	Phosphothreonine	EENVEKNTSPQGVHN	HHHHHCCCCCCCCCC	0	0	0	0
518	S	Phosphoserine	ENVEKNTSPQGVHND	HHHHCCCCCCCCCCC	0	0	0	0
519	P	0	0	0	0	0	0	0
520	Q	0	0	0	0	0	0	0
521	G	0	0	0	0	0	0	0
522	V	0	0	0	0	0	0	0
523	H	0	0	0	0	0	0	0
524	N	0	0	0	0	0	0	0
525	D	0	0	0	0	0	0	0
526	V	0	0	0	0	0	0	0
527	S	0	0	0	0	0	0	0
528	K	0	0	0	0	0	0	0
529	F	0	0	0	0	0	0	0
530	N	0	0	0	0	0	0	0
531	T	0	0	0	0	0	0	0
532	Q	0	0	0	0	0	0	0
533	N	0	0	0	0	0	0	0
534	Y	0	0	0	0	0	0	0
535	A	0	0	0	0	0	0	0
536	R	0	0	0	0	0	0	0
537	T	0	0	0	0	0	0	0
538	S	0	0	0	0	0	0	0
539	V	0	0	0	0	0	0	0
540	I	0	0	0	0	0	0	0
541	E	0	0	0	0	0	0	0
542	S	0	0	0	0	0	0	0
543	P	0	0	0	0	0	0	0
544	S	0	0	0	0	0	0	0
545	T	0	0	0	0	0	0	0
546	N	0	0	0	0	0	0	0
547	R	0	0	0	0	0	0	0
548	T	0	0	0	0	0	0	0
549	T	Phosphothreonine	SPSTNRTTPVSTPPL	CCCCCCCCCCCCCCC	0	0	0	0
550	P	0	0	0	0	0	0	0
551	V	0	0	0	0	0	0	0
552	S	Phosphoserine	TNRTTPVSTPPLLTS	CCCCCCCCCCCCCCC	0	0	0	0
553	T	Phosphothreonine	NRTTPVSTPPLLTSS	CCCCCCCCCCCCCCC	0	0	0	0
554	P	0	0	0	0	0	0	0
555	P	0	0	0	0	0	0	0
556	L	0	0	0	0	0	0	0
557	L	0	0	0	0	0	0	0
558	T	0	0	0	0	0	0	0
559	S	0	0	0	0	0	0	0
560	S	0	0	0	0	0	0	0
561	K	0	0	0	0	0	0	0
562	A	0	0	0	0	0	0	0
563	G	0	0	0	0	0	0	0
564	S	Phosphoserine	LTSSKAGSPINLSQH	CCCCCCCCCCCCCCC	0	0	0	0
565	P	0	0	0	0	0	0	0
566	I	0	0	0	0	0	0	0
567	N	0	0	0	0	0	0	0
568	L	0	0	0	0	0	0	0
569	S	0	0	0	0	0	0	0
570	Q	0	0	0	0	0	0	0
571	H	0	0	0	0	0	0	0
572	S	0	0	0	0	0	0	0
573	L	0	0	0	0	0	0	0
574	V	0	0	0	0	0	0	0
575	I	0	0	0	0	0	0	0
576	K	0	0	0	0	0	0	0
577	W	0	0	0	0	0	0	0
578	N	0	0	0	0	0	0	0
579	S	0	0	0	0	0	0	0
580	P	0	0	0	0	0	0	0
581	P	0	0	0	0	0	0	0
582	Y	0	0	0	0	0	0	0
583	V	0	0	0	0	0	0	0
584	C	0	0	0	0	0	0	0
585	S	0	0	0	0	0	0	0
586	T	0	0	0	0	0	0	0
587	Q	0	0	0	0	0	0	0
588	S	0	0	0	0	0	0	0
589	E	0	0	0	0	0	0	0
590	K	N6-methyllysine	VCSTQSEKLTNTASN	EECCCCHHHCCCCCC	0	0	0	0
591	L	0	0	0	0	0	0	0
592	T	0	0	0	0	0	0	0
593	N	0	0	0	0	0	0	0
594	T	0	0	0	0	0	0	0
595	A	0	0	0	0	0	0	0
596	S	Phosphoserine	EKLTNTASNHSMDLT	HHHCCCCCCCCCCCC	0	0	0	0
597	N	0	0	0	0	0	0	0
598	H	0	0	0	0	0	0	0
599	S	Phosphoserine	TNTASNHSMDLTKSK	CCCCCCCCCCCCCCC	0	0	0	0
600	M	0	0	0	0	0	0	0
601	D	0	0	0	0	0	0	0
602	L	0	0	0	0	0	0	0
603	T	Phosphothreonine	SNHSMDLTKSKDPPG	CCCCCCCCCCCCCCC	0	0	0	0
604	K	0	0	0	0	0	0	0
605	S	0	0	0	0	0	0	0
606	K	0	0	0	0	0	0	0
607	D	0	0	0	0	0	0	0
608	P	0	0	0	0	0	0	0
609	P	0	0	0	0	0	0	0
610	G	0	0	0	0	0	0	0
611	E	0	0	0	0	0	0	0
612	K	0	0	0	0	0	0	0
613	P	0	0	0	0	0	0	0
614	A	0	0	0	0	0	0	0
615	Q	0	0	0	0	0	0	0
616	N	0	0	0	0	0	0	0
617	E	0	0	0	0	0	0	0
618	G	0	0	0	0	0	0	0
619	A	0	0	0	0	0	0	0
620	Q	0	0	0	0	0	0	0
621	N	0	0	0	0	0	0	0
622	S	0	0	0	0	0	0	0
623	A	0	0	0	0	0	0	0
624	T	0	0	0	0	0	0	0
625	F	0	0	0	0	0	0	0
626	S	Phosphoserine	AQNSATFSASKLLQN	CCCCHHHCHHHHHHH	0	0	0	0
627	A	0	0	0	0	0	0	0
628	S	Phosphoserine	NSATFSASKLLQNLA	CCHHHCHHHHHHHHH	0	0	0	0
629	K	0	0	0	0	0	0	0
630	L	0	0	0	0	0	0	0
631	L	0	0	0	0	0	0	0
632	Q	0	0	0	0	0	0	0
633	N	0	0	0	0	0	0	0
634	L	0	0	0	0	0	0	0
635	A	0	0	0	0	0	0	0
636	Q	0	0	0	0	0	0	0
637	C	0	0	0	0	0	0	0
638	G	0	0	0	0	0	0	0
639	M	0	0	0	0	0	0	0
640	Q	0	0	0	0	0	0	0
641	S	0	0	0	0	0	0	0
642	S	0	0	0	0	0	0	0
643	M	0	0	0	0	0	0	0
644	S	0	0	0	0	0	0	0
645	V	0	0	0	0	0	0	0
646	E	0	0	0	0	0	0	0
647	E	0	0	0	0	0	0	0
648	Q	0	0	0	0	0	0	0
649	R	N6-methyllysine	SMSVEEQRPSKQLLT	CCCHHHHCCCCCCCC	0	0	0	0
650	P	0	0	0	0	0	0	0
651	S	0	0	0	0	0	0	0
652	K	N6-methyllysine	VEEQRPSKQLLTGNT	HHHHCCCCCCCCCCC	0	0	0	0
653	Q	0	0	0	0	0	0	0
654	L	0	0	0	0	0	0	0
655	L	0	0	0	0	0	0	0
656	T	Phosphothreonine	RPSKQLLTGNTDKPI	CCCCCCCCCCCCCCC	0	0	0	0
657	G	0	0	0	0	0	0	0
658	N	0	0	0	0	0	0	0
659	T	Phosphothreonine	KQLLTGNTDKPIGMI	CCCCCCCCCCCCCHH	0	0	0	0
660	D	0	0	0	0	0	0	0
661	K	0	0	0	0	0	0	0
662	P	0	0	0	0	0	0	0
663	I	0	0	0	0	0	0	0
664	G	0	0	0	0	0	0	0
665	M	0	0	0	0	0	0	0
666	I	0	0	0	0	0	0	0
667	D	0	0	0	0	0	0	0
668	R	0	0	0	0	0	0	0
669	L	0	0	0	0	0	0	0
670	N	0	0	0	0	0	0	0
671	S	Phosphoserine	GMIDRLNSPLLSNKT	CHHHHCCCCCCCCCC	0	0	0	0
672	P	0	0	0	0	0	0	0
673	L	0	0	0	0	0	0	0
674	L	0	0	0	0	0	0	0
675	S	0	0	0	0	0	0	0
676	N	0	0	0	0	0	0	0
677	K	0	0	0	0	0	0	0
678	T	0	0	0	0	0	0	0
679	N	0	0	0	0	0	0	0
680	A	0	0	0	0	0	0	0
681	V	0	0	0	0	0	0	0
682	E	0	0	0	0	0	0	0
683	E	0	0	0	0	0	0	0
684	N	0	0	0	0	0	0	0
685	K	0	0	0	0	0	0	0
686	A	0	0	0	0	0	0	0
687	F	0	0	0	0	0	0	0
688	S	0	0	0	0	0	0	0
689	S	0	0	0	0	0	0	0
690	Q	0	0	0	0	0	0	0
691	P	0	0	0	0	0	0	0
692	T	0	0	0	0	0	0	0
693	G	0	0	0	0	0	0	0
694	P	0	0	0	0	0	0	0
695	E	0	0	0	0	0	0	0
696	P	0	0	0	0	0	0	0
697	G	0	0	0	0	0	0	0
698	L	0	0	0	0	0	0	0
699	S	0	0	0	0	0	0	0
700	G	0	0	0	0	0	0	0
701	S	0	0	0	0	0	0	0
702	E	0	0	0	0	0	0	0
703	I	0	0	0	0	0	0	0
704	E	0	0	0	0	0	0	0
705	N	0	0	0	0	0	0	0
706	L	0	0	0	0	0	0	0
707	L	0	0	0	0	0	0	0
708	E	0	0	0	0	0	0	0
709	R	0	0	0	0	0	0	0
710	R	0	0	0	0	0	0	0
711	T	0	0	0	0	0	0	0
712	V	0	0	0	0	0	0	0
713	L	0	0	0	0	0	0	0
714	Q	0	0	0	0	0	0	0
715	L	0	0	0	0	0	0	0
716	L	0	0	0	0	0	0	0
717	L	0	0	0	0	0	0	0
718	G	0	0	0	0	0	0	0
719	N	0	0	0	0	0	0	0
720	P	0	0	0	0	0	0	0
721	N	0	0	0	0	0	0	0
722	K	0	0	0	0	0	0	0
723	G	0	0	0	0	0	0	0
724	K	0	0	0	0	0	0	0
725	S	0	0	0	0	0	0	0
726	E	0	0	0	0	0	0	0
727	K	0	0	0	0	0	0	0
728	K	0	0	0	0	0	0	0
729	E	0	0	0	0	0	0	0
730	K	0	0	0	0	0	0	0
731	T	Phosphothreonine	KSEKKEKTPLRDEST	CCCCCCCCCCCCCHH	0	0	0	0
732	P	0	0	0	0	0	0	0
733	L	0	0	0	0	0	0	0
734	R	0	0	0	0	0	0	0
735	D	0	0	0	0	0	0	0
736	E	0	0	0	0	0	0	0
737	S	0	0	0	0	0	0	0
738	T	0	0	0	0	0	0	0
739	Q	0	0	0	0	0	0	0
740	E	0	0	0	0	0	0	0
741	H	0	0	0	0	0	0	0
742	S	0	0	0	0	0	0	0
743	E	0	0	0	0	0	0	0
744	R	0	0	0	0	0	0	0
745	A	0	0	0	0	0	0	0
746	L	0	0	0	0	0	0	0
747	S	0	0	0	0	0	0	0
748	E	0	0	0	0	0	0	0
749	Q	0	0	0	0	0	0	0
750	I	0	0	0	0	0	0	0
751	L	0	0	0	0	0	0	0
752	M	0	0	0	0	0	0	0
753	V	0	0	0	0	0	0	0
754	K	0	0	0	0	0	0	0
755	I	0	0	0	0	0	0	0
756	K	N6-methyllysine	QILMVKIKSEPCDDL	CEEEEEECCCCCCCC	0	0	0	0
757	S	0	0	0	0	0	0	0
758	E	0	0	0	0	0	0	0
759	P	0	0	0	0	0	0	0
760	C	0	0	0	0	0	0	0
761	D	0	0	0	0	0	0	0
762	D	0	0	0	0	0	0	0
763	L	0	0	0	0	0	0	0
764	Q	0	0	0	0	0	0	0
765	I	0	0	0	0	0	0	0
766	P	0	0	0	0	0	0	0
767	N	0	0	0	0	0	0	0
768	T	0	0	0	0	0	0	0
769	N	0	0	0	0	0	0	0
770	V	0	0	0	0	0	0	0
771	H	0	0	0	0	0	0	0
772	L	0	0	0	0	0	0	0
773	S	0	0	0	0	0	0	0
774	H	0	0	0	0	0	0	0
775	D	0	0	0	0	0	0	0
776	A	0	0	0	0	0	0	0
777	K	0	0	0	0	0	0	0
778	S	0	0	0	0	0	0	0
779	A	0	0	0	0	0	0	0
780	P	0	0	0	0	0	0	0
781	F	0	0	0	0	0	0	0
782	L	0	0	0	0	0	0	0
783	G	0	0	0	0	0	0	0
784	M	0	0	0	0	0	0	0
785	A	0	0	0	0	0	0	0
786	P	0	0	0	0	0	0	0
787	A	0	0	0	0	0	0	0
788	V	0	0	0	0	0	0	0
789	Q	0	0	0	0	0	0	0
790	R	0	0	0	0	0	0	0
791	S	0	0	0	0	0	0	0
792	A	0	0	0	0	0	0	0
793	P	0	0	0	0	0	0	0
794	A	0	0	0	0	0	0	0
795	L	0	0	0	0	0	0	0
796	P	0	0	0	0	0	0	0
797	V	0	0	0	0	0	0	0
798	S	0	0	0	0	0	0	0
799	E	0	0	0	0	0	0	0
800	D	0	0	0	0	0	0	0
801	F	0	0	0	0	0	0	0
802	K	Sumoyllysine	LPVSEDFKSEPVSPQ	CCCCCCCCCCCCCHH	0	0	0	0
803	S	0	0	0	0	0	0	0
804	E	0	0	0	0	0	0	0
805	P	0	0	0	0	0	0	0
806	V	0	0	0	0	0	0	0
807	S	Phosphoserine	DFKSEPVSPQDFSFS	CCCCCCCCHHHCCCC	0	0	0	0
808	P	0	0	0	0	0	0	0
809	Q	0	0	0	0	0	0	0
810	D	0	0	0	0	0	0	0
811	F	0	0	0	0	0	0	0
812	S	0	0	0	0	0	0	0
813	F	0	0	0	0	0	0	0
814	S	0	0	0	0	0	0	0
815	K	0	0	0	0	0	0	0
816	N	0	0	0	0	0	0	0
817	G	0	0	0	0	0	0	0
818	L	0	0	0	0	0	0	0
819	L	0	0	0	0	0	0	0
820	S	0	0	0	0	0	0	0
821	R	0	0	0	0	0	0	0
822	L	0	0	0	0	0	0	0
823	L	0	0	0	0	0	0	0
824	R	0	0	0	0	0	0	0
825	Q	0	0	0	0	0	0	0
826	N	0	0	0	0	0	0	0
827	Q	0	0	0	0	0	0	0
828	D	0	0	0	0	0	0	0
829	S	0	0	0	0	0	0	0
830	Y	0	0	0	0	0	0	0
831	L	0	0	0	0	0	0	0
832	A	0	0	0	0	0	0	0
833	D	0	0	0	0	0	0	0
834	D	0	0	0	0	0	0	0
835	S	0	0	0	0	0	0	0
836	D	0	0	0	0	0	0	0
837	R	0	0	0	0	0	0	0
838	S	0	0	0	0	0	0	0
839	H	0	0	0	0	0	0	0
840	R	0	0	0	0	0	0	0
841	N	0	0	0	0	0	0	0
842	N	0	0	0	0	0	0	0
843	E	0	0	0	0	0	0	0
844	M	0	0	0	0	0	0	0
845	A	0	0	0	0	0	0	0
846	L	0	0	0	0	0	0	0
847	L	0	0	0	0	0	0	0
848	E	0	0	0	0	0	0	0
849	S	0	0	0	0	0	0	0
850	K	N6-methyllysine	EMALLESKNLCMVPK	HHHHHHHCCCCCCCC	0	0	0	0
851	N	0	0	0	0	0	0	0
852	L	0	0	0	0	0	0	0
853	C	0	0	0	0	0	0	0
854	M	0	0	0	0	0	0	0
855	V	0	0	0	0	0	0	0
856	P	0	0	0	0	0	0	0
857	K	0	0	0	0	0	0	0
858	K	0	0	0	0	0	0	0
859	R	0	0	0	0	0	0	0
860	K	0	0	0	0	0	0	0
861	L	0	0	0	0	0	0	0
862	Y	0	0	0	0	0	0	0
863	T	0	0	0	0	0	0	0
864	E	0	0	0	0	0	0	0
865	P	0	0	0	0	0	0	0
866	L	0	0	0	0	0	0	0
867	E	0	0	0	0	0	0	0
868	N	0	0	0	0	0	0	0
869	P	0	0	0	0	0	0	0
870	F	0	0	0	0	0	0	0
871	K	0	0	0	0	0	0	0
872	K	0	0	0	0	0	0	0
873	M	0	0	0	0	0	0	0
874	K	0	0	0	0	0	0	0
875	N	0	0	0	0	0	0	0
876	N	0	0	0	0	0	0	0
877	I	0	0	0	0	0	0	0
878	V	0	0	0	0	0	0	0
879	D	0	0	0	0	0	0	0
880	A	0	0	0	0	0	0	0
881	A	0	0	0	0	0	0	0
882	N	0	0	0	0	0	0	0
883	N	0	0	0	0	0	0	0
884	H	0	0	0	0	0	0	0
885	S	0	0	0	0	0	0	0
886	A	0	0	0	0	0	0	0
887	P	0	0	0	0	0	0	0
888	E	0	0	0	0	0	0	0
889	V	0	0	0	0	0	0	0
890	L	0	0	0	0	0	0	0
891	Y	0	0	0	0	0	0	0
892	G	0	0	0	0	0	0	0
893	S	0	0	0	0	0	0	0
894	L	0	0	0	0	0	0	0
895	L	0	0	0	0	0	0	0
896	N	0	0	0	0	0	0	0
897	Q	0	0	0	0	0	0	0
898	E	0	0	0	0	0	0	0
899	E	0	0	0	0	0	0	0
900	L	0	0	0	0	0	0	0
901	K	Sumoyllysine	LLNQEELKFSRNDLE	CCCHHHHCCCCCCEE	0	0	0	0
902	F	0	0	0	0	0	0	0
903	S	0	0	0	0	0	0	0
904	R	0	0	0	0	0	0	0
905	N	0	0	0	0	0	0	0
906	D	0	0	0	0	0	0	0
907	L	0	0	0	0	0	0	0
908	E	0	0	0	0	0	0	0
909	F	0	0	0	0	0	0	0
910	K	0	0	0	0	0	0	0
911	Y	Phosphotyrosine	RNDLEFKYPAGHGSA	CCCEEECCCCCCCCC	0	0	0	0
912	P	0	0	0	0	0	0	0
913	A	0	0	0	0	0	0	0
914	G	0	0	0	0	0	0	0
915	H	0	0	0	0	0	0	0
916	G	0	0	0	0	0	0	0
917	S	Phosphoserine	KYPAGHGSASESEHR	CCCCCCCCCCHHHHH	0	0	0	0
918	A	0	0	0	0	0	0	0
919	S	0	0	0	0	0	0	0
920	E	0	0	0	0	0	0	0
921	S	Phosphoserine	GHGSASESEHRSWAR	CCCCCCHHHHHHHHH	0	0	0	0
922	E	0	0	0	0	0	0	0
923	H	0	0	0	0	0	0	0
924	R	0	0	0	0	0	0	0
925	S	0	0	0	0	0	0	0
926	W	0	0	0	0	0	0	0
927	A	0	0	0	0	0	0	0
928	R	0	0	0	0	0	0	0
929	E	0	0	0	0	0	0	0
930	S	0	0	0	0	0	0	0
931	K	Sumoyllysine	RSWARESKSFNVLKQ	HHHHHHCCHHHHHHH	0	0	0	0
932	S	0	0	0	0	0	0	0
933	F	0	0	0	0	0	0	0
934	N	0	0	0	0	0	0	0
935	V	0	0	0	0	0	0	0
936	L	0	0	0	0	0	0	0
937	K	0	0	0	0	0	0	0
938	Q	0	0	0	0	0	0	0
939	L	0	0	0	0	0	0	0
940	L	0	0	0	0	0	0	0
941	L	0	0	0	0	0	0	0
942	S	0	0	0	0	0	0	0
943	E	0	0	0	0	0	0	0
944	N	0	0	0	0	0	0	0
945	C	0	0	0	0	0	0	0
946	V	0	0	0	0	0	0	0
947	R	N6-methyllysine	LLSENCVRDLSPHRS	HHCCCCCHHCCCCCC	0	0	0	0
948	D	0	0	0	0	0	0	0
949	L	0	0	0	0	0	0	0
950	S	0	0	0	0	0	0	0
951	P	0	0	0	0	0	0	0
952	H	0	0	0	0	0	0	0
953	R	0	0	0	0	0	0	0
954	S	Phosphoserine	RDLSPHRSNSVADSK	HHCCCCCCCCHHHHH	0	0	0	0
955	N	0	0	0	0	0	0	0
956	S	0	0	0	0	0	0	0
957	V	0	0	0	0	0	0	0
958	A	0	0	0	0	0	0	0
959	D	0	0	0	0	0	0	0
960	S	0	0	0	0	0	0	0
961	K	0	0	0	0	0	0	0
962	K	0	0	0	0	0	0	0
963	K	N6-acetyllysine	SVADSKKKGHKNNVT	CHHHHHCCCCCCCCC	0	0	0	0
964	G	0	0	0	0	0	0	0
965	H	0	0	0	0	0	0	0
966	K	N6-acetyllysine	DSKKKGHKNNVTNSK	HHHCCCCCCCCCCCC	0	0	0	0
967	N	0	0	0	0	0	0	0
968	N	0	0	0	0	0	0	0
969	V	0	0	0	0	0	0	0
970	T	0	0	0	0	0	0	0
971	N	0	0	0	0	0	0	0
972	S	0	0	0	0	0	0	0
973	K	0	0	0	0	0	0	0
974	P	0	0	0	0	0	0	0
975	E	0	0	0	0	0	0	0
976	F	0	0	0	0	0	0	0
977	S	0	0	0	0	0	0	0
978	I	0	0	0	0	0	0	0
979	S	0	0	0	0	0	0	0
980	S	0	0	0	0	0	0	0
981	L	0	0	0	0	0	0	0
982	N	0	0	0	0	0	0	0
983	G	0	0	0	0	0	0	0
984	L	0	0	0	0	0	0	0
985	M	0	0	0	0	0	0	0
986	Y	0	0	0	0	0	0	0
987	S	0	0	0	0	0	0	0
988	S	0	0	0	0	0	0	0
989	T	0	0	0	0	0	0	0
990	Q	0	0	0	0	0	0	0
991	P	0	0	0	0	0	0	0
992	S	0	0	0	0	0	0	0
993	S	0	0	0	0	0	0	0
994	C	0	0	0	0	0	0	0
995	M	0	0	0	0	0	0	0
996	D	0	0	0	0	0	0	0
997	N	0	0	0	0	0	0	0
998	R	0	0	0	0	0	0	0
999	T	0	0	0	0	0	0	0
1000	F	0	0	0	0	0	0	0
1001	S	0	0	0	0	0	0	0
1002	Y	0	0	0	0	0	0	0
1003	P	0	0	0	0	0	0	0
1004	G	0	0	0	0	0	0	0
1005	V	0	0	0	0	0	0	0
1006	V	0	0	0	0	0	0	0
1007	K	0	0	0	0	0	0	0
1008	T	Phosphothreonine	SYPGVVKTPVSPTFP	CCCCCEECCCCCCCH	0	0	0	0
1009	P	0	0	0	0	0	0	0
1010	V	0	0	0	0	0	0	0
1011	S	Phosphoserine	GVVKTPVSPTFPEHL	CCEECCCCCCCHHHC	0	0	0	0
1012	P	0	0	0	0	0	0	0
1013	T	0	0	0	0	0	0	0
1014	F	0	0	0	0	0	0	0
1015	P	0	0	0	0	0	0	0
1016	E	0	0	0	0	0	0	0
1017	H	0	0	0	0	0	0	0
1018	L	0	0	0	0	0	0	0
1019	G	0	0	0	0	0	0	0
1020	C	0	0	0	0	0	0	0
1021	A	0	0	0	0	0	0	0
1022	G	0	0	0	0	0	0	0
1023	S	0	0	0	0	0	0	0
1024	R	0	0	0	0	0	0	0
1025	P	0	0	0	0	0	0	0
1026	E	0	0	0	0	0	0	0
1027	S	0	0	0	0	0	0	0
1028	G	0	0	0	0	0	0	0
1029	L	0	0	0	0	0	0	0
1030	L	0	0	0	0	0	0	0
1031	N	0	0	0	0	0	0	0
1032	G	0	0	0	0	0	0	0
1033	C	0	0	0	0	0	0	0
1034	S	Phosphoserine	SGLLNGCSMPSEKGP	CCCCCCCCCCCCCCC	0	0	0	0
1035	M	0	0	0	0	0	0	0
1036	P	0	0	0	0	0	0	0
1037	S	0	0	0	0	0	0	0
1038	E	0	0	0	0	0	0	0
1039	K	0	0	0	0	0	0	0
1040	G	0	0	0	0	0	0	0
1041	P	0	0	0	0	0	0	0
1042	I	0	0	0	0	0	0	0
1043	K	0	0	0	0	0	0	0
1044	W	0	0	0	0	0	0	0
1045	V	0	0	0	0	0	0	0
1046	I	0	0	0	0	0	0	0
1047	T	0	0	0	0	0	0	0
1048	D	0	0	0	0	0	0	0
1049	A	0	0	0	0	0	0	0
1050	E	0	0	0	0	0	0	0
1051	K	0	0	0	0	0	0	0
1052	N	0	0	0	0	0	0	0
1053	E	0	0	0	0	0	0	0
1054	Y	0	0	0	0	0	0	0
1055	E	0	0	0	0	0	0	0
1056	K	0	0	0	0	0	0	0
1057	D	0	0	0	0	0	0	0
1058	S	0	0	0	0	0	0	0
1059	P	0	0	0	0	0	0	0
1060	R	0	0	0	0	0	0	0
1061	L	0	0	0	0	0	0	0
1062	T	0	0	0	0	0	0	0
1063	K	0	0	0	0	0	0	0
1064	T	0	0	0	0	0	0	0
1065	N	0	0	0	0	0	0	0
1066	P	0	0	0	0	0	0	0
1067	I	0	0	0	0	0	0	0
1068	L	0	0	0	0	0	0	0
1069	Y	Phosphotyrosine	TKTNPILYYMLQKGG	CCCCHHHHHHHHCCC	0	0	0	0
1070	Y	0	0	0	0	0	0	0
1071	M	0	0	0	0	0	0	0
1072	L	0	0	0	0	0	0	0
1073	Q	0	0	0	0	0	0	0
1074	K	0	0	0	0	0	0	0
1075	G	0	0	0	0	0	0	0
1076	G	0	0	0	0	0	0	0
1077	N	0	0	0	0	0	0	0
1078	S	0	0	0	0	0	0	0
1079	V	0	0	0	0	0	0	0
1080	T	0	0	0	0	0	0	0
1081	S	0	0	0	0	0	0	0
1082	R	0	0	0	0	0	0	0
1083	E	0	0	0	0	0	0	0
1084	T	0	0	0	0	0	0	0
1085	Q	0	0	0	0	0	0	0
1086	D	0	0	0	0	0	0	0
1087	K	0	0	0	0	0	0	0
1088	D	0	0	0	0	0	0	0
1089	I	0	0	0	0	0	0	0
1090	W	0	0	0	0	0	0	0
1091	R	0	0	0	0	0	0	0
1092	E	0	0	0	0	0	0	0
1093	A	0	0	0	0	0	0	0
1094	S	0	0	0	0	0	0	0
1095	S	Phosphoserine	DIWREASSAESVSQV	HHHHHHHCCCCHHHH	0	0	0	0
1096	A	0	0	0	0	0	0	0
1097	E	0	0	0	0	0	0	0
1098	S	0	0	0	0	0	0	0
1099	V	0	0	0	0	0	0	0
1100	S	Phosphoserine	ASSAESVSQVTAKEE	HHCCCCHHHHCCCHH	0	0	0	0
1101	Q	0	0	0	0	0	0	0
1102	V	0	0	0	0	0	0	0
1103	T	0	0	0	0	0	0	0
1104	A	0	0	0	0	0	0	0
1105	K	Sumoyllysine	SVSQVTAKEELLPTA	CHHHHCCCHHHCCCH	0	0	0	0
1106	E	0	0	0	0	0	0	0
1107	E	0	0	0	0	0	0	0
1108	L	0	0	0	0	0	0	0
1109	L	0	0	0	0	0	0	0
1110	P	0	0	0	0	0	0	0
1111	T	Phosphothreonine	AKEELLPTAETKASF	CCHHHCCCHHHHHHH	0	0	0	0
1112	A	0	0	0	0	0	0	0
1113	E	0	0	0	0	0	0	0
1114	T	0	0	0	0	0	0	0
1115	K	Ubiquitinlysine	LLPTAETKASFFNLR	HCCCHHHHHHHCCCC	0	0	0	0
1116	A	0	0	0	0	0	0	0
1117	S	0	0	0	0	0	0	0
1118	F	0	0	0	0	0	0	0
1119	F	0	0	0	0	0	0	0
1120	N	0	0	0	0	0	0	0
1121	L	0	0	0	0	0	0	0
1122	R	0	0	0	0	0	0	0
1123	S	0	0	0	0	0	0	0
1124	P	0	0	0	0	0	0	0
1125	Y	0	0	0	0	0	0	0
1126	N	0	0	0	0	0	0	0
1127	S	0	0	0	0	0	0	0
1128	H	0	0	0	0	0	0	0
1129	M	0	0	0	0	0	0	0
1130	G	0	0	0	0	0	0	0
1131	N	0	0	0	0	0	0	0
1132	N	0	0	0	0	0	0	0
1133	A	0	0	0	0	0	0	0
1134	S	0	0	0	0	0	0	0
1135	R	0	0	0	0	0	0	0
1136	P	0	0	0	0	0	0	0
1137	H	0	0	0	0	0	0	0
1138	S	0	0	0	0	0	0	0
1139	A	0	0	0	0	0	0	0
1140	N	0	0	0	0	0	0	0
1141	G	0	0	0	0	0	0	0
1142	E	0	0	0	0	0	0	0
1143	V	0	0	0	0	0	0	0
1144	Y	0	0	0	0	0	0	0
1145	G	0	0	0	0	0	0	0
1146	L	0	0	0	0	0	0	0
1147	L	0	0	0	0	0	0	0
1148	G	0	0	0	0	0	0	0
1149	S	0	0	0	0	0	0	0
1150	V	0	0	0	0	0	0	0
1151	L	0	0	0	0	0	0	0
1152	T	0	0	0	0	0	0	0
1153	I	0	0	0	0	0	0	0
1154	K	Sumoyllysine	LGSVLTIKKESE---	EEEEEEEEECCC---	0	0	0	0
1155	K	0	0	0	0	0	0	0
1156	E	0	0	0	0	0	0	0
1157	S	0	0	0	0	0	0	0
1158	E	0	0	0	0	0	0	0
