location	residue	Modification	seq	secStruc	RelatedDisease	VariantPosition	ResidueChange	DaPSbySAP
1	M	0	0	0	0	0	0	0
2	A	N-acetylalanine	------MATPLAVNS	------CCCCCCCCH	0	0	0	0
3	T	Phosphothreonine	-----MATPLAVNSA	-----CCCCCCCCHH	0	0	0	0
4	P	0	0	0	0	0	0	0
5	L	0	0	0	0	0	0	0
6	A	0	0	0	0	0	0	0
7	V	0	0	0	0	0	0	0
8	N	0	0	0	0	0	0	0
9	S	0	0	0	0	0	0	0
10	A	0	0	0	0	0	0	0
11	A	0	0	0	0	0	0	0
12	S	0	0	0	0	0	0	0
13	L	0	0	0	0	0	0	0
14	W	0	0	0	0	0	0	0
15	G	0	0	0	0	0	0	0
16	P	0	0	0	0	0	0	0
17	Y	0	0	0	0	0	0	0
18	K	0	0	0	0	0	0	0
19	D	0	0	0	0	0	0	0
20	I	0	0	0	0	0	0	0
21	W	0	0	0	0	0	0	0
22	H	0	0	0	0	0	0	0
23	K	Ubiquitinlysine	PYKDIWHKVGNALWR	CHHHHHHHHHHHHHH	0	0	0	0
24	V	0	0	0	0	0	0	0
25	G	0	0	0	0	0	0	0
26	N	0	0	0	0	0	0	0
27	A	0	0	0	0	0	0	0
28	L	0	0	0	0	0	0	0
29	W	0	0	0	0	0	0	0
30	R	0	0	0	0	0	0	0
31	R	0	0	0	0	0	0	0
32	Q	0	0	0	0	0	0	0
33	P	0	0	0	0	0	0	0
34	E	0	0	0	0	0	0	0
35	A	0	0	0	0	0	0	0
36	V	0	0	0	0	0	0	0
37	H	0	0	0	0	0	0	0
38	L	0	0	0	0	0	0	0
39	L	0	0	0	0	0	0	0
40	D	0	0	0	0	0	0	0
41	K	Ubiquitinlysine	EAVHLLDKILKKHKP	HHHHHHHHHHHHHCC	0	0	0	0
42	I	0	0	0	0	0	0	0
43	L	0	0	0	0	0	0	0
44	K	0	0	0	0	0	0	0
45	K	0	0	0	0	0	0	0
46	H	0	0	0	0	0	0	0
47	K	N6-acetyllysine	DKILKKHKPDFISLF	HHHHHHHCCCHHHHC	0	0	0	0
48	P	0	0	0	0	0	0	0
49	D	0	0	0	0	0	0	0
50	F	0	0	0	0	0	0	0
51	I	0	0	0	0	0	0	0
52	S	0	0	0	0	0	0	0
53	L	0	0	0	0	0	0	0
54	F	0	0	0	0	0	0	0
55	K	N6-acetyllysine	PDFISLFKNPPKNVQ	CCHHHHCCCCCCCHH	0	0	0	0
56	N	0	0	0	0	0	0	0
57	P	0	0	0	0	0	0	0
58	P	0	0	0	0	0	0	0
59	K	0	0	0	0	0	0	0
60	N	0	0	0	0	0	0	0
61	V	0	0	0	0	0	0	0
62	Q	0	0	0	0	0	0	0
63	Q	0	0	0	0	0	0	0
64	H	0	0	0	0	0	0	0
65	E	0	0	0	0	0	0	0
66	K	0	0	0	0	0	0	0
67	V	0	0	0	0	0	0	0
68	Q	0	0	0	0	0	0	0
69	K	Ubiquitinlysine	QQHEKVQKASTEGVA	HHHHHHHHHHCCCCE	0	0	0	0
70	A	0	0	0	0	0	0	0
71	S	0	0	0	0	0	0	0
72	T	Phosphothreonine	EKVQKASTEGVAIQG	HHHHHHHCCCCEECC	0	0	0	0
73	E	0	0	0	0	0	0	0
74	G	0	0	0	0	0	0	0
75	V	0	0	0	0	0	0	0
76	A	0	0	0	0	0	0	0
77	I	0	0	0	0	0	0	0
78	Q	0	0	0	0	0	0	0
79	G	0	0	0	0	0	0	0
80	Q	0	0	0	0	0	0	0
81	Q	0	0	0	0	0	0	0
82	G	0	0	0	0	0	0	0
83	T	0	0	0	0	0	0	0
84	R	0	0	0	0	0	0	0
85	L	0	0	0	0	0	0	0
86	L	0	0	0	0	0	0	0
87	P	0	0	0	0	0	0	0
88	E	0	0	0	0	0	0	0
89	Q	0	0	0	0	0	0	0
90	L	0	0	0	0	0	0	0
91	I	0	0	0	0	0	0	0
92	K	0	0	0	0	0	0	0
93	E	0	0	0	0	0	0	0
94	A	0	0	0	0	0	0	0
95	F	0	0	0	0	0	0	0
96	I	0	0	0	0	0	0	0
97	L	0	0	0	0	0	0	0
98	S	0	0	0	0	0	0	0
99	D	0	0	0	0	0	0	0
100	L	0	0	0	0	0	0	0
101	F	0	0	0	0	0	0	0
102	D	0	0	0	0	0	0	0
103	I	0	0	0	0	0	0	0
104	G	0	0	0	0	0	0	0
105	E	0	0	0	0	0	0	0
106	L	0	0	0	0	0	0	0
107	A	0	0	0	0	0	0	0
108	A	0	0	0	0	0	0	0
109	V	0	0	0	0	0	0	0
110	E	0	0	0	0	0	0	0
111	L	0	0	0	0	0	0	0
112	L	0	0	0	0	0	0	0
113	L	0	0	0	0	0	0	0
114	A	0	0	0	0	0	0	0
115	G	0	0	0	0	0	0	0
116	E	0	0	0	0	0	0	0
117	H	0	0	0	0	0	0	0
118	Q	0	0	0	0	0	0	0
119	Q	0	0	0	0	0	0	0
120	P	0	0	0	0	0	0	0
121	H	0	0	0	0	0	0	0
122	F	0	0	0	0	0	0	0
123	P	0	0	0	0	0	0	0
124	G	0	0	0	0	0	0	0
125	L	0	0	0	0	0	0	0
126	T	0	0	0	0	0	0	0
127	R	0	0	0	0	0	0	0
128	G	0	0	0	0	0	0	0
129	L	0	0	0	0	0	0	0
130	V	0	0	0	0	0	0	0
131	A	0	0	0	0	0	0	0
132	V	0	0	0	0	0	0	0
133	L	0	0	0	0	0	0	0
134	L	0	0	0	0	0	0	0
135	Y	0	0	0	0	0	0	0
136	W	0	0	0	0	0	0	0
137	D	0	0	0	0	0	0	0
138	G	0	0	0	0	0	0	0
139	K	0	0	0	0	0	0	0
140	R	0	0	0	0	0	0	0
141	C	0	0	0	0	0	0	0
142	I	0	0	0	0	0	0	0
143	A	0	0	0	0	0	0	0
144	N	0	0	0	0	0	0	0
145	S	0	0	0	0	0	0	0
146	L	0	0	0	0	0	0	0
147	K	0	0	0	0	0	0	0
148	A	0	0	0	0	0	0	0
149	L	0	0	0	0	0	0	0
150	I	0	0	0	0	0	0	0
151	Q	0	0	0	0	0	0	0
152	S	0	0	0	0	0	0	0
153	R	0	0	0	0	0	0	0
154	R	0	0	0	0	0	0	0
155	G	0	0	0	0	0	0	0
156	K	Ubiquitinlysine	LIQSRRGKTWTLELS	HHHCCCCCCEEEEEC	0	0	0	0
157	T	0	0	0	0	0	0	0
158	W	0	0	0	0	0	0	0
159	T	0	0	0	0	0	0	0
160	L	0	0	0	0	0	0	0
161	E	0	0	0	0	0	0	0
162	L	0	0	0	0	0	0	0
163	S	Phosphoserine	KTWTLELSPELASMT	CCEEEEECHHHHHCC	0	0	0	0
164	P	0	0	0	0	0	0	0
165	E	0	0	0	0	0	0	0
166	L	0	0	0	0	0	0	0
167	A	0	0	0	0	0	0	0
168	S	0	0	0	0	0	0	0
169	M	0	0	0	0	0	0	0
170	T	0	0	0	0	0	0	0
171	T	0	0	0	0	0	0	0
172	R	0	0	0	0	0	0	0
173	F	0	0	0	0	0	0	0
174	T	0	0	0	0	0	0	0
175	D	0	0	0	0	0	0	0
176	E	0	0	0	0	0	0	0
177	L	0	0	0	0	0	0	0
178	M	0	0	0	0	0	0	0
179	E	0	0	0	0	0	0	0
180	Q	0	0	0	0	0	0	0
181	G	0	0	0	0	0	0	0
182	L	0	0	0	0	0	0	0
183	T	0	0	0	0	0	0	0
184	Y	0	0	0	0	0	0	0
185	K	0	0	0	0	0	0	0
186	V	0	0	0	0	0	0	0
187	L	0	0	0	0	0	0	0
188	T	0	0	0	0	0	0	0
189	L	0	0	0	0	0	0	0
190	V	0	0	0	0	0	0	0
191	S	0	0	0	0	0	0	0
192	Q	0	0	0	0	0	0	0
193	I	0	0	0	0	0	0	0
194	D	0	0	0	0	0	0	0
195	V	0	0	0	0	0	0	0
196	N	0	0	0	0	0	0	0
197	N	0	0	0	0	0	0	0
198	E	0	0	0	0	0	0	0
199	F	0	0	0	0	0	0	0
200	E	0	0	0	0	0	0	0
201	K	0	0	0	0	0	0	0
202	L	0	0	0	0	0	0	0
203	Q	0	0	0	0	0	0	0
204	R	0	0	0	0	0	0	0
205	E	0	0	0	0	0	0	0
206	R	0	0	0	0	0	0	0
207	G	0	0	0	0	0	0	0
208	L	0	0	0	0	0	0	0
209	G	0	0	0	0	0	0	0
210	S	0	0	0	0	0	0	0
211	E	0	0	0	0	0	0	0
212	K	0	0	0	0	0	0	0
213	H	0	0	0	0	0	0	0
214	R	0	0	0	0	0	0	0
215	K	0	0	0	0	0	0	0
216	E	0	0	0	0	0	0	0
217	V	0	0	0	0	0	0	0
218	S	Phosphoserine	EKHRKEVSDLIKECR	HHHHHHHHHHHHHHH	0	0	0	0
219	D	0	0	0	0	0	0	0
220	L	0	0	0	0	0	0	0
221	I	0	0	0	0	0	0	0
222	K	N6-acetyllysine	KEVSDLIKECRQSLA	HHHHHHHHHHHHHHH	0	0	0	0
223	E	0	0	0	0	0	0	0
224	C	0	0	0	0	0	0	0
225	R	0	0	0	0	0	0	0
226	Q	0	0	0	0	0	0	0
227	S	0	0	0	0	0	0	0
228	L	0	0	0	0	0	0	0
229	A	0	0	0	0	0	0	0
230	E	0	0	0	0	0	0	0
231	S	0	0	0	0	0	0	0
232	L	0	0	0	0	0	0	0
233	F	0	0	0	0	0	0	0
234	A	0	0	0	0	0	0	0
235	W	0	0	0	0	0	0	0
236	A	0	0	0	0	0	0	0
237	C	0	0	0	0	0	0	0
238	Q	0	0	0	0	0	0	0
239	S	0	0	0	0	0	0	0
240	P	0	0	0	0	0	0	0
241	L	0	0	0	0	0	0	0
242	G	0	0	0	0	0	0	0
243	K	0	0	0	0	0	0	0
244	E	0	0	0	0	0	0	0
245	D	0	0	0	0	0	0	0
246	T	0	0	0	0	0	0	0
247	L	0	0	0	0	0	0	0
248	L	0	0	0	0	0	0	0
249	L	0	0	0	0	0	0	0
250	I	0	0	0	0	0	0	0
251	G	0	0	0	0	0	0	0
252	H	0	0	0	0	0	0	0
253	L	0	0	0	0	0	0	0
254	E	0	0	0	0	0	0	0
255	R	0	0	0	0	0	0	0
256	V	0	0	0	0	0	0	0
257	T	0	0	0	0	0	0	0
258	V	0	0	0	0	0	0	0
259	E	0	0	0	0	0	0	0
260	A	0	0	0	0	0	0	0
261	N	0	0	0	0	0	0	0
262	G	0	0	0	0	0	0	0
263	S	0	0	0	0	0	0	0
264	L	0	0	0	0	0	0	0
265	D	0	0	0	0	0	0	0
266	A	0	0	0	0	0	0	0
267	V	0	0	0	0	0	0	0
268	N	0	0	0	0	0	0	0
269	L	0	0	0	0	0	0	0
270	A	0	0	0	0	0	0	0
271	L	0	0	0	0	0	0	0
272	L	0	0	0	0	0	0	0
273	M	0	0	0	0	0	0	0
274	A	0	0	0	0	0	0	0
275	L	0	0	0	0	0	0	0
276	L	0	0	0	0	0	0	0
277	Y	0	0	0	0	0	0	0
278	C	0	0	0	0	0	0	0
279	F	0	0	0	0	0	0	0
280	D	0	0	0	0	0	0	0
281	I	0	0	0	0	0	0	0
282	S	0	0	0	0	0	0	0
283	F	0	0	0	0	0	0	0
284	I	0	0	0	0	0	0	0
285	E	0	0	0	0	0	0	0
286	Q	0	0	0	0	0	0	0
287	S	0	0	0	0	0	0	0
288	T	0	0	0	0	0	0	0
289	E	0	0	0	0	0	0	0
290	E	0	0	0	0	0	0	0
291	R	0	0	0	0	0	0	0
292	D	0	0	0	0	0	0	0
293	D	0	0	0	0	0	0	0
294	M	0	0	0	0	0	0	0
295	I	0	0	0	0	0	0	0
296	H	0	0	0	0	0	0	0
297	Q	0	0	0	0	0	0	0
298	L	0	0	0	0	0	0	0
299	P	0	0	0	0	0	0	0
300	L	0	0	0	0	0	0	0
301	L	0	0	0	0	0	0	0
302	T	0	0	0	0	0	0	0
303	E	0	0	0	0	0	0	0
304	K	Ubiquitinlysine	QLPLLTEKQYIATIH	HHHCCCCHHHHHHHH	0	0	0	0
305	Q	0	0	0	0	0	0	0
306	Y	0	0	0	0	0	0	0
307	I	0	0	0	0	0	0	0
308	A	0	0	0	0	0	0	0
309	T	0	0	0	0	0	0	0
310	I	0	0	0	0	0	0	0
311	H	0	0	0	0	0	0	0
312	S	0	0	0	0	0	0	0
313	R	0	0	0	0	0	0	0
314	L	0	0	0	0	0	0	0
315	Q	0	0	0	0	0	0	0
316	D	0	0	0	0	0	0	0
317	S	0	0	0	0	0	0	0
318	Q	0	0	0	0	0	0	0
319	L	0	0	0	0	0	0	0
320	W	0	0	0	0	0	0	0
321	K	Ubiquitinlysine	LQDSQLWKLPGLQAT	CCCHHHHCCCCHHHH	0	0	0	0
322	L	0	0	0	0	0	0	0
323	P	0	0	0	0	0	0	0
324	G	0	0	0	0	0	0	0
325	L	0	0	0	0	0	0	0
326	Q	0	0	0	0	0	0	0
327	A	0	0	0	0	0	0	0
328	T	Phosphothreonine	KLPGLQATVRLAWAL	CCCCHHHHHHHHHHH	0	0	0	0
329	V	0	0	0	0	0	0	0
330	R	0	0	0	0	0	0	0
331	L	0	0	0	0	0	0	0
332	A	0	0	0	0	0	0	0
333	W	0	0	0	0	0	0	0
334	A	0	0	0	0	0	0	0
335	L	0	0	0	0	0	0	0
336	A	0	0	0	0	0	0	0
337	L	0	0	0	0	0	0	0
338	R	0	0	0	0	0	0	0
339	G	0	0	0	0	0	0	0
340	I	0	0	0	0	0	0	0
341	S	0	0	0	0	0	0	0
342	Q	0	0	0	0	0	0	0
343	L	0	0	0	0	0	0	0
344	P	0	0	0	0	0	0	0
345	D	0	0	0	0	0	0	0
346	V	0	0	0	0	0	0	0
347	T	0	0	0	0	0	0	0
348	A	0	0	0	0	0	0	0
349	L	0	0	0	0	0	0	0
350	A	0	0	0	0	0	0	0
351	E	0	0	0	0	0	0	0
352	F	0	0	0	0	0	0	0
353	T	0	0	0	0	0	0	0
354	E	0	0	0	0	0	0	0
355	A	0	0	0	0	0	0	0
356	D	0	0	0	0	0	0	0
357	E	0	0	0	0	0	0	0
358	A	0	0	0	0	0	0	0
359	M	0	0	0	0	0	0	0
360	A	0	0	0	0	0	0	0
361	E	0	0	0	0	0	0	0
362	L	0	0	0	0	0	0	0
363	A	0	0	0	0	0	0	0
364	I	0	0	0	0	0	0	0
365	A	0	0	0	0	0	0	0
366	D	0	0	0	0	0	0	0
367	N	0	0	0	0	0	0	0
368	V	0	0	0	0	0	0	0
369	F	0	0	0	0	0	0	0
370	L	0	0	0	0	0	0	0
371	F	0	0	0	0	0	0	0
372	L	0	0	0	0	0	0	0
373	M	0	0	0	0	0	0	0
374	E	0	0	0	0	0	0	0
375	S	0	0	0	0	0	0	0
376	V	0	0	0	0	0	0	0
377	V	0	0	0	0	0	0	0
378	V	0	0	0	0	0	0	0
379	S	0	0	0	0	0	0	0
380	E	0	0	0	0	0	0	0
381	Y	0	0	0	0	0	0	0
382	F	0	0	0	0	0	0	0
383	Y	0	0	0	0	0	0	0
384	Q	0	0	0	0	0	0	0
385	E	0	0	0	0	0	0	0
386	E	0	0	0	0	0	0	0
387	F	0	0	0	0	0	0	0
388	Y	0	0	0	0	0	0	0
389	I	0	0	0	0	0	0	0
390	R	0	0	0	0	0	0	0
391	R	0	0	0	0	0	0	0
392	V	0	0	0	0	0	0	0
393	H	0	0	0	0	0	0	0
394	N	0	0	0	0	0	0	0
395	L	0	0	0	0	0	0	0
396	I	0	0	0	0	0	0	0
397	T	0	0	0	0	0	0	0
398	D	0	0	0	0	0	0	0
399	F	0	0	0	0	0	0	0
400	L	0	0	0	0	0	0	0
401	A	0	0	0	0	0	0	0
402	L	0	0	0	0	0	0	0
403	M	0	0	0	0	0	0	0
404	P	0	0	0	0	0	0	0
405	M	0	0	0	0	0	0	0
406	K	0	0	0	0	0	0	0
407	V	0	0	0	0	0	0	0
408	K	0	0	0	0	0	0	0
409	Q	0	0	0	0	0	0	0
410	L	0	0	0	0	0	0	0
411	R	0	0	0	0	0	0	0
412	N	0	0	0	0	0	0	0
413	R	0	0	0	0	0	0	0
414	A	0	0	0	0	0	0	0
415	D	0	0	0	0	0	0	0
416	E	0	0	0	0	0	0	0
417	D	0	0	0	0	0	0	0
418	A	0	0	0	0	0	0	0
419	R	0	0	0	0	0	0	0
420	M	0	0	0	0	0	0	0
421	I	0	0	0	0	0	0	0
422	H	0	0	0	0	0	0	0
423	M	0	0	0	0	0	0	0
424	S	0	0	0	0	0	0	0
425	M	0	0	0	0	0	0	0
426	Q	0	0	0	0	0	0	0
427	M	0	0	0	0	0	0	0
428	G	0	0	0	0	0	0	0
429	N	0	0	0	0	0	0	0
430	E	0	0	0	0	0	0	0
431	P	0	0	0	0	0	0	0
432	P	0	0	0	0	0	0	0
433	I	0	0	0	0	0	0	0
434	S	Phosphoserine	MGNEPPISLRRDLEH	CCCCCCCCHHHHHHH	0	0	0	0
435	L	0	0	0	0	0	0	0
436	R	0	0	0	0	0	0	0
437	R	0	0	0	0	0	0	0
438	D	0	0	0	0	0	0	0
439	L	0	0	0	0	0	0	0
440	E	0	0	0	0	0	0	0
441	H	0	0	0	0	0	0	0
442	L	0	0	0	0	0	0	0
443	M	0	0	0	0	0	0	0
444	L	0	0	0	0	0	0	0
445	L	0	0	0	0	0	0	0
446	I	0	0	0	0	0	0	0
447	G	0	0	0	0	0	0	0
448	E	0	0	0	0	0	0	0
449	L	0	0	0	0	0	0	0
450	Y	Phosphotyrosine	MLLIGELYKKNPFHL	HHHHHHHHHHCCCCH	0	0	0	0
451	K	0	0	0	0	0	0	0
452	K	0	0	0	0	0	0	0
453	N	0	0	0	0	0	0	0
454	P	0	0	0	0	0	0	0
455	F	0	0	0	0	0	0	0
456	H	0	0	0	0	0	0	0
457	L	0	0	0	0	0	0	0
458	E	0	0	0	0	0	0	0
459	L	0	0	0	0	0	0	0
460	A	0	0	0	0	0	0	0
461	L	0	0	0	0	0	0	0
462	E	0	0	0	0	0	0	0
463	Y	0	0	0	0	0	0	0
464	W	0	0	0	0	0	0	0
465	C	0	0	0	0	0	0	0
466	P	0	0	0	0	0	0	0
467	T	0	0	0	0	0	0	0
468	E	0	0	0	0	0	0	0
469	P	0	0	0	0	0	0	0
470	L	0	0	0	0	0	0	0
471	Q	0	0	0	0	0	0	0
472	T	0	0	0	0	0	0	0
473	P	0	0	0	0	0	0	0
474	T	0	0	0	0	0	0	0
475	I	0	0	0	0	0	0	0
476	M	0	0	0	0	0	0	0
477	G	0	0	0	0	0	0	0
478	S	0	0	0	0	0	0	0
479	Y	0	0	0	0	0	0	0
480	L	0	0	0	0	0	0	0
481	G	0	0	0	0	0	0	0
482	V	0	0	0	0	0	0	0
483	A	0	0	0	0	0	0	0
484	H	0	0	0	0	0	0	0
485	Q	0	0	0	0	0	0	0
486	R	0	0	0	0	0	0	0
487	P	0	0	0	0	0	0	0
488	P	0	0	0	0	0	0	0
489	Q	0	0	0	0	0	0	0
490	R	0	0	0	0	0	0	0
491	Q	0	0	0	0	0	0	0
492	V	0	0	0	0	0	0	0
493	V	0	0	0	0	0	0	0
494	L	0	0	0	0	0	0	0
495	S	0	0	0	0	0	0	0
496	K	Ubiquitinlysine	QRQVVLSKFVRQMGD	HHHHHHHHHHHHHHH	0	0	0	0
497	F	0	0	0	0	0	0	0
498	V	0	0	0	0	0	0	0
499	R	0	0	0	0	0	0	0
500	Q	0	0	0	0	0	0	0
501	M	0	0	0	0	0	0	0
502	G	0	0	0	0	0	0	0
503	D	0	0	0	0	0	0	0
504	L	0	0	0	0	0	0	0
505	L	0	0	0	0	0	0	0
506	P	0	0	0	0	0	0	0
507	P	0	0	0	0	0	0	0
508	T	0	0	0	0	0	0	0
509	I	0	0	0	0	0	0	0
510	Y	0	0	0	0	0	0	0
511	I	0	0	0	0	0	0	0
512	P	0	0	0	0	0	0	0
513	Y	0	0	0	0	0	0	0
514	L	0	0	0	0	0	0	0
515	K	0	0	0	0	0	0	0
516	M	0	0	0	0	0	0	0
517	L	0	0	0	0	0	0	0
518	Q	0	0	0	0	0	0	0
519	G	0	0	0	0	0	0	0
520	L	0	0	0	0	0	0	0
521	A	0	0	0	0	0	0	0
522	N	0	0	0	0	0	0	0
523	G	0	0	0	0	0	0	0
524	P	0	0	0	0	0	0	0
525	Q	0	0	0	0	0	0	0
526	C	0	0	0	0	0	0	0
527	A	0	0	0	0	0	0	0
528	H	0	0	0	0	0	0	0
529	Y	0	0	0	0	0	0	0
530	C	0	0	0	0	0	0	0
531	F	0	0	0	0	0	0	0
532	S	0	0	0	0	0	0	0
533	L	0	0	0	0	0	0	0
534	L	0	0	0	0	0	0	0
535	K	0	0	0	0	0	0	0
536	V	0	0	0	0	0	0	0
537	N	0	0	0	0	0	0	0
538	G	0	0	0	0	0	0	0
539	S	0	0	0	0	0	0	0
540	S	0	0	0	0	0	0	0
541	H	0	0	0	0	0	0	0
542	V	0	0	0	0	0	0	0
543	E	0	0	0	0	0	0	0
544	N	0	0	0	0	0	0	0
545	I	0	0	0	0	0	0	0
546	Q	0	0	0	0	0	0	0
547	G	0	0	0	0	0	0	0
548	A	0	0	0	0	0	0	0
549	G	0	0	0	0	0	0	0
550	G	0	0	0	0	0	0	0
551	S	0	0	0	0	0	0	0
552	P	0	0	0	0	0	0	0
553	V	0	0	0	0	0	0	0
554	S	0	0	0	0	0	0	0
555	W	0	0	0	0	0	0	0
556	E	0	0	0	0	0	0	0
557	H	0	0	0	0	0	0	0
558	F	0	0	0	0	0	0	0
559	F	0	0	0	0	0	0	0
560	H	0	0	0	0	0	0	0
561	S	0	0	0	0	0	0	0
562	L	0	0	0	0	0	0	0
563	M	0	0	0	0	0	0	0
564	L	0	0	0	0	0	0	0
565	Y	0	0	0	0	0	0	0
566	H	0	0	0	0	0	0	0
567	E	0	0	0	0	0	0	0
568	H	0	0	0	0	0	0	0
569	L	0	0	0	0	0	0	0
570	R	0	0	0	0	0	0	0
571	K	Ubiquitinlysine	LYHEHLRKDLPSADS	HHHHHHHHCCCCCCC	0	0	0	0
572	D	0	0	0	0	0	0	0
573	L	0	0	0	0	0	0	0
574	P	0	0	0	0	0	0	0
575	S	Phosphoserine	HLRKDLPSADSVQYR	HHHHCCCCCCCCCEE	0	0	0	0
576	A	0	0	0	0	0	0	0
577	D	0	0	0	0	0	0	0
578	S	0	0	0	0	0	0	0
579	V	0	0	0	0	0	0	0
580	Q	0	0	0	0	0	0	0
581	Y	Phosphotyrosine	PSADSVQYRHLPSRG	CCCCCCCEECCCCCC	0	0	0	0
582	R	0	0	0	0	0	0	0
583	H	0	0	0	0	0	0	0
584	L	0	0	0	0	0	0	0
585	P	0	0	0	0	0	0	0
586	S	0	0	0	0	0	0	0
587	R	0	0	0	0	0	0	0
588	G	0	0	0	0	0	0	0
589	I	0	0	0	0	0	0	0
590	T	0	0	0	0	0	0	0
591	Q	0	0	0	0	0	0	0
592	K	0	0	0	0	0	0	0
593	E	0	0	0	0	0	0	0
594	Q	0	0	0	0	0	0	0
595	D	0	0	0	0	0	0	0
596	G	0	0	0	0	0	0	0
597	L	0	0	0	0	0	0	0
598	I	0	0	0	0	0	0	0
599	A	0	0	0	0	0	0	0
600	F	0	0	0	0	0	0	0
601	L	0	0	0	0	0	0	0
602	Q	0	0	0	0	0	0	0
603	L	0	0	0	0	0	0	0
604	T	0	0	0	0	0	0	0
605	S	0	0	0	0	0	0	0
606	T	0	0	0	0	0	0	0
607	I	0	0	0	0	0	0	0
608	I	0	0	0	0	0	0	0
609	T	0	0	0	0	0	0	0
610	W	0	0	0	0	0	0	0
611	S	0	0	0	0	0	0	0
612	E	0	0	0	0	0	0	0
613	N	0	0	0	0	0	0	0
614	A	0	0	0	0	0	0	0
615	R	0	0	0	0	0	0	0
616	L	0	0	0	0	0	0	0
617	A	0	0	0	0	0	0	0
618	L	0	0	0	0	0	0	0
619	C	0	0	0	0	0	0	0
620	E	0	0	0	0	0	0	0
621	H	0	0	0	0	0	0	0
622	P	0	0	0	0	0	0	0
623	Q	0	0	0	0	0	0	0
624	W	0	0	0	0	0	0	0
625	T	0	0	0	0	0	0	0
626	P	0	0	0	0	0	0	0
627	V	0	0	0	0	0	0	0
628	V	0	0	0	0	0	0	0
629	V	0	0	0	0	0	0	0
630	I	0	0	0	0	0	0	0
631	L	0	0	0	0	0	0	0
632	G	0	0	0	0	0	0	0
633	L	0	0	0	0	0	0	0
634	L	0	0	0	0	0	0	0
635	Q	0	0	0	0	0	0	0
636	C	0	0	0	0	0	0	0
637	S	0	0	0	0	0	0	0
638	I	0	0	0	0	0	0	0
639	P	0	0	0	0	0	0	0
640	P	0	0	0	0	0	0	0
641	V	0	0	0	0	0	0	0
642	L	0	0	0	0	0	0	0
643	K	0	0	0	0	0	0	0
644	A	0	0	0	0	0	0	0
645	E	0	0	0	0	0	0	0
646	L	0	0	0	0	0	0	0
647	L	0	0	0	0	0	0	0
648	K	Ubiquitinlysine	VLKAELLKTLAAFGK	HHHHHHHHHHHHHCC	0	0	0	0
649	T	0	0	0	0	0	0	0
650	L	0	0	0	0	0	0	0
651	A	0	0	0	0	0	0	0
652	A	0	0	0	0	0	0	0
653	F	0	0	0	0	0	0	0
654	G	0	0	0	0	0	0	0
655	K	0	0	0	0	0	0	0
656	S	0	0	0	0	0	0	0
657	P	0	0	0	0	0	0	0
658	E	0	0	0	0	0	0	0
659	I	0	0	0	0	0	0	0
660	A	0	0	0	0	0	0	0
661	A	0	0	0	0	0	0	0
662	S	0	0	0	0	0	0	0
663	L	0	0	0	0	0	0	0
664	W	0	0	0	0	0	0	0
665	Q	0	0	0	0	0	0	0
666	S	0	0	0	0	0	0	0
667	L	0	0	0	0	0	0	0
668	E	0	0	0	0	0	0	0
669	Y	0	0	0	0	0	0	0
670	T	0	0	0	0	0	0	0
671	Q	0	0	0	0	0	0	0
672	I	0	0	0	0	0	0	0
673	L	0	0	0	0	0	0	0
674	Q	0	0	0	0	0	0	0
675	T	0	0	0	0	0	0	0
676	V	0	0	0	0	0	0	0
677	R	0	0	0	0	0	0	0
678	I	0	0	0	0	0	0	0
679	P	0	0	0	0	0	0	0
680	S	0	0	0	0	0	0	0
681	Q	0	0	0	0	0	0	0
682	R	0	0	0	0	0	0	0
683	Q	0	0	0	0	0	0	0
684	A	0	0	0	0	0	0	0
685	I	0	0	0	0	0	0	0
686	G	0	0	0	0	0	0	0
687	I	0	0	0	0	0	0	0
688	E	0	0	0	0	0	0	0
689	V	0	0	0	0	0	0	0
690	E	0	0	0	0	0	0	0
691	L	0	0	0	0	0	0	0
692	N	0	0	0	0	0	0	0
693	E	0	0	0	0	0	0	0
694	I	0	0	0	0	0	0	0
695	E	0	0	0	0	0	0	0
696	S	0	0	0	0	0	0	0
697	R	0	0	0	0	0	0	0
698	C	0	0	0	0	0	0	0
699	E	0	0	0	0	0	0	0
700	E	0	0	0	0	0	0	0
701	Y	0	0	0	0	0	0	0
702	P	0	0	0	0	0	0	0
703	L	0	0	0	0	0	0	0
704	T	0	0	0	0	0	0	0
705	R	0	0	0	0	0	0	0
706	A	0	0	0	0	0	0	0
707	F	0	0	0	0	0	0	0
708	C	0	0	0	0	0	0	0
709	Q	0	0	0	0	0	0	0
710	L	0	0	0	0	0	0	0
711	I	0	0	0	0	0	0	0
712	S	0	0	0	0	0	0	0
713	T	0	0	0	0	0	0	0
714	L	0	0	0	0	0	0	0
715	V	0	0	0	0	0	0	0
716	E	0	0	0	0	0	0	0
717	S	0	0	0	0	0	0	0
718	S	0	0	0	0	0	0	0
719	F	0	0	0	0	0	0	0
720	P	0	0	0	0	0	0	0
721	S	0	0	0	0	0	0	0
722	N	0	0	0	0	0	0	0
723	L	0	0	0	0	0	0	0
724	G	0	0	0	0	0	0	0
725	A	0	0	0	0	0	0	0
726	G	0	0	0	0	0	0	0
727	L	0	0	0	0	0	0	0
728	R	0	0	0	0	0	0	0
729	P	0	0	0	0	0	0	0
730	P	0	0	0	0	0	0	0
731	G	0	0	0	0	0	0	0
732	F	0	0	0	0	0	0	0
733	D	0	0	0	0	0	0	0
734	P	0	0	0	0	0	0	0
735	Y	0	0	0	0	0	0	0
736	L	0	0	0	0	0	0	0
737	Q	0	0	0	0	0	0	0
738	F	0	0	0	0	0	0	0
739	L	0	0	0	0	0	0	0
740	R	0	0	0	0	0	0	0
741	D	0	0	0	0	0	0	0
742	S	0	0	0	0	0	0	0
743	V	0	0	0	0	0	0	0
744	F	0	0	0	0	0	0	0
745	L	0	0	0	0	0	0	0
746	R	0	0	0	0	0	0	0
747	F	0	0	0	0	0	0	0
748	R	0	0	0	0	0	0	0
749	T	0	0	0	0	0	0	0
750	R	0	0	0	0	0	0	0
751	A	0	0	0	0	0	0	0
752	Y	0	0	0	0	0	0	0
753	R	0	0	0	0	0	0	0
754	R	0	0	0	0	0	0	0
755	A	0	0	0	0	0	0	0
756	A	0	0	0	0	0	0	0
757	E	0	0	0	0	0	0	0
758	K	0	0	0	0	0	0	0
759	W	0	0	0	0	0	0	0
760	E	0	0	0	0	0	0	0
761	V	0	0	0	0	0	0	0
762	A	0	0	0	0	0	0	0
763	E	0	0	0	0	0	0	0
764	V	0	0	0	0	0	0	0
765	V	0	0	0	0	0	0	0
766	L	0	0	0	0	0	0	0
767	E	0	0	0	0	0	0	0
768	V	0	0	0	0	0	0	0
769	F	0	0	0	0	0	0	0
770	Y	0	0	0	0	0	0	0
771	K	0	0	0	0	0	0	0
772	L	0	0	0	0	0	0	0
773	L	0	0	0	0	0	0	0
774	R	0	0	0	0	0	0	0
775	D	0	0	0	0	0	0	0
776	Y	0	0	0	0	0	0	0
777	E	0	0	0	0	0	0	0
778	P	0	0	0	0	0	0	0
779	Q	0	0	0	0	0	0	0
780	L	0	0	0	0	0	0	0
781	E	0	0	0	0	0	0	0
782	D	0	0	0	0	0	0	0
783	F	0	0	0	0	0	0	0
784	V	0	0	0	0	0	0	0
785	D	0	0	0	0	0	0	0
786	Q	0	0	0	0	0	0	0
787	F	0	0	0	0	0	0	0
788	V	0	0	0	0	0	0	0
789	E	0	0	0	0	0	0	0
790	L	0	0	0	0	0	0	0
791	Q	0	0	0	0	0	0	0
792	G	0	0	0	0	0	0	0
793	E	0	0	0	0	0	0	0
794	E	0	0	0	0	0	0	0
795	I	0	0	0	0	0	0	0
796	I	0	0	0	0	0	0	0
797	A	0	0	0	0	0	0	0
798	Y	0	0	0	0	0	0	0
799	K	0	0	0	0	0	0	0
800	P	0	0	0	0	0	0	0
801	P	0	0	0	0	0	0	0
802	G	0	0	0	0	0	0	0
803	F	0	0	0	0	0	0	0
804	S	0	0	0	0	0	0	0
805	L	0	0	0	0	0	0	0
806	M	0	0	0	0	0	0	0
807	Y	0	0	0	0	0	0	0
808	H	0	0	0	0	0	0	0
809	L	0	0	0	0	0	0	0
810	L	0	0	0	0	0	0	0
811	N	0	0	0	0	0	0	0
812	E	0	0	0	0	0	0	0
813	S	0	0	0	0	0	0	0
814	P	0	0	0	0	0	0	0
815	M	0	0	0	0	0	0	0
816	L	0	0	0	0	0	0	0
817	E	0	0	0	0	0	0	0
818	L	0	0	0	0	0	0	0
819	A	0	0	0	0	0	0	0
820	L	0	0	0	0	0	0	0
821	S	0	0	0	0	0	0	0
822	L	0	0	0	0	0	0	0
823	L	0	0	0	0	0	0	0
824	E	0	0	0	0	0	0	0
825	E	0	0	0	0	0	0	0
826	G	0	0	0	0	0	0	0
827	V	0	0	0	0	0	0	0
828	K	0	0	0	0	0	0	0
829	Q	0	0	0	0	0	0	0
830	L	0	0	0	0	0	0	0
831	D	0	0	0	0	0	0	0
832	T	0	0	0	0	0	0	0
833	Y	0	0	0	0	0	0	0
834	A	0	0	0	0	0	0	0
835	P	0	0	0	0	0	0	0
836	F	0	0	0	0	0	0	0
837	P	0	0	0	0	0	0	0
838	G	0	0	0	0	0	0	0
839	K	0	0	0	0	0	0	0
840	K	0	0	0	0	0	0	0
841	H	0	0	0	0	0	0	0
842	L	0	0	0	0	0	0	0
843	E	0	0	0	0	0	0	0
844	K	0	0	0	0	0	0	0
845	A	0	0	0	0	0	0	0
846	V	0	0	0	0	0	0	0
847	Q	0	0	0	0	0	0	0
848	H	0	0	0	0	0	0	0
849	C	0	0	0	0	0	0	0
850	L	0	0	0	0	0	0	0
851	A	0	0	0	0	0	0	0
852	L	0	0	0	0	0	0	0
853	L	0	0	0	0	0	0	0
854	N	0	0	0	0	0	0	0
855	L	0	0	0	0	0	0	0
856	T	0	0	0	0	0	0	0
857	L	0	0	0	0	0	0	0
858	Q	0	0	0	0	0	0	0
859	K	0	0	0	0	0	0	0
860	E	0	0	0	0	0	0	0
861	N	0	0	0	0	0	0	0
862	L	0	0	0	0	0	0	0
863	F	0	0	0	0	0	0	0
864	M	0	0	0	0	0	0	0
865	D	0	0	0	0	0	0	0
866	L	0	0	0	0	0	0	0
867	L	0	0	0	0	0	0	0
868	R	0	0	0	0	0	0	0
869	E	0	0	0	0	0	0	0
870	S	0	0	0	0	0	0	0
871	Q	0	0	0	0	0	0	0
872	L	0	0	0	0	0	0	0
873	A	0	0	0	0	0	0	0
874	L	0	0	0	0	0	0	0
875	I	0	0	0	0	0	0	0
876	V	0	0	0	0	0	0	0
877	C	0	0	0	0	0	0	0
878	P	0	0	0	0	0	0	0
879	L	0	0	0	0	0	0	0
880	E	0	0	0	0	0	0	0
881	Q	0	0	0	0	0	0	0
882	L	0	0	0	0	0	0	0
883	L	0	0	0	0	0	0	0
884	Q	0	0	0	0	0	0	0
885	G	0	0	0	0	0	0	0
886	I	0	0	0	0	0	0	0
887	N	0	0	0	0	0	0	0
888	P	0	0	0	0	0	0	0
889	R	0	0	0	0	0	0	0
890	T	Phosphothreonine	LQGINPRTKKADNVV	HCCCCCCCCCCCCHH	0	0	0	0
891	K	0	0	0	0	0	0	0
892	K	0	0	0	0	0	0	0
893	A	0	0	0	0	0	0	0
894	D	0	0	0	0	0	0	0
895	N	0	0	0	0	0	0	0
896	V	0	0	0	0	0	0	0
897	V	0	0	0	0	0	0	0
898	N	0	0	0	0	0	0	0
899	I	0	0	0	0	0	0	0
900	A	0	0	0	0	0	0	0
901	R	0	0	0	0	0	0	0
902	Y	0	0	0	0	0	0	0
903	L	0	0	0	0	0	0	0
904	Y	0	0	0	0	0	0	0
905	H	0	0	0	0	0	0	0
906	G	0	0	0	0	0	0	0
907	N	0	0	0	0	0	0	0
908	T	0	0	0	0	0	0	0
909	N	0	0	0	0	0	0	0
910	P	0	0	0	0	0	0	0
911	E	0	0	0	0	0	0	0
912	L	0	0	0	0	0	0	0
913	A	0	0	0	0	0	0	0
914	F	0	0	0	0	0	0	0
915	E	0	0	0	0	0	0	0
916	S	0	0	0	0	0	0	0
917	A	0	0	0	0	0	0	0
918	K	0	0	0	0	0	0	0
919	I	0	0	0	0	0	0	0
920	L	0	0	0	0	0	0	0
921	C	0	0	0	0	0	0	0
922	C	0	0	0	0	0	0	0
923	I	0	0	0	0	0	0	0
924	S	0	0	0	0	0	0	0
925	C	0	0	0	0	0	0	0
926	N	0	0	0	0	0	0	0
927	S	0	0	0	0	0	0	0
928	N	0	0	0	0	0	0	0
929	I	0	0	0	0	0	0	0
930	Q	0	0	0	0	0	0	0
931	I	0	0	0	0	0	0	0
932	K	0	0	0	0	0	0	0
933	L	0	0	0	0	0	0	0
934	V	0	0	0	0	0	0	0
935	G	0	0	0	0	0	0	0
936	D	0	0	0	0	0	0	0
937	F	0	0	0	0	0	0	0
938	T	0	0	0	0	0	0	0
939	H	0	0	0	0	0	0	0
940	D	0	0	0	0	0	0	0
941	Q	0	0	0	0	0	0	0
942	S	Phosphoserine	GDFTHDQSISQKLMA	ECCCCCCHHHHHHHC	0	0	0	0
943	I	0	0	0	0	0	0	0
944	S	0	0	0	0	0	0	0
945	Q	0	0	0	0	0	0	0
946	K	0	0	0	0	0	0	0
947	L	0	0	0	0	0	0	0
948	M	0	0	0	0	0	0	0
949	A	0	0	0	0	0	0	0
950	G	0	0	0	0	0	0	0
951	F	0	0	0	0	0	0	0
952	V	0	0	0	0	0	0	0
953	E	0	0	0	0	0	0	0
954	C	0	0	0	0	0	0	0
955	L	0	0	0	0	0	0	0
956	D	0	0	0	0	0	0	0
957	C	0	0	0	0	0	0	0
958	E	0	0	0	0	0	0	0
959	D	0	0	0	0	0	0	0
960	A	0	0	0	0	0	0	0
961	E	0	0	0	0	0	0	0
962	E	0	0	0	0	0	0	0
963	F	0	0	0	0	0	0	0
964	V	0	0	0	0	0	0	0
965	R	0	0	0	0	0	0	0
966	L	0	0	0	0	0	0	0
967	E	0	0	0	0	0	0	0
968	E	0	0	0	0	0	0	0
969	G	0	0	0	0	0	0	0
970	S	0	0	0	0	0	0	0
971	E	0	0	0	0	0	0	0
972	L	0	0	0	0	0	0	0
973	E	0	0	0	0	0	0	0
974	K	0	0	0	0	0	0	0
975	K	0	0	0	0	0	0	0
976	L	0	0	0	0	0	0	0
977	V	0	0	0	0	0	0	0
978	A	0	0	0	0	0	0	0
979	I	0	0	0	0	0	0	0
980	R	0	0	0	0	0	0	0
981	H	0	0	0	0	0	0	0
982	E	0	0	0	0	0	0	0
983	T	0	0	0	0	0	0	0
984	R	0	0	0	0	0	0	0
985	I	0	0	0	0	0	0	0
986	H	0	0	0	0	0	0	0
987	I	0	0	0	0	0	0	0
988	L	0	0	0	0	0	0	0
989	N	0	0	0	0	0	0	0
990	L	0	0	0	0	0	0	0
991	L	0	0	0	0	0	0	0
992	I	0	0	0	0	0	0	0
993	T	0	0	0	0	0	0	0
994	S	0	0	0	0	0	0	0
995	L	0	0	0	0	0	0	0
996	E	0	0	0	0	0	0	0
997	C	0	0	0	0	0	0	0
998	N	0	0	0	0	0	0	0
999	P	0	0	0	0	0	0	0
1000	P	0	0	0	0	0	0	0
1001	N	0	0	0	0	0	0	0
1002	L	0	0	0	0	0	0	0
1003	A	0	0	0	0	0	0	0
1004	L	0	0	0	0	0	0	0
1005	Y	0	0	0	0	0	0	0
1006	L	0	0	0	0	0	0	0
1007	L	0	0	0	0	0	0	0
1008	G	0	0	0	0	0	0	0
1009	F	0	0	0	0	0	0	0
1010	E	0	0	0	0	0	0	0
1011	L	0	0	0	0	0	0	0
1012	K	0	0	0	0	0	0	0
1013	K	0	0	0	0	0	0	0
1014	P	0	0	0	0	0	0	0
1015	V	0	0	0	0	0	0	0
1016	S	0	0	0	0	0	0	0
1017	T	0	0	0	0	0	0	0
1018	T	0	0	0	0	0	0	0
1019	N	0	0	0	0	0	0	0
1020	L	0	0	0	0	0	0	0
1021	Q	0	0	0	0	0	0	0
1022	D	0	0	0	0	0	0	0
1023	P	0	0	0	0	0	0	0
1024	G	0	0	0	0	0	0	0
1025	V	0	0	0	0	0	0	0
1026	L	0	0	0	0	0	0	0
1027	G	0	0	0	0	0	0	0
1028	C	0	0	0	0	0	0	0
1029	P	0	0	0	0	0	0	0
1030	R	0	0	0	0	0	0	0
1031	T	0	0	0	0	0	0	0
1032	C	0	0	0	0	0	0	0
1033	L	0	0	0	0	0	0	0
1034	H	0	0	0	0	0	0	0
1035	A	0	0	0	0	0	0	0
1036	I	0	0	0	0	0	0	0
1037	L	0	0	0	0	0	0	0
1038	N	0	0	0	0	0	0	0
1039	I	0	0	0	0	0	0	0
1040	L	0	0	0	0	0	0	0
1041	E	0	0	0	0	0	0	0
1042	K	N6-acetyllysine	AILNILEKGTEGRTG	HHHHHHHHCCCCCCC	0	0	0	0
1043	G	0	0	0	0	0	0	0
1044	T	0	0	0	0	0	0	0
1045	E	0	0	0	0	0	0	0
1046	G	0	0	0	0	0	0	0
1047	R	0	0	0	0	0	0	0
1048	T	0	0	0	0	0	0	0
1049	G	0	0	0	0	0	0	0
1050	P	0	0	0	0	0	0	0
1051	V	0	0	0	0	0	0	0
1052	A	0	0	0	0	0	0	0
1053	V	0	0	0	0	0	0	0
1054	R	0	0	0	0	0	0	0
1055	E	0	0	0	0	0	0	0
1056	S	0	0	0	0	0	0	0
1057	P	0	0	0	0	0	0	0
1058	Q	0	0	0	0	0	0	0
1059	L	0	0	0	0	0	0	0
1060	A	0	0	0	0	0	0	0
1061	E	0	0	0	0	0	0	0
1062	L	0	0	0	0	0	0	0
1063	C	0	0	0	0	0	0	0
1064	Y	0	0	0	0	0	0	0
1065	Q	0	0	0	0	0	0	0
1066	V	0	0	0	0	0	0	0
1067	I	0	0	0	0	0	0	0
1068	Y	0	0	0	0	0	0	0
1069	Q	0	0	0	0	0	0	0
1070	L	0	0	0	0	0	0	0
1071	C	0	0	0	0	0	0	0
1072	A	0	0	0	0	0	0	0
1073	C	0	0	0	0	0	0	0
1074	S	0	0	0	0	0	0	0
1075	D	0	0	0	0	0	0	0
1076	T	0	0	0	0	0	0	0
1077	S	0	0	0	0	0	0	0
1078	G	0	0	0	0	0	0	0
1079	P	0	0	0	0	0	0	0
1080	T	0	0	0	0	0	0	0
1081	M	0	0	0	0	0	0	0
1082	R	0	0	0	0	0	0	0
1083	Y	0	0	0	0	0	0	0
1084	L	0	0	0	0	0	0	0
1085	R	0	0	0	0	0	0	0
1086	T	0	0	0	0	0	0	0
1087	S	0	0	0	0	0	0	0
1088	Q	0	0	0	0	0	0	0
1089	D	0	0	0	0	0	0	0
1090	F	0	0	0	0	0	0	0
1091	L	0	0	0	0	0	0	0
1092	F	0	0	0	0	0	0	0
1093	S	0	0	0	0	0	0	0
1094	Q	0	0	0	0	0	0	0
1095	L	0	0	0	0	0	0	0
1096	Q	0	0	0	0	0	0	0
1097	Y	0	0	0	0	0	0	0
1098	L	0	0	0	0	0	0	0
1099	P	0	0	0	0	0	0	0
1100	F	0	0	0	0	0	0	0
1101	S	0	0	0	0	0	0	0
1102	N	0	0	0	0	0	0	0
1103	K	0	0	0	0	0	0	0
1104	E	0	0	0	0	0	0	0
1105	Y	0	0	0	0	0	0	0
1106	E	0	0	0	0	0	0	0
1107	I	0	0	0	0	0	0	0
1108	S	0	0	0	0	0	0	0
1109	M	0	0	0	0	0	0	0
1110	L	0	0	0	0	0	0	0
1111	N	0	0	0	0	0	0	0
1112	Q	0	0	0	0	0	0	0
1113	M	0	0	0	0	0	0	0
1114	S	0	0	0	0	0	0	0
1115	W	0	0	0	0	0	0	0
1116	L	0	0	0	0	0	0	0
1117	M	0	0	0	0	0	0	0
1118	K	0	0	0	0	0	0	0
1119	T	0	0	0	0	0	0	0
1120	A	0	0	0	0	0	0	0
1121	S	0	0	0	0	0	0	0
1122	I	0	0	0	0	0	0	0
1123	E	0	0	0	0	0	0	0
1124	L	0	0	0	0	0	0	0
1125	R	0	0	0	0	0	0	0
1126	V	0	0	0	0	0	0	0
1127	T	0	0	0	0	0	0	0
1128	S	0	0	0	0	0	0	0
1129	L	0	0	0	0	0	0	0
1130	N	0	0	0	0	0	0	0
1131	R	0	0	0	0	0	0	0
1132	Q	0	0	0	0	0	0	0
1133	R	0	0	0	0	0	0	0
1134	S	0	0	0	0	0	0	0
1135	H	0	0	0	0	0	0	0
1136	T	0	0	0	0	0	0	0
1137	Q	0	0	0	0	0	0	0
1138	R	0	0	0	0	0	0	0
1139	L	0	0	0	0	0	0	0
1140	L	0	0	0	0	0	0	0
1141	H	0	0	0	0	0	0	0
1142	L	0	0	0	0	0	0	0
1143	L	0	0	0	0	0	0	0
1144	L	0	0	0	0	0	0	0
1145	D	0	0	0	0	0	0	0
1146	D	0	0	0	0	0	0	0
1147	M	0	0	0	0	0	0	0
1148	P	0	0	0	0	0	0	0
1149	V	0	0	0	0	0	0	0
1150	K	Ubiquitinlysine	LLDDMPVKPYSDGEG	HHCCCCCCCCCCCCC	0	0	0	0
1151	P	0	0	0	0	0	0	0
1152	Y	Phosphotyrosine	DDMPVKPYSDGEGGI	CCCCCCCCCCCCCCC	0	0	0	0
1153	S	Phosphoserine	DMPVKPYSDGEGGIE	CCCCCCCCCCCCCCC	0	0	0	0
1154	D	0	0	0	0	0	0	0
1155	G	0	0	0	0	0	0	0
1156	E	0	0	0	0	0	0	0
1157	G	0	0	0	0	0	0	0
1158	G	0	0	0	0	0	0	0
1159	I	0	0	0	0	0	0	0
1160	E	0	0	0	0	0	0	0
1161	D	0	0	0	0	0	0	0
1162	E	0	0	0	0	0	0	0
1163	N	0	0	0	0	0	0	0
1164	R	0	0	0	0	0	0	0
1165	S	Phosphoserine	GIEDENRSVSGFLHF	CCCCCCCCCCCCCCC	0	0	0	0
1166	V	0	0	0	0	0	0	0
1167	S	Phosphoserine	EDENRSVSGFLHFDT	CCCCCCCCCCCCCHH	0	0	0	0
1168	G	0	0	0	0	0	0	0
1169	F	0	0	0	0	0	0	0
1170	L	0	0	0	0	0	0	0
1171	H	0	0	0	0	0	0	0
1172	F	0	0	0	0	0	0	0
1173	D	0	0	0	0	0	0	0
1174	T	0	0	0	0	0	0	0
1175	A	0	0	0	0	0	0	0
1176	T	0	0	0	0	0	0	0
1177	K	Ubiquitinlysine	LHFDTATKVRRKILN	CCCHHHHHHHHHHHH	0	0	0	0
1178	V	0	0	0	0	0	0	0
1179	R	0	0	0	0	0	0	0
1180	R	0	0	0	0	0	0	0
1181	K	0	0	0	0	0	0	0
1182	I	0	0	0	0	0	0	0
1183	L	0	0	0	0	0	0	0
1184	N	0	0	0	0	0	0	0
1185	I	0	0	0	0	0	0	0
1186	L	0	0	0	0	0	0	0
1187	D	0	0	0	0	0	0	0
1188	S	0	0	0	0	0	0	0
1189	I	0	0	0	0	0	0	0
1190	D	0	0	0	0	0	0	0
1191	F	0	0	0	0	0	0	0
1192	S	0	0	0	0	0	0	0
1193	Q	0	0	0	0	0	0	0
1194	E	0	0	0	0	0	0	0
1195	I	0	0	0	0	0	0	0
1196	P	0	0	0	0	0	0	0
1197	E	0	0	0	0	0	0	0
1198	P	0	0	0	0	0	0	0
1199	L	0	0	0	0	0	0	0
1200	Q	0	0	0	0	0	0	0
1201	L	0	0	0	0	0	0	0
1202	D	0	0	0	0	0	0	0
1203	F	0	0	0	0	0	0	0
1204	F	0	0	0	0	0	0	0
1205	D	0	0	0	0	0	0	0
1206	R	0	0	0	0	0	0	0
1207	A	0	0	0	0	0	0	0
1208	Q	0	0	0	0	0	0	0
1209	I	0	0	0	0	0	0	0
1210	E	0	0	0	0	0	0	0
1211	Q	0	0	0	0	0	0	0
1212	V	0	0	0	0	0	0	0
1213	I	0	0	0	0	0	0	0
1214	A	0	0	0	0	0	0	0
1215	N	0	0	0	0	0	0	0
1216	C	0	0	0	0	0	0	0
1217	E	0	0	0	0	0	0	0
1218	H	0	0	0	0	0	0	0
1219	K	Ubiquitinlysine	VIANCEHKNLRGQTV	HHHHCCCCCCCCCCC	0	0	0	0
1220	N	0	0	0	0	0	0	0
1221	L	0	0	0	0	0	0	0
1222	R	0	0	0	0	0	0	0
1223	G	0	0	0	0	0	0	0
1224	Q	0	0	0	0	0	0	0
1225	T	Phosphothreonine	HKNLRGQTVCNVKLL	CCCCCCCCCCCHHHH	0	0	0	0
1226	V	0	0	0	0	0	0	0
1227	C	0	0	0	0	0	0	0
1228	N	0	0	0	0	0	0	0
1229	V	0	0	0	0	0	0	0
1230	K	N6-acetyllysine	GQTVCNVKLLHRVLV	CCCCCCHHHHHHHHH	0	0	0	0
1231	L	0	0	0	0	0	0	0
1232	L	0	0	0	0	0	0	0
1233	H	0	0	0	0	0	0	0
1234	R	0	0	0	0	0	0	0
1235	V	0	0	0	0	0	0	0
1236	L	0	0	0	0	0	0	0
1237	V	0	0	0	0	0	0	0
1238	A	0	0	0	0	0	0	0
1239	E	0	0	0	0	0	0	0
1240	V	0	0	0	0	0	0	0
1241	N	0	0	0	0	0	0	0
1242	A	0	0	0	0	0	0	0
1243	L	0	0	0	0	0	0	0
1244	Q	0	0	0	0	0	0	0
1245	G	0	0	0	0	0	0	0
1246	M	0	0	0	0	0	0	0
1247	A	0	0	0	0	0	0	0
1248	A	0	0	0	0	0	0	0
1249	I	0	0	0	0	0	0	0
1250	G	0	0	0	0	0	0	0
1251	Q	0	0	0	0	0	0	0
1252	R	0	0	0	0	0	0	0
1253	P	0	0	0	0	0	0	0
1254	L	0	0	0	0	0	0	0
1255	L	0	0	0	0	0	0	0
1256	M	0	0	0	0	0	0	0
1257	E	0	0	0	0	0	0	0
1258	E	0	0	0	0	0	0	0
1259	I	0	0	0	0	0	0	0
1260	S	0	0	0	0	0	0	0
1261	T	0	0	0	0	0	0	0
1262	V	0	0	0	0	0	0	0
1263	L	0	0	0	0	0	0	0
1264	Q	0	0	0	0	0	0	0
1265	Y	0	0	0	0	0	0	0
1266	V	0	0	0	0	0	0	0
1267	V	0	0	0	0	0	0	0
1268	G	0	0	0	0	0	0	0
1269	R	0	0	0	0	0	0	0
1270	N	0	0	0	0	0	0	0
1271	K	0	0	0	0	0	0	0
1272	L	0	0	0	0	0	0	0
1273	L	0	0	0	0	0	0	0
1274	Q	0	0	0	0	0	0	0
1275	C	0	0	0	0	0	0	0
1276	L	0	0	0	0	0	0	0
1277	H	0	0	0	0	0	0	0
1278	A	0	0	0	0	0	0	0
1279	K	0	0	0	0	0	0	0
1280	R	0	0	0	0	0	0	0
1281	H	0	0	0	0	0	0	0
1282	A	0	0	0	0	0	0	0
1283	L	0	0	0	0	0	0	0
1284	E	0	0	0	0	0	0	0
1285	S	0	0	0	0	0	0	0
1286	W	0	0	0	0	0	0	0
1287	R	0	0	0	0	0	0	0
1288	Q	0	0	0	0	0	0	0
1289	L	0	0	0	0	0	0	0
1290	V	0	0	0	0	0	0	0
1291	E	0	0	0	0	0	0	0
1292	I	0	0	0	0	0	0	0
1293	I	0	0	0	0	0	0	0
1294	L	0	0	0	0	0	0	0
1295	T	0	0	0	0	0	0	0
1296	A	0	0	0	0	0	0	0
1297	C	0	0	0	0	0	0	0
1298	P	0	0	0	0	0	0	0
1299	Q	0	0	0	0	0	0	0
1300	D	0	0	0	0	0	0	0
1301	L	0	0	0	0	0	0	0
1302	I	0	0	0	0	0	0	0
1303	Q	0	0	0	0	0	0	0
1304	A	0	0	0	0	0	0	0
1305	E	0	0	0	0	0	0	0
1306	D	0	0	0	0	0	0	0
1307	R	0	0	0	0	0	0	0
1308	Q	0	0	0	0	0	0	0
1309	L	0	0	0	0	0	0	0
1310	I	0	0	0	0	0	0	0
1311	I	0	0	0	0	0	0	0
1312	R	0	0	0	0	0	0	0
1313	D	0	0	0	0	0	0	0
1314	I	0	0	0	0	0	0	0
1315	L	0	0	0	0	0	0	0
1316	Q	0	0	0	0	0	0	0
1317	D	0	0	0	0	0	0	0
1318	V	0	0	0	0	0	0	0
1319	H	0	0	0	0	0	0	0
1320	D	0	0	0	0	0	0	0
1321	K	0	0	0	0	0	0	0
1322	I	0	0	0	0	0	0	0
1323	L	0	0	0	0	0	0	0
1324	D	0	0	0	0	0	0	0
1325	D	0	0	0	0	0	0	0
1326	E	0	0	0	0	0	0	0
1327	A	0	0	0	0	0	0	0
1328	A	0	0	0	0	0	0	0
1329	Q	0	0	0	0	0	0	0
1330	E	0	0	0	0	0	0	0
1331	L	0	0	0	0	0	0	0
1332	M	0	0	0	0	0	0	0
1333	P	0	0	0	0	0	0	0
1334	V	0	0	0	0	0	0	0
1335	V	0	0	0	0	0	0	0
1336	A	0	0	0	0	0	0	0
1337	G	0	0	0	0	0	0	0
1338	A	0	0	0	0	0	0	0
1339	V	0	0	0	0	0	0	0
1340	F	0	0	0	0	0	0	0
1341	T	0	0	0	0	0	0	0
1342	L	0	0	0	0	0	0	0
1343	T	0	0	0	0	0	0	0
1344	A	0	0	0	0	0	0	0
1345	H	0	0	0	0	0	0	0
1346	L	0	0	0	0	0	0	0
1347	S	0	0	0	0	0	0	0
1348	Q	0	0	0	0	0	0	0
1349	A	0	0	0	0	0	0	0
1350	V	0	0	0	0	0	0	0
1351	L	0	0	0	0	0	0	0
1352	T	0	0	0	0	0	0	0
1353	E	0	0	0	0	0	0	0
1354	Q	0	0	0	0	0	0	0
1355	K	0	0	0	0	0	0	0
1356	E	0	0	0	0	0	0	0
1357	T	0	0	0	0	0	0	0
1358	S	0	0	0	0	0	0	0
1359	V	0	0	0	0	0	0	0
1360	L	0	0	0	0	0	0	0
1361	G	0	0	0	0	0	0	0
1362	P	0	0	0	0	0	0	0
1363	A	0	0	0	0	0	0	0
1364	E	0	0	0	0	0	0	0
1365	A	0	0	0	0	0	0	0
1366	H	0	0	0	0	0	0	0
1367	Y	0	0	0	0	0	0	0
1368	A	0	0	0	0	0	0	0
1369	F	0	0	0	0	0	0	0
1370	M	0	0	0	0	0	0	0
1371	L	0	0	0	0	0	0	0
1372	D	0	0	0	0	0	0	0
1373	S	0	0	0	0	0	0	0
1374	C	0	0	0	0	0	0	0
1375	F	0	0	0	0	0	0	0
1376	T	0	0	0	0	0	0	0
1377	S	Phosphoserine	MLDSCFTSPPPEENP	HHHHHCCCCCCCCCC	Venous thromboembolism adjusted for sickle cell variant rs77121243-T:venous thromboembolism	1383 (6)	0	0
1378	P	0	0	0	0	0	0	0
1379	P	0	0	0	0	0	0	0
1380	P	0	0	0	0	0	0	0
1381	E	0	0	0	0	0	0	0
1382	E	0	0	0	0	0	0	0
1383	N	0	0	0	0	0	K	1377
1384	P	0	0	0	0	0	0	0
1385	L	0	0	0	0	0	0	0
1386	V	0	0	0	0	0	0	0
1387	G	0	0	0	0	0	0	0
1388	F	0	0	0	0	0	0	0
1389	A	0	0	0	0	0	0	0
1390	S	0	0	0	0	0	0	0
1391	I	0	0	0	0	0	0	0
1392	G	0	0	0	0	0	0	0
1393	D	0	0	0	0	0	0	0
1394	S	0	0	0	0	0	0	0
1395	S	0	0	0	0	0	0	0
1396	L	0	0	0	0	0	0	0
1397	Y	0	0	0	0	0	0	0
1398	I	0	0	0	0	0	0	0
1399	I	0	0	0	0	0	0	0
1400	L	0	0	0	0	0	0	0
1401	K	0	0	0	0	0	0	0
1402	K	0	0	0	0	0	0	0
1403	L	0	0	0	0	0	0	0
1404	L	0	0	0	0	0	0	0
1405	D	0	0	0	0	0	0	0
1406	F	0	0	0	0	0	0	0
1407	I	0	0	0	0	0	0	0
1408	L	0	0	0	0	0	0	0
1409	K	0	0	0	0	0	0	0
1410	T	0	0	0	0	0	0	0
1411	G	0	0	0	0	0	0	0
1412	G	0	0	0	0	0	0	0
1413	G	0	0	0	0	0	0	0
1414	F	0	0	0	0	0	0	0
1415	Q	0	0	0	0	0	0	0
1416	R	0	0	0	0	0	0	0
1417	V	0	0	0	0	0	0	0
1418	R	0	0	0	0	0	0	0
1419	T	0	0	0	0	0	0	0
1420	H	0	0	0	0	0	0	0
1421	L	0	0	0	0	0	0	0
1422	Y	0	0	0	0	0	0	0
1423	G	0	0	0	0	0	0	0
1424	S	0	0	0	0	0	0	0
1425	L	0	0	0	0	0	0	0
1426	L	0	0	0	0	0	0	0
1427	Y	0	0	0	0	0	0	0
1428	Y	0	0	0	0	0	0	0
1429	L	0	0	0	0	0	0	0
1430	Q	0	0	0	0	0	0	0
1431	I	0	0	0	0	0	0	0
1432	A	0	0	0	0	0	0	0
1433	Q	0	0	0	0	0	0	0
1434	R	0	0	0	0	0	0	0
1435	P	0	0	0	0	0	0	0
1436	D	0	0	0	0	0	0	0
1437	E	0	0	0	0	0	0	0
1438	P	0	0	0	0	0	0	0
1439	D	0	0	0	0	0	0	0
1440	T	0	0	0	0	0	0	0
1441	L	0	0	0	0	0	0	0
1442	E	0	0	0	0	0	0	0
1443	A	0	0	0	0	0	0	0
1444	A	0	0	0	0	0	0	0
1445	K	0	0	0	0	0	0	0
1446	K	0	0	0	0	0	0	0
1447	T	0	0	0	0	0	0	0
1448	M	0	0	0	0	0	0	0
1449	W	0	0	0	0	0	0	0
1450	E	0	0	0	0	0	0	0
1451	R	0	0	0	0	0	0	0
1452	L	0	0	0	0	0	0	0
1453	T	0	0	0	0	0	0	0
1454	A	0	0	0	0	0	0	0
1455	P	0	0	0	0	0	0	0
1456	E	0	0	0	0	0	0	0
1457	D	0	0	0	0	0	0	0
1458	V	0	0	0	0	0	0	0
1459	F	0	0	0	0	0	0	0
1460	S	0	0	0	0	0	0	0
1461	K	Ubiquitinlysine	APEDVFSKLQRENIA	CCHHHHHHHHHHCCH	0	0	0	0
1462	L	0	0	0	0	0	0	0
1463	Q	0	0	0	0	0	0	0
1464	R	0	0	0	0	0	0	0
1465	E	0	0	0	0	0	0	0
1466	N	0	0	0	0	0	0	0
1467	I	0	0	0	0	0	0	0
1468	A	0	0	0	0	0	0	0
1469	I	0	0	0	0	0	0	0
1470	I	0	0	0	0	0	0	0
1471	E	0	0	0	0	0	0	0
1472	S	0	0	0	0	0	0	0
1473	Y	0	0	0	0	0	0	0
1474	G	0	0	0	0	0	0	0
1475	A	0	0	0	0	0	0	0
1476	A	0	0	0	0	0	0	0
1477	L	0	0	0	0	0	0	0
1478	M	0	0	0	0	0	0	0
1479	E	0	0	0	0	0	0	0
1480	V	0	0	0	0	0	0	0
1481	V	0	0	0	0	0	0	0
1482	C	0	0	0	0	0	0	0
1483	R	0	0	0	0	0	0	0
1484	D	0	0	0	0	0	0	0
1485	A	0	0	0	0	0	0	0
1486	C	0	0	0	0	0	0	0
1487	D	0	0	0	0	0	0	0
1488	G	0	0	0	0	0	0	0
1489	H	0	0	0	0	0	0	0
1490	E	0	0	0	0	0	0	0
1491	I	0	0	0	0	0	0	0
1492	G	0	0	0	0	0	0	0
1493	R	0	0	0	0	0	0	0
1494	M	0	0	0	0	0	0	0
1495	L	0	0	0	0	0	0	0
1496	A	0	0	0	0	0	0	0
1497	L	0	0	0	0	0	0	0
1498	A	0	0	0	0	0	0	0
1499	L	0	0	0	0	0	0	0
1500	L	0	0	0	0	0	0	0
1501	D	0	0	0	0	0	0	0
1502	R	0	0	0	0	0	0	0
1503	I	0	0	0	0	0	0	0
1504	V	0	0	0	0	0	0	0
1505	S	Phosphoserine	ALLDRIVSVDKQQQW	HHHHHHCCCCHHHCH	0	0	0	0
1506	V	0	0	0	0	0	0	0
1507	D	0	0	0	0	0	0	0
1508	K	N6-acetyllysine	DRIVSVDKQQQWLLY	HHHCCCCHHHCHHHH	0	0	0	0
1509	Q	0	0	0	0	0	0	0
1510	Q	0	0	0	0	0	0	0
1511	Q	0	0	0	0	0	0	0
1512	W	0	0	0	0	0	0	0
1513	L	0	0	0	0	0	0	0
1514	L	0	0	0	0	0	0	0
1515	Y	0	0	0	0	0	0	0
1516	L	0	0	0	0	0	0	0
1517	S	0	0	0	0	0	0	0
1518	N	0	0	0	0	0	0	0
1519	S	0	0	0	0	0	0	0
1520	G	0	0	0	0	0	0	0
1521	Y	0	0	0	0	0	0	0
1522	L	0	0	0	0	0	0	0
1523	K	0	0	0	0	0	0	0
1524	V	0	0	0	0	0	0	0
1525	L	0	0	0	0	0	0	0
1526	V	0	0	0	0	0	0	0
1527	D	0	0	0	0	0	0	0
1528	S	0	0	0	0	0	0	0
1529	L	0	0	0	0	0	0	0
1530	V	0	0	0	0	0	0	0
1531	E	0	0	0	0	0	0	0
1532	D	0	0	0	0	0	0	0
1533	D	0	0	0	0	0	0	0
1534	R	0	0	0	0	0	0	0
1535	T	0	0	0	0	0	0	0
1536	L	0	0	0	0	0	0	0
1537	Q	0	0	0	0	0	0	0
1538	S	0	0	0	0	0	0	0
1539	L	0	0	0	0	0	0	0
1540	L	0	0	0	0	0	0	0
1541	T	0	0	0	0	0	0	0
1542	P	0	0	0	0	0	0	0
1543	Q	0	0	0	0	0	0	0
1544	P	0	0	0	0	0	0	0
1545	P	0	0	0	0	0	0	0
1546	L	0	0	0	0	0	0	0
1547	L	0	0	0	0	0	0	0
1548	K	Ubiquitinlysine	TPQPPLLKALYTYES	CCCCCHHHHHHCHHH	0	0	0	0
1549	A	0	0	0	0	0	0	0
1550	L	0	0	0	0	0	0	0
1551	Y	0	0	0	0	0	0	0
1552	T	0	0	0	0	0	0	0
1553	Y	0	0	0	0	0	0	0
1554	E	0	0	0	0	0	0	0
1555	S	0	0	0	0	0	0	0
1556	K	0	0	0	0	0	0	0
1557	M	0	0	0	0	0	0	0
1558	A	0	0	0	0	0	0	0
1559	F	0	0	0	0	0	0	0
1560	L	0	0	0	0	0	0	0
1561	T	0	0	0	0	0	0	0
1562	R	0	0	0	0	0	0	0
1563	V	0	0	0	0	0	0	0
1564	A	0	0	0	0	0	0	0
1565	K	Ubiquitinlysine	AFLTRVAKIQQGALE	HHHHHHHHHHHHHHH	0	0	0	0
1566	I	0	0	0	0	0	0	0
1567	Q	0	0	0	0	0	0	0
1568	Q	0	0	0	0	0	0	0
1569	G	0	0	0	0	0	0	0
1570	A	0	0	0	0	0	0	0
1571	L	0	0	0	0	0	0	0
1572	E	0	0	0	0	0	0	0
1573	L	0	0	0	0	0	0	0
1574	L	0	0	0	0	0	0	0
1575	R	0	0	0	0	0	0	0
1576	S	0	0	0	0	0	0	0
1577	G	0	0	0	0	0	0	0
1578	V	0	0	0	0	0	0	0
1579	I	0	0	0	0	0	0	0
1580	V	0	0	0	0	0	0	0
1581	R	0	0	0	0	0	0	0
1582	L	0	0	0	0	0	0	0
1583	A	0	0	0	0	0	0	0
1584	Q	0	0	0	0	0	0	0
1585	C	0	0	0	0	0	0	0
1586	Q	0	0	0	0	0	0	0
1587	V	0	0	0	0	0	0	0
1588	Y	0	0	0	0	0	0	0
1589	D	0	0	0	0	0	0	0
1590	M	0	0	0	0	0	0	0
1591	R	0	0	0	0	0	0	0
1592	P	0	0	0	0	0	0	0
1593	E	0	0	0	0	0	0	0
1594	T	0	0	0	0	0	0	0
1595	D	0	0	0	0	0	0	0
1596	P	0	0	0	0	0	0	0
1597	Q	0	0	0	0	0	0	0
1598	S	0	0	0	0	0	0	0
1599	M	0	0	0	0	0	0	0
1600	F	0	0	0	0	0	0	0
1601	G	0	0	0	0	0	0	0
1602	M	0	0	0	0	0	0	0
1603	R	0	0	0	0	0	0	0
1604	D	0	0	0	0	0	0	0
1605	P	0	0	0	0	0	0	0
1606	P	0	0	0	0	0	0	0
1607	M	0	0	0	0	0	0	0
1608	F	0	0	0	0	0	0	0
1609	I	0	0	0	0	0	0	0
1610	P	0	0	0	0	0	0	0
1611	T	0	0	0	0	0	0	0
1612	P	0	0	0	0	0	0	0
1613	V	0	0	0	0	0	0	0
1614	D	0	0	0	0	0	0	0
1615	R	0	0	0	0	0	0	0
1616	Y	0	0	0	0	0	0	0
1617	R	0	0	0	0	0	0	0
1618	Q	0	0	0	0	0	0	0
1619	I	0	0	0	0	0	0	0
1620	L	0	0	0	0	0	0	0
1621	L	0	0	0	0	0	0	0
1622	P	0	0	0	0	0	0	0
1623	A	0	0	0	0	0	0	0
1624	L	0	0	0	0	0	0	0
1625	Q	0	0	0	0	0	0	0
1626	L	0	0	0	0	0	0	0
1627	C	0	0	0	0	0	0	0
1628	Q	0	0	0	0	0	0	0
1629	V	0	0	0	0	0	0	0
1630	I	0	0	0	0	0	0	0
1631	L	0	0	0	0	0	0	0
1632	T	0	0	0	0	0	0	0
1633	S	0	0	0	0	0	0	0
1634	S	0	0	0	0	0	0	0
1635	M	0	0	0	0	0	0	0
1636	A	0	0	0	0	0	0	0
1637	Q	0	0	0	0	0	0	0
1638	H	0	0	0	0	0	0	0
1639	L	0	0	0	0	0	0	0
1640	Q	0	0	0	0	0	0	0
1641	A	0	0	0	0	0	0	0
1642	A	0	0	0	0	0	0	0
1643	G	0	0	0	0	0	0	0
1644	Q	0	0	0	0	0	0	0
1645	V	0	0	0	0	0	0	0
1646	L	0	0	0	0	0	0	0
1647	Q	0	0	0	0	0	0	0
1648	F	0	0	0	0	0	0	0
1649	L	0	0	0	0	0	0	0
1650	I	0	0	0	0	0	0	0
1651	S	0	0	0	0	0	0	0
1652	H	0	0	0	0	0	0	0
1653	S	0	0	0	0	0	0	0
1654	D	0	0	0	0	0	0	0
1655	T	0	0	0	0	0	0	0
1656	I	0	0	0	0	0	0	0
1657	Q	0	0	0	0	0	0	0
1658	A	0	0	0	0	0	0	0
1659	I	0	0	0	0	0	0	0
1660	L	0	0	0	0	0	0	0
1661	R	0	0	0	0	0	0	0
1662	C	S-glutathionyl cysteine	TIQAILRCQDVSAGS	HHHHHHCCCCCCCCC	0	0	0	0
1663	Q	0	0	0	0	0	0	0
1664	D	0	0	0	0	0	0	0
1665	V	0	0	0	0	0	0	0
1666	S	Phosphoserine	ILRCQDVSAGSLQEL	HHCCCCCCCCCHHHH	0	0	0	0
1667	A	0	0	0	0	0	0	0
1668	G	0	0	0	0	0	0	0
1669	S	Phosphoserine	CQDVSAGSLQELALL	CCCCCCCCHHHHHHH	0	0	0	0
1670	L	0	0	0	0	0	0	0
1671	Q	0	0	0	0	0	0	0
1672	E	0	0	0	0	0	0	0
1673	L	0	0	0	0	0	0	0
1674	A	0	0	0	0	0	0	0
1675	L	0	0	0	0	0	0	0
1676	L	0	0	0	0	0	0	0
1677	T	0	0	0	0	0	0	0
1678	G	0	0	0	0	0	0	0
1679	I	0	0	0	0	0	0	0
1680	I	0	0	0	0	0	0	0
1681	S	Phosphoserine	ALLTGIISKAALPGI	HHHHHHHHHHHCCCH	0	0	0	0
1682	K	0	0	0	0	0	0	0
1683	A	0	0	0	0	0	0	0
1684	A	0	0	0	0	0	0	0
1685	L	0	0	0	0	0	0	0
1686	P	0	0	0	0	0	0	0
1687	G	0	0	0	0	0	0	0
1688	I	0	0	0	0	0	0	0
1689	L	0	0	0	0	0	0	0
1690	S	0	0	0	0	0	0	0
1691	E	0	0	0	0	0	0	0
1692	L	0	0	0	0	0	0	0
1693	D	0	0	0	0	0	0	0
1694	V	0	0	0	0	0	0	0
1695	D	0	0	0	0	0	0	0
1696	V	0	0	0	0	0	0	0
1697	N	0	0	0	0	0	0	0
1698	E	0	0	0	0	0	0	0
1699	G	0	0	0	0	0	0	0
1700	S	0	0	0	0	0	0	0
1701	L	0	0	0	0	0	0	0
1702	M	0	0	0	0	0	0	0
1703	E	0	0	0	0	0	0	0
1704	L	0	0	0	0	0	0	0
1705	Q	0	0	0	0	0	0	0
1706	G	0	0	0	0	0	0	0
1707	H	0	0	0	0	0	0	0
1708	I	0	0	0	0	0	0	0
1709	G	0	0	0	0	0	0	0
1710	R	0	0	0	0	0	0	0
1711	F	0	0	0	0	0	0	0
1712	Q	0	0	0	0	0	0	0
1713	R	0	0	0	0	0	0	0
1714	Q	0	0	0	0	0	0	0
1715	C	0	0	0	0	0	0	0
1716	L	0	0	0	0	0	0	0
1717	G	0	0	0	0	0	0	0
1718	L	0	0	0	0	0	0	0
1719	L	0	0	0	0	0	0	0
1720	S	0	0	0	0	0	0	0
1721	R	0	0	0	0	0	0	0
1722	F	0	0	0	0	0	0	0
1723	G	0	0	0	0	0	0	0
1724	G	0	0	0	0	0	0	0
1725	S	0	0	0	0	0	0	0
1726	D	0	0	0	0	0	0	0
1727	R	0	0	0	0	0	0	0
1728	L	0	0	0	0	0	0	0
1729	R	0	0	0	0	0	0	0
1730	Q	0	0	0	0	0	0	0
1731	F	0	0	0	0	0	0	0
1732	K	Ubiquitinlysine	SDRLRQFKFQDDNVE	CHHHHCCCCCCCCCC	0	0	0	0
1733	F	0	0	0	0	0	0	0
1734	Q	0	0	0	0	0	0	0
1735	D	0	0	0	0	0	0	0
1736	D	0	0	0	0	0	0	0
1737	N	0	0	0	0	0	0	0
1738	V	0	0	0	0	0	0	0
1739	E	0	0	0	0	0	0	0
1740	G	0	0	0	0	0	0	0
1741	D	0	0	0	0	0	0	0
1742	K	Ubiquitinlysine	DDNVEGDKVSKKDEI	CCCCCCCCCCHHHHH	0	0	0	0
1743	V	0	0	0	0	0	0	0
1744	S	0	0	0	0	0	0	0
1745	K	0	0	0	0	0	0	0
1746	K	0	0	0	0	0	0	0
1747	D	0	0	0	0	0	0	0
1748	E	0	0	0	0	0	0	0
1749	I	0	0	0	0	0	0	0
1750	E	0	0	0	0	0	0	0
1751	L	0	0	0	0	0	0	0
1752	A	0	0	0	0	0	0	0
1753	M	0	0	0	0	0	0	0
1754	Q	0	0	0	0	0	0	0
1755	Q	0	0	0	0	0	0	0
1756	I	0	0	0	0	0	0	0
1757	C	0	0	0	0	0	0	0
1758	A	0	0	0	0	0	0	0
1759	N	0	0	0	0	0	0	0
1760	V	0	0	0	0	0	0	0
1761	M	0	0	0	0	0	0	0
1762	E	0	0	0	0	0	0	0
1763	Y	0	0	0	0	0	0	0
1764	C	0	0	0	0	0	0	0
1765	Q	0	0	0	0	0	0	0
1766	S	0	0	0	0	0	0	0
1767	L	0	0	0	0	0	0	0
1768	M	0	0	0	0	0	0	0
1769	L	0	0	0	0	0	0	0
1770	Q	0	0	0	0	0	0	0
1771	S	0	0	0	0	0	0	0
1772	S	0	0	0	0	0	0	0
1773	P	0	0	0	0	0	0	0
1774	T	0	0	0	0	0	0	0
1775	F	0	0	0	0	0	0	0
1776	Q	0	0	0	0	0	0	0
1777	H	0	0	0	0	0	0	0
1778	A	0	0	0	0	0	0	0
1779	V	0	0	0	0	0	0	0
1780	C	0	0	0	0	0	0	0
1781	L	0	0	0	0	0	0	0
1782	F	0	0	0	0	0	0	0
1783	T	0	0	0	0	0	0	0
1784	P	0	0	0	0	0	0	0
1785	S	0	0	0	0	0	0	0
1786	L	0	0	0	0	0	0	0
1787	S	0	0	0	0	0	0	0
1788	E	0	0	0	0	0	0	0
1789	T	0	0	0	0	0	0	0
1790	V	0	0	0	0	0	0	0
1791	N	0	0	0	0	0	0	0
1792	R	0	0	0	0	0	0	0
1793	D	0	0	0	0	0	0	0
1794	G	0	0	0	0	0	0	0
1795	P	0	0	0	0	0	0	0
1796	R	0	0	0	0	0	0	0
1797	Q	0	0	0	0	0	0	0
1798	D	0	0	0	0	0	0	0
1799	T	Phosphothreonine	RDGPRQDTQAPVVPY	CCCCCCCCCCCCCCC	0	0	0	0
1800	Q	0	0	0	0	0	0	0
1801	A	0	0	0	0	0	0	0
1802	P	0	0	0	0	0	0	0
1803	V	0	0	0	0	0	0	0
1804	V	0	0	0	0	0	0	0
1805	P	0	0	0	0	0	0	0
1806	Y	0	0	0	0	0	0	0
1807	W	0	0	0	0	0	0	0
1808	R	0	0	0	0	0	0	0
1809	L	0	0	0	0	0	0	0
1810	P	0	0	0	0	0	0	0
1811	G	0	0	0	0	0	0	0
1812	L	0	0	0	0	0	0	0
1813	G	0	0	0	0	0	0	0
1814	I	0	0	0	0	0	0	0
1815	I	0	0	0	0	0	0	0
1816	I	0	0	0	0	0	0	0
1817	Y	0	0	0	0	0	0	0
1818	L	0	0	0	0	0	0	0
1819	L	0	0	0	0	0	0	0
1820	K	0	0	0	0	0	0	0
1821	Q	0	0	0	0	0	0	0
1822	S	0	0	0	0	0	0	0
1823	A	0	0	0	0	0	0	0
1824	N	0	0	0	0	0	0	0
1825	D	0	0	0	0	0	0	0
1826	F	0	0	0	0	0	0	0
1827	F	0	0	0	0	0	0	0
1828	S	0	0	0	0	0	0	0
1829	Y	0	0	0	0	0	0	0
1830	Y	0	0	0	0	0	0	0
1831	D	0	0	0	0	0	0	0
1832	S	0	0	0	0	0	0	0
1833	H	0	0	0	0	0	0	0
1834	R	0	0	0	0	0	0	0
1835	Q	0	0	0	0	0	0	0
1836	S	0	0	0	0	0	0	0
1837	V	0	0	0	0	0	0	0
1838	S	0	0	0	0	0	0	0
1839	K	0	0	0	0	0	0	0
1840	L	0	0	0	0	0	0	0
1841	Q	0	0	0	0	0	0	0
1842	N	0	0	0	0	0	0	0
1843	V	0	0	0	0	0	0	0
1844	E	0	0	0	0	0	0	0
1845	Q	0	0	0	0	0	0	0
1846	L	0	0	0	0	0	0	0
1847	P	0	0	0	0	0	0	0
1848	P	0	0	0	0	0	0	0
1849	D	0	0	0	0	0	0	0
1850	E	0	0	0	0	0	0	0
1851	I	0	0	0	0	0	0	0
1852	K	N6-acetyllysine	QLPPDEIKELCQSVM	HCCHHHHHHHHHHHC	0	0	0	0
1853	E	0	0	0	0	0	0	0
1854	L	0	0	0	0	0	0	0
1855	C	0	0	0	0	0	0	0
1856	Q	0	0	0	0	0	0	0
1857	S	0	0	0	0	0	0	0
1858	V	0	0	0	0	0	0	0
1859	M	0	0	0	0	0	0	0
1860	P	0	0	0	0	0	0	0
1861	A	0	0	0	0	0	0	0
1862	G	0	0	0	0	0	0	0
1863	V	0	0	0	0	0	0	0
1864	D	0	0	0	0	0	0	0
1865	K	N6-acetyllysine	VMPAGVDKISTAQKY	HCCCCCCCHHHHHHH	0	0	0	0
1866	I	0	0	0	0	0	0	0
1867	S	0	0	0	0	0	0	0
1868	T	Phosphothreonine	AGVDKISTAQKYVLA	CCCCCHHHHHHHHHH	0	0	0	0
1869	A	0	0	0	0	0	0	0
1870	Q	0	0	0	0	0	0	0
1871	K	N6-acetyllysine	DKISTAQKYVLARRR	CCHHHHHHHHHHHHH	0	0	0	0
1872	Y	0	0	0	0	0	0	0
1873	V	0	0	0	0	0	0	0
1874	L	0	0	0	0	0	0	0
1875	A	0	0	0	0	0	0	0
1876	R	0	0	0	0	0	0	0
1877	R	0	0	0	0	0	0	0
1878	R	0	0	0	0	0	0	0
1879	L	0	0	0	0	0	0	0
1880	V	0	0	0	0	0	0	0
1881	K	Ubiquitinlysine	LARRRLVKVINNRAK	HHHHHHHHHHCCHHH	0	0	0	0
1882	V	0	0	0	0	0	0	0
1883	I	0	0	0	0	0	0	0
1884	N	0	0	0	0	0	0	0
1885	N	0	0	0	0	0	0	0
1886	R	0	0	0	0	0	0	0
1887	A	0	0	0	0	0	0	0
1888	K	0	0	0	0	0	0	0
1889	L	0	0	0	0	0	0	0
1890	L	0	0	0	0	0	0	0
1891	S	0	0	0	0	0	0	0
1892	L	0	0	0	0	0	0	0
1893	C	0	0	0	0	0	0	0
1894	S	0	0	0	0	0	0	0
1895	F	0	0	0	0	0	0	0
1896	I	0	0	0	0	0	0	0
1897	I	0	0	0	0	0	0	0
1898	E	0	0	0	0	0	0	0
1899	T	0	0	0	0	0	0	0
1900	C	0	0	0	0	0	0	0
1901	L	0	0	0	0	0	0	0
1902	F	0	0	0	0	0	0	0
1903	I	0	0	0	0	0	0	0
1904	L	0	0	0	0	0	0	0
1905	W	0	0	0	0	0	0	0
1906	R	0	0	0	0	0	0	0
1907	H	0	0	0	0	0	0	0
1908	L	0	0	0	0	0	0	0
1909	E	0	0	0	0	0	0	0
1910	Y	0	0	0	0	0	0	0
1911	Y	0	0	0	0	0	0	0
1912	L	0	0	0	0	0	0	0
1913	L	0	0	0	0	0	0	0
1914	H	0	0	0	0	0	0	0
1915	C	0	0	0	0	0	0	0
1916	M	0	0	0	0	0	0	0
1917	P	0	0	0	0	0	0	0
1918	T	0	0	0	0	0	0	0
1919	D	0	0	0	0	0	0	0
1920	S	0	0	0	0	0	0	0
1921	Q	0	0	0	0	0	0	0
1922	D	0	0	0	0	0	0	0
1923	S	0	0	0	0	0	0	0
1924	L	0	0	0	0	0	0	0
1925	F	0	0	0	0	0	0	0
1926	A	0	0	0	0	0	0	0
1927	S	0	0	0	0	0	0	0
1928	R	0	0	0	0	0	0	0
1929	T	0	0	0	0	0	0	0
1930	L	0	0	0	0	0	0	0
1931	F	0	0	0	0	0	0	0
1932	K	0	0	0	0	0	0	0
1933	S	0	0	0	0	0	0	0
1934	R	0	0	0	0	0	0	0
1935	R	0	0	0	0	0	0	0
1936	L	0	0	0	0	0	0	0
1937	Q	0	0	0	0	0	0	0
1938	D	0	0	0	0	0	0	0
1939	S	Phosphoserine	KSRRLQDSFASETNL	HHCHHHHCCCCCCCC	0	0	0	0
1940	F	0	0	0	0	0	0	0
1941	A	0	0	0	0	0	0	0
1942	S	Phosphoserine	RLQDSFASETNLDFR	HHHHCCCCCCCCCCC	0	0	0	0
1943	E	0	0	0	0	0	0	0
1944	T	Phosphothreonine	QDSFASETNLDFRSG	HHCCCCCCCCCCCCC	0	0	0	0
1945	N	0	0	0	0	0	0	0
1946	L	0	0	0	0	0	0	0
1947	D	0	0	0	0	0	0	0
1948	F	0	0	0	0	0	0	0
1949	R	0	0	0	0	0	0	0
1950	S	0	0	0	0	0	0	0
1951	G	0	0	0	0	0	0	0
1952	L	0	0	0	0	0	0	0
1953	A	0	0	0	0	0	0	0
1954	I	0	0	0	0	0	0	0
1955	V	0	0	0	0	0	0	0
1956	S	0	0	0	0	0	0	0
1957	Q	0	0	0	0	0	0	0
1958	H	0	0	0	0	0	0	0
1959	D	0	0	0	0	0	0	0
1960	L	0	0	0	0	0	0	0
1961	D	0	0	0	0	0	0	0
1962	Q	0	0	0	0	0	0	0
1963	L	0	0	0	0	0	0	0
1964	Q	0	0	0	0	0	0	0
1965	A	0	0	0	0	0	0	0
1966	D	0	0	0	0	0	0	0
1967	A	0	0	0	0	0	0	0
1968	I	0	0	0	0	0	0	0
1969	N	0	0	0	0	0	0	0
1970	A	0	0	0	0	0	0	0
1971	F	0	0	0	0	0	0	0
1972	G	0	0	0	0	0	0	0
1973	E	0	0	0	0	0	0	0
1974	S	0	0	0	0	0	0	0
1975	L	0	0	0	0	0	0	0
1976	Q	0	0	0	0	0	0	0
1977	K	Ubiquitinlysine	AFGESLQKKLLDIEG	HHHHHHHHHHHCHHH	0	0	0	0
1978	K	0	0	0	0	0	0	0
1979	L	0	0	0	0	0	0	0
1980	L	0	0	0	0	0	0	0
1981	D	0	0	0	0	0	0	0
1982	I	0	0	0	0	0	0	0
1983	E	0	0	0	0	0	0	0
1984	G	0	0	0	0	0	0	0
1985	L	0	0	0	0	0	0	0
1986	Y	Phosphotyrosine	LLDIEGLYSKVRSRY	HHCHHHHHHHHHHHH	0	0	0	0
1987	S	Phosphoserine	LDIEGLYSKVRSRYS	HCHHHHHHHHHHHHH	0	0	0	0
1988	K	Ubiquitinlysine	DIEGLYSKVRSRYSF	CHHHHHHHHHHHHHH	0	0	0	0
1989	V	0	0	0	0	0	0	0
1990	R	0	0	0	0	0	0	0
1991	S	0	0	0	0	0	0	0
1992	R	0	0	0	0	0	0	0
1993	Y	0	0	0	0	0	0	0
1994	S	0	0	0	0	0	0	0
1995	F	0	0	0	0	0	0	0
1996	I	0	0	0	0	0	0	0
1997	Q	0	0	0	0	0	0	0
1998	A	0	0	0	0	0	0	0
1999	L	0	0	0	0	0	0	0
2000	V	0	0	0	0	0	0	0
2001	R	0	0	0	0	0	0	0
2002	R	0	0	0	0	0	0	0
2003	I	0	0	0	0	0	0	0
2004	R	0	0	0	0	0	0	0
2005	G	0	0	0	0	0	0	0
2006	L	0	0	0	0	0	0	0
2007	L	0	0	0	0	0	0	0
2008	R	0	0	0	0	0	0	0
2009	I	0	0	0	0	0	0	0
2010	S	0	0	0	0	0	0	0
2011	R	0	0	0	0	0	0	0
2012	N	0	0	0	0	0	0	0
