location	residue	Modification	seq	secStruc	RelatedDisease	VariantPosition	ResidueChange	DaPSbySAP
1	M	0	0	0	0	0	0	0
2	R	0	0	0	0	0	0	0
3	W	0	0	0	0	0	0	0
4	R	0	0	0	0	0	0	0
5	T	0	0	0	0	0	0	0
6	I	0	0	0	0	0	0	0
7	L	0	0	0	0	0	0	0
8	L	0	0	0	0	0	0	0
9	Q	0	0	0	0	0	0	0
10	Y	0	0	0	0	0	0	0
11	C	0	0	0	0	0	0	0
12	F	0	0	0	0	0	0	0
13	L	0	0	0	0	0	0	0
14	L	0	0	0	0	0	0	0
15	I	0	0	0	0	0	0	0
16	T	0	0	0	0	0	0	0
17	C	0	0	0	0	0	0	0
18	L	0	0	0	0	0	0	0
19	L	0	0	0	0	0	0	0
20	T	0	0	0	0	0	0	0
21	A	0	0	0	0	0	0	0
22	L	0	0	0	0	0	0	0
23	E	0	0	0	0	0	0	0
24	A	0	0	0	0	0	0	0
25	V	0	0	0	0	0	0	0
26	P	0	0	0	0	0	0	0
27	I	0	0	0	0	0	0	0
28	D	0	0	0	0	0	0	0
29	I	0	0	0	0	0	0	0
30	D	0	0	0	0	0	0	0
31	K	0	0	0	0	0	0	0
32	T	0	0	0	0	0	0	0
33	K	0	0	0	0	0	0	0
34	V	0	0	0	0	0	0	0
35	Q	0	0	0	0	0	0	0
36	N	0	0	0	0	0	0	0
37	I	0	0	0	0	0	0	0
38	H	0	0	0	0	0	0	0
39	P	0	0	0	0	0	0	0
40	V	0	0	0	0	0	0	0
41	E	0	0	0	0	0	0	0
42	S	O-linked (GalNAc)	QNIHPVESAKIEPPD	CCCCCCCCCCCCCCC	0	0	0	0
43	A	0	0	0	0	0	0	0
44	K	0	0	0	0	0	0	0
45	I	0	0	0	0	0	0	0
46	E	0	0	0	0	0	0	0
47	P	0	0	0	0	0	0	0
48	P	0	0	0	0	0	0	0
49	D	0	0	0	0	0	0	0
50	T	0	0	0	0	0	0	0
51	G	0	0	0	0	0	0	0
52	L	0	0	0	0	0	0	0
53	Y	Phosphotyrosine	EPPDTGLYYDEYLKQ	CCCCCCCCHHHHHHH	0	0	0	0
54	Y	Phosphotyrosine	PPDTGLYYDEYLKQV	CCCCCCCHHHHHHHH	0	0	0	0
55	D	0	0	0	0	0	0	0
56	E	0	0	0	0	0	0	0
57	Y	0	0	0	0	0	0	0
58	L	0	0	0	0	0	0	0
59	K	0	0	0	0	0	0	0
60	Q	0	0	0	0	0	0	0
61	V	0	0	0	0	0	0	0
62	I	0	0	0	0	0	0	0
63	D	0	0	0	0	0	0	0
64	V	0	0	0	0	0	0	0
65	L	0	0	0	0	0	0	0
66	E	0	0	0	0	0	0	0
67	T	Phosphothreonine	QVIDVLETDKHFREK	HHHHHHHHCHHHHHH	0	0	0	0
68	D	0	0	0	0	0	0	0
69	K	0	0	0	0	0	0	0
70	H	0	0	0	0	0	0	0
71	F	0	0	0	0	0	0	0
72	R	0	0	0	0	0	0	0
73	E	0	0	0	0	0	0	0
74	K	0	0	0	0	0	0	0
75	L	0	0	0	0	0	0	0
76	Q	0	0	0	0	0	0	0
77	K	0	0	0	0	0	0	0
78	A	0	0	0	0	0	0	0
79	D	0	0	0	0	0	0	0
80	I	0	0	0	0	0	0	0
81	E	0	0	0	0	0	0	0
82	E	0	0	0	0	0	0	0
83	I	0	0	0	0	0	0	0
84	K	N6-acetyllysine	KADIEEIKSGRLSKE	HCCHHHHHCCCCCHH	0	0	0	0
85	S	0	0	0	0	0	0	0
86	G	0	0	0	0	0	0	0
87	R	0	0	0	0	0	0	0
88	L	0	0	0	0	0	0	0
89	S	0	0	0	0	0	0	0
90	K	Ubiquitinlysine	IKSGRLSKELDLVSH	HHCCCCCHHHHHHHH	0	0	0	0
91	E	0	0	0	0	0	0	0
92	L	0	0	0	0	0	0	0
93	D	0	0	0	0	0	0	0
94	L	0	0	0	0	0	0	0
95	V	0	0	0	0	0	0	0
96	S	O-linked (GalNAc)	SKELDLVSHHVRTKL	CHHHHHHHHHHHHHH	0	0	0	0
97	H	0	0	0	0	0	0	0
98	H	0	0	0	0	0	0	0
99	V	0	0	0	0	0	0	0
100	R	0	0	0	0	0	0	0
101	T	0	0	0	0	0	0	0
102	K	0	0	0	0	0	0	0
103	L	0	0	0	0	0	0	0
104	D	0	0	0	0	0	0	0
105	E	0	0	0	0	0	0	0
106	L	0	0	0	0	0	0	0
107	K	0	0	0	0	0	0	0
108	R	0	0	0	0	0	0	0
109	Q	0	0	0	0	0	0	0
110	E	0	0	0	0	0	0	0
111	V	0	0	0	0	0	0	0
112	G	0	0	0	0	0	0	0
113	R	0	0	0	0	0	0	0
114	L	0	0	0	0	0	0	0
115	R	0	0	0	0	0	0	0
116	M	0	0	0	0	0	0	0
117	L	0	0	0	0	0	0	0
118	I	0	0	0	0	0	0	0
119	K	0	0	0	0	0	0	0
120	A	0	0	0	0	0	0	0
121	K	0	0	0	0	0	0	0
122	L	0	0	0	0	0	0	0
123	D	0	0	0	0	0	0	0
124	S	Phosphoserine	LIKAKLDSLQDIGMD	HHHHHHHHHHHCCCC	0	0	0	0
125	L	0	0	0	0	0	0	0
126	Q	0	0	0	0	0	0	0
127	D	0	0	0	0	0	0	0
128	I	0	0	0	0	0	0	0
129	G	0	0	0	0	0	0	0
130	M	0	0	0	0	0	0	0
131	D	0	0	0	0	0	0	0
132	H	0	0	0	0	0	0	0
133	Q	0	0	0	0	0	0	0
134	A	0	0	0	0	0	0	0
135	L	0	0	0	0	0	0	0
136	L	0	0	0	0	0	0	0
137	K	0	0	0	0	0	0	0
138	Q	0	0	0	0	0	0	0
139	F	0	0	0	0	0	0	0
140	D	0	0	0	0	0	0	0
141	H	0	0	0	0	0	0	0
142	L	0	0	0	0	0	0	0
143	N	0	0	0	0	0	0	0
144	H	0	0	0	0	0	0	0
145	L	0	0	0	0	0	0	0
146	N	0	0	0	0	0	0	0
147	P	0	0	0	0	0	0	0
148	D	0	0	0	0	0	0	0
149	K	0	0	0	0	0	0	0
150	F	0	0	0	0	0	0	0
151	E	0	0	0	0	0	0	0
152	S	Phosphoserine	LNPDKFESTDLDMLI	CCHHHCCCCCHHHHH	0	0	0	0
153	T	0	0	0	0	0	0	0
154	D	0	0	0	0	0	0	0
155	L	0	0	0	0	0	0	0
156	D	0	0	0	0	0	0	0
157	M	0	0	0	0	0	0	0
158	L	0	0	0	0	0	0	0
159	I	0	0	0	0	0	0	0
160	K	0	0	0	0	0	0	0
161	A	0	0	0	0	0	0	0
162	A	0	0	0	0	0	0	0
163	T	O-linked (GalNAc)	DMLIKAATSDLEHYD	HHHHHHHCCCHHHHH	0	0	0	0
164	S	0	0	0	0	0	0	0
165	D	0	0	0	0	0	0	0
166	L	0	0	0	0	0	0	0
167	E	0	0	0	0	0	0	0
168	H	0	0	0	0	0	0	0
169	Y	Phosphotyrosine	ATSDLEHYDKTRHEE	HCCCHHHHHHHCHHH	0	0	0	0
170	D	0	0	0	0	0	0	0
171	K	N6-acetyllysine	SDLEHYDKTRHEEFK	CCHHHHHHHCHHHHH	0	0	0	0
172	T	O-linked (GalNAc)	DLEHYDKTRHEEFKK	CHHHHHHHCHHHHHH	0	0	0	0
173	R	0	0	0	0	0	0	0
174	H	0	0	0	0	0	0	0
175	E	0	0	0	0	0	0	0
176	E	0	0	0	0	0	0	0
177	F	0	0	0	0	0	0	0
178	K	N-acetyllysine	KTRHEEFKKYEMMKE	HHCHHHHHHHHHHHH	0	0	0	0
179	K	0	0	0	0	0	0	0
180	Y	0	0	0	0	0	0	0
181	E	0	0	0	0	0	0	0
182	M	0	0	0	0	0	0	0
183	M	0	0	0	0	0	0	0
184	K	0	0	0	0	0	0	0
185	E	0	0	0	0	0	0	0
186	H	0	0	0	0	0	0	0
187	E	0	0	0	0	0	0	0
188	R	0	0	0	0	0	0	0
189	R	0	0	0	0	0	0	0
190	E	0	0	0	0	0	0	0
191	Y	0	0	0	0	0	0	0
192	L	0	0	0	0	0	0	0
193	K	0	0	0	0	0	0	0
194	T	0	0	0	0	0	0	0
195	L	0	0	0	0	0	0	0
196	N	0	0	0	0	0	0	0
197	E	0	0	0	0	0	0	0
198	E	0	0	0	0	0	0	0
199	K	0	0	0	0	0	0	0
200	R	0	0	0	0	0	0	0
201	K	N-acetyllysine	TLNEEKRKEEESKFE	HHCHHHHHHHHHHHH	0	0	0	0
202	E	0	0	0	0	0	0	0
203	E	0	0	0	0	0	0	0
204	E	0	0	0	0	0	0	0
205	S	0	0	0	0	0	0	0
206	K	0	0	0	0	0	0	0
207	F	0	0	0	0	0	0	0
208	E	0	0	0	0	0	0	0
209	E	0	0	0	0	0	0	0
210	M	0	0	0	0	0	0	0
211	K	0	0	0	0	0	0	0
212	K	0	0	0	0	0	0	0
213	K	0	0	0	0	0	0	0
214	H	0	0	0	0	0	0	0
215	E	0	0	0	0	0	0	0
216	N	0	0	0	0	0	0	0
217	H	0	0	0	0	0	0	0
218	P	0	0	0	0	0	0	0
219	K	0	0	0	0	0	0	0
220	V	0	0	0	0	0	0	0
221	N	0	0	0	0	0	0	0
222	H	0	0	0	0	0	0	0
223	P	0	0	0	0	0	0	0
224	G	0	0	0	0	0	0	0
225	S	0	0	0	0	0	0	0
226	K	0	0	0	0	0	0	0
227	D	0	0	0	0	0	0	0
228	Q	0	0	0	0	0	0	0
229	L	0	0	0	0	0	0	0
230	K	0	0	0	0	0	0	0
231	E	0	0	0	0	0	0	0
232	V	0	0	0	0	0	0	0
233	W	0	0	0	0	0	0	0
234	E	0	0	0	0	0	0	0
235	E	0	0	0	0	0	0	0
236	T	0	0	0	0	0	0	0
237	D	0	0	0	0	0	0	0
238	G	0	0	0	0	0	0	0
239	L	0	0	0	0	0	0	0
240	D	0	0	0	0	0	0	0
241	P	0	0	0	0	0	0	0
242	N	0	0	0	0	0	0	0
243	D	0	0	0	0	0	0	0
244	F	0	0	0	0	0	0	0
245	D	0	0	0	0	0	0	0
246	P	0	0	0	0	0	0	0
247	K	Ubiquitinlysine	DPNDFDPKTFFKLHD	CCCCCCHHHHHEEEC	0	0	0	0
248	T	0	0	0	0	0	0	0
249	F	0	0	0	0	0	0	0
250	F	0	0	0	0	0	0	0
251	K	0	0	0	0	0	0	0
252	L	0	0	0	0	0	0	0
253	H	0	0	0	0	0	0	0
254	D	0	0	0	0	0	0	0
255	V	0	0	0	0	0	0	0
256	N	0	0	0	0	0	0	0
257	S	Phosphoserine	FKLHDVNSDGFLDEQ	HEEECCCCCCCCCHH	0	0	0	0
258	D	0	0	0	0	0	0	0
259	G	0	0	0	0	0	0	0
260	F	0	0	0	0	0	0	0
261	L	0	0	0	0	0	0	0
262	D	0	0	0	0	0	0	0
263	E	0	0	0	0	0	0	0
264	Q	0	0	0	0	0	0	0
265	E	0	0	0	0	0	0	0
266	L	0	0	0	0	0	0	0
267	E	0	0	0	0	0	0	0
268	A	0	0	0	0	0	0	0
269	L	0	0	0	0	0	0	0
270	F	0	0	0	0	0	0	0
271	T	0	0	0	0	0	0	0
272	K	0	0	0	0	0	0	0
273	E	0	0	0	0	0	0	0
274	L	0	0	0	0	0	0	0
275	E	0	0	0	0	0	0	0
276	K	0	0	0	0	0	0	0
277	V	0	0	0	0	0	0	0
278	Y	Phosphotyrosine	TKELEKVYDPKNEED	HHHHHHHCCCCCCCC	0	0	0	0
279	D	0	0	0	0	0	0	0
280	P	0	0	0	0	0	0	0
281	K	0	0	0	0	0	0	0
282	N	0	0	0	0	0	0	0
283	E	0	0	0	0	0	0	0
284	E	0	0	0	0	0	0	0
285	D	0	0	0	0	0	0	0
286	D	0	0	0	0	0	0	0
287	M	0	0	0	0	0	0	0
288	V	0	0	0	0	0	0	0
289	E	0	0	0	0	0	0	0
290	M	0	0	0	0	0	0	0
291	E	0	0	0	0	0	0	0
292	E	0	0	0	0	0	0	0
293	E	0	0	0	0	0	0	0
294	R	0	0	0	0	0	0	0
295	L	0	0	0	0	0	0	0
296	R	0	0	0	0	0	0	0
297	M	0	0	0	0	0	0	0
298	R	0	0	0	0	0	0	0
299	E	0	0	0	0	0	0	0
300	H	0	0	0	0	0	0	0
301	V	0	0	0	0	0	0	0
302	M	0	0	0	0	0	0	0
303	N	0	0	0	0	0	0	0
304	E	0	0	0	0	0	0	0
305	V	0	0	0	0	0	0	0
306	D	0	0	0	0	0	0	0
307	T	0	0	0	0	0	0	0
308	N	0	0	0	0	0	0	0
309	K	0	0	0	0	0	0	0
310	D	0	0	0	0	0	0	0
311	R	0	0	0	0	0	0	0
312	L	0	0	0	0	0	0	0
313	V	0	0	0	0	0	0	0
314	T	O-linked (GalNAc)	TNKDRLVTLEEFLKA	CCHHHEECHHHHHHH	0	0	0	0
315	L	0	0	0	0	0	0	0
316	E	0	0	0	0	0	0	0
317	E	0	0	0	0	0	0	0
318	F	0	0	0	0	0	0	0
319	L	0	0	0	0	0	0	0
320	K	0	0	0	0	0	0	0
321	A	0	0	0	0	0	0	0
322	T	O-linked (GalNAc)	LEEFLKATEKKEFLE	HHHHHHHHCCHHHCC	0	0	0	0
323	E	0	0	0	0	0	0	0
324	K	0	0	0	0	0	0	0
325	K	0	0	0	0	0	0	0
326	E	0	0	0	0	0	0	0
327	F	0	0	0	0	0	0	0
328	L	0	0	0	0	0	0	0
329	E	0	0	0	0	0	0	0
330	P	0	0	0	0	0	0	0
331	D	0	0	0	0	0	0	0
332	S	Phosphoserine	KEFLEPDSWETLDQQ	HHHCCCCCHHHHCHH	Systolic blood pressure:systolic blood pressure	338 (6)	0	0
333	W	0	0	0	0	0	0	0
334	E	0	0	0	0	0	0	0
335	T	Phosphothreonine	LEPDSWETLDQQQFF	CCCCCHHHHCHHHCC	Systolic blood pressure:systolic blood pressure	338 (3)	0	0
336	L	0	0	0	0	0	0	0
337	D	0	0	0	0	0	0	0
338	Q	0	0	0	0	0	E	332,335
339	Q	0	0	0	0	0	0	0
340	Q	0	0	0	0	0	0	0
341	F	0	0	0	0	0	0	0
342	F	0	0	0	0	0	0	0
343	T	0	0	0	0	0	0	0
344	E	0	0	0	0	0	0	0
345	E	0	0	0	0	0	0	0
346	E	0	0	0	0	0	0	0
347	L	0	0	0	0	0	0	0
348	K	0	0	0	0	0	0	0
349	E	0	0	0	0	0	0	0
350	Y	0	0	0	0	0	0	0
351	E	0	0	0	0	0	0	0
352	N	0	0	0	0	0	0	0
353	I	0	0	0	0	0	0	0
354	I	0	0	0	0	0	0	0
355	A	0	0	0	0	0	0	0
356	L	0	0	0	0	0	0	0
357	Q	0	0	0	0	0	0	0
358	E	0	0	0	0	0	0	0
359	N	0	0	0	0	0	0	0
360	E	0	0	0	0	0	0	0
361	L	0	0	0	0	0	0	0
362	K	0	0	0	0	0	0	0
363	K	0	0	0	0	0	0	0
364	K	0	0	0	0	0	0	0
365	A	0	0	0	0	0	0	0
366	D	0	0	0	0	0	0	0
367	E	0	0	0	0	0	0	0
368	L	0	0	0	0	0	0	0
369	Q	0	0	0	0	0	0	0
370	K	0	0	0	0	0	0	0
371	Q	0	0	0	0	0	0	0
372	K	0	0	0	0	0	0	0
373	E	0	0	0	0	0	0	0
374	E	0	0	0	0	0	0	0
375	L	0	0	0	0	0	0	0
376	Q	0	0	0	0	0	0	0
377	R	0	0	0	0	0	0	0
378	Q	0	0	0	0	0	0	0
379	H	0	0	0	0	0	0	0
380	D	0	0	0	0	0	0	0
381	Q	0	0	0	0	0	0	0
382	L	0	0	0	0	0	0	0
383	E	0	0	0	0	0	0	0
384	A	0	0	0	0	0	0	0
385	Q	0	0	0	0	0	0	0
386	K	0	0	0	0	0	0	0
387	L	0	0	0	0	0	0	0
388	E	0	0	0	0	0	0	0
389	Y	O-linked (GalNAc)	LEAQKLEYHQVIQQM	HHHHHHHHHHHHHHH	0	0	0	0
390	H	0	0	0	0	0	0	0
391	Q	0	0	0	0	0	0	0
392	V	0	0	0	0	0	0	0
393	I	0	0	0	0	0	0	0
394	Q	0	0	0	0	0	0	0
395	Q	0	0	0	0	0	0	0
396	M	0	0	0	0	0	0	0
397	E	0	0	0	0	0	0	0
398	Q	0	0	0	0	0	0	0
399	K	0	0	0	0	0	0	0
400	K	0	0	0	0	0	0	0
401	L	0	0	0	0	0	0	0
402	Q	0	0	0	0	0	0	0
403	Q	0	0	0	0	0	0	0
404	G	0	0	0	0	0	0	0
405	I	0	0	0	0	0	0	0
406	P	0	0	0	0	0	0	0
407	P	0	0	0	0	0	0	0
408	S	O-linked (GalNAc)	LQQGIPPSGPAGELK	HHCCCCCCCCCCCCC	0	0	0	0
409	G	0	0	0	0	0	0	0
410	P	0	0	0	0	0	0	0
411	A	0	0	0	0	0	0	0
412	G	0	0	0	0	0	0	0
413	E	0	0	0	0	0	0	0
414	L	0	0	0	0	0	0	0
415	K	0	0	0	0	0	0	0
416	F	0	0	0	0	0	0	0
417	E	0	0	0	0	0	0	0
418	P	0	0	0	0	0	0	0
419	H	0	0	0	0	0	0	0
420	I	0	0	0	0	0	0	0
