location	residue	Modification	seq	secStruc	RelatedDisease	VariantPosition	ResidueChange	DaPSbySAP
1	M	0	0	0	0	0	0	0
2	S	0	0	0	0	0	0	0
3	T	0	0	0	0	0	0	0
4	T	0	0	0	0	0	0	0
5	V	0	0	0	0	0	0	0
6	N	0	0	0	0	0	0	0
7	V	0	0	0	0	0	0	0
8	D	0	0	0	0	0	0	0
9	S	0	0	0	0	0	0	0
10	L	0	0	0	0	0	0	0
11	A	0	0	0	0	0	0	0
12	E	0	0	0	0	0	0	0
13	Y	0	0	0	0	0	0	0
14	E	0	0	0	0	0	0	0
15	K	0	0	0	0	0	0	0
16	S	0	0	0	0	0	0	0
17	Q	0	0	0	0	0	0	0
18	I	0	0	0	0	0	0	0
19	K	0	0	0	0	0	0	0
20	R	0	0	0	0	0	0	0
21	A	0	0	0	0	0	0	0
22	L	0	0	0	0	0	0	0
23	E	0	0	0	0	0	0	0
24	L	0	0	0	0	0	0	0
25	G	0	0	0	0	0	0	0
26	T	0	0	0	0	0	0	0
27	V	0	0	0	0	0	0	0
28	M	0	0	0	0	0	0	0
29	T	0	0	0	0	0	0	0
30	V	0	0	0	0	0	0	0
31	F	0	0	0	0	0	0	0
32	S	0	0	0	0	0	0	0
33	F	0	0	0	0	0	0	0
34	R	0	0	0	0	0	0	0
35	K	0	0	0	0	0	0	0
36	S	0	0	0	0	0	0	0
37	T	0	0	0	0	0	0	0
38	P	0	0	0	0	0	0	0
39	E	0	0	0	0	0	0	0
40	R	0	0	0	0	0	0	0
41	R	0	0	0	0	0	0	0
42	T	0	0	0	0	0	0	0
43	V	0	0	0	0	0	0	0
44	Q	0	0	0	0	0	0	0
45	V	0	0	0	0	0	0	0
46	I	0	0	0	0	0	0	0
47	M	0	0	0	0	0	0	0
48	E	0	0	0	0	0	0	0
49	T	0	0	0	0	0	0	0
50	R	0	0	0	0	0	0	0
51	Q	0	0	0	0	0	0	0
52	V	0	0	0	0	0	0	0
53	A	0	0	0	0	0	0	0
54	W	0	0	0	0	0	0	0
55	S	0	0	0	0	0	0	0
56	K	0	0	0	0	0	0	0
57	T	0	0	0	0	0	0	0
58	A	0	0	0	0	0	0	0
59	D	0	0	0	0	0	0	0
60	K	0	0	0	0	0	0	0
61	I	0	0	0	0	0	0	0
62	E	0	0	0	0	0	0	0
63	G	0	0	0	0	0	0	0
64	F	0	0	0	0	0	0	0
65	L	0	0	0	0	0	0	0
66	D	0	0	0	0	0	0	0
67	I	0	0	0	0	0	0	0
68	M	0	0	0	0	0	0	0
69	E	0	0	0	0	0	0	0
70	I	0	0	0	0	0	0	0
71	K	0	0	0	0	0	0	0
72	E	0	0	0	0	0	0	0
73	I	0	0	0	0	0	0	0
74	R	0	0	0	0	0	0	0
75	P	0	0	0	0	0	0	0
76	G	0	0	0	0	0	0	0
77	K	0	0	0	0	0	0	0
78	N	0	0	0	0	0	0	0
79	S	0	0	0	0	0	0	0
80	K	0	0	0	0	0	0	0
81	D	0	0	0	0	0	0	0
82	F	0	0	0	0	0	0	0
83	E	0	0	0	0	0	0	0
84	R	0	0	0	0	0	0	0
85	A	0	0	0	0	0	0	0
86	K	0	0	0	0	0	0	0
87	A	0	0	0	0	0	0	0
88	V	0	0	0	0	0	0	0
89	R	0	0	0	0	0	0	0
90	Q	0	0	0	0	0	0	0
91	K	0	0	0	0	0	0	0
92	E	0	0	0	0	0	0	0
93	D	0	0	0	0	0	0	0
94	C	0	0	0	0	0	0	0
95	C	0	0	0	0	0	0	0
96	F	0	0	0	0	0	0	0
97	T	0	0	0	0	0	0	0
98	I	0	0	0	0	0	0	0
99	L	0	0	0	0	0	0	0
100	Y	0	0	0	0	0	0	0
101	G	0	0	0	0	0	0	0
102	T	0	0	0	0	0	0	0
103	Q	0	0	0	0	0	0	0
104	F	0	0	0	0	0	0	0
105	V	0	0	0	0	0	0	0
106	L	0	0	0	0	0	0	0
107	S	0	0	0	0	0	0	0
108	T	0	0	0	0	0	0	0
109	L	0	0	0	0	0	0	0
110	S	0	0	0	0	0	0	0
111	L	0	0	0	0	0	0	0
112	A	0	0	0	0	0	0	0
113	A	0	0	0	0	0	0	0
114	D	0	0	0	0	0	0	0
115	S	0	0	0	0	0	0	0
116	K	0	0	0	0	0	0	0
117	E	0	0	0	0	0	0	0
118	D	0	0	0	0	0	0	0
119	A	0	0	0	0	0	0	0
120	V	0	0	0	0	0	0	0
121	N	0	0	0	0	0	0	0
122	W	0	0	0	0	0	0	0
123	L	0	0	0	0	0	0	0
124	S	0	0	0	0	0	0	0
125	G	0	0	0	0	0	0	0
126	L	0	0	0	0	0	0	0
127	K	0	0	0	0	0	0	0
128	I	0	0	0	0	0	0	0
129	L	0	0	0	0	0	0	0
130	H	0	0	0	0	0	0	0
131	Q	0	0	0	0	0	0	0
132	E	0	0	0	0	0	0	0
133	A	0	0	0	0	0	0	0
134	M	0	0	0	0	0	0	0
135	N	0	0	0	0	0	0	0
136	A	0	0	0	0	0	0	0
137	S	0	0	0	0	0	0	0
138	T	0	0	0	0	0	0	0
139	P	0	0	0	0	0	0	0
140	T	0	0	0	0	0	0	0
141	I	0	0	0	0	0	0	0
142	I	0	0	0	0	0	0	0
143	E	0	0	0	0	0	0	0
144	S	0	0	0	0	0	0	0
145	W	0	0	0	0	0	0	0
146	L	0	0	0	0	0	0	0
147	R	0	0	0	0	0	0	0
148	K	0	0	0	0	0	0	0
149	Q	0	0	0	0	0	0	0
150	I	0	0	0	0	0	0	0
151	Y	0	0	0	0	0	0	0
152	S	0	0	0	0	0	0	0
153	V	0	0	0	0	0	0	0
154	D	0	0	0	0	0	0	0
155	Q	0	0	0	0	0	0	0
156	T	0	0	0	0	0	0	0
157	R	0	0	0	0	0	0	0
158	R	0	0	0	0	0	0	0
159	N	0	0	0	0	0	0	0
160	S	Phosphoserine	VDQTRRNSISLRELK	CCHHHCCCCCHHHHH	0	0	0	0
161	I	0	0	0	0	0	0	0
162	S	0	0	0	0	0	0	0
163	L	0	0	0	0	0	0	0
164	R	0	0	0	0	0	0	0
165	E	0	0	0	0	0	0	0
166	L	0	0	0	0	0	0	0
167	K	0	0	0	0	0	0	0
168	T	0	0	0	0	0	0	0
169	I	0	0	0	0	0	0	0
170	L	0	0	0	0	0	0	0
171	P	0	0	0	0	0	0	0
172	L	0	0	0	0	0	0	0
173	I	0	0	0	0	0	0	0
174	N	0	0	0	0	0	0	0
175	F	0	0	0	0	0	0	0
176	K	0	0	0	0	0	0	0
177	V	0	0	0	0	0	0	0
178	S	0	0	0	0	0	0	0
179	S	0	0	0	0	0	0	0
180	A	0	0	0	0	0	0	0
181	K	N6-acetyllysine	NFKVSSAKFLKDKFV	CCCCCCCHHHHHHEE	0	0	0	0
182	F	0	0	0	0	0	0	0
183	L	0	0	0	0	0	0	0
184	K	0	0	0	0	0	0	0
185	D	0	0	0	0	0	0	0
186	K	0	0	0	0	0	0	0
187	F	0	0	0	0	0	0	0
188	V	0	0	0	0	0	0	0
189	E	0	0	0	0	0	0	0
190	I	0	0	0	0	0	0	0
191	G	0	0	0	0	0	0	0
192	A	0	0	0	0	0	0	0
193	H	0	0	0	0	0	0	0
194	K	0	0	0	0	0	0	0
195	D	0	0	0	0	0	0	0
196	E	0	0	0	0	0	0	0
197	L	0	0	0	0	0	0	0
198	S	0	0	0	0	0	0	0
199	F	0	0	0	0	0	0	0
200	E	0	0	0	0	0	0	0
201	Q	0	0	0	0	0	0	0
202	F	0	0	0	0	0	0	0
203	H	0	0	0	0	0	0	0
204	L	0	0	0	0	0	0	0
205	F	0	0	0	0	0	0	0
206	Y	0	0	0	0	0	0	0
207	K	0	0	0	0	0	0	0
208	K	0	0	0	0	0	0	0
209	L	0	0	0	0	0	0	0
210	M	0	0	0	0	0	0	0
211	F	0	0	0	0	0	0	0
212	E	0	0	0	0	0	0	0
213	Q	0	0	0	0	0	0	0
214	Q	0	0	0	0	0	0	0
215	K	0	0	0	0	0	0	0
216	S	0	0	0	0	0	0	0
217	I	0	0	0	0	0	0	0
218	L	0	0	0	0	0	0	0
219	D	0	0	0	0	0	0	0
220	E	0	0	0	0	0	0	0
221	F	0	0	0	0	0	0	0
222	K	0	0	0	0	0	0	0
223	K	0	0	0	0	0	0	0
224	D	0	0	0	0	0	0	0
225	S	0	0	0	0	0	0	0
226	S	0	0	0	0	0	0	0
227	V	0	0	0	0	0	0	0
228	F	0	0	0	0	0	0	0
229	I	0	0	0	0	0	0	0
230	L	0	0	0	0	0	0	0
231	G	0	0	0	0	0	0	0
232	N	0	0	0	0	0	0	0
233	T	0	0	0	0	0	0	0
234	D	0	0	0	0	0	0	0
235	R	0	0	0	0	0	0	0
236	P	0	0	0	0	0	0	0
237	D	0	0	0	0	0	0	0
238	A	0	0	0	0	0	0	0
239	S	0	0	0	0	0	0	0
240	A	0	0	0	0	0	0	0
241	V	0	0	0	0	0	0	0
242	Y	Phosphotyrosine	RPDASAVYLHDFQRF	CCCCCEEEEHHHHHH	Inflammatory bowel disease:inflammatory bowel disease;Ulcerative colitis:ulcerative colitis	244 (2)	0	0
243	L	0	0	0	0	0	0	0
244	H	0	0	0	0	0	R	242
245	D	0	0	0	0	0	0	0
246	F	0	0	0	0	0	0	0
247	Q	0	0	0	0	0	0	0
248	R	0	0	0	0	0	0	0
249	F	0	0	0	0	0	0	0
250	L	0	0	0	0	0	0	0
251	I	0	0	0	0	0	0	0
252	H	0	0	0	0	0	0	0
253	E	0	0	0	0	0	0	0
254	Q	0	0	0	0	0	0	0
255	Q	0	0	0	0	0	0	0
256	E	0	0	0	0	0	0	0
257	H	0	0	0	0	0	0	0
258	W	0	0	0	0	0	0	0
259	A	0	0	0	0	0	0	0
260	Q	0	0	0	0	0	0	0
261	D	0	0	0	0	0	0	0
262	L	0	0	0	0	0	0	0
263	N	0	0	0	0	0	0	0
264	K	0	0	0	0	0	0	0
265	V	0	0	0	0	0	0	0
266	R	0	0	0	0	0	0	0
267	E	0	0	0	0	0	0	0
268	R	0	0	0	0	0	0	0
269	M	0	0	0	0	0	0	0
270	T	0	0	0	0	0	0	0
271	K	0	0	0	0	0	0	0
272	F	0	0	0	0	0	0	0
273	I	0	0	0	0	0	0	0
274	D	0	0	0	0	0	0	0
275	D	0	0	0	0	0	0	0
276	T	Phosphothreonine	MTKFIDDTMRETAEP	HHHHHHHHHHHHCCC	0	0	0	0
277	M	0	0	0	0	0	0	0
278	R	0	0	0	0	0	0	0
279	E	0	0	0	0	0	0	0
280	T	0	0	0	0	0	0	0
281	A	0	0	0	0	0	0	0
282	E	0	0	0	0	0	0	0
283	P	0	0	0	0	0	0	0
284	F	0	0	0	0	0	0	0
285	L	0	0	0	0	0	0	0
286	F	0	0	0	0	0	0	0
287	V	0	0	0	0	0	0	0
288	D	0	0	0	0	0	0	0
289	E	0	0	0	0	0	0	0
290	F	0	0	0	0	0	0	0
291	L	0	0	0	0	0	0	0
292	T	0	0	0	0	0	0	0
293	Y	0	0	0	0	0	0	0
294	L	0	0	0	0	0	0	0
295	F	0	0	0	0	0	0	0
296	S	0	0	0	0	0	0	0
297	R	0	0	0	0	0	0	0
298	E	0	0	0	0	0	0	0
299	N	0	0	0	0	0	0	0
300	S	0	0	0	0	0	0	0
301	I	0	0	0	0	0	0	0
302	W	0	0	0	0	0	0	0
303	D	0	0	0	0	0	0	0
304	E	0	0	0	0	0	0	0
305	K	0	0	0	0	0	0	0
306	Y	0	0	0	0	0	0	0
307	D	0	0	0	0	0	0	0
308	A	0	0	0	0	0	0	0
309	V	0	0	0	0	0	0	0
310	D	0	0	0	0	0	0	0
311	M	0	0	0	0	0	0	0
312	Q	0	0	0	0	0	0	0
313	D	0	0	0	0	0	0	0
314	M	0	0	0	0	0	0	0
315	N	0	0	0	0	0	0	0
316	N	0	0	0	0	0	0	0
317	P	0	0	0	0	0	0	0
318	L	0	0	0	0	0	0	0
319	S	0	0	0	0	0	0	0
320	H	0	0	0	0	0	0	0
321	Y	0	0	0	0	0	0	0
322	W	0	0	0	0	0	0	0
323	I	0	0	0	0	0	0	0
324	S	0	0	0	0	0	0	0
325	S	0	0	0	0	0	0	0
326	S	0	0	0	0	0	0	0
327	H	0	0	0	0	0	0	0
328	N	0	0	0	0	0	0	0
329	T	0	0	0	0	0	0	0
330	Y	0	0	0	0	0	0	0
331	L	0	0	0	0	0	0	0
332	T	0	0	0	0	0	0	0
333	G	0	0	0	0	0	0	0
334	D	0	0	0	0	0	0	0
335	Q	0	0	0	0	0	0	0
336	L	0	0	0	0	0	0	0
337	R	0	0	0	0	0	0	0
338	S	0	0	0	0	0	0	0
339	E	0	0	0	0	0	0	0
340	S	0	0	0	0	0	0	0
341	S	0	0	0	0	0	0	0
342	P	0	0	0	0	0	0	0
343	E	0	0	0	0	0	0	0
344	A	0	0	0	0	0	0	0
345	Y	0	0	0	0	0	0	0
346	I	0	0	0	0	0	0	0
347	R	0	0	0	0	0	0	0
348	C	0	0	0	0	0	0	0
349	L	0	0	0	0	0	0	0
350	R	0	0	0	0	0	0	0
351	M	0	0	0	0	0	0	0
352	G	0	0	0	0	0	0	0
353	C	0	0	0	0	0	0	0
354	R	0	0	0	0	0	0	0
355	C	0	0	0	0	0	0	0
356	I	0	0	0	0	0	0	0
357	E	0	0	0	0	0	0	0
358	L	0	0	0	0	0	0	0
359	D	0	0	0	0	0	0	0
360	C	0	0	0	0	0	0	0
361	W	0	0	0	0	0	0	0
362	D	0	0	0	0	0	0	0
363	G	0	0	0	0	0	0	0
364	P	0	0	0	0	0	0	0
365	D	0	0	0	0	0	0	0
366	G	0	0	0	0	0	0	0
367	K	0	0	0	0	0	0	0
368	P	0	0	0	0	0	0	0
369	V	0	0	0	0	0	0	0
370	I	0	0	0	0	0	0	0
371	Y	Phosphotyrosine	PDGKPVIYHGWTRTT	CCCCEEEEECCCCCE	0	0	0	0
372	H	0	0	0	0	0	0	0
373	G	0	0	0	0	0	0	0
374	W	0	0	0	0	0	0	0
375	T	0	0	0	0	0	0	0
376	R	0	0	0	0	0	0	0
377	T	0	0	0	0	0	0	0
378	T	0	0	0	0	0	0	0
379	K	0	0	0	0	0	0	0
380	I	0	0	0	0	0	0	0
381	K	0	0	0	0	0	0	0
382	F	0	0	0	0	0	0	0
383	D	0	0	0	0	0	0	0
384	D	0	0	0	0	0	0	0
385	V	0	0	0	0	0	0	0
386	V	0	0	0	0	0	0	0
387	Q	0	0	0	0	0	0	0
388	A	0	0	0	0	0	0	0
389	I	0	0	0	0	0	0	0
390	K	0	0	0	0	0	0	0
391	D	0	0	0	0	0	0	0
392	H	0	0	0	0	0	0	0
393	A	0	0	0	0	0	0	0
394	F	0	0	0	0	0	0	0
395	V	0	0	0	0	0	0	0
396	T	0	0	0	0	0	0	0
397	S	0	0	0	0	0	0	0
398	S	0	0	0	0	0	0	0
399	F	0	0	0	0	0	0	0
400	P	0	0	0	0	0	0	0
401	V	0	0	0	0	0	0	0
402	I	0	0	0	0	0	0	0
403	L	0	0	0	0	0	0	0
404	S	0	0	0	0	0	0	0
405	I	0	0	0	0	0	0	0
406	E	0	0	0	0	0	0	0
407	E	0	0	0	0	0	0	0
408	H	0	0	0	0	0	0	0
409	C	0	0	0	0	0	0	0
410	S	0	0	0	0	0	0	0
411	V	0	0	0	0	0	0	0
412	E	0	0	0	0	0	0	0
413	Q	0	0	0	0	0	0	0
414	Q	0	0	0	0	0	0	0
415	R	0	0	0	0	0	0	0
416	H	0	0	0	0	0	0	0
417	M	0	0	0	0	0	0	0
418	A	0	0	0	0	0	0	0
419	K	0	0	0	0	0	0	0
420	A	0	0	0	0	0	0	0
421	F	0	0	0	0	0	0	0
422	K	0	0	0	0	0	0	0
423	E	0	0	0	0	0	0	0
424	V	0	0	0	0	0	0	0
425	F	0	0	0	0	0	0	0
426	G	0	0	0	0	0	0	0
427	D	0	0	0	0	0	0	0
428	L	0	0	0	0	0	0	0
429	L	0	0	0	0	0	0	0
430	L	0	0	0	0	0	0	0
431	T	0	0	0	0	0	0	0
432	K	Ubiquitinlysine	FGDLLLTKPTEASAD	HHHHHCCCCCCCCCC	0	0	0	0
433	P	0	0	0	0	0	0	0
434	T	0	0	0	0	0	0	0
435	E	0	0	0	0	0	0	0
436	A	0	0	0	0	0	0	0
437	S	0	0	0	0	0	0	0
438	A	0	0	0	0	0	0	0
439	D	0	0	0	0	0	0	0
440	Q	0	0	0	0	0	0	0
441	L	0	0	0	0	0	0	0
442	P	0	0	0	0	0	0	0
443	S	0	0	0	0	0	0	0
444	P	0	0	0	0	0	0	0
445	S	0	0	0	0	0	0	0
446	Q	0	0	0	0	0	0	0
447	L	0	0	0	0	0	0	0
448	R	0	0	0	0	0	0	0
449	E	0	0	0	0	0	0	0
450	K	0	0	0	0	0	0	0
451	I	0	0	0	0	0	0	0
452	I	0	0	0	0	0	0	0
453	I	0	0	0	0	0	0	0
454	K	0	0	0	0	0	0	0
455	H	0	0	0	0	0	0	0
456	K	0	0	0	0	0	0	0
457	K	0	0	0	0	0	0	0
458	L	0	0	0	0	0	0	0
459	G	0	0	0	0	0	0	0
460	P	0	0	0	0	0	0	0
461	R	0	0	0	0	0	0	0
462	G	0	0	0	0	0	0	0
463	D	0	0	0	0	0	0	0
464	V	0	0	0	0	0	0	0
465	D	0	0	0	0	0	0	0
466	V	0	0	0	0	0	0	0
467	N	0	0	0	0	0	0	0
468	M	0	0	0	0	0	0	0
469	E	0	0	0	0	0	0	0
470	D	0	0	0	0	0	0	0
471	K	0	0	0	0	0	0	0
472	K	0	0	0	0	0	0	0
473	D	0	0	0	0	0	0	0
474	E	0	0	0	0	0	0	0
475	H	0	0	0	0	0	0	0
476	K	0	0	0	0	0	0	0
477	Q	0	0	0	0	0	0	0
478	Q	0	0	0	0	0	0	0
479	G	0	0	0	0	0	0	0
480	E	0	0	0	0	0	0	0
481	L	0	0	0	0	0	0	0
482	Y	Phosphotyrosine	HKQQGELYMWDSIDQ	HHHCCCEEEEECCCC	0	0	0	0
483	M	0	0	0	0	0	0	0
484	W	0	0	0	0	0	0	0
485	D	0	0	0	0	0	0	0
486	S	0	0	0	0	0	0	0
487	I	0	0	0	0	0	0	0
488	D	0	0	0	0	0	0	0
489	Q	0	0	0	0	0	0	0
490	K	0	0	0	0	0	0	0
491	W	0	0	0	0	0	0	0
492	T	0	0	0	0	0	0	0
493	R	0	0	0	0	0	0	0
494	H	0	0	0	0	0	0	0
495	Y	Phosphotyrosine	DQKWTRHYCAIADAK	CCCCHHHEEHHHCCC	0	0	0	0
496	C	0	0	0	0	0	0	0
497	A	0	0	0	0	0	0	0
498	I	0	0	0	0	0	0	0
499	A	0	0	0	0	0	0	0
500	D	0	0	0	0	0	0	0
501	A	0	0	0	0	0	0	0
502	K	0	0	0	0	0	0	0
503	L	0	0	0	0	0	0	0
504	S	0	0	0	0	0	0	0
505	F	0	0	0	0	0	0	0
506	S	0	0	0	0	0	0	0
507	D	0	0	0	0	0	0	0
508	D	0	0	0	0	0	0	0
509	I	0	0	0	0	0	0	0
510	E	0	0	0	0	0	0	0
511	Q	0	0	0	0	0	0	0
512	T	0	0	0	0	0	0	0
513	M	0	0	0	0	0	0	0
514	E	0	0	0	0	0	0	0
515	E	0	0	0	0	0	0	0
516	E	0	0	0	0	0	0	0
517	V	0	0	0	0	0	0	0
518	P	0	0	0	0	0	0	0
519	Q	0	0	0	0	0	0	0
520	D	0	0	0	0	0	0	0
521	I	0	0	0	0	0	0	0
522	P	0	0	0	0	0	0	0
523	P	0	0	0	0	0	0	0
524	T	0	0	0	0	0	0	0
525	E	0	0	0	0	0	0	0
526	L	0	0	0	0	0	0	0
527	H	0	0	0	0	0	0	0
528	F	0	0	0	0	0	0	0
529	G	0	0	0	0	0	0	0
530	E	0	0	0	0	0	0	0
531	K	0	0	0	0	0	0	0
532	W	0	0	0	0	0	0	0
533	F	0	0	0	0	0	0	0
534	H	0	0	0	0	0	0	0
535	K	0	0	0	0	0	0	0
536	K	0	0	0	0	0	0	0
537	V	0	0	0	0	0	0	0
538	E	0	0	0	0	0	0	0
539	K	0	0	0	0	0	0	0
540	R	0	0	0	0	0	0	0
541	T	0	0	0	0	0	0	0
542	S	0	0	0	0	0	0	0
543	A	0	0	0	0	0	0	0
544	E	0	0	0	0	0	0	0
545	K	0	0	0	0	0	0	0
546	L	0	0	0	0	0	0	0
547	L	0	0	0	0	0	0	0
548	Q	0	0	0	0	0	0	0
549	E	0	0	0	0	0	0	0
550	Y	0	0	0	0	0	0	0
551	C	0	0	0	0	0	0	0
552	M	0	0	0	0	0	0	0
553	E	0	0	0	0	0	0	0
554	T	0	0	0	0	0	0	0
555	G	0	0	0	0	0	0	0
556	G	0	0	0	0	0	0	0
557	K	0	0	0	0	0	0	0
558	D	0	0	0	0	0	0	0
559	G	0	0	0	0	0	0	0
560	T	0	0	0	0	0	0	0
561	F	0	0	0	0	0	0	0
562	L	0	0	0	0	0	0	0
563	V	0	0	0	0	0	0	0
564	R	0	0	0	0	0	0	0
565	E	0	0	0	0	0	0	0
566	S	0	0	0	0	0	0	0
567	E	0	0	0	0	0	0	0
568	T	0	0	0	0	0	0	0
569	F	0	0	0	0	0	0	0
570	P	0	0	0	0	0	0	0
571	N	0	0	0	0	0	0	0
572	D	0	0	0	0	0	0	0
573	Y	0	0	0	0	0	0	0
574	T	0	0	0	0	0	0	0
575	L	0	0	0	0	0	0	0
576	S	0	0	0	0	0	0	0
577	F	0	0	0	0	0	0	0
578	W	0	0	0	0	0	0	0
579	R	0	0	0	0	0	0	0
580	S	0	0	0	0	0	0	0
581	G	0	0	0	0	0	0	0
582	R	0	0	0	0	0	0	0
583	V	0	0	0	0	0	0	0
584	Q	0	0	0	0	0	0	0
585	H	0	0	0	0	0	0	0
586	C	0	0	0	0	0	0	0
587	R	0	0	0	0	0	0	0
588	I	0	0	0	0	0	0	0
589	R	0	0	0	0	0	0	0
590	S	Phosphoserine	VQHCRIRSTMEGGTL	CEEEEEEEECCCCEE	0	0	0	0
591	T	0	0	0	0	0	0	0
592	M	0	0	0	0	0	0	0
593	E	0	0	0	0	0	0	0
594	G	0	0	0	0	0	0	0
595	G	0	0	0	0	0	0	0
596	T	0	0	0	0	0	0	0
597	L	0	0	0	0	0	0	0
598	K	0	0	0	0	0	0	0
599	Y	0	0	0	0	0	0	0
600	Y	0	0	0	0	0	0	0
601	L	0	0	0	0	0	0	0
602	T	0	0	0	0	0	0	0
603	D	0	0	0	0	0	0	0
604	N	0	0	0	0	0	0	0
605	L	0	0	0	0	0	0	0
606	T	0	0	0	0	0	0	0
607	F	0	0	0	0	0	0	0
608	S	0	0	0	0	0	0	0
609	S	0	0	0	0	0	0	0
610	I	0	0	0	0	0	0	0
611	Y	0	0	0	0	0	0	0
612	A	0	0	0	0	0	0	0
613	L	0	0	0	0	0	0	0
614	I	0	0	0	0	0	0	0
615	Q	0	0	0	0	0	0	0
616	H	0	0	0	0	0	0	0
617	Y	0	0	0	0	0	0	0
618	R	0	0	0	0	0	0	0
619	E	0	0	0	0	0	0	0
620	T	0	0	0	0	0	0	0
621	H	0	0	0	0	0	0	0
622	L	0	0	0	0	0	0	0
623	R	0	0	0	0	0	0	0
624	C	0	0	0	0	0	0	0
625	A	0	0	0	0	0	0	0
626	E	0	0	0	0	0	0	0
627	F	0	0	0	0	0	0	0
628	E	0	0	0	0	0	0	0
629	L	0	0	0	0	0	0	0
630	R	0	0	0	0	0	0	0
631	L	0	0	0	0	0	0	0
632	T	0	0	0	0	0	0	0
633	D	0	0	0	0	0	0	0
634	P	0	0	0	0	0	0	0
635	V	0	0	0	0	0	0	0
636	P	0	0	0	0	0	0	0
637	N	0	0	0	0	0	0	0
638	P	0	0	0	0	0	0	0
639	N	0	0	0	0	0	0	0
640	P	0	0	0	0	0	0	0
641	H	0	0	0	0	0	0	0
642	E	0	0	0	0	0	0	0
643	S	0	0	0	0	0	0	0
644	K	0	0	0	0	0	0	0
645	P	0	0	0	0	0	0	0
646	W	0	0	0	0	0	0	0
647	Y	Phosphotyrosine	PHESKPWYYDSLSRG	CCCCCCCCCCCCCCC	0	0	0	0
648	Y	0	0	0	0	0	0	0
649	D	0	0	0	0	0	0	0
650	S	0	0	0	0	0	0	0
651	L	0	0	0	0	0	0	0
652	S	0	0	0	0	0	0	0
653	R	0	0	0	0	0	0	0
654	G	0	0	0	0	0	0	0
655	E	0	0	0	0	0	0	0
656	A	0	0	0	0	0	0	0
657	E	0	0	0	0	0	0	0
658	D	0	0	0	0	0	0	0
659	M	0	0	0	0	0	0	0
660	L	0	0	0	0	0	0	0
661	M	0	0	0	0	0	0	0
662	R	0	0	0	0	0	0	0
663	I	0	0	0	0	0	0	0
664	P	0	0	0	0	0	0	0
665	R	0	0	0	0	0	0	0
666	D	0	0	0	0	0	0	0
667	G	0	0	0	0	0	0	0
668	A	0	0	0	0	0	0	0
669	F	0	0	0	0	0	0	0
670	L	0	0	0	0	0	0	0
671	I	0	0	0	0	0	0	0
672	R	0	0	0	0	0	0	0
673	K	0	0	0	0	0	0	0
674	R	0	0	0	0	0	0	0
675	E	0	0	0	0	0	0	0
676	G	0	0	0	0	0	0	0
677	S	Phosphoserine	LIRKREGSDSYAITF	EEEEECCCCEEEEEE	0	0	0	0
678	D	0	0	0	0	0	0	0
679	S	Phosphoserine	RKREGSDSYAITFRA	EEECCCCEEEEEEEE	0	0	0	0
680	Y	Phosphotyrosine	KREGSDSYAITFRAR	EECCCCEEEEEEEEC	0	0	0	0
681	A	0	0	0	0	0	0	0
682	I	0	0	0	0	0	0	0
683	T	Phosphothreonine	GSDSYAITFRARGKV	CCCEEEEEEEECCCE	0	0	0	0
684	F	0	0	0	0	0	0	0
685	R	0	0	0	0	0	0	0
686	A	0	0	0	0	0	0	0
687	R	0	0	0	0	0	0	0
688	G	0	0	0	0	0	0	0
689	K	0	0	0	0	0	0	0
690	V	0	0	0	0	0	0	0
691	K	0	0	0	0	0	0	0
692	H	0	0	0	0	0	0	0
693	C	0	0	0	0	0	0	0
694	R	0	0	0	0	0	0	0
695	I	0	0	0	0	0	0	0
696	N	0	0	0	0	0	0	0
697	R	0	0	0	0	0	0	0
698	D	0	0	0	0	0	0	0
699	G	0	0	0	0	0	0	0
700	R	0	0	0	0	0	0	0
701	H	0	0	0	0	0	0	0
702	F	0	0	0	0	0	0	0
703	V	0	0	0	0	0	0	0
704	L	0	0	0	0	0	0	0
705	G	0	0	0	0	0	0	0
706	T	0	0	0	0	0	0	0
707	S	0	0	0	0	0	0	0
708	A	0	0	0	0	0	0	0
709	Y	0	0	0	0	0	0	0
710	F	0	0	0	0	0	0	0
711	E	0	0	0	0	0	0	0
712	S	0	0	0	0	0	0	0
713	L	0	0	0	0	0	0	0
714	V	0	0	0	0	0	0	0
715	E	0	0	0	0	0	0	0
716	L	0	0	0	0	0	0	0
717	V	0	0	0	0	0	0	0
718	S	0	0	0	0	0	0	0
719	Y	0	0	0	0	0	0	0
720	Y	Phosphotyrosine	LVELVSYYEKHSLYR	HHHHHHHHHHCCHHH	0	0	0	0
721	E	0	0	0	0	0	0	0
722	K	0	0	0	0	0	0	0
723	H	0	0	0	0	0	0	0
724	S	0	0	0	0	0	0	0
725	L	0	0	0	0	0	0	0
726	Y	0	0	0	0	0	0	0
727	R	0	0	0	0	0	0	0
728	K	0	0	0	0	0	0	0
729	M	0	0	0	0	0	0	0
730	R	0	0	0	0	0	0	0
731	L	0	0	0	0	0	0	0
732	R	0	0	0	0	0	0	0
733	Y	Phosphotyrosine	YRKMRLRYPVTPELL	HHHHCHHCCCCHHHH	0	0	0	0
734	P	0	0	0	0	0	0	0
735	V	0	0	0	0	0	0	0
736	T	0	0	0	0	0	0	0
737	P	0	0	0	0	0	0	0
738	E	0	0	0	0	0	0	0
739	L	0	0	0	0	0	0	0
740	L	0	0	0	0	0	0	0
741	E	0	0	0	0	0	0	0
742	R	0	0	0	0	0	0	0
743	Y	Phosphotyrosine	TPELLERYNMERDIN	CHHHHHHHCCCCCHH	0	0	0	0
744	N	0	0	0	0	0	0	0
745	M	0	0	0	0	0	0	0
746	E	0	0	0	0	0	0	0
747	R	0	0	0	0	0	0	0
748	D	0	0	0	0	0	0	0
749	I	0	0	0	0	0	0	0
750	N	0	0	0	0	0	0	0
751	S	0	0	0	0	0	0	0
752	L	0	0	0	0	0	0	0
753	Y	Phosphotyrosine	ERDINSLYDVSRMYV	CCCHHHHHHHHHEEC	0	0	0	0
754	D	0	0	0	0	0	0	0
755	V	0	0	0	0	0	0	0
756	S	Phosphoserine	INSLYDVSRMYVDPS	HHHHHHHHHEECCHH	0	0	0	0
757	R	0	0	0	0	0	0	0
758	M	0	0	0	0	0	0	0
759	Y	Phosphotyrosine	LYDVSRMYVDPSEIN	HHHHHHEECCHHHCC	0	0	0	0
760	V	0	0	0	0	0	0	0
761	D	0	0	0	0	0	0	0
762	P	0	0	0	0	0	0	0
763	S	Phosphoserine	SRMYVDPSEINPSMP	HHEECCHHHCCCCCC	0	0	0	0
764	E	0	0	0	0	0	0	0
765	I	0	0	0	0	0	0	0
766	N	0	0	0	0	0	0	0
767	P	0	0	0	0	0	0	0
768	S	0	0	0	0	0	0	0
769	M	0	0	0	0	0	0	0
770	P	0	0	0	0	0	0	0
771	Q	0	0	0	0	0	0	0
772	R	0	0	0	0	0	0	0
773	T	0	0	0	0	0	0	0
774	V	0	0	0	0	0	0	0
775	K	0	0	0	0	0	0	0
776	A	0	0	0	0	0	0	0
777	L	0	0	0	0	0	0	0
778	Y	Phosphotyrosine	QRTVKALYDYKAKRS	HHHHHHHHHHCCCCC	0	0	0	0
779	D	0	0	0	0	0	0	0
780	Y	Phosphotyrosine	TVKALYDYKAKRSDE	HHHHHHHHCCCCCCC	0	0	0	0
781	K	0	0	0	0	0	0	0
782	A	0	0	0	0	0	0	0
783	K	0	0	0	0	0	0	0
784	R	0	0	0	0	0	0	0
785	S	0	0	0	0	0	0	0
786	D	0	0	0	0	0	0	0
787	E	0	0	0	0	0	0	0
788	L	0	0	0	0	0	0	0
789	S	Phosphoserine	AKRSDELSFCRGALI	CCCCCCCCCCCCEEC	0	0	0	0
790	F	0	0	0	0	0	0	0
791	C	0	0	0	0	0	0	0
792	R	0	0	0	0	0	0	0
793	G	0	0	0	0	0	0	0
794	A	0	0	0	0	0	0	0
795	L	0	0	0	0	0	0	0
796	I	0	0	0	0	0	0	0
797	H	0	0	0	0	0	0	0
798	N	0	0	0	0	0	0	0
799	V	0	0	0	0	0	0	0
800	S	0	0	0	0	0	0	0
801	K	0	0	0	0	0	0	0
802	E	0	0	0	0	0	0	0
803	P	0	0	0	0	0	0	0
804	G	0	0	0	0	0	0	0
805	G	0	0	0	0	0	0	0
806	W	0	0	0	0	0	0	0
807	W	0	0	0	0	0	0	0
808	K	0	0	0	0	0	0	0
809	G	0	0	0	0	0	0	0
810	D	0	0	0	0	0	0	0
811	Y	Phosphotyrosine	GGWWKGDYGTRIQQY	CCCCCCCCHHHHHHH	0	0	0	0
812	G	0	0	0	0	0	0	0
813	T	0	0	0	0	0	0	0
814	R	0	0	0	0	0	0	0
815	I	0	0	0	0	0	0	0
816	Q	0	0	0	0	0	0	0
817	Q	0	0	0	0	0	0	0
818	Y	Phosphotyrosine	YGTRIQQYFPSNYVE	CHHHHHHHCCCCCCC	0	0	0	0
819	F	0	0	0	0	0	0	0
820	P	0	0	0	0	0	0	0
821	S	0	0	0	0	0	0	0
822	N	0	0	0	0	0	0	0
823	Y	0	0	0	0	0	0	0
824	V	0	0	0	0	0	0	0
825	E	0	0	0	0	0	0	0
826	D	0	0	0	0	0	0	0
827	I	0	0	0	0	0	0	0
828	S	0	0	0	0	0	0	0
829	T	0	0	0	0	0	0	0
830	A	0	0	0	0	0	0	0
831	D	0	0	0	0	0	0	0
832	F	0	0	0	0	0	0	0
833	E	0	0	0	0	0	0	0
834	E	0	0	0	0	0	0	0
835	L	0	0	0	0	0	0	0
836	E	0	0	0	0	0	0	0
837	K	0	0	0	0	0	0	0
838	Q	0	0	0	0	0	0	0
839	I	0	0	0	0	0	0	0
840	I	0	0	0	0	0	0	0
841	E	0	0	0	0	0	0	0
842	D	0	0	0	0	0	0	0
843	N	0	0	0	0	0	0	0
844	P	0	0	0	0	0	0	0
845	L	0	0	0	0	0	0	0
846	G	0	0	0	0	0	0	0
847	S	0	0	0	0	0	0	0
848	L	0	0	0	0	0	0	0
849	C	0	0	0	0	0	0	0
850	R	0	0	0	0	0	0	0
851	G	0	0	0	0	0	0	0
852	I	0	0	0	0	0	0	0
853	L	0	0	0	0	0	0	0
854	D	0	0	0	0	0	0	0
855	L	0	0	0	0	0	0	0
856	N	0	0	0	0	0	0	0
857	T	Phosphothreonine	RGILDLNTYNVVKAP	HHCCCCCCCEEEECC	0	0	0	0
858	Y	Phosphotyrosine	GILDLNTYNVVKAPQ	HCCCCCCCEEEECCC	0	0	0	0
859	N	0	0	0	0	0	0	0
860	V	0	0	0	0	0	0	0
861	V	0	0	0	0	0	0	0
862	K	0	0	0	0	0	0	0
863	A	0	0	0	0	0	0	0
864	P	0	0	0	0	0	0	0
865	Q	0	0	0	0	0	0	0
866	G	0	0	0	0	0	0	0
867	K	0	0	0	0	0	0	0
868	N	0	0	0	0	0	0	0
869	Q	0	0	0	0	0	0	0
870	K	0	0	0	0	0	0	0
871	S	0	0	0	0	0	0	0
872	F	0	0	0	0	0	0	0
873	V	0	0	0	0	0	0	0
874	F	0	0	0	0	0	0	0
875	I	0	0	0	0	0	0	0
876	L	0	0	0	0	0	0	0
877	E	0	0	0	0	0	0	0
878	P	0	0	0	0	0	0	0
879	K	0	0	0	0	0	0	0
880	Q	0	0	0	0	0	0	0
881	Q	0	0	0	0	0	0	0
882	G	0	0	0	0	0	0	0
883	D	0	0	0	0	0	0	0
884	P	0	0	0	0	0	0	0
885	P	0	0	0	0	0	0	0
886	V	0	0	0	0	0	0	0
887	E	0	0	0	0	0	0	0
888	F	0	0	0	0	0	0	0
889	A	0	0	0	0	0	0	0
890	T	0	0	0	0	0	0	0
891	D	0	0	0	0	0	0	0
892	R	0	0	0	0	0	0	0
893	V	0	0	0	0	0	0	0
894	E	0	0	0	0	0	0	0
895	E	0	0	0	0	0	0	0
896	L	0	0	0	0	0	0	0
897	F	0	0	0	0	0	0	0
898	E	0	0	0	0	0	0	0
899	W	0	0	0	0	0	0	0
900	F	0	0	0	0	0	0	0
901	Q	0	0	0	0	0	0	0
902	S	0	0	0	0	0	0	0
903	I	0	0	0	0	0	0	0
904	R	0	0	0	0	0	0	0
905	E	0	0	0	0	0	0	0
906	I	0	0	0	0	0	0	0
907	T	0	0	0	0	0	0	0
908	W	0	0	0	0	0	0	0
909	K	0	0	0	0	0	0	0
910	I	0	0	0	0	0	0	0
911	D	0	0	0	0	0	0	0
912	T	0	0	0	0	0	0	0
913	K	0	0	0	0	0	0	0
914	E	0	0	0	0	0	0	0
915	N	0	0	0	0	0	0	0
916	N	0	0	0	0	0	0	0
917	M	0	0	0	0	0	0	0
918	K	0	0	0	0	0	0	0
919	Y	0	0	0	0	0	0	0
920	W	0	0	0	0	0	0	0
921	E	0	0	0	0	0	0	0
922	K	0	0	0	0	0	0	0
923	N	0	0	0	0	0	0	0
924	Q	0	0	0	0	0	0	0
925	S	0	0	0	0	0	0	0
926	I	0	0	0	0	0	0	0
927	A	0	0	0	0	0	0	0
928	I	0	0	0	0	0	0	0
929	E	0	0	0	0	0	0	0
930	L	0	0	0	0	0	0	0
931	S	0	0	0	0	0	0	0
932	D	0	0	0	0	0	0	0
933	L	0	0	0	0	0	0	0
934	V	0	0	0	0	0	0	0
935	V	0	0	0	0	0	0	0
936	Y	Phosphotyrosine	ELSDLVVYCKPTSKT	EHHHEEEEECCCCCC	0	0	0	0
937	C	0	0	0	0	0	0	0
938	K	0	0	0	0	0	0	0
939	P	0	0	0	0	0	0	0
940	T	0	0	0	0	0	0	0
941	S	Phosphoserine	VVYCKPTSKTKDNLE	EEEECCCCCCCCCCC	0	0	0	0
942	K	0	0	0	0	0	0	0
943	T	0	0	0	0	0	0	0
944	K	0	0	0	0	0	0	0
945	D	0	0	0	0	0	0	0
946	N	0	0	0	0	0	0	0
947	L	0	0	0	0	0	0	0
948	E	0	0	0	0	0	0	0
949	N	0	0	0	0	0	0	0
950	P	0	0	0	0	0	0	0
951	D	0	0	0	0	0	0	0
952	F	0	0	0	0	0	0	0
953	R	0	0	0	0	0	0	0
954	E	0	0	0	0	0	0	0
955	I	0	0	0	0	0	0	0
956	R	0	0	0	0	0	0	0
957	S	Phosphoserine	PDFREIRSFVETKAD	CCHHHHHHHHHHHHH	0	0	0	0
958	F	0	0	0	0	0	0	0
959	V	0	0	0	0	0	0	0
960	E	0	0	0	0	0	0	0
961	T	0	0	0	0	0	0	0
962	K	Ubiquitinlysine	IRSFVETKADSIIRQ	HHHHHHHHHHHHHHH	0	0	0	0
963	A	0	0	0	0	0	0	0
964	D	0	0	0	0	0	0	0
965	S	Phosphoserine	FVETKADSIIRQKPV	HHHHHHHHHHHHCCC	0	0	0	0
966	I	0	0	0	0	0	0	0
967	I	0	0	0	0	0	0	0
968	R	0	0	0	0	0	0	0
969	Q	0	0	0	0	0	0	0
970	K	0	0	0	0	0	0	0
971	P	0	0	0	0	0	0	0
972	V	0	0	0	0	0	0	0
973	D	0	0	0	0	0	0	0
974	L	0	0	0	0	0	0	0
975	L	0	0	0	0	0	0	0
976	K	0	0	0	0	0	0	0
977	Y	0	0	0	0	0	0	0
978	N	0	0	0	0	0	0	0
979	Q	0	0	0	0	0	0	0
980	K	0	0	0	0	0	0	0
981	G	0	0	0	0	0	0	0
982	L	0	0	0	0	0	0	0
983	T	0	0	0	0	0	0	0
984	R	0	0	0	0	0	0	0
985	V	0	0	0	0	0	0	0
986	Y	0	0	0	0	0	0	0
987	P	0	0	0	0	0	0	0
988	K	0	0	0	0	0	0	0
989	G	0	0	0	0	0	0	0
990	Q	0	0	0	0	0	0	0
991	R	0	0	0	0	0	0	0
992	V	0	0	0	0	0	0	0
993	D	0	0	0	0	0	0	0
994	S	Phosphoserine	PKGQRVDSSNYDPFR	CCCCCCCCCCCCCCE	0	0	0	0
995	S	0	0	0	0	0	0	0
996	N	0	0	0	0	0	0	0
997	Y	0	0	0	0	0	0	0
998	D	0	0	0	0	0	0	0
999	P	0	0	0	0	0	0	0
1000	F	0	0	0	0	0	0	0
1001	R	0	0	0	0	0	0	0
1002	L	0	0	0	0	0	0	0
1003	W	0	0	0	0	0	0	0
1004	L	0	0	0	0	0	0	0
1005	C	0	0	0	0	0	0	0
1006	G	0	0	0	0	0	0	0
1007	S	Phosphoserine	FRLWLCGSQMVALNF	CEEEECCCCEEEECC	0	0	0	0
1008	Q	0	0	0	0	0	0	0
1009	M	0	0	0	0	0	0	0
1010	V	0	0	0	0	0	0	0
1011	A	0	0	0	0	0	0	0
1012	L	0	0	0	0	0	0	0
1013	N	0	0	0	0	0	0	0
1014	F	0	0	0	0	0	0	0
1015	Q	0	0	0	0	0	0	0
1016	T	Phosphothreonine	MVALNFQTADKYMQM	EEEECCCCHHHHHHH	0	0	0	0
1017	A	0	0	0	0	0	0	0
1018	D	0	0	0	0	0	0	0
1019	K	0	0	0	0	0	0	0
1020	Y	Phosphotyrosine	NFQTADKYMQMNHAL	CCCCHHHHHHHCCHH	0	0	0	0
1021	M	0	0	0	0	0	0	0
1022	Q	0	0	0	0	0	0	0
1023	M	0	0	0	0	0	0	0
1024	N	0	0	0	0	0	0	0
1025	H	0	0	0	0	0	0	0
1026	A	0	0	0	0	0	0	0
1027	L	0	0	0	0	0	0	0
1028	F	0	0	0	0	0	0	0
1029	S	Phosphoserine	QMNHALFSLNGRTGY	HHCCHHHCCCCCCCE	0	0	0	0
1030	L	0	0	0	0	0	0	0
1031	N	0	0	0	0	0	0	0
1032	G	0	0	0	0	0	0	0
1033	R	0	0	0	0	0	0	0
1034	T	Phosphothreonine	LFSLNGRTGYVLQPE	HHCCCCCCCEEECCH	0	0	0	0
1035	G	0	0	0	0	0	0	0
1036	Y	Phosphotyrosine	SLNGRTGYVLQPESM	CCCCCCCEEECCHHH	0	0	0	0
1037	V	0	0	0	0	0	0	0
1038	L	0	0	0	0	0	0	0
1039	Q	0	0	0	0	0	0	0
1040	P	0	0	0	0	0	0	0
1041	E	0	0	0	0	0	0	0
1042	S	0	0	0	0	0	0	0
1043	M	0	0	0	0	0	0	0
1044	R	0	0	0	0	0	0	0
1045	T	Phosphothreonine	LQPESMRTEKYDPMP	ECCHHHCCCCCCCCC	0	0	0	0
1046	E	0	0	0	0	0	0	0
1047	K	0	0	0	0	0	0	0
1048	Y	Phosphotyrosine	ESMRTEKYDPMPPES	HHHCCCCCCCCCHHH	0	0	0	0
1049	D	0	0	0	0	0	0	0
1050	P	0	0	0	0	0	0	0
1051	M	0	0	0	0	0	0	0
1052	P	0	0	0	0	0	0	0
1053	P	0	0	0	0	0	0	0
1054	E	0	0	0	0	0	0	0
1055	S	0	0	0	0	0	0	0
1056	Q	0	0	0	0	0	0	0
1057	R	0	0	0	0	0	0	0
1058	K	0	0	0	0	0	0	0
1059	I	0	0	0	0	0	0	0
1060	L	0	0	0	0	0	0	0
1061	M	0	0	0	0	0	0	0
1062	T	Phosphothreonine	SQRKILMTLTVKVLG	HHHHHHHHHHHHHHC	0	0	0	0
1063	L	0	0	0	0	0	0	0
1064	T	Phosphothreonine	RKILMTLTVKVLGAR	HHHHHHHHHHHHCCC	0	0	0	0
1065	V	0	0	0	0	0	0	0
1066	K	0	0	0	0	0	0	0
1067	V	0	0	0	0	0	0	0
1068	L	0	0	0	0	0	0	0
1069	G	0	0	0	0	0	0	0
1070	A	0	0	0	0	0	0	0
1071	R	0	0	0	0	0	0	0
1072	H	0	0	0	0	0	0	0
1073	L	0	0	0	0	0	0	0
1074	P	0	0	0	0	0	0	0
1075	K	0	0	0	0	0	0	0
1076	L	0	0	0	0	0	0	0
1077	G	0	0	0	0	0	0	0
1078	R	0	0	0	0	0	0	0
1079	S	0	0	0	0	0	0	0
1080	I	0	0	0	0	0	0	0
1081	A	0	0	0	0	0	0	0
1082	C	0	0	0	0	0	0	0
1083	P	0	0	0	0	0	0	0
1084	F	0	0	0	0	0	0	0
1085	V	0	0	0	0	0	0	0
1086	E	0	0	0	0	0	0	0
1087	V	0	0	0	0	0	0	0
1088	E	0	0	0	0	0	0	0
1089	I	0	0	0	0	0	0	0
1090	C	0	0	0	0	0	0	0
1091	G	0	0	0	0	0	0	0
1092	A	0	0	0	0	0	0	0
1093	E	0	0	0	0	0	0	0
1094	Y	0	0	0	0	0	0	0
1095	D	0	0	0	0	0	0	0
1096	N	0	0	0	0	0	0	0
1097	N	0	0	0	0	0	0	0
1098	K	0	0	0	0	0	0	0
1099	F	0	0	0	0	0	0	0
1100	K	0	0	0	0	0	0	0
1101	T	0	0	0	0	0	0	0
1102	T	0	0	0	0	0	0	0
1103	V	0	0	0	0	0	0	0
1104	V	0	0	0	0	0	0	0
1105	N	0	0	0	0	0	0	0
1106	D	0	0	0	0	0	0	0
1107	N	0	0	0	0	0	0	0
1108	G	0	0	0	0	0	0	0
1109	L	0	0	0	0	0	0	0
1110	S	0	0	0	0	0	0	0
1111	P	0	0	0	0	0	0	0
1112	I	0	0	0	0	0	0	0
1113	W	0	0	0	0	0	0	0
1114	A	0	0	0	0	0	0	0
1115	P	0	0	0	0	0	0	0
1116	T	0	0	0	0	0	0	0
1117	Q	0	0	0	0	0	0	0
1118	E	0	0	0	0	0	0	0
1119	K	0	0	0	0	0	0	0
1120	V	0	0	0	0	0	0	0
1121	T	0	0	0	0	0	0	0
1122	F	0	0	0	0	0	0	0
1123	E	0	0	0	0	0	0	0
1124	I	0	0	0	0	0	0	0
1125	Y	0	0	0	0	0	0	0
1126	D	0	0	0	0	0	0	0
1127	P	0	0	0	0	0	0	0
1128	N	0	0	0	0	0	0	0
1129	L	0	0	0	0	0	0	0
1130	A	0	0	0	0	0	0	0
1131	F	0	0	0	0	0	0	0
1132	L	0	0	0	0	0	0	0
1133	R	0	0	0	0	0	0	0
1134	F	0	0	0	0	0	0	0
1135	V	0	0	0	0	0	0	0
1136	V	0	0	0	0	0	0	0
1137	Y	Phosphotyrosine	AFLRFVVYEEDMFSD	EEEEEEEECHHHCCC	0	0	0	0
1138	E	0	0	0	0	0	0	0
1139	E	0	0	0	0	0	0	0
1140	D	0	0	0	0	0	0	0
1141	M	0	0	0	0	0	0	0
1142	F	0	0	0	0	0	0	0
1143	S	0	0	0	0	0	0	0
1144	D	0	0	0	0	0	0	0
1145	P	0	0	0	0	0	0	0
1146	N	0	0	0	0	0	0	0
1147	F	0	0	0	0	0	0	0
1148	L	0	0	0	0	0	0	0
1149	A	0	0	0	0	0	0	0
1150	H	0	0	0	0	0	0	0
1151	A	0	0	0	0	0	0	0
1152	T	0	0	0	0	0	0	0
1153	Y	0	0	0	0	0	0	0
1154	P	0	0	0	0	0	0	0
1155	I	0	0	0	0	0	0	0
1156	K	0	0	0	0	0	0	0
1157	A	0	0	0	0	0	0	0
1158	V	0	0	0	0	0	0	0
1159	K	0	0	0	0	0	0	0
1160	S	0	0	0	0	0	0	0
1161	G	0	0	0	0	0	0	0
1162	F	0	0	0	0	0	0	0
1163	R	0	0	0	0	0	0	0
1164	S	Phosphoserine	AVKSGFRSVPLKNGY	HHHCCCCCCCCCCCC	0	0	0	0
1165	V	0	0	0	0	0	0	0
1166	P	0	0	0	0	0	0	0
1167	L	0	0	0	0	0	0	0
1168	K	0	0	0	0	0	0	0
1169	N	0	0	0	0	0	0	0
1170	G	0	0	0	0	0	0	0
1171	Y	0	0	0	0	0	0	0
1172	S	0	0	0	0	0	0	0
1173	E	0	0	0	0	0	0	0
1174	D	0	0	0	0	0	0	0
1175	I	0	0	0	0	0	0	0
1176	E	0	0	0	0	0	0	0
1177	L	0	0	0	0	0	0	0
1178	A	0	0	0	0	0	0	0
1179	S	0	0	0	0	0	0	0
1180	L	0	0	0	0	0	0	0
1181	L	0	0	0	0	0	0	0
1182	V	0	0	0	0	0	0	0
1183	F	0	0	0	0	0	0	0
1184	C	0	0	0	0	0	0	0
1185	E	0	0	0	0	0	0	0
1186	M	0	0	0	0	0	0	0
1187	R	0	0	0	0	0	0	0
1188	P	0	0	0	0	0	0	0
1189	V	0	0	0	0	0	0	0
1190	L	0	0	0	0	0	0	0
1191	E	0	0	0	0	0	0	0
1192	S	0	0	0	0	0	0	0
1193	E	0	0	0	0	0	0	0
1194	E	0	0	0	0	0	0	0
1195	E	0	0	0	0	0	0	0
1196	L	0	0	0	0	0	0	0
1197	Y	Phosphotyrosine	LESEEELYSSCRQLR	CCCHHHHHHHHHHHH	0	0	0	0
1198	S	0	0	0	0	0	0	0
1199	S	0	0	0	0	0	0	0
1200	C	0	0	0	0	0	0	0
1201	R	0	0	0	0	0	0	0
1202	Q	0	0	0	0	0	0	0
1203	L	0	0	0	0	0	0	0
1204	R	0	0	0	0	0	0	0
1205	R	0	0	0	0	0	0	0
1206	R	0	0	0	0	0	0	0
1207	Q	0	0	0	0	0	0	0
1208	E	0	0	0	0	0	0	0
1209	E	0	0	0	0	0	0	0
1210	L	0	0	0	0	0	0	0
1211	N	0	0	0	0	0	0	0
1212	N	0	0	0	0	0	0	0
1213	Q	0	0	0	0	0	0	0
1214	L	0	0	0	0	0	0	0
1215	F	0	0	0	0	0	0	0
1216	L	0	0	0	0	0	0	0
1217	Y	Phosphotyrosine	LNNQLFLYDTHQNLR	HHHHHEEHHHHHHHH	0	0	0	0
1218	D	0	0	0	0	0	0	0
1219	T	Phosphothreonine	NQLFLYDTHQNLRNA	HHHEEHHHHHHHHHC	0	0	0	0
1220	H	0	0	0	0	0	0	0
1221	Q	0	0	0	0	0	0	0
1222	N	0	0	0	0	0	0	0
1223	L	0	0	0	0	0	0	0
1224	R	0	0	0	0	0	0	0
1225	N	0	0	0	0	0	0	0
1226	A	0	0	0	0	0	0	0
1227	N	0	0	0	0	0	0	0
1228	R	0	0	0	0	0	0	0
1229	D	0	0	0	0	0	0	0
1230	A	0	0	0	0	0	0	0
1231	L	0	0	0	0	0	0	0
1232	V	0	0	0	0	0	0	0
1233	K	Ubiquitinlysine	ANRDALVKEFSVNEN	CCHHHHHHEECCCHH	0	0	0	0
1234	E	0	0	0	0	0	0	0
1235	F	0	0	0	0	0	0	0
1236	S	0	0	0	0	0	0	0
1237	V	0	0	0	0	0	0	0
1238	N	0	0	0	0	0	0	0
1239	E	0	0	0	0	0	0	0
1240	N	0	0	0	0	0	0	0
1241	Q	0	0	0	0	0	0	0
1242	L	0	0	0	0	0	0	0
1243	Q	0	0	0	0	0	0	0
1244	L	0	0	0	0	0	0	0
1245	Y	Phosphotyrosine	NENQLQLYQEKCNKR	CHHHHHHHHHHHHHH	0	0	0	0
1246	Q	0	0	0	0	0	0	0
1247	E	0	0	0	0	0	0	0
1248	K	0	0	0	0	0	0	0
1249	C	0	0	0	0	0	0	0
1250	N	0	0	0	0	0	0	0
1251	K	0	0	0	0	0	0	0
1252	R	0	0	0	0	0	0	0
1253	L	0	0	0	0	0	0	0
1254	R	0	0	0	0	0	0	0
1255	E	0	0	0	0	0	0	0
1256	K	0	0	0	0	0	0	0
1257	R	0	0	0	0	0	0	0
1258	V	0	0	0	0	0	0	0
1259	S	Phosphoserine	RLREKRVSNSKFYS-	HHHHHHCCCCCCCC-	0	0	0	0
1260	N	0	0	0	0	0	0	0
1261	S	Phosphoserine	REKRVSNSKFYS---	HHHHCCCCCCCC---	0	0	0	0
1262	K	0	0	0	0	0	0	0
1263	F	0	0	0	0	0	0	0
1264	Y	Phosphotyrosine	RVSNSKFYS------	HCCCCCCCC------	0	0	0	0
1265	S	Phosphoserine	VSNSKFYS-------	CCCCCCCC-------	0	0	0	0
