location	residue	Modification	seq	secStruc	RelatedDisease	VariantPosition	ResidueChange	DaPSbySAP
1	M	0	0	0	0	0	0	0
2	E	0	0	0	0	0	0	0
3	P	0	0	0	0	0	0	0
4	K	0	0	0	0	0	0	0
5	R	0	0	0	0	0	0	0
6	I	0	0	0	0	0	0	0
7	R	0	0	0	0	0	0	0
8	E	0	0	0	0	0	0	0
9	G	0	0	0	0	0	0	0
10	Y	0	0	0	0	0	0	0
11	L	0	0	0	0	0	0	0
12	V	0	0	0	0	0	0	0
13	K	0	0	0	0	0	0	0
14	K	0	0	0	0	0	0	0
15	G	0	0	0	0	0	0	0
16	S	0	0	0	0	0	0	0
17	V	0	0	0	0	0	0	0
18	F	0	0	0	0	0	0	0
19	N	0	0	0	0	0	0	0
20	T	0	0	0	0	0	0	0
21	W	0	0	0	0	0	0	0
22	K	0	0	0	0	0	0	0
23	P	0	0	0	0	0	0	0
24	M	0	0	0	0	0	0	0
25	W	0	0	0	0	0	0	0
26	V	0	0	0	0	0	0	0
27	V	0	0	0	0	0	0	0
28	L	0	0	0	0	0	0	0
29	L	0	0	0	0	0	0	0
30	E	0	0	0	0	0	0	0
31	D	0	0	0	0	0	0	0
32	G	0	0	0	0	0	0	0
33	I	0	0	0	0	0	0	0
34	E	0	0	0	0	0	0	0
35	F	0	0	0	0	0	0	0
36	Y	0	0	0	0	0	0	0
37	K	0	0	0	0	0	0	0
38	K	0	0	0	0	0	0	0
39	K	0	0	0	0	0	0	0
40	S	0	0	0	0	0	0	0
41	D	0	0	0	0	0	0	0
42	N	0	0	0	0	0	0	0
43	S	0	0	0	0	0	0	0
44	P	0	0	0	0	0	0	0
45	K	0	0	0	0	0	0	0
46	G	0	0	0	0	0	0	0
47	M	0	0	0	0	0	0	0
48	I	0	0	0	0	0	0	0
49	P	0	0	0	0	0	0	0
50	L	0	0	0	0	0	0	0
51	K	N-acetyllysine	PKGMIPLKGSTLTSP	CCCCEECCCCCCCCC	0	0	0	0
52	G	0	0	0	0	0	0	0
53	S	0	0	0	0	0	0	0
54	T	0	0	0	0	0	0	0
55	L	0	0	0	0	0	0	0
56	T	0	0	0	0	0	0	0
57	S	0	0	0	0	0	0	0
58	P	0	0	0	0	0	0	0
59	C	0	0	0	0	0	0	0
60	Q	0	0	0	0	0	0	0
61	D	0	0	0	0	0	0	0
62	F	0	0	0	0	0	0	0
63	G	0	0	0	0	0	0	0
64	K	N6-acetyllysine	SPCQDFGKRMFVFKI	CCCHHHCCCEEEEEE	0	0	0	0
65	R	0	0	0	0	0	0	0
66	M	0	0	0	0	0	0	0
67	F	0	0	0	0	0	0	0
68	V	0	0	0	0	0	0	0
69	F	0	0	0	0	0	0	0
70	K	0	0	0	0	0	0	0
71	I	0	0	0	0	0	0	0
72	T	0	0	0	0	0	0	0
73	T	0	0	0	0	0	0	0
74	T	0	0	0	0	0	0	0
75	K	0	0	0	0	0	0	0
76	Q	0	0	0	0	0	0	0
77	Q	0	0	0	0	0	0	0
78	D	0	0	0	0	0	0	0
79	H	0	0	0	0	0	0	0
80	F	0	0	0	0	0	0	0
81	F	0	0	0	0	0	0	0
82	Q	0	0	0	0	0	0	0
83	A	0	0	0	0	0	0	0
84	A	0	0	0	0	0	0	0
85	F	0	0	0	0	0	0	0
86	L	0	0	0	0	0	0	0
87	E	0	0	0	0	0	0	0
88	E	0	0	0	0	0	0	0
89	R	0	0	0	0	0	0	0
90	D	0	0	0	0	0	0	0
91	A	0	0	0	0	0	0	0
92	W	0	0	0	0	0	0	0
93	V	0	0	0	0	0	0	0
94	R	0	0	0	0	0	0	0
95	D	0	0	0	0	0	0	0
96	I	0	0	0	0	0	0	0
97	K	0	0	0	0	0	0	0
98	K	0	0	0	0	0	0	0
99	A	0	0	0	0	0	0	0
100	I	0	0	0	0	0	0	0
101	K	0	0	0	0	0	0	0
102	C	0	0	0	0	0	0	0
103	I	0	0	0	0	0	0	0
104	E	0	0	0	0	0	0	0
105	G	0	0	0	0	0	0	0
106	G	0	0	0	0	0	0	0
107	Q	0	0	0	0	0	0	0
108	K	N6-acetyllysine	KCIEGGQKFARKSTR	HHHHHCHHHHCHHCC	0	0	0	0
109	F	0	0	0	0	0	0	0
110	A	0	0	0	0	0	0	0
111	R	0	0	0	0	0	0	0
112	K	0	0	0	0	0	0	0
113	S	Phosphoserine	GQKFARKSTRRSIRL	CHHHHCHHCCCCCCC	0	0	0	0
114	T	Phosphothreonine	QKFARKSTRRSIRLP	HHHHCHHCCCCCCCC	0	0	0	0
115	R	0	0	0	0	0	0	0
116	R	0	0	0	0	0	0	0
117	S	Phosphoserine	ARKSTRRSIRLPETI	HCHHCCCCCCCCCEE	0	0	0	0
118	I	0	0	0	0	0	0	0
119	R	0	0	0	0	0	0	0
120	L	0	0	0	0	0	0	0
121	P	0	0	0	0	0	0	0
122	E	0	0	0	0	0	0	0
123	T	Phosphothreonine	RSIRLPETIDLGALY	CCCCCCCEEECCCHH	0	0	0	0
124	I	0	0	0	0	0	0	0
125	D	0	0	0	0	0	0	0
126	L	0	0	0	0	0	0	0
127	G	0	0	0	0	0	0	0
128	A	0	0	0	0	0	0	0
129	L	0	0	0	0	0	0	0
130	Y	Phosphotyrosine	TIDLGALYLSMKDTE	EEECCCHHHHHHHHH	0	0	0	0
131	L	0	0	0	0	0	0	0
132	S	Phosphoserine	DLGALYLSMKDTEKG	ECCCHHHHHHHHHHH	0	0	0	0
133	M	0	0	0	0	0	0	0
134	K	0	0	0	0	0	0	0
135	D	0	0	0	0	0	0	0
136	T	Phosphothreonine	LYLSMKDTEKGIKEL	HHHHHHHHHHHHHHC	0	0	0	0
137	E	0	0	0	0	0	0	0
138	K	0	0	0	0	0	0	0
139	G	0	0	0	0	0	0	0
140	I	0	0	0	0	0	0	0
141	K	0	0	0	0	0	0	0
142	E	0	0	0	0	0	0	0
143	L	0	0	0	0	0	0	0
144	N	0	0	0	0	0	0	0
145	L	0	0	0	0	0	0	0
146	E	0	0	0	0	0	0	0
147	K	0	0	0	0	0	0	0
148	D	0	0	0	0	0	0	0
149	K	0	0	0	0	0	0	0
150	K	0	0	0	0	0	0	0
151	I	0	0	0	0	0	0	0
152	F	0	0	0	0	0	0	0
153	N	0	0	0	0	0	0	0
154	H	0	0	0	0	0	0	0
155	C	0	0	0	0	0	0	0
156	F	0	0	0	0	0	0	0
157	T	0	0	0	0	0	0	0
158	G	0	0	0	0	0	0	0
159	N	0	0	0	0	0	0	0
160	C	0	0	0	0	0	0	0
161	V	0	0	0	0	0	0	0
162	I	0	0	0	0	0	0	0
163	D	0	0	0	0	0	0	0
164	W	0	0	0	0	0	0	0
165	L	0	0	0	0	0	0	0
166	V	0	0	0	0	0	0	0
167	S	0	0	0	0	0	0	0
168	N	0	0	0	0	0	0	0
169	Q	0	0	0	0	0	0	0
170	S	0	0	0	0	0	0	0
171	V	0	0	0	0	0	0	0
172	R	0	0	0	0	0	0	0
173	N	0	0	0	0	0	0	0
174	R	0	0	0	0	0	0	0
175	Q	0	0	0	0	0	0	0
176	E	0	0	0	0	0	0	0
177	G	0	0	0	0	0	0	0
178	L	0	0	0	0	0	0	0
179	M	0	0	0	0	0	0	0
180	I	0	0	0	0	0	0	0
181	A	0	0	0	0	0	0	0
182	S	0	0	0	0	0	0	0
183	S	Phosphoserine	EGLMIASSLLNEGYL	HHHHHHHHHHHCCCC	0	0	0	0
184	L	0	0	0	0	0	0	0
185	L	0	0	0	0	0	0	0
186	N	0	0	0	0	0	0	0
187	E	0	0	0	0	0	0	0
188	G	0	0	0	0	0	0	0
189	Y	0	0	0	0	0	0	0
190	L	0	0	0	0	0	0	0
191	Q	0	0	0	0	0	0	0
192	P	0	0	0	0	0	0	0
193	A	0	0	0	0	0	0	0
194	G	0	0	0	0	0	0	0
195	D	0	0	0	0	0	0	0
196	M	0	0	0	0	0	0	0
197	S	Phosphoserine	LQPAGDMSKSAVDGT	CCCCCCCCCHHCCCC	0	0	0	0
198	K	0	0	0	0	0	0	0
199	S	0	0	0	0	0	0	0
200	A	0	0	0	0	0	0	0
201	V	0	0	0	0	0	0	0
202	D	0	0	0	0	0	0	0
203	G	0	0	0	0	0	0	0
204	T	0	0	0	0	0	0	0
205	A	0	0	0	0	0	0	0
206	E	0	0	0	0	0	0	0
207	N	0	0	0	0	0	0	0
208	P	0	0	0	0	0	0	0
209	F	0	0	0	0	0	0	0
210	L	0	0	0	0	0	0	0
211	D	0	0	0	0	0	0	0
212	N	0	0	0	0	0	0	0
213	P	0	0	0	0	0	0	0
214	D	0	0	0	0	0	0	0
215	A	0	0	0	0	0	0	0
216	F	0	0	0	0	0	0	0
217	Y	0	0	0	0	0	0	0
218	Y	0	0	0	0	0	0	0
219	F	0	0	0	0	0	0	0
220	P	0	0	0	0	0	0	0
221	D	0	0	0	0	0	0	0
222	S	0	0	0	0	0	0	0
223	G	0	0	0	0	0	0	0
224	F	0	0	0	0	0	0	0
225	F	0	0	0	0	0	0	0
226	C	0	0	0	0	0	0	0
227	E	0	0	0	0	0	0	0
228	E	0	0	0	0	0	0	0
229	N	0	0	0	0	0	H	230,231
230	S	Phosphoserine	GFFCEENSSDDDVIL	CCCCCCCCCCCCEEE	Lymphocyte counts:lymphocyte count;Plateletcrit:plateletcrit	229 (1)	0	0
231	S	Phosphoserine	FFCEENSSDDDVILK	CCCCCCCCCCCEEEC	Lymphocyte counts:lymphocyte count;Plateletcrit:plateletcrit	229 (2)	0	0
232	D	0	0	0	0	0	0	0
233	D	0	0	0	0	0	0	0
234	D	0	0	0	0	0	0	0
235	V	0	0	0	0	0	0	0
236	I	0	0	0	0	0	0	0
237	L	0	0	0	0	0	0	0
238	K	0	0	0	0	0	0	0
239	E	0	0	0	0	0	0	0
240	E	0	0	0	0	0	0	0
241	F	0	0	0	0	0	0	0
242	R	0	0	0	0	0	0	0
243	G	0	0	0	0	0	0	0
244	V	0	0	0	0	0	0	0
245	I	0	0	0	0	0	0	0
246	I	0	0	0	0	0	0	0
247	K	0	0	0	0	0	0	0
248	Q	0	0	0	0	0	0	0
249	G	0	0	0	0	0	0	0
250	C	0	0	0	0	0	0	0
251	L	0	0	0	0	0	0	0
252	L	0	0	0	0	0	0	0
253	K	0	0	0	0	0	0	0
254	Q	0	0	0	0	0	0	0
255	G	0	0	0	0	0	0	0
256	H	0	0	0	0	0	0	0
257	R	0	0	0	0	0	0	0
258	R	0	0	0	0	0	0	0
259	K	0	0	0	0	0	0	0
260	N	0	0	0	0	0	0	0
261	W	0	0	0	0	0	0	0
262	K	0	0	0	0	0	0	0
263	V	0	0	0	0	0	0	0
264	R	0	0	0	0	0	0	0
265	K	0	0	0	0	0	0	0
266	F	0	0	0	0	0	0	0
267	I	0	0	0	0	0	0	0
268	L	0	0	0	0	0	0	0
269	R	0	0	0	0	0	0	0
270	E	0	0	0	0	0	0	0
271	D	0	0	0	0	0	0	0
272	P	0	0	0	0	0	0	0
273	A	0	0	0	0	0	0	0
274	Y	0	0	0	0	0	0	0
275	L	0	0	0	0	0	0	0
276	H	0	0	0	0	0	0	0
277	Y	Phosphotyrosine	EDPAYLHYYDPAGAE	CCCCEEEECCCCCCC	0	0	0	0
278	Y	Phosphotyrosine	DPAYLHYYDPAGAED	CCCEEEECCCCCCCC	0	0	0	0
279	D	0	0	0	0	0	0	0
280	P	0	0	0	0	0	0	0
281	A	0	0	0	0	0	0	0
282	G	0	0	0	0	0	0	0
283	A	0	0	0	0	0	0	0
284	E	0	0	0	0	0	0	0
285	D	0	0	0	0	0	0	0
286	P	0	0	0	0	0	0	0
287	L	0	0	0	0	0	0	0
288	G	0	0	0	0	0	0	0
289	A	0	0	0	0	0	0	0
290	I	0	0	0	0	0	0	0
291	H	0	0	0	0	0	0	0
292	L	0	0	0	0	0	0	0
293	R	0	0	0	0	0	0	0
294	G	0	0	0	0	0	0	0
295	C	0	0	0	0	0	0	0
296	V	0	0	0	0	0	0	0
297	V	0	0	0	0	0	0	0
298	T	0	0	0	0	0	0	0
299	S	Phosphoserine	LRGCVVTSVESNSNG	EECEEEEEEECCCCC	0	0	0	0
300	V	0	0	0	0	0	0	0
301	E	0	0	0	0	0	0	0
302	S	Phosphoserine	CVVTSVESNSNGRKS	EEEEEEECCCCCCCC	0	0	0	0
303	N	0	0	0	0	0	0	0
304	S	0	0	0	0	0	0	0
305	N	0	0	0	0	0	0	0
306	G	0	0	0	0	0	0	0
307	R	0	0	0	0	0	0	0
308	K	0	0	0	0	0	0	0
309	S	0	0	0	0	0	0	0
310	E	0	0	0	0	0	0	0
311	E	0	0	0	0	0	0	0
312	E	0	0	0	0	0	0	0
313	N	0	0	0	0	0	0	0
314	L	0	0	0	0	0	0	0
315	F	0	0	0	0	0	0	0
316	E	0	0	0	0	0	0	0
317	I	0	0	0	0	0	0	0
318	I	0	0	0	0	0	0	0
319	T	0	0	0	0	0	0	0
320	A	0	0	0	0	0	0	0
321	D	0	0	0	0	0	0	0
322	E	0	0	0	0	0	0	0
323	V	0	0	0	0	0	0	0
324	H	0	0	0	0	0	0	0
325	Y	0	0	0	0	0	0	0
326	F	0	0	0	0	0	0	0
327	L	0	0	0	0	0	0	0
328	Q	0	0	0	0	0	0	0
329	A	0	0	0	0	0	0	0
330	A	0	0	0	0	0	0	0
331	T	0	0	0	0	0	0	0
332	P	0	0	0	0	0	0	0
333	K	0	0	0	0	0	0	0
334	E	0	0	0	0	0	0	0
335	R	0	0	0	0	0	0	0
336	T	0	0	0	0	0	0	0
337	E	0	0	0	0	0	0	0
338	W	0	0	0	0	0	0	0
339	I	0	0	0	0	0	0	0
340	R	Ubiquitinlysine	KERTEWIRAIQMASR	HHHHHHHHHHHHHHH	0	0	0	0
341	A	0	0	0	0	0	0	0
342	I	0	0	0	0	0	0	0
343	Q	0	0	0	0	0	0	0
344	M	0	0	0	0	0	0	0
345	A	0	0	0	0	0	0	0
346	S	0	0	0	0	0	0	0
347	R	0	0	0	0	0	0	0
348	T	0	0	0	0	0	0	0
349	G	0	0	0	0	0	0	0
350	K	0	0	0	0	0	0	0
