location	residue	Modification	seq	secStruc	RelatedDisease	VariantPosition	ResidueChange	DaPSbySAP
1	M	0	0	0	0	0	0	0
2	A	0	0	0	0	0	0	0
3	R	0	0	0	0	0	0	0
4	G	0	0	0	0	0	0	0
5	S	0	0	0	0	0	0	0
6	A	0	0	0	0	0	0	0
7	L	0	0	0	0	0	0	0
8	P	0	0	0	0	0	0	0
9	R	0	0	0	0	0	0	0
10	R	0	0	0	0	0	0	0
11	P	0	0	0	0	0	0	0
12	L	0	0	0	0	0	0	0
13	L	0	0	0	0	0	0	0
14	C	0	0	0	0	0	0	0
15	I	0	0	0	0	0	0	0
16	P	0	0	0	0	0	0	0
17	A	0	0	0	0	0	0	0
18	V	0	0	0	0	0	0	0
19	W	0	0	0	0	0	0	0
20	A	0	0	0	0	0	0	0
21	A	0	0	0	0	0	0	0
22	A	0	0	0	0	0	0	0
23	A	0	0	0	0	0	0	0
24	L	0	0	0	0	0	0	0
25	L	0	0	0	0	0	0	0
26	L	0	0	0	0	0	0	0
27	S	0	0	0	0	0	0	0
28	V	0	0	0	0	0	0	0
29	S	0	0	0	0	0	0	0
30	R	0	0	0	0	0	0	0
31	T	0	0	0	0	0	0	0
32	S	0	0	0	0	0	0	0
33	G	0	0	0	0	0	0	0
34	E	0	0	0	0	0	0	0
35	V	0	0	0	0	0	0	0
36	E	0	0	0	0	0	0	0
37	V	0	0	0	0	0	0	0
38	L	0	0	0	0	0	0	0
39	D	0	0	0	0	0	0	0
40	P	0	0	0	0	0	0	0
41	N	0	0	0	0	0	0	0
42	D	0	0	0	0	0	0	0
43	P	0	0	0	0	0	0	0
44	L	0	0	0	0	0	0	0
45	G	0	0	0	0	0	0	0
46	P	0	0	0	0	0	0	0
47	L	0	0	0	0	0	0	0
48	D	0	0	0	0	0	0	0
49	G	0	0	0	0	0	0	0
50	Q	0	0	0	0	0	0	0
51	D	0	0	0	0	0	0	0
52	G	0	0	0	0	0	0	0
53	P	0	0	0	0	0	0	0
54	I	0	0	0	0	0	0	0
55	P	0	0	0	0	0	0	0
56	T	0	0	0	0	0	0	0
57	L	0	0	0	0	0	0	0
58	K	0	0	0	0	0	0	0
59	G	0	0	0	0	0	0	0
60	Y	0	0	0	0	0	0	0
61	F	0	0	0	0	0	0	0
62	L	0	0	0	0	0	0	0
63	N	0	0	0	0	0	0	0
64	F	0	0	0	0	0	0	0
65	L	0	0	0	0	0	0	0
66	E	0	0	0	0	0	0	0
67	P	0	0	0	0	0	0	0
68	V	0	0	0	0	0	0	0
69	N	0	0	0	0	0	0	0
70	N	0	0	0	0	0	0	0
71	I	0	0	0	0	0	0	0
72	T	0	0	0	0	0	0	0
73	I	0	0	0	0	0	0	0
74	V	0	0	0	0	0	0	0
75	Q	0	0	0	0	0	0	0
76	G	0	0	0	0	0	0	0
77	Q	0	0	0	0	0	0	0
78	T	0	0	0	0	0	0	0
79	A	0	0	0	0	0	0	0
80	I	0	0	0	0	0	0	0
81	L	0	0	0	0	0	0	0
82	H	0	0	0	0	0	0	0
83	C	0	0	0	0	0	0	0
84	K	0	0	0	0	0	0	0
85	V	0	0	0	0	0	0	0
86	A	0	0	0	0	0	0	0
87	G	0	0	0	0	0	0	0
88	N	0	0	0	0	0	0	0
89	P	0	0	0	0	0	0	0
90	P	0	0	0	0	0	0	0
91	P	0	0	0	0	0	0	0
92	N	0	0	0	0	0	0	0
93	V	0	0	0	0	0	0	0
94	R	0	0	0	0	0	0	0
95	W	0	0	0	0	0	0	0
96	L	0	0	0	0	0	0	0
97	K	0	0	0	0	0	0	0
98	N	0	0	0	0	0	0	0
99	D	0	0	0	0	0	0	0
100	A	0	0	0	0	0	0	0
101	P	0	0	0	0	0	0	0
102	V	0	0	0	0	0	0	0
103	V	0	0	0	0	0	0	0
104	Q	0	0	0	0	0	0	0
105	E	0	0	0	0	0	0	0
106	P	0	0	0	0	0	0	0
107	R	0	0	0	0	0	0	0
108	R	0	0	0	0	0	0	0
109	I	0	0	0	0	0	0	0
110	I	0	0	0	0	0	0	0
111	I	0	0	0	0	0	0	0
112	R	0	0	0	0	0	0	0
113	K	0	0	0	0	0	0	0
114	T	0	0	0	0	0	0	0
115	E	0	0	0	0	0	0	0
116	Y	0	0	0	0	0	0	0
117	G	0	0	0	0	0	0	0
118	S	0	0	0	0	0	0	0
119	R	0	0	0	0	0	0	0
120	L	0	0	0	0	0	0	0
121	R	0	0	0	0	0	0	0
122	I	0	0	0	0	0	0	0
123	Q	0	0	0	0	0	0	0
124	D	0	0	0	0	0	0	0
125	L	0	0	0	0	0	0	0
126	D	0	0	0	0	0	0	0
127	T	0	0	0	0	0	0	0
128	T	0	0	0	0	0	0	0
129	D	0	0	0	0	0	0	0
130	T	0	0	0	0	0	0	0
131	G	0	0	0	0	0	0	0
132	Y	0	0	0	0	0	0	0
133	Y	0	0	0	0	0	0	0
134	Q	0	0	0	0	0	0	0
135	C	0	0	0	0	0	0	0
136	V	0	0	0	0	0	0	0
137	A	0	0	0	0	0	0	0
138	T	0	0	0	0	0	0	0
139	N	0	0	0	0	0	0	0
140	G	0	0	0	0	0	0	0
141	M	0	0	0	0	0	0	0
142	K	0	0	0	0	0	0	0
143	T	0	0	0	0	0	0	0
144	I	0	0	0	0	0	0	0
145	T	0	0	0	0	0	0	0
146	A	0	0	0	0	0	0	0
147	T	0	0	0	0	0	0	0
148	G	0	0	0	0	0	0	0
149	V	0	0	0	0	0	0	0
150	L	0	0	0	0	0	0	0
151	F	0	0	0	0	0	0	0
152	V	0	0	0	0	0	0	0
153	R	0	0	0	0	0	0	0
154	L	0	0	0	0	0	0	0
155	G	0	0	0	0	0	0	0
156	P	0	0	0	0	0	0	0
157	T	O-linked (GalNAc)	LFVRLGPTHSPNHNF	EEEEECCCCCCCCCC	0	0	0	0
158	H	0	0	0	0	0	0	0
159	S	0	0	0	0	0	0	0
160	P	0	0	0	0	0	0	0
161	N	0	0	0	0	0	0	0
162	H	0	0	0	0	0	0	0
163	N	0	0	0	0	0	0	0
164	F	0	0	0	0	0	0	0
165	Q	0	0	0	0	0	0	0
166	D	0	0	0	0	0	0	0
167	D	0	0	0	0	0	0	0
168	Y	0	0	0	0	0	0	0
169	H	0	0	0	0	0	0	0
170	E	0	0	0	0	0	0	0
171	D	0	0	0	0	0	0	0
172	G	0	0	0	0	0	0	0
173	F	0	0	0	0	0	0	0
174	C	0	0	0	0	0	0	0
175	Q	0	0	0	0	0	0	0
176	P	0	0	0	0	0	0	0
177	Y	0	0	0	0	0	0	0
178	R	0	0	0	0	0	0	0
179	G	0	0	0	0	0	0	0
180	I	0	0	0	0	0	0	0
181	A	0	0	0	0	0	0	0
182	C	0	0	0	0	0	0	0
183	A	0	0	0	0	0	0	0
184	R	0	0	0	0	0	0	0
185	F	0	0	0	0	0	0	0
186	I	0	0	0	0	0	0	0
187	G	0	0	0	0	0	0	0
188	N	0	0	0	0	0	0	0
189	R	0	0	0	0	0	0	0
190	T	0	0	0	0	0	0	0
191	I	0	0	0	0	0	0	0
192	Y	0	0	0	0	0	0	0
193	V	0	0	0	0	0	0	0
194	D	0	0	0	0	0	0	0
195	S	0	0	0	0	0	0	0
196	L	0	0	0	0	0	0	0
197	Q	0	0	0	0	0	0	0
198	M	0	0	0	0	0	0	0
199	Q	0	0	0	0	0	0	0
200	G	0	0	0	0	0	0	0
201	E	0	0	0	0	0	0	0
202	I	0	0	0	0	0	0	0
203	E	0	0	0	0	0	0	0
204	N	0	0	0	0	0	0	0
205	R	0	0	0	0	0	0	0
206	I	0	0	0	0	0	0	0
207	T	0	0	0	0	0	0	0
208	A	0	0	0	0	0	0	0
209	A	0	0	0	0	0	0	0
210	F	0	0	0	0	0	0	0
211	T	0	0	0	0	0	0	0
212	M	0	0	0	0	0	0	0
213	I	0	0	0	0	0	0	0
214	G	0	0	0	0	0	0	0
215	T	0	0	0	0	0	0	0
216	S	0	0	0	0	0	0	0
217	T	0	0	0	0	0	0	0
218	H	0	0	0	0	0	0	0
219	L	0	0	0	0	0	0	0
220	S	0	0	0	0	0	0	0
221	D	0	0	0	0	0	0	0
222	Q	0	0	0	0	0	0	0
223	C	0	0	0	0	0	0	0
224	S	0	0	0	0	0	0	0
225	Q	0	0	0	0	0	0	0
226	F	0	0	0	0	0	0	0
227	A	0	0	0	0	0	0	0
228	I	0	0	0	0	0	0	0
229	P	0	0	0	0	0	0	0
230	S	0	0	0	0	0	0	0
231	F	0	0	0	0	0	0	0
232	C	0	0	0	0	0	0	0
233	H	0	0	0	0	0	0	0
234	F	0	0	0	0	0	0	0
235	V	0	0	0	0	0	0	0
236	F	0	0	0	0	0	0	0
237	P	0	0	0	0	0	0	0
238	L	0	0	0	0	0	0	0
239	C	0	0	0	0	0	0	0
240	D	0	0	0	0	0	0	0
241	A	0	0	0	0	0	0	0
242	R	0	0	0	0	0	0	0
243	S	0	0	0	0	0	0	0
244	R	0	0	0	0	0	0	0
245	T	0	0	0	0	0	0	0
246	P	0	0	0	0	0	0	0
247	K	0	0	0	0	0	0	0
248	P	0	0	0	0	0	0	0
249	R	0	0	0	0	0	0	0
250	E	0	0	0	0	0	0	0
251	L	0	0	0	0	0	0	0
252	C	0	0	0	0	0	0	0
253	R	0	0	0	0	0	0	0
254	D	0	0	0	0	0	0	0
255	E	0	0	0	0	0	0	0
256	C	0	0	0	0	0	0	0
257	E	0	0	0	0	0	0	0
258	V	0	0	0	0	0	0	0
259	L	0	0	0	0	0	0	0
260	E	0	0	0	0	0	0	0
261	S	0	0	0	0	0	0	0
262	D	0	0	0	0	0	0	0
263	L	0	0	0	0	0	0	0
264	C	0	0	0	0	0	0	0
265	R	0	0	0	0	0	0	0
266	Q	0	0	0	0	0	0	0
267	E	0	0	0	0	0	0	0
268	Y	0	0	0	0	0	0	0
269	T	0	0	0	0	0	0	0
270	I	0	0	0	0	0	0	0
271	A	0	0	0	0	0	0	0
272	R	0	0	0	0	0	0	0
273	S	0	0	0	0	0	0	0
274	N	0	0	0	0	0	0	0
275	P	0	0	0	0	0	0	0
276	L	0	0	0	0	0	0	0
277	I	0	0	0	0	0	0	0
278	L	0	0	0	0	0	0	0
279	M	0	0	0	0	0	0	0
280	R	0	0	0	0	0	0	0
281	L	0	0	0	0	0	0	0
282	Q	0	0	0	0	0	0	0
283	L	0	0	0	0	0	0	0
284	P	0	0	0	0	0	0	0
285	K	0	0	0	0	0	0	0
286	C	0	0	0	0	0	0	0
287	E	0	0	0	0	0	0	0
288	A	0	0	0	0	0	0	0
289	L	0	0	0	0	0	0	0
290	P	0	0	0	0	0	0	0
291	M	0	0	0	0	0	0	0
292	P	0	0	0	0	0	0	0
293	E	0	0	0	0	0	0	0
294	S	0	0	0	0	0	0	0
295	P	0	0	0	0	0	0	0
296	D	0	0	0	0	0	0	0
297	A	0	0	0	0	0	0	0
298	A	0	0	0	0	0	0	0
299	N	0	0	0	0	0	0	0
300	C	0	0	0	0	0	0	0
301	M	0	0	0	0	0	0	0
302	R	0	0	0	0	0	0	0
303	I	0	0	0	0	0	0	0
304	G	0	0	0	0	0	0	0
305	I	0	0	0	0	0	0	0
306	P	0	0	0	0	0	0	0
307	A	0	0	0	0	0	0	0
308	E	0	0	0	0	0	0	0
309	R	0	0	0	0	0	0	0
310	L	0	0	0	0	0	0	0
311	G	0	0	0	0	0	0	0
312	R	0	0	0	0	0	0	0
313	Y	0	0	0	0	0	0	0
314	H	0	0	0	0	0	0	0
315	Q	0	0	0	0	0	0	0
316	C	0	0	0	0	0	0	0
317	Y	0	0	0	0	0	0	0
318	N	0	0	0	0	0	0	0
319	G	0	0	0	0	0	0	0
320	S	0	0	0	0	0	0	0
321	G	0	0	0	0	0	0	0
322	M	0	0	0	0	0	0	0
323	D	0	0	0	0	0	0	0
324	Y	0	0	0	0	0	0	0
325	R	0	0	0	0	0	0	0
326	G	0	0	0	0	0	0	0
327	T	0	0	0	0	0	0	0
328	A	0	0	0	0	0	0	0
329	S	0	0	0	0	0	0	0
330	T	0	0	0	0	0	0	0
331	T	0	0	0	0	0	0	0
332	K	0	0	0	0	0	0	0
333	S	0	0	0	0	0	0	0
334	G	0	0	0	0	0	0	0
335	H	0	0	0	0	0	0	0
336	Q	0	0	0	0	0	0	0
337	C	0	0	0	0	0	0	0
338	Q	0	0	0	0	0	0	0
339	P	0	0	0	0	0	0	0
340	W	0	0	0	0	0	0	0
341	A	0	0	0	0	0	0	0
342	L	0	0	0	0	0	0	0
343	Q	0	0	0	0	0	0	0
344	H	0	0	0	0	0	0	0
345	P	0	0	0	0	0	0	0
346	H	0	0	0	0	0	0	0
347	S	0	0	0	0	0	0	0
348	H	0	0	0	0	0	0	0
349	H	0	0	0	0	0	0	0
350	L	0	0	0	0	0	0	0
351	S	0	0	0	0	0	0	0
352	S	0	0	0	0	0	0	0
353	T	0	0	0	0	0	0	0
354	D	0	0	0	0	0	0	0
355	F	0	0	0	0	0	0	0
356	P	0	0	0	0	0	0	0
357	E	0	0	0	0	0	0	0
358	L	0	0	0	0	0	0	0
359	G	0	0	0	0	0	0	0
360	G	0	0	0	0	0	0	0
361	G	0	0	0	0	0	0	0
362	H	0	0	0	0	0	0	0
363	A	0	0	0	0	0	0	0
364	Y	0	0	0	0	0	0	0
365	C	0	0	0	0	0	0	0
366	R	0	0	0	0	0	0	0
367	N	0	0	0	0	0	0	0
368	P	0	0	0	0	0	0	0
369	G	0	0	0	0	0	0	0
370	G	0	0	0	0	0	0	0
371	Q	0	0	0	0	0	0	0
372	M	0	0	0	0	0	0	0
373	E	0	0	0	0	0	0	0
374	G	0	0	0	0	0	0	0
375	P	0	0	0	0	0	0	0
376	W	0	0	0	0	0	0	0
377	C	0	0	0	0	0	0	0
378	F	0	0	0	0	0	0	0
379	T	0	0	0	0	0	0	0
380	Q	0	0	0	0	0	0	0
381	N	0	0	0	0	0	0	0
382	K	0	0	0	0	0	0	0
383	N	0	0	0	0	0	0	0
384	V	0	0	0	0	0	0	0
385	R	0	0	0	0	0	0	0
386	M	0	0	0	0	0	0	0
387	E	0	0	0	0	0	0	0
388	L	0	0	0	0	0	0	0
389	C	0	0	0	0	0	0	0
390	D	0	0	0	0	0	0	0
391	V	0	0	0	0	0	0	0
392	P	0	0	0	0	0	0	0
393	S	0	0	0	0	0	0	0
394	C	0	0	0	0	0	0	0
395	S	0	0	0	0	0	0	0
396	P	0	0	0	0	0	0	0
397	R	0	0	0	0	0	0	0
398	D	0	0	0	0	0	0	0
399	S	0	0	0	0	0	0	0
400	S	0	0	0	0	0	0	0
401	K	0	0	0	0	0	0	0
402	M	0	0	0	0	0	0	0
403	G	0	0	0	0	0	0	0
404	I	0	0	0	0	0	0	0
405	L	0	0	0	0	0	0	0
406	Y	0	0	0	0	0	0	0
407	I	0	0	0	0	0	0	0
408	L	0	0	0	0	0	0	0
409	V	0	0	0	0	0	0	0
410	P	0	0	0	0	0	0	0
411	S	0	0	0	0	0	0	0
412	I	0	0	0	0	0	0	0
413	A	0	0	0	0	0	0	0
414	I	0	0	0	0	0	0	0
415	P	0	0	0	0	0	0	0
416	L	0	0	0	0	0	0	0
417	V	0	0	0	0	0	0	0
418	I	0	0	0	0	0	0	0
419	A	0	0	0	0	0	0	0
420	C	0	0	0	0	0	0	0
421	L	0	0	0	0	0	0	0
422	F	0	0	0	0	0	0	0
423	F	0	0	0	0	0	0	0
424	L	0	0	0	0	0	0	0
425	V	0	0	0	0	0	0	0
426	C	0	0	0	0	0	0	0
427	M	0	0	0	0	0	0	0
428	C	0	0	0	0	0	0	0
429	R	0	0	0	0	0	0	0
430	N	0	0	0	0	0	0	0
431	K	0	0	0	0	0	0	0
432	Q	0	0	0	0	0	0	0
433	K	0	0	0	0	0	0	0
434	A	0	0	0	0	0	0	0
435	S	0	0	0	0	0	0	0
436	A	0	0	0	0	0	0	0
437	S	0	0	0	0	0	0	0
438	T	Phosphothreonine	KQKASASTPQRRQLM	CHHHCCCCHHHHHHH	0	0	0	0
439	P	0	0	0	0	0	0	0
440	Q	0	0	0	0	0	0	0
441	R	0	0	0	0	0	0	0
442	R	0	0	0	0	0	0	0
443	Q	0	0	0	0	0	0	0
444	L	0	0	0	0	0	0	0
445	M	0	0	0	0	0	0	0
446	A	0	0	0	0	0	0	0
447	S	Phosphoserine	QRRQLMASPSQDMEM	HHHHHHCCCCCCCCC	0	0	0	0
448	P	0	0	0	0	0	0	0
449	S	Phosphoserine	RQLMASPSQDMEMPL	HHHHCCCCCCCCCCC	0	0	0	0
450	Q	0	0	0	0	0	0	0
451	D	0	0	0	0	0	0	0
452	M	0	0	0	0	0	0	0
453	E	0	0	0	0	0	0	0
454	M	0	0	0	0	0	0	0
455	P	0	0	0	0	0	0	0
456	L	0	0	0	0	0	0	0
457	I	0	0	0	0	0	0	0
458	N	0	0	0	0	0	0	0
459	Q	0	0	0	0	0	0	0
460	H	0	0	0	0	0	0	0
461	K	0	0	0	0	0	0	0
462	Q	0	0	0	0	0	0	0
463	A	0	0	0	0	0	0	0
464	K	0	0	0	0	0	0	0
465	L	0	0	0	0	0	0	0
466	K	0	0	0	0	0	0	0
467	E	0	0	0	0	0	0	0
468	I	0	0	0	0	0	0	0
469	S	Phosphoserine	QAKLKEISLSAVRFM	HHHHHHCCHHHHHHH	0	0	0	0
470	L	0	0	0	0	0	0	0
471	S	Phosphoserine	KLKEISLSAVRFMEE	HHHHCCHHHHHHHHH	0	0	0	0
472	A	0	0	0	0	0	0	0
473	V	0	0	0	0	0	0	0
474	R	0	0	0	0	0	0	0
475	F	0	0	0	0	0	0	0
476	M	0	0	0	0	0	0	0
477	E	0	0	0	0	0	0	0
478	E	0	0	0	0	0	0	0
479	L	0	0	0	0	0	0	0
480	G	0	0	0	0	0	0	0
481	E	0	0	0	0	0	0	0
482	D	0	0	0	0	0	0	0
483	R	0	0	0	0	0	0	0
484	F	0	0	0	0	0	0	0
485	G	0	0	0	0	0	0	0
486	K	0	0	0	0	0	0	0
487	V	0	0	0	0	0	0	0
488	Y	0	0	0	0	0	0	0
489	K	Ubiquitinlysine	DRFGKVYKGHLFGPA	CCCCEEECCCCCCCC	0	0	0	0
490	G	0	0	0	0	0	0	0
491	H	0	0	0	0	0	0	0
492	L	0	0	0	0	0	0	0
493	F	0	0	0	0	0	0	0
494	G	0	0	0	0	0	0	0
495	P	0	0	0	0	0	0	0
496	A	0	0	0	0	0	0	0
497	P	0	0	0	0	0	0	0
498	G	0	0	0	0	0	0	0
499	E	0	0	0	0	0	0	0
500	Q	0	0	0	0	0	0	0
501	T	0	0	0	0	0	0	0
502	Q	0	0	0	0	0	0	0
503	A	0	0	0	0	0	0	0
504	V	0	0	0	0	0	0	0
505	A	0	0	0	0	0	0	0
506	I	0	0	0	0	0	0	0
507	K	0	0	0	0	0	0	0
508	T	0	0	0	0	0	0	0
509	L	0	0	0	0	0	0	0
510	K	0	0	0	0	0	0	0
511	D	0	0	0	0	0	0	0
512	K	0	0	0	0	0	0	0
513	A	0	0	0	0	0	0	0
514	E	0	0	0	0	0	0	0
515	G	0	0	0	0	0	0	0
516	P	0	0	0	0	0	0	0
517	L	0	0	0	0	0	0	0
518	R	0	0	0	0	0	0	0
519	E	0	0	0	0	0	0	0
520	E	0	0	0	0	0	0	0
521	F	0	0	0	0	0	0	0
522	R	0	0	0	0	0	0	0
523	H	0	0	0	0	0	0	0
524	E	0	0	0	0	0	0	0
525	A	0	0	0	0	0	0	0
526	M	0	0	0	0	0	0	0
527	L	0	0	0	0	0	0	0
528	R	0	0	0	0	0	0	0
529	A	0	0	0	0	0	0	0
530	R	0	0	0	0	0	0	0
531	L	0	0	0	0	0	0	0
532	Q	0	0	0	0	0	0	0
533	H	0	0	0	0	0	0	0
534	P	0	0	0	0	0	0	0
535	N	0	0	0	0	0	0	0
536	V	0	0	0	0	0	0	0
537	V	0	0	0	0	0	0	0
538	C	0	0	0	0	0	0	0
539	L	0	0	0	0	0	0	0
540	L	0	0	0	0	0	0	0
541	G	0	0	0	0	0	0	0
542	V	0	0	0	0	0	0	0
543	V	0	0	0	0	0	0	0
544	T	0	0	0	0	0	0	0
545	K	0	0	0	0	0	0	0
546	D	0	0	0	0	0	0	0
547	Q	0	0	0	0	0	0	0
548	P	0	0	0	0	0	0	0
549	L	0	0	0	0	0	0	0
550	S	0	0	0	0	0	0	0
551	M	0	0	0	0	0	0	0
552	I	0	0	0	0	0	0	0
553	F	0	0	0	0	0	0	0
554	S	0	0	0	0	0	0	0
555	Y	0	0	0	0	0	0	0
556	C	0	0	0	0	0	0	0
557	S	0	0	0	0	0	0	0
558	H	0	0	0	0	0	0	0
559	G	0	0	0	0	0	0	0
560	D	0	0	0	0	0	0	0
561	L	0	0	0	0	0	0	0
562	H	0	0	0	0	0	0	0
563	E	0	0	0	0	0	0	0
564	F	0	0	0	0	0	0	0
565	L	0	0	0	0	0	0	0
566	V	0	0	0	0	0	0	0
567	M	0	0	0	0	0	0	0
568	R	0	0	0	0	0	0	0
569	S	0	0	0	0	0	0	0
570	P	0	0	0	0	0	0	0
571	H	0	0	0	0	0	0	0
572	S	0	0	0	0	0	0	0
573	D	0	0	0	0	0	0	0
574	V	0	0	0	0	0	0	0
575	G	0	0	0	0	0	0	0
576	S	0	0	0	0	0	0	0
577	T	0	0	0	0	0	0	0
578	D	0	0	0	0	0	0	0
579	D	0	0	0	0	0	0	0
580	D	0	0	0	0	0	0	0
581	R	0	0	0	0	0	0	0
582	T	0	0	0	0	0	0	0
583	V	0	0	0	0	0	0	0
584	K	0	0	0	0	0	0	0
585	S	0	0	0	0	0	0	0
586	A	0	0	0	0	0	0	0
587	L	0	0	0	0	0	0	0
588	E	0	0	0	0	0	0	0
589	P	0	0	0	0	0	0	0
590	P	0	0	0	0	0	0	0
591	D	0	0	0	0	0	0	0
592	F	0	0	0	0	0	0	0
593	V	0	0	0	0	0	0	0
594	H	0	0	0	0	0	0	0
595	L	0	0	0	0	0	0	0
596	V	0	0	0	0	0	0	0
597	A	0	0	0	0	0	0	0
598	Q	0	0	0	0	0	0	0
599	I	0	0	0	0	0	0	0
600	A	0	0	0	0	0	0	0
601	A	0	0	0	0	0	0	0
602	G	0	0	0	0	0	0	0
603	M	0	0	0	0	0	0	0
604	E	0	0	0	0	0	0	0
605	Y	0	0	0	0	0	0	0
606	L	0	0	0	0	0	0	0
607	S	0	0	0	0	0	0	0
608	S	0	0	0	0	0	0	0
609	H	0	0	0	0	0	0	0
610	H	0	0	0	0	0	0	0
611	V	0	0	0	0	0	0	0
612	V	0	0	0	0	0	0	0
613	H	0	0	0	0	0	0	0
614	K	0	0	0	0	0	0	0
615	D	0	0	0	0	0	0	0
616	L	0	0	0	0	0	0	0
617	A	0	0	0	0	0	0	0
618	T	0	0	0	0	0	0	0
619	R	0	0	0	0	0	0	0
620	N	0	0	0	0	0	0	0
621	V	0	0	0	0	0	0	0
622	L	0	0	0	0	0	0	0
623	V	0	0	0	0	0	0	0
624	Y	Phosphotyrosine	ATRNVLVYDKLNVKI	CCCCEEEEECCCCCH	0	0	0	0
625	D	0	0	0	0	0	0	0
626	K	0	0	0	0	0	0	0
627	L	0	0	0	0	0	0	0
628	N	0	0	0	0	0	0	0
629	V	0	0	0	0	0	0	0
630	K	0	0	0	0	0	0	0
631	I	0	0	0	0	0	0	0
632	S	0	0	0	0	0	0	0
633	D	0	0	0	0	0	0	0
634	L	0	0	0	0	0	0	0
635	G	0	0	0	0	0	0	0
636	L	0	0	0	0	0	0	0
637	F	0	0	0	0	0	0	0
638	R	0	0	0	0	0	0	0
639	E	0	0	0	0	0	0	0
640	V	0	0	0	0	0	0	0
641	Y	0	0	0	0	0	0	0
642	A	0	0	0	0	0	0	0
643	A	0	0	0	0	0	0	0
644	D	0	0	0	0	0	0	0
645	Y	0	0	0	0	0	0	0
646	Y	Phosphotyrosine	EVYAADYYKLLGNSL	HHHHHHHHHHHCCCC	0	0	0	0
647	K	0	0	0	0	0	0	0
648	L	0	0	0	0	0	0	0
649	L	0	0	0	0	0	0	0
650	G	0	0	0	0	0	0	0
651	N	0	0	0	0	0	0	0
652	S	Phosphoserine	YYKLLGNSLLPIRWM	HHHHHCCCCCCCEEC	0	0	0	0
653	L	0	0	0	0	0	0	0
654	L	0	0	0	0	0	0	0
655	P	0	0	0	0	0	0	0
656	I	0	0	0	0	0	0	0
657	R	0	0	0	0	0	0	0
658	W	0	0	0	0	0	0	0
659	M	0	0	0	0	0	0	0
660	A	0	0	0	0	0	0	0
661	P	0	0	0	0	0	0	0
662	E	0	0	0	0	0	0	0
663	A	0	0	0	0	0	0	0
664	I	0	0	0	0	0	0	0
665	M	0	0	0	0	0	0	0
666	Y	Phosphotyrosine	MAPEAIMYGKFSIDS	CCCCHHHHCCCCCCH	0	0	0	0
667	G	0	0	0	0	0	0	0
668	K	0	0	0	0	0	0	0
669	F	0	0	0	0	0	0	0
670	S	0	0	0	0	0	0	0
671	I	0	0	0	0	0	0	0
672	D	0	0	0	0	0	0	0
673	S	0	0	0	0	0	0	0
674	D	0	0	0	0	0	0	0
675	I	0	0	0	0	0	0	0
676	W	0	0	0	0	0	0	0
677	S	0	0	0	0	0	0	0
678	Y	0	0	0	0	0	0	0
679	G	0	0	0	0	0	0	0
680	V	0	0	0	0	0	0	0
681	V	0	0	0	0	0	0	0
682	L	0	0	0	0	0	0	0
683	W	0	0	0	0	0	0	0
684	E	0	0	0	0	0	0	0
685	V	0	0	0	0	0	0	0
686	F	0	0	0	0	0	0	0
687	S	0	0	0	0	0	0	0
688	Y	0	0	0	0	0	0	0
689	G	0	0	0	0	0	0	0
690	L	0	0	0	0	0	0	0
691	Q	0	0	0	0	0	0	0
692	P	0	0	0	0	0	0	0
693	Y	0	0	0	0	0	0	0
694	C	0	0	0	0	0	0	0
695	G	0	0	0	0	0	0	0
696	Y	0	0	0	0	0	0	0
697	S	0	0	0	0	0	0	0
698	N	0	0	0	0	0	0	0
699	Q	0	0	0	0	0	0	0
700	D	0	0	0	0	0	0	0
701	V	0	0	0	0	0	0	0
702	V	0	0	0	0	0	0	0
703	E	0	0	0	0	0	0	0
704	M	0	0	0	0	0	0	0
705	I	0	0	0	0	0	0	0
706	R	0	0	0	0	0	0	0
707	N	0	0	0	0	0	0	0
708	R	0	0	0	0	0	0	0
709	Q	0	0	0	0	0	0	0
710	V	0	0	0	0	0	0	0
711	L	0	0	0	0	0	0	0
712	P	0	0	0	0	0	0	0
713	C	0	0	0	0	0	0	0
714	P	0	0	0	0	0	0	0
715	D	0	0	0	0	0	0	0
716	D	0	0	0	0	0	0	0
717	C	0	0	0	0	0	0	0
718	P	0	0	0	0	0	0	0
719	A	0	0	0	0	0	0	0
720	W	0	0	0	0	0	0	0
721	V	0	0	0	0	0	0	0
722	Y	0	0	0	0	0	0	0
723	A	0	0	0	0	0	0	0
724	L	0	0	0	0	0	0	0
725	M	0	0	0	0	0	0	0
726	I	0	0	0	0	0	0	0
727	E	0	0	0	0	0	0	0
728	C	0	0	0	0	0	0	0
729	W	0	0	0	0	0	0	0
730	N	0	0	0	0	0	0	0
731	E	0	0	0	0	0	0	0
732	F	0	0	0	0	0	0	0
733	P	0	0	0	0	0	0	0
734	S	0	0	0	0	0	0	0
735	R	0	0	0	0	0	0	0
736	R	0	0	0	0	0	0	0
737	P	0	0	0	0	0	0	0
738	R	0	0	0	0	0	0	0
739	F	0	0	0	0	0	0	0
740	K	0	0	0	0	0	0	0
741	D	0	0	0	0	0	0	0
742	I	0	0	0	0	0	0	0
743	H	0	0	0	0	0	0	0
744	S	0	0	0	0	0	0	0
745	R	0	0	0	0	0	0	0
746	L	0	0	0	0	0	0	0
747	R	0	0	0	0	0	0	0
748	A	0	0	0	0	0	0	0
749	W	0	0	0	0	0	0	0
750	G	0	0	0	0	0	0	0
751	N	0	0	0	0	0	0	0
752	L	0	0	0	0	0	0	0
753	S	0	0	0	0	0	0	0
754	N	0	0	0	0	0	0	0
755	Y	Phosphotyrosine	AWGNLSNYNSSAQTS	HHCCCCCCCCCCCCC	0	0	0	0
756	N	0	0	0	0	0	0	0
757	S	0	0	0	0	0	0	0
758	S	Phosphoserine	NLSNYNSSAQTSGAS	CCCCCCCCCCCCCCC	0	0	0	0
759	A	0	0	0	0	0	0	0
760	Q	0	0	0	0	0	0	0
761	T	0	0	0	0	0	0	0
762	S	Phosphoserine	YNSSAQTSGASNTTQ	CCCCCCCCCCCCCCC	0	0	0	0
763	G	0	0	0	0	0	0	0
764	A	0	0	0	0	0	0	0
765	S	0	0	0	0	0	0	0
766	N	0	0	0	0	0	0	0
767	T	0	0	0	0	0	0	0
768	T	0	0	0	0	0	0	0
769	Q	0	0	0	0	0	0	0
770	T	0	0	0	0	0	0	0
771	S	0	0	0	0	0	0	0
772	S	0	0	0	0	0	0	0
773	L	0	0	0	0	0	0	0
774	S	0	0	0	0	0	0	0
775	T	0	0	0	0	0	0	0
776	S	0	0	0	0	0	0	0
777	P	0	0	0	0	0	0	0
778	V	0	0	0	0	0	0	0
779	S	0	0	0	0	0	0	0
780	N	0	0	0	0	0	0	0
781	V	0	0	0	0	0	0	0
782	S	Phosphoserine	TSPVSNVSNARYVGP	CCCCCCCCCCEECCC	0	0	0	0
783	N	0	0	0	0	0	0	0
784	A	0	0	0	0	0	0	0
785	R	0	0	0	0	0	0	0
786	Y	0	0	0	0	0	0	0
787	V	0	0	0	0	0	0	0
788	G	0	0	0	0	0	0	0
789	P	0	0	0	0	0	0	0
790	K	0	0	0	0	0	0	0
791	Q	0	0	0	0	0	0	0
792	K	0	0	0	0	0	0	0
793	A	0	0	0	0	0	0	0
794	P	0	0	0	0	0	0	0
795	P	0	0	0	0	0	0	0
796	F	0	0	0	0	0	0	0
797	P	0	0	0	0	0	0	0
798	Q	0	0	0	0	0	0	0
799	P	0	0	0	0	0	0	0
800	Q	0	0	0	0	0	0	0
801	F	0	0	0	0	0	0	0
802	I	0	0	0	0	0	0	0
803	P	0	0	0	0	0	0	0
804	M	0	0	0	0	0	0	0
805	K	0	0	0	0	0	0	0
806	G	0	0	0	0	0	0	0
807	Q	0	0	0	0	0	0	0
808	I	0	0	0	0	0	0	0
809	R	0	0	0	0	0	0	0
810	P	0	0	0	0	0	0	0
811	M	0	0	0	0	0	0	0
812	V	0	0	0	0	0	0	0
813	P	0	0	0	0	0	0	0
814	P	0	0	0	0	0	0	0
815	P	0	0	0	0	0	0	0
816	Q	0	0	0	0	0	0	0
817	L	0	0	0	0	0	0	0
818	Y	0	0	0	0	0	0	0
819	V	0	0	0	0	0	I	824
820	P	0	0	0	0	0	0	0
821	V	0	0	0	0	0	0	0
822	N	0	0	0	0	0	0	0
823	G	0	0	0	0	0	0	0
824	Y	Phosphotyrosine	LYVPVNGYQPVPAYG	CEEECCCEECCCCCC	Nose size:nose morphology measurement;Lobe attachment (rater-scored or self-reported):lobe attachment	819 (5)	0	0
825	Q	0	0	0	0	0	0	0
826	P	0	0	0	0	0	0	0
827	V	0	0	0	0	0	0	0
828	P	0	0	0	0	0	0	0
829	A	0	0	0	0	0	0	0
830	Y	0	0	0	0	0	0	0
831	G	0	0	0	0	0	0	0
832	A	0	0	0	0	0	0	0
833	Y	0	0	0	0	0	0	0
834	L	0	0	0	0	0	0	0
835	P	0	0	0	0	0	0	0
836	N	0	0	0	0	0	0	0
837	F	0	0	0	0	0	0	0
838	Y	0	0	0	0	0	0	0
839	P	0	0	0	0	0	0	0
840	V	0	0	0	0	0	0	0
841	Q	0	0	0	0	0	0	0
842	I	0	0	0	0	0	0	0
843	P	0	0	0	0	0	0	0
844	M	0	0	0	0	0	0	0
845	Q	0	0	0	0	0	0	0
846	M	0	0	0	0	0	0	0
847	A	0	0	0	0	0	0	0
848	P	0	0	0	0	0	0	0
849	Q	0	0	0	0	0	0	0
850	Q	0	0	0	0	0	0	0
851	V	0	0	0	0	0	0	0
852	P	0	0	0	0	0	0	0
853	P	0	0	0	0	0	0	0
854	Q	0	0	0	0	0	0	0
855	M	0	0	0	0	0	0	0
856	V	0	0	0	0	0	0	0
857	P	0	0	0	0	0	0	0
858	K	0	0	0	0	0	0	0
859	P	0	0	0	0	0	0	0
860	S	0	0	0	0	0	0	0
861	S	0	0	0	0	0	0	0
862	H	0	0	0	0	0	0	0
863	H	0	0	0	0	0	0	0
864	S	0	0	0	0	0	0	0
865	G	0	0	0	0	0	0	0
866	S	0	0	0	0	0	0	0
867	G	0	0	0	0	0	0	0
868	S	0	0	0	0	0	0	0
869	T	0	0	0	0	0	0	0
870	S	0	0	0	0	0	0	0
871	T	0	0	0	0	0	0	0
872	G	0	0	0	0	0	0	0
873	Y	Phosphotyrosine	SGSTSTGYVTTAPSN	CCCCCCEEEECCCCC	0	0	0	0
874	V	0	0	0	0	0	0	0
875	T	0	0	0	0	0	0	0
876	T	0	0	0	0	0	0	0
877	A	0	0	0	0	0	0	0
878	P	0	0	0	0	0	0	0
879	S	0	0	0	0	0	0	0
880	N	0	0	0	0	0	0	0
881	T	0	0	0	0	0	0	0
882	S	0	0	0	0	0	0	0
883	M	0	0	0	0	0	0	0
884	A	0	0	0	0	0	0	0
885	D	0	0	0	0	0	0	0
886	R	0	0	0	0	0	0	0
887	A	0	0	0	0	0	0	0
888	A	0	0	0	0	0	0	0
889	L	0	0	0	0	0	0	0
890	L	0	0	0	0	0	0	0
891	S	0	0	0	0	0	0	0
892	E	0	0	0	0	0	0	0
893	G	0	0	0	0	0	0	0
894	A	0	0	0	0	0	0	0
895	D	0	0	0	0	0	0	0
896	D	0	0	0	0	0	0	0
897	T	0	0	0	0	0	0	0
898	Q	0	0	0	0	0	0	0
899	N	0	0	0	0	0	0	0
900	A	0	0	0	0	0	0	0
901	P	0	0	0	0	0	0	0
902	E	0	0	0	0	0	0	0
903	D	0	0	0	0	0	0	0
904	G	0	0	0	0	0	0	0
905	A	0	0	0	0	0	0	0
906	Q	0	0	0	0	0	0	0
907	S	0	0	0	0	0	0	0
908	T	0	0	0	0	0	0	0
909	V	0	0	0	0	0	0	0
910	Q	0	0	0	0	0	0	0
911	E	0	0	0	0	0	0	0
912	A	0	0	0	0	0	0	0
913	E	0	0	0	0	0	0	0
914	E	0	0	0	0	0	0	0
915	E	0	0	0	0	0	0	0
916	E	0	0	0	0	0	0	0
917	E	0	0	0	0	0	0	0
918	G	0	0	0	0	0	0	0
919	S	0	0	0	0	0	0	0
920	V	0	0	0	0	0	0	0
921	P	0	0	0	0	0	0	0
922	E	0	0	0	0	0	0	0
923	T	0	0	0	0	0	0	0
924	E	0	0	0	0	0	0	0
925	L	0	0	0	0	0	0	0
926	L	0	0	0	0	0	0	0
927	G	0	0	0	0	0	0	0
928	D	0	0	0	0	0	0	0
929	C	0	0	0	0	0	0	0
930	D	0	0	0	0	0	0	0
931	T	0	0	0	0	0	0	0
932	L	0	0	0	0	0	0	0
933	Q	0	0	0	0	0	0	0
934	V	0	0	0	0	0	0	0
935	D	0	0	0	0	0	0	0
936	E	0	0	0	0	0	0	0
937	A	0	0	0	0	0	0	0
938	Q	0	0	0	0	0	0	0
939	V	0	0	0	0	0	0	0
940	Q	0	0	0	0	0	0	0
941	L	0	0	0	0	0	0	0
942	E	0	0	0	0	0	0	0
943	A	0	0	0	0	0	0	0
