location	residue	Modification	seq	secStruc	RelatedDisease	VariantPosition	ResidueChange	DaPSbySAP
1	M	0	0	0	0	0	0	0
2	T	0	0	0	0	0	0	0
3	P	0	0	0	0	0	0	0
4	S	0	0	0	0	0	0	0
5	R	0	0	0	0	0	0	0
6	L	0	0	0	0	0	0	0
7	P	0	0	0	0	0	0	0
8	W	0	0	0	0	0	0	0
9	L	0	0	0	0	0	0	0
10	L	0	0	0	0	0	0	0
11	S	0	0	0	0	0	0	0
12	W	0	0	0	0	0	0	0
13	V	0	0	0	0	0	0	0
14	S	0	0	0	0	0	0	0
15	A	0	0	0	0	0	0	0
16	T	0	0	0	0	0	0	0
17	A	0	0	0	0	0	0	0
18	W	0	0	0	0	0	0	0
19	R	0	0	0	0	0	0	0
20	A	0	0	0	0	0	0	0
21	A	0	0	0	0	0	0	0
22	R	0	0	0	0	0	0	0
23	S	0	0	0	0	0	0	0
24	P	0	0	0	0	0	0	0
25	L	0	0	0	0	0	0	0
26	L	0	0	0	0	0	0	0
27	C	0	0	0	0	0	0	0
28	H	0	0	0	0	0	0	0
29	S	0	0	0	0	0	0	0
30	L	0	0	0	0	0	0	0
31	R	0	0	0	0	0	0	0
32	K	0	0	0	0	0	0	0
33	T	0	0	0	0	0	0	0
34	S	0	0	0	0	0	0	0
35	S	0	0	0	0	0	0	0
36	S	0	0	0	0	0	0	0
37	Q	0	0	0	0	0	0	0
38	G	0	0	0	0	0	0	0
39	G	0	0	0	0	0	0	0
40	K	0	0	0	0	0	0	0
41	S	0	0	0	0	0	0	0
42	E	0	0	0	0	0	0	0
43	L	0	0	0	0	0	0	0
44	V	0	0	0	0	0	0	0
45	K	0	0	0	0	0	0	0
46	Q	0	0	0	0	0	R	47
47	S	Phosphoserine	KSELVKQSLKKPKLP	HHHHHHHHHCCCCCC	Type 2 diabetes:type II diabetes mellitus	46 (1)	0	0
48	L	0	0	0	0	0	0	0
49	K	0	0	0	0	0	0	0
50	K	0	0	0	0	0	0	0
51	P	0	0	0	0	0	0	0
52	K	0	0	0	0	0	0	0
53	L	0	0	0	0	0	0	0
54	P	0	0	0	0	0	0	0
55	E	0	0	0	0	0	0	0
56	G	0	0	0	0	0	0	0
57	R	0	0	0	0	0	0	0
58	F	0	0	0	0	0	0	0
59	D	0	0	0	0	0	0	0
60	A	0	0	0	0	0	0	0
61	P	0	0	0	0	0	0	0
62	E	0	0	0	0	0	0	0
63	D	0	0	0	0	0	0	0
64	S	Phosphoserine	RFDAPEDSHLEKEPL	CCCCCCCCCCCCCCH	0	0	0	0
65	H	0	0	0	0	0	0	0
66	L	0	0	0	0	0	0	0
67	E	0	0	0	0	0	0	0
68	K	0	0	0	0	0	0	0
69	E	0	0	0	0	0	0	0
70	P	0	0	0	0	0	0	0
71	L	0	0	0	0	0	0	0
72	E	0	0	0	0	0	0	0
73	K	0	0	0	0	0	0	0
74	F	0	0	0	0	0	0	0
75	P	0	0	0	0	0	0	0
76	D	0	0	0	0	0	0	0
77	D	0	0	0	0	0	0	0
78	V	0	0	0	0	0	0	0
79	N	0	0	0	0	0	0	0
80	P	0	0	0	0	0	0	0
81	V	0	0	0	0	0	0	0
82	T	0	0	0	0	0	0	0
83	K	0	0	0	0	0	0	0
84	E	0	0	0	0	0	0	0
85	K	0	0	0	0	0	0	0
86	G	0	0	0	0	0	0	0
87	G	0	0	0	0	0	0	0
88	P	0	0	0	0	0	0	0
89	R	0	0	0	0	0	0	0
90	G	0	0	0	0	0	0	0
91	P	0	0	0	0	0	0	0
92	E	0	0	0	0	0	0	0
93	P	0	0	0	0	0	0	0
94	T	0	0	0	0	0	0	0
95	R	0	0	0	0	0	0	0
96	Y	0	0	0	0	0	0	0
97	G	0	0	0	0	0	0	0
98	D	0	0	0	0	0	0	0
99	W	0	0	0	0	0	0	0
100	E	0	0	0	0	0	0	0
101	R	0	0	0	0	0	0	0
102	K	0	0	0	0	0	0	0
103	G	0	0	0	0	0	0	0
104	R	0	0	0	0	0	0	0
105	C	0	0	0	0	0	0	0
106	I	0	0	0	0	0	0	0
107	D	0	0	0	0	0	0	0
108	F	0	0	0	0	0	0	0
