location	residue	Modification	seq	secStruc	RelatedDisease	VariantPosition	ResidueChange	DaPSbySAP
1	M	0	0	0	0	0	0	0
2	E	0	0	0	0	0	0	0
3	S	Phosphoserine	-----MESRGPLATS	-----CCCCCHHHHH	0	0	0	0
4	R	0	0	0	0	0	0	0
5	G	0	0	0	0	0	0	0
6	P	0	0	0	0	0	0	0
7	L	0	0	0	0	0	0	0
8	A	0	0	0	0	0	0	0
9	T	0	0	0	0	0	0	0
10	S	0	0	0	0	0	0	0
11	R	0	0	0	0	0	0	0
12	L	0	0	0	0	0	0	0
13	L	0	0	0	0	0	0	0
14	L	0	0	0	0	0	0	0
15	L	0	0	0	0	0	0	0
16	L	0	0	0	0	0	0	0
17	L	0	0	0	0	0	0	0
18	L	0	0	0	0	0	0	0
19	L	0	0	0	0	0	0	0
20	L	0	0	0	0	0	0	0
21	L	0	0	0	0	0	0	0
22	R	0	0	0	0	0	0	0
23	H	0	0	0	0	0	0	0
24	T	0	0	0	0	0	0	0
25	R	0	0	0	0	0	0	0
26	Q	0	0	0	0	0	0	0
27	G	0	0	0	0	0	0	0
28	W	0	0	0	0	0	0	0
29	A	0	0	0	0	0	0	0
30	L	0	0	0	0	0	0	0
31	R	0	0	0	0	0	0	0
32	P	0	0	0	0	0	0	0
33	V	0	0	0	0	0	0	0
34	L	0	0	0	0	0	0	0
35	P	0	0	0	0	0	0	0
36	T	O-linked (GalNAc)	ALRPVLPTQSAHDPP	CCCCCCCCCCCCCCC	0	0	0	0
37	Q	0	0	0	0	0	0	0
38	S	0	0	0	0	0	0	0
39	A	0	0	0	0	0	0	0
40	H	0	0	0	0	0	0	0
41	D	0	0	0	0	0	0	0
42	P	0	0	0	0	0	0	0
43	P	0	0	0	0	0	0	0
44	A	0	0	0	0	0	0	0
45	V	0	0	0	0	0	0	0
46	H	0	0	0	0	0	0	0
47	L	0	0	0	0	0	0	0
48	S	N-linked Glycosylation	DPPAVHLSNGPGQEP	CCCCEECCCCCCCCC	0	0	0	0
49	N	0	0	0	0	0	0	0
50	G	0	0	0	0	0	0	0
51	P	0	0	0	0	0	0	0
52	G	0	0	0	0	0	0	0
53	Q	0	0	0	0	0	0	0
54	E	0	0	0	0	0	0	0
55	P	0	0	0	0	0	0	0
56	I	0	0	0	0	0	0	0
57	A	0	0	0	0	0	0	0
58	V	0	0	0	0	0	0	0
59	M	0	0	0	0	0	0	0
60	T	0	0	0	0	0	0	0
61	F	0	0	0	0	0	0	0
62	D	0	0	0	0	0	0	0
63	L	0	0	0	0	0	0	0
64	T	0	0	0	0	0	0	0
65	K	0	0	0	0	0	0	0
66	I	0	0	0	0	0	0	0
67	T	0	0	0	0	0	0	0
68	K	0	0	0	0	0	0	0
69	T	0	0	0	0	0	Q;L	72
70	S	0	0	0	0	0	0	0
71	S	0	0	0	0	0	0	0
72	S	Phosphoserine	KITKTSSSFEVRTWD	EEEECCCCEEEEEEC	Testosterone levels:testosterone measurement	69 (3)	0	0
73	F	0	0	0	0	0	0	0
74	E	0	0	0	0	0	0	0
75	V	0	0	0	0	0	0	0
76	R	0	0	0	0	0	0	0
77	T	0	0	0	0	0	0	0
78	W	0	0	0	0	0	0	0
79	D	0	0	0	0	0	0	0
80	P	0	0	0	0	0	0	0
81	E	0	0	0	0	0	0	0
82	G	0	0	0	0	0	0	0
83	V	0	0	0	0	0	0	0
84	I	0	0	0	0	0	0	0
85	F	0	0	0	0	0	0	0
86	Y	Phosphotyrosine	DPEGVIFYGDTNPKD	CCCCEEEECCCCCCC	0	0	0	0
87	G	0	0	0	0	0	0	0
88	D	0	0	0	0	0	0	0
89	T	0	0	0	0	0	0	0
90	N	0	0	0	0	0	0	0
91	P	0	0	0	0	0	0	0
92	K	0	0	0	0	0	0	0
93	D	0	0	0	0	0	0	0
94	D	0	0	0	0	0	0	0
95	W	0	0	0	0	0	0	0
96	F	0	0	0	0	0	0	0
97	M	0	0	0	0	0	0	0
98	L	0	0	0	0	0	0	0
99	G	0	0	0	0	0	0	0
100	L	0	0	0	0	0	0	0
101	R	0	0	0	0	0	0	0
102	D	0	0	0	0	0	0	0
103	G	0	0	0	0	0	0	0
104	R	0	0	0	0	0	0	0
105	P	0	0	0	0	0	0	0
106	E	0	0	0	0	0	0	0
107	I	0	0	0	0	0	0	0
108	Q	0	0	0	0	0	0	0
109	L	0	0	0	0	0	0	0
110	H	0	0	0	0	0	0	0
111	N	0	0	0	0	0	0	0
112	H	0	0	0	0	0	0	0
113	W	0	0	0	0	0	0	0
114	A	0	0	0	0	0	0	0
115	Q	0	0	0	0	0	0	0
116	L	0	0	0	0	0	0	0
117	T	0	0	0	0	0	0	0
118	V	0	0	0	0	0	0	0
119	G	0	0	0	0	0	0	0
120	A	N-linked Glycosylation	WAQLTVGAGPRLDDG	EEEEEECCCCCCCCC	Testosterone levels:testosterone measurement	127 (7)	0	0
121	G	0	0	0	0	0	0	0
122	P	0	0	0	0	0	0	0
123	R	0	0	0	0	0	0	0
124	L	0	0	0	0	0	0	0
125	D	0	0	0	0	0	0	0
126	D	0	0	0	0	0	0	0
127	G	0	0	0	0	0	L;Q	120
128	R	0	0	0	0	0	0	0
129	W	0	0	0	0	0	0	0
130	H	0	0	0	0	0	0	0
131	Q	0	0	0	0	0	0	0
132	V	0	0	0	0	0	0	0
133	E	0	0	0	0	0	0	0
134	V	0	0	0	0	0	0	0
135	K	0	0	0	0	0	0	0
136	M	0	0	0	0	0	0	0
137	E	0	0	0	0	0	0	0
138	G	0	0	0	0	0	0	0
139	D	0	0	0	0	0	0	0
140	S	0	0	0	0	0	0	0
141	V	0	0	0	0	0	0	0
142	L	0	0	0	0	0	0	0
143	L	0	0	0	0	0	0	0
144	E	0	0	0	0	0	0	0
145	V	0	0	0	0	0	0	0
146	D	0	0	0	0	0	0	0
147	G	0	0	0	0	0	0	0
148	E	0	0	0	0	0	0	0
149	E	0	0	0	0	0	0	0
150	V	0	0	0	0	0	0	0
151	L	0	0	0	0	0	0	0
152	R	0	0	0	0	0	0	0
153	L	0	0	0	0	0	0	0
154	R	0	0	0	0	0	0	0
155	Q	0	0	0	0	0	0	0
156	V	0	0	0	0	0	0	0
157	S	0	0	0	0	0	0	0
158	G	0	0	0	0	0	0	0
159	P	0	0	0	0	0	0	0
160	L	0	0	0	0	0	0	0
161	T	Phosphothreonine	RQVSGPLTSKRHPIM	EEECCCCCCCCCCCC	0	0	0	0
162	S	Phosphoserine	QVSGPLTSKRHPIMR	EECCCCCCCCCCCCH	0	0	0	0
163	K	0	0	0	0	0	0	0
164	R	0	0	0	0	0	0	0
165	H	0	0	0	0	0	0	0
166	P	0	0	0	0	0	0	0
167	I	0	0	0	0	0	0	0
168	M	0	0	0	0	0	0	0
169	R	0	0	0	0	0	0	0
170	I	0	0	0	0	0	0	0
171	A	0	0	0	0	0	0	0
172	L	0	0	0	0	0	0	0
173	G	0	0	0	0	0	0	0
174	G	0	0	0	0	0	0	0
175	L	0	0	0	0	0	0	0
176	L	0	0	0	0	0	0	0
177	F	0	0	0	0	0	0	0
178	P	0	0	0	0	0	0	0
179	A	0	0	0	0	0	0	0
180	S	0	0	0	0	0	0	0
181	N	0	0	0	0	0	0	0
182	L	0	0	0	0	0	0	0
183	R	0	0	0	0	0	0	0
184	L	0	0	0	0	0	0	0
185	P	0	0	0	0	0	0	0
186	L	0	0	0	0	0	0	0
187	V	0	0	0	0	0	0	0
188	P	0	0	0	0	0	0	0
189	A	0	0	0	0	0	0	0
190	L	0	0	0	0	0	0	0
191	D	0	0	0	0	0	0	0
192	G	0	0	0	0	0	0	0
193	C	0	0	0	0	0	0	0
194	L	0	0	0	0	0	0	0
195	R	0	0	0	0	0	0	0
196	R	0	0	0	0	0	0	0
197	D	0	0	0	0	0	0	0
198	S	0	0	0	0	0	0	0
199	W	0	0	0	0	0	0	0
200	L	0	0	0	0	0	0	0
201	D	0	0	0	0	0	0	0
202	K	0	0	0	0	0	0	0
203	Q	0	0	0	0	0	0	0
204	A	0	0	0	0	0	0	0
205	E	0	0	0	0	0	0	0
206	I	0	0	0	0	0	0	0
207	S	0	0	0	0	0	0	0
208	A	0	0	0	0	0	0	0
209	S	0	0	0	0	0	0	0
210	A	0	0	0	0	0	0	0
211	P	0	0	0	0	0	0	0
212	T	0	0	0	0	0	0	0
213	S	0	0	0	0	0	0	0
214	L	0	0	0	0	0	0	0
215	R	0	0	0	0	0	0	0
216	S	0	0	0	0	0	0	0
217	C	0	0	0	0	0	0	0
218	D	0	0	0	0	0	0	0
219	V	0	0	0	0	0	0	0
220	E	0	0	0	0	0	0	0
221	S	0	0	0	0	0	0	0
222	N	0	0	0	0	0	0	0
223	P	0	0	0	0	0	0	0
224	G	0	0	0	0	0	0	0
225	I	0	0	0	0	0	0	0
226	F	0	0	0	0	0	0	0
227	L	0	0	0	0	0	0	0
228	P	0	0	0	0	0	0	0
229	P	0	0	0	0	0	0	0
230	G	0	0	0	0	0	0	0
231	T	0	0	0	0	0	0	0
232	Q	0	0	0	0	0	0	0
233	A	0	0	0	0	0	0	0
234	E	0	0	0	0	0	0	0
235	F	0	0	0	0	0	0	0
236	N	0	0	0	0	0	0	0
237	L	0	0	0	0	0	0	0
238	R	0	0	0	0	0	0	0
239	D	0	0	0	0	0	0	0
240	I	0	0	0	0	0	0	0
241	P	0	0	0	0	0	0	0
242	Q	0	0	0	0	0	0	0
243	P	0	0	0	0	0	0	0
244	H	0	0	0	0	0	0	0
245	A	0	0	0	0	0	0	0
246	E	0	0	0	0	0	0	0
247	P	0	0	0	0	0	0	0
248	W	0	0	0	0	0	0	0
249	A	0	0	0	0	0	0	0
250	F	0	0	0	0	0	0	0
251	S	0	0	0	0	0	0	0
252	L	0	0	0	0	0	0	0
253	D	0	0	0	0	0	0	0
254	L	0	0	0	0	0	0	0
255	G	0	0	0	0	0	0	0
256	L	0	0	0	0	0	0	0
257	K	0	0	0	0	0	0	0
258	Q	0	0	0	0	0	0	0
259	A	0	0	0	0	0	0	0
260	A	0	0	0	0	0	0	0
261	G	0	0	0	0	0	0	0
262	S	0	0	0	0	0	0	0
263	G	0	0	0	0	0	0	0
264	H	0	0	0	0	0	0	0
265	L	0	0	0	0	0	0	0
266	L	0	0	0	0	0	0	0
267	A	0	0	0	0	0	0	0
268	L	0	0	0	0	0	0	0
269	G	0	0	0	0	0	0	0
270	T	0	0	0	0	0	0	0
271	P	0	0	0	0	0	0	0
272	E	0	0	0	0	0	0	0
273	N	0	0	0	0	0	0	0
274	P	0	0	0	0	0	0	0
275	S	0	0	0	0	0	0	0
276	W	0	0	0	0	0	0	0
277	L	0	0	0	0	0	0	0
278	S	0	0	0	0	0	0	0
279	L	0	0	0	0	0	0	0
280	H	0	0	0	0	0	0	0
281	L	0	0	0	0	0	0	0
282	Q	0	0	0	0	0	0	0
283	D	0	0	0	0	0	0	0
284	Q	0	0	0	0	0	0	0
285	K	0	0	0	0	0	0	0
286	V	0	0	0	0	0	0	0
287	V	0	0	0	0	0	0	0
288	L	0	0	0	0	0	0	0
289	S	0	0	0	0	0	0	0
290	S	0	0	0	0	0	0	0
291	G	0	0	0	0	0	0	0
292	S	0	0	0	0	0	0	0
293	G	0	0	0	0	0	0	0
294	P	0	0	0	0	0	0	0
295	G	0	0	0	0	0	0	0
296	L	0	0	0	0	0	0	0
297	D	0	0	0	0	0	0	0
298	L	0	0	0	0	0	0	0
299	P	0	0	0	0	0	0	0
300	L	0	0	0	0	0	0	0
301	V	0	0	0	0	0	0	0
302	L	0	0	0	0	0	0	0
303	G	0	0	0	0	0	0	0
304	L	0	0	0	0	0	0	0
305	P	0	0	0	0	0	0	0
306	L	0	0	0	0	0	0	0
307	Q	0	0	0	0	0	0	0
308	L	0	0	0	0	0	0	0
309	K	0	0	0	0	0	0	0
310	L	0	0	0	0	0	0	0
311	S	0	0	0	0	0	0	0
312	M	0	0	0	0	0	0	0
313	S	0	0	0	0	0	0	0
314	R	0	0	0	0	0	0	0
315	V	0	0	0	0	0	0	0
316	V	0	0	0	0	0	0	0
317	L	0	0	0	0	0	0	0
318	S	0	0	0	0	0	0	0
319	Q	0	0	0	0	0	0	0
320	G	0	0	0	0	0	0	0
321	S	0	0	0	0	0	0	0
322	K	0	0	0	0	0	0	0
323	M	0	0	0	0	0	0	0
324	K	0	0	0	0	0	0	0
325	A	0	0	0	0	0	0	0
326	L	0	0	0	0	0	0	0
327	A	0	0	0	0	0	0	0
328	L	0	0	0	0	0	0	0
329	P	0	0	0	0	0	0	0
330	P	0	0	0	0	0	0	0
331	L	0	0	0	0	0	0	0
332	G	0	0	0	0	0	0	0
333	L	0	0	0	0	0	0	0
334	A	0	0	0	0	0	0	0
335	P	0	0	0	0	0	0	0
336	L	0	0	0	0	0	0	0
337	L	0	0	0	0	0	0	0
338	N	0	0	0	0	0	0	0
339	L	0	0	0	0	0	0	0
340	W	0	0	0	0	0	0	0
341	A	0	0	0	0	0	0	0
342	K	0	0	0	0	0	0	0
343	P	0	0	0	0	0	0	0
344	Q	0	0	0	0	0	0	0
345	G	0	0	0	0	0	0	0
346	R	0	0	0	0	0	0	0
347	L	0	0	0	0	0	0	0
348	F	0	0	0	0	0	0	0
349	L	0	0	0	0	0	0	0
350	G	0	0	0	0	0	0	0
351	A	0	0	0	0	0	0	0
352	L	0	0	0	0	0	0	0
353	P	0	0	0	0	0	0	0
354	G	0	0	0	0	0	0	0
355	E	0	0	0	0	0	0	0
356	D	0	0	0	0	0	0	0
357	S	0	0	0	0	0	0	0
358	S	0	0	0	0	0	0	0
359	T	0	0	0	0	0	0	0
360	S	0	0	0	0	0	0	0
361	F	0	0	0	0	0	0	0
362	C	0	0	0	0	0	0	0
363	L	0	0	0	0	0	0	0
364	N	0	0	0	0	0	0	0
365	G	0	0	0	0	0	0	0
366	L	0	0	0	0	0	0	0
367	W	0	0	0	0	0	0	0
368	A	0	0	0	0	0	0	0
369	Q	0	0	0	0	0	0	0
370	G	0	0	0	0	0	0	0
371	Q	0	0	0	0	0	0	0
372	R	0	0	0	0	0	0	0
373	L	0	0	0	0	0	0	0
374	D	0	0	0	0	0	0	0
375	V	0	0	0	0	0	0	0
376	D	0	0	0	0	0	0	0
377	Q	0	0	0	0	0	0	0
378	A	0	0	0	0	0	0	0
379	L	0	0	0	0	0	0	0
380	N	N-linked Glycosylation	LDVDQALNRSHEIWT	CCHHHHHHCCCCCEE	0	0	0	0
381	R	0	0	0	0	0	0	0
382	S	0	0	0	0	0	0	0
383	H	0	0	0	0	0	0	0
384	E	0	0	0	0	0	0	0
385	I	0	0	0	0	0	0	0
386	W	0	0	0	0	0	0	0
387	T	0	0	0	0	0	0	0
388	H	0	0	0	0	0	0	0
389	S	0	0	0	0	0	0	0
390	C	0	0	0	0	0	0	0
391	P	0	0	0	0	0	0	0
392	Q	0	0	0	0	0	0	0
393	S	0	0	0	0	0	0	0
394	P	0	0	0	0	0	0	0
395	G	0	0	0	0	0	0	0
396	N	N-linked (GlcNAc)	SCPQSPGNGTDASH-	CCCCCCCCCCCCCC-	0	0	0	0
397	G	0	0	0	0	0	0	0
398	T	0	0	0	0	0	0	0
399	D	0	0	0	0	0	0	0
400	A	0	0	0	0	0	0	0
401	S	0	0	0	0	0	0	0
402	H	0	0	0	0	0	0	0
