location	residue	Modification	seq	secStruc	RelatedDisease	VariantPosition	ResidueChange	DaPSbySAP
1	M	0	0	0	0	0	0	0
2	L	0	0	0	0	0	0	0
3	P	0	0	0	0	0	0	0
4	L	0	0	0	0	0	0	0
5	L	0	0	0	0	0	0	0
6	L	0	0	0	0	0	0	0
7	L	0	0	0	0	0	0	0
8	P	0	0	0	0	0	0	0
9	L	0	0	0	0	0	0	0
10	L	0	0	0	0	0	0	0
11	W	0	0	0	0	0	0	0
12	G	0	0	0	0	0	0	0
13	G	0	0	0	0	0	0	0
14	S	0	0	0	0	0	0	0
15	L	0	0	0	0	0	0	0
16	Q	0	0	0	0	0	0	0
17	E	0	0	0	0	0	0	0
18	K	0	0	0	0	0	0	0
19	P	0	0	0	0	0	0	0
20	V	0	0	0	0	0	0	0
21	Y	0	0	0	0	0	0	0
22	E	0	0	0	0	0	0	0
23	L	0	0	0	0	0	0	0
24	Q	0	0	0	0	0	0	0
25	V	0	0	0	0	0	0	0
26	Q	0	0	0	0	0	0	0
27	K	0	0	0	0	0	0	0
28	S	0	0	0	0	0	0	0
29	V	0	0	0	0	0	0	0
30	T	0	0	0	0	0	0	0
31	V	0	0	0	0	0	0	0
32	Q	0	0	0	0	0	0	0
33	E	0	0	0	0	0	0	0
34	G	0	0	0	0	0	0	0
35	L	0	0	0	0	0	0	0
36	C	0	0	0	0	0	0	0
37	V	0	0	0	0	0	0	0
38	L	0	0	0	0	0	0	0
39	V	0	0	0	0	0	0	0
40	P	0	0	0	0	0	0	0
41	C	0	0	0	0	0	0	0
42	S	0	0	0	0	0	0	0
43	F	0	0	0	0	0	0	0
44	S	0	0	0	0	0	0	0
45	Y	0	0	0	0	0	0	0
46	P	0	0	0	0	0	0	0
47	W	0	0	0	0	0	0	0
48	R	0	0	0	0	0	0	0
49	S	0	0	0	0	0	0	0
50	W	0	0	0	0	0	0	0
51	Y	0	0	0	0	0	0	0
52	S	0	0	0	0	0	0	0
53	S	0	0	0	0	0	0	0
54	P	0	0	0	0	0	0	0
55	P	0	0	0	0	0	0	0
56	L	0	0	0	0	0	0	0
57	Y	0	0	0	0	0	0	0
58	V	0	0	0	0	0	0	0
59	Y	0	0	0	0	0	0	0
60	W	0	0	0	0	0	0	0
61	F	0	0	0	0	0	0	0
62	R	0	0	0	0	0	0	0
63	D	0	0	0	0	0	0	0
64	G	0	0	0	0	0	0	0
65	E	0	0	0	0	0	0	0
66	I	0	0	0	0	0	0	0
67	P	0	0	0	0	0	0	0
68	Y	0	0	0	0	0	0	0
69	Y	0	0	0	0	0	0	0
70	A	0	0	0	0	0	0	0
71	E	0	0	0	0	0	0	0
72	V	0	0	0	0	0	0	0
73	V	0	0	0	0	0	0	0
74	A	0	0	0	0	0	0	0
75	T	0	0	0	0	0	0	0
76	N	0	0	0	0	0	0	0
77	N	0	0	0	0	0	0	0
78	P	0	0	0	0	0	0	0
79	D	0	0	0	0	0	0	0
80	R	0	0	0	0	0	0	0
81	R	0	0	0	0	0	0	0
82	V	0	0	0	0	0	0	0
83	K	0	0	0	0	0	0	0
84	P	0	0	0	0	0	0	0
85	E	0	0	0	0	0	0	0
86	T	0	0	0	0	0	0	0
87	Q	0	0	0	0	0	0	0
88	G	0	0	0	0	0	0	0
89	R	0	0	0	0	0	0	0
90	F	0	0	0	0	0	0	0
91	R	0	0	0	0	0	0	0
92	L	0	0	0	0	0	0	0
93	L	0	0	0	0	0	0	0
94	G	0	0	0	0	0	0	0
95	D	0	0	0	0	0	0	0
96	V	0	0	0	0	0	0	0
97	Q	0	0	0	0	0	0	0
98	K	0	0	0	0	0	0	0
99	K	0	0	0	0	0	0	0
100	N	0	0	0	0	0	0	0
101	C	0	0	0	0	0	0	0
102	S	0	0	0	0	0	0	0
103	L	0	0	0	0	0	0	0
104	S	0	0	0	0	0	0	0
105	I	0	0	0	0	0	0	0
106	G	0	0	0	0	0	0	0
107	D	0	0	0	0	0	0	0
108	A	0	0	0	0	0	0	0
109	R	0	0	0	0	0	0	0
110	M	0	0	0	0	0	0	0
111	E	0	0	0	0	0	0	0
112	D	0	0	0	0	0	0	0
113	T	0	0	0	0	0	0	0
114	G	0	0	0	0	0	0	0
115	S	0	0	0	0	0	0	0
116	Y	0	0	0	0	0	0	0
117	F	0	0	0	0	0	0	0
118	F	0	0	0	0	0	0	0
119	R	0	0	0	0	0	0	0
120	V	0	0	0	0	0	0	0
121	E	0	0	0	0	0	0	0
122	R	0	0	0	0	0	0	0
123	G	0	0	0	0	0	0	0
124	R	0	0	0	0	0	0	0
125	D	0	0	0	0	0	0	0
126	V	0	0	0	0	0	0	0
127	K	0	0	0	0	0	0	0
128	Y	0	0	0	0	0	0	0
129	S	0	0	0	0	0	0	0
130	Y	0	0	0	0	0	0	0
131	Q	0	0	0	0	0	0	0
132	Q	0	0	0	0	0	0	0
133	N	0	0	0	0	0	0	0
134	K	0	0	0	0	0	0	0
135	L	0	0	0	0	0	0	0
136	N	0	0	0	0	0	0	0
137	L	0	0	0	0	0	0	0
138	E	0	0	0	0	0	0	0
139	V	0	0	0	0	0	0	0
140	T	0	0	0	0	0	0	0
141	A	0	0	0	0	0	0	0
142	L	0	0	0	0	0	0	0
143	I	0	0	0	0	0	0	0
144	E	0	0	0	0	0	0	0
145	K	0	0	0	0	0	0	0
146	P	0	0	0	0	0	0	0
147	D	0	0	0	0	0	0	0
148	I	0	0	0	0	0	0	0
149	H	0	0	0	0	0	0	0
150	F	0	0	0	0	0	0	0
151	L	0	0	0	0	0	0	0
152	E	0	0	0	0	0	0	0
153	P	0	0	0	0	0	0	0
154	L	0	0	0	0	0	0	0
155	E	0	0	0	0	0	0	0
156	S	0	0	0	0	0	0	0
157	G	0	0	0	0	0	0	0
158	R	0	0	0	0	0	0	0
159	P	0	0	0	0	0	0	0
160	T	0	0	0	0	0	0	0
161	R	0	0	0	0	0	0	0
162	L	0	0	0	0	0	0	0
163	S	0	0	0	0	0	0	0
164	C	0	0	0	0	0	0	0
165	S	0	0	0	0	0	0	0
166	L	0	0	0	0	0	0	0
167	P	0	0	0	0	0	0	0
168	G	0	0	0	0	0	0	0
169	S	0	0	0	0	0	0	0
170	C	0	0	0	0	0	0	0
171	E	0	0	0	0	0	0	0
172	A	0	0	0	0	0	0	0
173	G	0	0	0	0	0	0	0
174	P	0	0	0	0	0	0	0
175	P	0	0	0	0	0	0	0
176	L	0	0	0	0	0	0	0
177	T	0	0	0	0	0	0	0
178	F	0	0	0	0	0	0	0
179	S	0	0	0	0	0	0	0
180	W	0	0	0	0	0	0	0
181	T	0	0	0	0	0	0	0
182	G	0	0	0	0	0	0	0
183	N	0	0	0	0	0	0	0
184	A	0	0	0	0	0	0	0
185	L	0	0	0	0	0	0	0
186	S	0	0	0	0	0	0	0
187	P	0	0	0	0	0	0	0
188	L	0	0	0	0	0	0	0
189	D	0	0	0	0	0	0	0
190	P	0	0	0	0	0	0	0
191	E	0	0	0	0	0	0	0
192	T	0	0	0	0	0	0	0
193	T	0	0	0	0	0	0	0
194	R	0	0	0	0	0	0	0
195	S	0	0	0	0	0	0	0
196	S	0	0	0	0	0	0	0
197	E	0	0	0	0	0	0	0
198	L	0	0	0	0	0	0	0
199	T	0	0	0	0	0	0	0
200	L	0	0	0	0	0	0	0
201	T	0	0	0	0	0	0	0
202	P	0	0	0	0	0	0	0
203	R	0	0	0	0	0	0	0
204	P	0	0	0	0	0	0	0
205	E	0	0	0	0	0	0	0
206	D	0	0	0	0	0	0	0
207	H	0	0	0	0	0	0	0
208	G	0	0	0	0	0	0	0
209	T	0	0	0	0	0	0	0
210	N	0	0	0	0	0	0	0
211	L	0	0	0	0	0	0	0
212	T	0	0	0	0	0	0	0
213	C	0	0	0	0	0	0	0
214	Q	0	0	0	0	0	0	0
215	M	0	0	0	0	0	0	0
216	K	0	0	0	0	0	0	0
217	R	0	0	0	0	0	0	0
218	Q	0	0	0	0	0	0	0
219	G	0	0	0	0	0	0	0
220	A	0	0	0	0	0	0	0
221	Q	0	0	0	0	0	0	0
222	V	0	0	0	0	0	0	0
223	T	0	0	0	0	0	0	0
224	T	0	0	0	0	0	0	0
225	E	0	0	0	0	0	0	0
226	R	0	0	0	0	0	0	0
227	T	0	0	0	0	0	0	0
228	V	0	0	0	0	0	0	0
229	Q	0	0	0	0	0	0	0
230	L	0	0	0	0	0	0	0
231	N	0	0	0	0	0	0	0
232	V	0	0	0	0	0	0	0
233	S	0	0	0	0	0	0	0
234	Y	0	0	0	0	0	0	0
235	A	0	0	0	0	0	0	0
236	P	0	0	0	0	0	0	0
237	Q	0	0	0	0	0	0	0
238	T	0	0	0	0	0	0	0
239	I	0	0	0	0	0	0	0
240	T	0	0	0	0	0	0	0
241	I	0	0	0	0	0	0	0
242	F	0	0	0	0	0	0	0
243	R	0	0	0	0	0	0	0
244	N	0	0	0	0	0	0	0
245	G	0	0	0	0	0	0	0
246	I	0	0	0	0	0	0	0
247	A	0	0	0	0	0	0	0
248	L	0	0	0	0	0	0	0
249	E	0	0	0	0	0	0	0
250	I	0	0	0	0	0	0	0
251	L	0	0	0	0	0	0	0
252	Q	0	0	0	0	0	0	0
253	N	0	0	0	0	0	0	0
254	T	0	0	0	0	0	0	0
255	S	0	0	0	0	0	0	0
256	Y	0	0	0	0	0	0	0
257	L	0	0	0	0	0	0	0
258	P	0	0	0	0	0	0	0
259	V	0	0	0	0	0	0	0
260	L	0	0	0	0	0	0	0
261	E	0	0	0	0	0	0	0
262	G	0	0	0	0	0	0	0
263	Q	0	0	0	0	0	0	0
264	A	0	0	0	0	0	0	0
265	L	0	0	0	0	0	0	0
266	R	0	0	0	0	0	0	0
267	L	0	0	0	0	0	0	0
268	L	0	0	0	0	0	0	0
269	C	0	0	0	0	0	0	0
270	D	0	0	0	0	0	0	0
271	A	0	0	0	0	0	0	0
272	P	0	0	0	0	0	0	0
273	S	0	0	0	0	0	0	0
274	N	0	0	0	0	0	0	0
275	P	0	0	0	0	0	0	0
276	P	0	0	0	0	0	0	0
277	A	0	0	0	0	0	0	0
278	H	0	0	0	0	0	0	0
279	L	0	0	0	0	0	0	0
280	S	0	0	0	0	0	0	0
281	W	0	0	0	0	0	0	0
282	F	0	0	0	0	0	0	0
283	Q	0	0	0	0	0	0	0
284	G	0	0	0	0	0	0	0
285	S	0	0	0	0	0	0	0
286	P	0	0	0	0	0	0	0
287	A	0	0	0	0	0	0	0
288	L	0	0	0	0	0	0	0
289	N	0	0	0	0	0	0	0
290	A	0	0	0	0	0	0	0
291	T	0	0	0	0	0	0	0
292	P	0	0	0	0	0	0	0
293	I	0	0	0	0	0	0	0
294	S	0	0	0	0	0	0	0
295	N	0	0	0	0	0	0	0
296	T	0	0	0	0	0	0	0
297	G	0	0	0	0	0	0	0
298	I	0	0	0	0	0	0	0
299	L	0	0	0	0	0	0	0
300	E	0	0	0	0	0	0	0
301	L	0	0	0	0	0	0	0
302	R	0	0	0	0	0	0	0
303	R	0	0	0	0	0	0	0
304	V	0	0	0	0	0	0	0
305	R	0	0	0	0	0	0	0
306	S	0	0	0	0	0	0	0
307	A	0	0	0	0	0	0	0
308	E	0	0	0	0	0	0	0
309	E	0	0	0	0	0	0	0
310	G	0	0	0	0	0	0	0
311	G	0	0	0	0	0	0	0
312	F	0	0	0	0	0	0	0
313	T	0	0	0	0	0	0	0
314	C	0	0	0	0	0	0	0
315	R	0	0	0	0	0	0	0
316	A	0	0	0	0	0	0	0
317	Q	0	0	0	0	0	0	0
318	H	0	0	0	0	0	0	0
319	P	0	0	0	0	0	0	0
320	L	0	0	0	0	0	0	0
321	G	0	0	0	0	0	0	0
322	F	0	0	0	0	0	0	0
323	L	0	0	0	0	0	0	0
324	Q	0	0	0	0	0	0	0
325	I	0	0	0	0	0	0	0
326	F	0	0	0	0	0	0	0
327	L	0	0	0	0	0	0	0
328	N	0	0	0	0	0	0	0
329	L	0	0	0	0	0	0	0
330	S	0	0	0	0	0	0	0
331	V	0	0	0	0	0	0	0
332	Y	0	0	0	0	0	0	0
333	S	0	0	0	0	0	0	0
334	L	0	0	0	0	0	0	0
335	P	0	0	0	0	0	0	0
336	Q	0	0	0	0	0	0	0
337	L	0	0	0	0	0	0	0
338	L	0	0	0	0	0	0	0
339	G	0	0	0	0	0	0	0
340	P	0	0	0	0	0	0	0
341	S	0	0	0	0	0	0	0
342	C	0	0	0	0	0	0	0
343	S	0	0	0	0	0	0	0
344	W	0	0	0	0	0	0	0
345	E	0	0	0	0	0	0	0
346	A	0	0	0	0	0	0	0
347	E	0	0	0	0	0	0	0
348	G	0	0	0	0	0	0	0
349	L	0	0	0	0	0	0	0
350	H	0	0	0	0	0	0	0
351	C	0	0	0	0	0	0	0
352	R	0	0	0	0	0	0	0
353	C	0	0	0	0	0	0	0
354	S	0	0	0	0	0	0	0
355	F	0	0	0	0	0	0	0
356	R	0	0	0	0	0	0	0
357	A	0	0	0	0	0	0	0
358	R	0	0	0	0	0	0	0
359	P	0	0	0	0	0	0	0
360	A	0	0	0	0	0	0	0
361	P	0	0	0	0	0	0	0
362	S	0	0	0	0	0	0	0
363	L	0	0	0	0	0	0	0
364	C	0	0	0	0	0	0	0
365	W	0	0	0	0	0	0	0
366	R	0	0	0	0	0	0	0
367	L	0	0	0	0	0	0	0
368	E	0	0	0	0	0	0	0
369	E	0	0	0	0	0	0	0
370	K	0	0	0	0	0	0	0
371	P	0	0	0	0	0	0	0
372	L	0	0	0	0	0	0	0
373	E	0	0	0	0	0	0	0
374	G	0	0	0	0	0	0	0
375	N	0	0	0	0	0	0	0
376	S	0	0	0	0	0	0	0
377	S	0	0	0	0	0	0	0
378	Q	0	0	0	0	0	0	0
379	G	0	0	0	0	0	0	0
380	S	0	0	0	0	0	0	0
381	F	0	0	0	0	0	0	0
382	K	0	0	0	0	0	0	0
383	V	0	0	0	0	0	0	0
384	N	0	0	0	0	0	0	0
385	S	0	0	0	0	0	0	0
386	S	0	0	0	0	0	0	0
387	S	0	0	0	0	0	0	0
388	A	0	0	0	0	0	0	0
389	G	0	0	0	0	0	0	0
390	P	0	0	0	0	0	0	0
391	W	0	0	0	0	0	0	0
392	A	0	0	0	0	0	0	0
393	N	0	0	0	0	0	0	0
394	S	0	0	0	0	0	0	0
395	S	0	0	0	0	0	0	0
396	L	0	0	0	0	0	0	0
397	I	0	0	0	0	0	0	0
398	L	0	0	0	0	0	0	0
399	H	0	0	0	0	0	0	0
400	G	0	0	0	0	0	0	0
401	G	0	0	0	0	0	0	0
402	L	0	0	0	0	0	0	0
403	S	0	0	0	0	0	0	0
404	S	0	0	0	0	0	0	0
405	D	0	0	0	0	0	0	0
406	L	0	0	0	0	0	0	0
407	K	0	0	0	0	0	0	0
408	V	0	0	0	0	0	0	0
409	S	0	0	0	0	0	0	0
410	C	0	0	0	0	0	0	0
411	K	0	0	0	0	0	0	0
412	A	0	0	0	0	0	0	0
413	W	0	0	0	0	0	0	0
414	N	0	0	0	0	0	0	0
415	I	0	0	0	0	0	0	0
416	Y	0	0	0	0	0	0	0
417	G	0	0	0	0	0	0	0
418	S	0	0	0	0	0	0	0
419	Q	0	0	0	0	0	0	0
420	S	0	0	0	0	0	0	0
421	G	0	0	0	0	0	0	0
422	S	0	0	0	0	0	0	0
423	V	0	0	0	0	0	0	0
424	L	0	0	0	0	0	0	0
425	L	0	0	0	0	0	0	0
426	L	0	0	0	0	0	0	0
427	Q	0	0	0	0	0	0	0
428	G	0	0	0	0	0	0	0
429	R	0	0	0	0	0	0	0
430	S	0	0	0	0	0	0	0
431	N	0	0	0	0	0	0	0
432	L	0	0	0	0	0	0	0
433	G	0	0	0	0	0	0	0
434	T	0	0	0	0	0	0	0
435	G	0	0	0	0	0	0	0
436	V	0	0	0	0	0	0	0
437	V	0	0	0	0	0	0	0
438	P	0	0	0	0	0	0	0
439	A	0	0	0	0	0	0	0
440	A	0	0	0	0	0	0	0
441	L	0	0	0	0	0	0	0
442	G	0	0	0	0	0	0	0
443	G	0	0	0	0	0	0	0
444	A	0	0	0	0	0	0	0
445	G	0	0	0	0	0	0	0
446	V	0	0	0	0	0	0	0
447	M	0	0	0	0	0	0	0
448	A	0	0	0	0	0	0	0
449	L	0	0	0	0	0	0	0
450	L	0	0	0	0	0	0	0
451	C	0	0	0	0	0	0	0
452	I	0	0	0	0	0	0	0
453	C	0	0	0	0	0	0	0
454	L	0	0	0	0	0	0	0
455	C	0	0	0	0	0	0	0
456	L	0	0	0	0	0	0	0
457	I	0	0	0	0	0	0	0
458	F	0	0	0	0	0	0	0
459	F	0	0	0	0	0	0	0
460	L	0	0	0	0	0	0	0
461	I	0	0	0	0	0	0	0
462	V	0	0	0	0	0	0	0
463	K	0	0	0	0	0	0	0
464	A	0	0	0	0	0	0	0
465	R	0	0	0	0	0	0	0
466	R	0	0	0	0	0	0	0
467	K	0	0	0	0	0	0	0
468	Q	0	0	0	0	0	0	0
469	A	0	0	0	0	0	0	0
470	A	0	0	0	0	0	0	0
471	G	0	0	0	0	0	0	0
472	R	0	0	0	0	0	0	0
473	P	0	0	0	0	0	0	0
474	E	0	0	0	0	0	0	0
475	K	0	0	0	0	0	0	0
476	M	0	0	0	0	0	0	0
477	D	0	0	0	0	0	0	0
478	D	0	0	0	0	0	0	0
479	E	0	0	0	0	0	0	0
480	D	0	0	0	0	0	0	0
481	P	0	0	0	0	0	0	0
482	I	0	0	0	0	0	0	0
483	M	0	0	0	0	0	0	0
484	G	0	0	0	0	0	0	0
485	T	Phosphothreonine	DEDPIMGTITSGSRK	CCCCCCCEECCCCCC	0	0	0	0
486	I	0	0	0	0	0	0	0
487	T	Phosphothreonine	DPIMGTITSGSRKKP	CCCCCEECCCCCCCC	0	0	0	0
488	S	Phosphoserine	PIMGTITSGSRKKPW	CCCCEECCCCCCCCC	0	0	0	0
489	G	0	0	0	0	0	0	0
490	S	Phosphoserine	MGTITSGSRKKPWPD	CCEECCCCCCCCCCC	Cerebrospinal fluid biomarker levels:cerebrospinal fluid biomarker measurement	499 (9)	0	0
491	R	0	0	0	0	0	0	0
492	K	0	0	0	0	0	0	0
493	K	0	0	0	0	0	0	0
494	P	0	0	0	0	0	0	0
495	W	0	0	0	0	0	0	0
496	P	0	0	0	0	0	0	0
497	D	0	0	0	0	0	0	0
498	S	0	0	0	0	0	0	0
499	P	0	0	0	0	0	T;A;S	490
500	G	0	0	0	0	0	0	0
501	D	0	0	0	0	0	0	0
502	Q	0	0	0	0	0	0	0
503	A	0	0	0	0	0	0	0
504	S	0	0	0	0	0	0	0
505	P	0	0	0	0	0	0	0
506	P	0	0	0	0	0	0	0
507	G	0	0	0	0	0	0	0
508	D	0	0	0	0	0	0	0
509	A	0	0	0	0	0	0	0
510	P	0	0	0	0	0	0	0
511	P	0	0	0	0	0	0	0
512	L	0	0	0	0	0	0	0
513	E	0	0	0	0	0	0	0
514	E	0	0	0	0	0	0	0
515	Q	0	0	0	0	0	0	0
516	K	0	0	0	0	0	0	0
517	E	0	0	0	0	0	0	0
518	L	0	0	0	0	0	0	0
519	H	0	0	0	0	0	0	0
520	Y	Phosphotyrosine	EEQKELHYASLSFSE	HHHHHHHEEEECHHH	0	0	0	0
521	A	0	0	0	0	0	0	0
522	S	0	0	0	0	0	0	0
523	L	0	0	0	0	0	0	0
524	S	0	0	0	0	0	0	0
525	F	0	0	0	0	0	0	0
526	S	0	0	0	0	0	0	0
527	E	0	0	0	0	0	0	0
528	M	0	0	0	0	0	0	0
529	K	0	0	0	0	0	0	0
530	S	0	0	0	0	0	0	0
531	R	0	0	0	0	0	0	0
532	E	0	0	0	0	0	0	0
533	P	0	0	0	0	0	0	0
534	K	0	0	0	0	0	0	0
535	D	0	0	0	0	0	0	0
536	Q	0	0	0	0	0	0	0
537	E	0	0	0	0	0	0	0
538	A	0	0	0	0	0	0	0
539	P	0	0	0	0	0	0	0
540	S	0	0	0	0	0	0	0
541	T	0	0	0	0	0	0	0
542	T	0	0	0	0	0	0	0
543	E	0	0	0	0	0	0	0
544	Y	Phosphotyrosine	EAPSTTEYSEIKTSK	CCCCCCCHHHHCCCC	0	0	0	0
545	S	Phosphoserine	APSTTEYSEIKTSK-	CCCCCCHHHHCCCC-	0	0	0	0
546	E	0	0	0	0	0	0	0
547	I	0	0	0	0	0	0	0
548	K	0	0	0	0	0	0	0
549	T	0	0	0	0	0	0	0
550	S	0	0	0	0	0	0	0
551	K	0	0	0	0	0	0	0
