location	residue	Modification	seq	secStruc	RelatedDisease	VariantPosition	ResidueChange	DaPSbySAP
1	M	0	0	0	0	0	0	0
2	L	0	0	0	0	0	0	0
3	T	0	0	0	0	0	0	0
4	L	0	0	0	0	0	0	0
5	T	Phosphothreonine	---MLTLTRIRTVSY	---CCEEEEEEEEEH	0	0	0	0
6	R	0	0	0	0	0	0	0
7	I	0	0	0	0	0	0	0
8	R	0	0	0	0	0	0	0
9	T	0	0	0	0	0	0	0
10	V	0	0	0	0	0	0	0
11	S	0	0	0	0	0	0	0
12	Y	0	0	0	0	0	0	0
13	E	0	0	0	0	0	0	0
14	V	0	0	0	0	0	0	0
15	R	0	0	0	0	0	0	0
16	S	0	0	0	0	0	0	0
17	T	0	0	0	0	0	0	0
18	F	0	0	0	0	0	0	0
19	L	0	0	0	0	0	0	0
20	F	0	0	0	0	0	0	0
21	I	0	0	0	0	0	0	0
22	S	0	0	0	0	0	0	0
23	V	0	0	0	0	0	0	0
24	L	0	0	0	0	0	0	0
25	E	0	0	0	0	0	0	0
26	F	0	0	0	0	0	0	0
27	A	0	0	0	0	0	0	0
28	V	0	0	0	0	0	0	0
29	G	0	0	0	0	0	0	0
30	F	0	0	0	0	0	0	0
31	L	0	0	0	0	0	0	0
32	T	0	0	0	0	0	0	0
33	N	0	0	0	0	0	0	0
34	A	0	0	0	0	0	0	0
35	F	0	0	0	0	0	0	0
36	V	0	0	0	0	0	0	0
37	F	0	0	0	0	0	0	0
38	L	0	0	0	0	0	0	0
39	V	0	0	0	0	0	0	0
40	N	0	0	0	0	0	0	0
41	F	0	0	0	0	0	0	0
42	W	0	0	0	0	0	0	0
43	D	0	0	0	0	0	0	0
44	V	0	0	0	0	0	0	0
45	V	0	0	0	0	0	0	0
46	K	0	0	0	0	0	0	0
47	R	0	0	0	0	0	0	0
48	Q	0	0	0	0	0	0	0
49	A	0	0	0	0	0	0	0
50	L	0	0	0	0	0	0	0
51	S	0	0	0	0	0	0	0
52	N	0	0	0	0	0	0	0
53	S	0	0	0	0	0	0	0
54	D	0	0	0	0	0	0	0
55	C	0	0	0	0	0	0	0
56	V	0	0	0	0	0	0	0
57	L	0	0	0	0	0	0	0
58	L	0	0	0	0	0	0	0
59	C	0	0	0	0	0	0	0
60	L	0	0	0	0	0	0	0
61	S	0	0	0	0	0	0	0
62	I	0	0	0	0	0	0	0
63	S	0	0	0	0	0	0	0
64	R	0	0	0	0	0	0	0
65	L	0	0	0	0	0	0	0
66	F	0	0	0	0	0	0	0
67	L	0	0	0	0	0	0	0
68	H	0	0	0	0	0	0	0
69	G	0	0	0	0	0	0	0
70	L	0	0	0	0	0	0	0
71	L	0	0	0	0	0	0	0
72	F	0	0	0	0	0	0	0
73	L	0	0	0	0	0	0	0
74	S	0	0	0	0	0	0	0
75	A	0	0	0	0	0	0	0
76	I	0	0	0	0	0	0	0
77	Q	0	0	0	0	0	0	0
78	L	0	0	0	0	0	0	0
79	T	0	0	0	0	0	0	0
80	H	0	0	0	0	0	0	0
81	F	0	0	0	0	0	0	0
82	Q	0	0	0	0	0	0	0
83	K	0	0	0	0	0	0	0
84	L	0	0	0	0	0	0	0
85	S	0	0	0	0	0	0	0
86	E	0	0	0	0	0	0	0
87	P	0	0	0	0	0	0	0
88	L	0	0	0	0	0	0	0
89	N	0	0	0	0	0	0	0
90	H	0	0	0	0	0	0	0
91	S	0	0	0	0	0	0	0
92	Y	0	0	0	0	0	0	0
93	Q	0	0	0	0	0	0	0
94	A	0	0	0	0	0	0	0
95	I	0	0	0	0	0	0	0
96	I	0	0	0	0	0	0	0
97	M	0	0	0	0	0	0	0
98	L	0	0	0	0	0	0	0
99	W	0	0	0	0	0	0	0
100	M	0	0	0	0	0	0	0
101	I	0	0	0	0	0	0	0
102	A	0	0	0	0	0	0	0
103	N	0	0	0	0	0	0	0
104	Q	0	0	0	0	0	0	0
105	A	0	0	0	0	0	0	0
106	N	0	0	0	0	0	0	0
107	L	0	0	0	0	0	0	0
108	W	0	0	0	0	0	0	0
109	L	0	0	0	0	0	0	0
110	A	0	0	0	0	0	0	0
111	A	0	0	0	0	0	0	0
112	C	0	0	0	0	0	0	0
113	L	0	0	0	0	0	0	0
114	S	0	0	0	0	0	0	0
115	L	0	0	0	0	0	0	0
116	L	0	0	0	0	0	0	0
117	Y	0	0	0	0	0	0	0
118	C	0	0	0	0	0	0	0
119	S	0	0	0	0	0	0	0
120	K	0	0	0	0	0	0	0
121	L	0	0	0	0	0	0	0
122	I	0	0	0	0	0	0	0
123	R	0	0	0	0	0	0	0
124	F	0	0	0	0	0	0	0
125	S	0	0	0	0	0	0	0
126	H	0	0	0	0	0	0	0
127	T	0	0	0	0	0	0	0
128	F	0	0	0	0	0	0	0
129	L	0	0	0	0	0	0	0
130	I	0	0	0	0	0	0	0
131	C	0	0	0	0	0	0	0
132	L	0	0	0	0	0	0	0
133	A	0	0	0	0	0	0	0
134	S	0	0	0	0	0	0	0
135	W	0	0	0	0	0	0	0
136	V	0	0	0	0	0	0	0
137	S	0	0	0	0	0	0	0
138	R	0	0	0	0	0	0	0
139	K	0	0	0	0	0	0	0
140	I	0	0	0	0	0	0	0
141	S	0	0	0	0	0	0	0
142	Q	0	0	0	0	0	0	0
143	M	0	0	0	0	0	0	0
144	L	0	0	0	0	0	0	0
145	L	0	0	0	0	0	0	0
146	G	0	0	0	0	0	0	0
147	I	0	0	0	0	0	0	0
148	I	0	0	0	0	0	0	0
149	L	0	0	0	0	0	0	0
150	C	0	0	0	0	0	0	0
151	S	0	0	0	0	0	0	0
152	C	0	0	0	0	0	0	0
153	I	0	0	0	0	0	0	0
154	C	0	0	0	0	0	0	0
155	T	0	0	0	0	0	0	0
156	V	0	0	0	0	0	0	0
157	L	0	0	0	0	0	0	0
158	C	0	0	0	0	0	0	0
159	V	0	0	0	0	0	0	0
160	W	0	0	0	0	0	0	0
161	C	0	0	0	0	0	0	0
162	F	0	0	0	0	0	0	0
163	F	0	0	0	0	0	0	0
164	S	0	0	0	0	0	0	0
165	R	0	0	0	0	0	0	0
166	P	0	0	0	0	0	0	0
167	H	0	0	0	0	0	0	0
168	F	0	0	0	0	0	0	0
169	T	0	0	0	0	0	0	0
170	V	0	0	0	0	0	0	0
171	T	0	0	0	0	0	0	0
172	T	0	0	0	0	0	0	0
173	V	0	0	0	0	0	0	0
174	L	0	0	0	0	0	0	0
175	F	0	0	0	0	0	0	0
176	M	0	0	0	0	0	0	0
177	N	0	0	0	0	0	0	0
178	N	0	0	0	0	0	0	0
179	N	0	0	0	0	0	0	0
180	T	0	0	0	0	0	0	0
181	R	0	0	0	0	0	0	0
182	L	0	0	0	0	0	0	0
183	N	0	0	0	0	0	0	0
184	W	0	0	0	0	0	0	0
185	Q	0	0	0	0	0	0	0
186	I	0	0	0	0	0	0	0
187	K	0	0	0	0	0	0	0
188	D	0	0	0	0	0	0	0
189	L	0	0	0	0	0	0	0
190	N	0	0	0	0	0	0	0
191	L	0	0	0	0	0	0	0
192	F	0	0	0	0	0	0	0
193	Y	0	0	0	0	0	0	0
194	S	0	0	0	0	0	0	0
195	F	0	0	0	0	0	0	0
196	L	0	0	0	0	0	0	0
197	F	0	0	0	0	0	0	0
198	C	0	0	0	0	0	0	0
199	Y	0	0	0	0	0	0	0
200	L	0	0	0	0	0	0	0
201	W	0	0	0	0	0	0	0
202	S	0	0	0	0	0	0	0
203	V	0	0	0	0	0	0	0
204	P	0	0	0	0	0	0	0
205	P	0	0	0	0	0	0	0
206	F	0	0	0	0	0	0	0
207	L	0	0	0	0	0	0	0
208	L	0	0	0	0	0	0	0
209	F	0	0	0	0	0	0	0
210	L	0	0	0	0	0	0	0
211	V	0	0	0	0	0	0	0
212	S	0	0	0	0	0	0	0
213	S	0	0	0	0	0	0	0
214	G	0	0	0	0	0	0	0
215	M	0	0	0	0	0	0	0
216	L	0	0	0	0	0	0	0
217	T	0	0	0	0	0	0	0
218	V	0	0	0	0	0	0	0
219	S	0	0	0	0	0	0	0
220	L	0	0	0	0	0	0	0
221	G	0	0	0	0	0	0	0
222	R	0	0	0	0	0	0	0
223	H	0	0	0	0	0	0	0
224	M	0	0	0	0	0	0	0
225	R	0	0	0	0	0	0	0
226	T	0	0	0	0	0	0	0
227	M	0	0	0	0	0	0	0
228	K	0	0	0	0	0	0	0
229	V	0	0	0	0	0	0	0
230	Y	0	0	0	0	0	0	0
231	T	0	0	0	0	0	0	0
232	R	0	0	0	0	0	0	0
233	N	0	0	0	0	0	0	0
234	S	0	0	0	0	0	0	0
235	R	0	0	0	0	0	0	0
236	D	0	0	0	0	0	0	0
237	P	0	0	0	0	0	0	0
238	S	0	0	0	0	0	0	0
239	L	0	0	0	0	0	0	0
240	E	0	0	0	0	0	0	0
241	A	0	0	0	0	0	0	0
242	H	0	0	0	0	0	0	0
243	I	0	0	0	0	0	0	0
244	K	0	0	0	0	0	0	0
245	A	0	0	0	0	0	0	0
246	L	0	0	0	0	0	0	0
247	K	0	0	0	0	0	0	0
248	S	0	0	0	0	0	0	0
249	L	0	0	0	0	0	0	0
250	V	0	0	0	0	0	0	0
251	S	0	0	0	0	0	0	0
252	F	0	0	0	0	0	0	0
253	F	0	0	0	0	0	0	0
254	C	0	0	0	0	0	0	0
255	F	0	0	0	0	0	0	0
256	F	0	0	0	0	0	0	0
257	V	0	0	0	0	0	0	0
258	I	0	0	0	0	0	0	0
259	S	0	0	0	0	0	0	0
260	S	0	0	0	0	0	0	0
261	C	0	0	0	0	0	0	0
262	A	0	0	0	0	0	0	0
263	A	0	0	0	0	0	0	0
264	F	0	0	0	0	0	0	0
265	I	0	0	0	0	0	0	0
266	S	0	0	0	0	0	0	0
267	V	0	0	0	0	0	0	0
268	P	0	0	0	0	0	0	0
269	L	0	0	0	0	0	0	0
270	L	0	0	0	0	0	0	0
271	I	0	0	0	0	0	0	0
272	L	0	0	0	0	0	0	0
273	W	0	0	0	0	0	0	0
274	R	0	0	0	0	0	0	0
275	D	0	0	0	0	0	0	0
276	K	0	0	0	0	0	0	0
277	I	0	0	0	0	0	0	0
278	G	0	0	0	0	0	0	0
279	V	0	0	0	0	0	0	0
280	M	0	0	0	0	0	0	0
281	V	0	0	0	0	0	0	0
282	C	0	0	0	0	0	0	0
283	V	0	0	0	0	0	0	0
284	G	0	0	0	0	0	0	0
285	I	0	0	0	0	0	0	0
286	M	0	0	0	0	0	0	0
287	A	0	0	0	0	0	0	0
288	A	0	0	0	0	0	0	0
289	C	0	0	0	0	0	0	0
290	P	0	0	0	0	0	0	0
291	S	Phosphoserine	GIMAACPSGHAAILI	HHHHHCCCCCEEEEE	Bitter taste perception:sensory perception of bitter taste	296 (5)	0	0
292	G	0	0	0	0	0	0	0
293	H	0	0	0	0	0	0	0
294	A	0	0	0	0	0	0	0
295	A	0	0	0	0	0	0	0
296	I	0	0	0	0	0	V	291
297	L	0	0	0	0	0	0	0
298	I	0	0	0	0	0	0	0
299	S	0	0	0	0	0	0	0
300	G	0	0	0	0	0	0	0
301	N	0	0	0	0	0	0	0
302	A	0	0	0	0	0	0	0
303	K	0	0	0	0	0	0	0
304	L	0	0	0	0	0	0	0
305	R	0	0	0	0	0	0	0
306	R	0	0	0	0	0	0	0
307	A	0	0	0	0	0	0	0
308	V	0	0	0	0	0	0	0
309	M	0	0	0	0	0	0	0
310	T	0	0	0	0	0	0	0
311	I	0	0	0	0	0	0	0
312	L	0	0	0	0	0	0	0
313	L	0	0	0	0	0	0	0
314	W	0	0	0	0	0	0	0
315	A	0	0	0	0	0	0	0
316	Q	0	0	0	0	0	0	0
317	S	0	0	0	0	0	0	0
318	S	0	0	0	0	0	0	0
319	L	0	0	0	0	0	0	0
320	K	0	0	0	0	0	0	0
321	V	0	0	0	0	0	0	0
322	R	0	0	0	0	0	0	0
323	A	0	0	0	0	0	0	0
324	D	0	0	0	0	0	0	0
325	H	0	0	0	0	0	0	0
326	K	0	0	0	0	0	0	0
327	A	0	0	0	0	0	0	0
328	D	0	0	0	0	0	0	0
329	S	0	0	0	0	0	0	0
330	R	0	0	0	0	0	0	0
331	T	0	0	0	0	0	0	0
332	L	0	0	0	0	0	0	0
333	C	0	0	0	0	0	0	0
