location	residue	Modification	seq	secStruc	RelatedDisease	VariantPosition	ResidueChange	DaPSbySAP
1	M	0	0	0	0	0	0	0
2	A	0	0	0	0	0	0	0
3	P	0	0	0	0	0	0	0
4	V	0	0	0	0	0	0	0
5	R	0	0	0	0	0	0	0
6	R	0	0	0	0	0	0	0
7	S	Phosphoserine	-MAPVRRSAKWRPGG	-CCCCCCCCCCCCCC	0	0	0	0
8	A	0	0	0	0	0	0	0
9	K	N6-acetyllysine	APVRRSAKWRPGGIE	CCCCCCCCCCCCCCC	0	0	0	0
10	W	0	0	0	0	0	0	0
11	R	0	0	0	0	0	0	0
12	P	0	0	0	0	0	0	0
13	G	0	0	0	0	0	0	0
14	G	0	0	0	0	0	0	0
15	I	0	0	0	0	0	0	0
16	E	0	0	0	0	0	0	0
17	A	0	0	0	0	0	0	0
18	R	0	0	0	0	0	0	0
19	G	0	0	0	0	0	0	0
20	E	0	0	0	0	0	0	0
21	G	0	0	0	0	0	0	0
22	V	0	0	0	0	0	0	0
23	S	0	0	0	0	0	0	0
24	T	0	0	0	0	0	0	0
25	V	0	0	0	0	0	0	0
26	G	0	0	0	0	0	0	0
27	Y	0	0	0	0	0	0	0
28	R	0	0	0	0	0	0	0
29	N	0	0	0	0	0	0	0
30	K	0	0	0	0	0	0	0
31	N	0	0	0	0	0	0	0
32	V	0	0	0	0	0	0	0
33	R	0	0	0	0	0	0	0
34	Q	0	0	0	0	0	0	0
35	K	0	0	0	0	0	0	0
36	T	0	0	0	0	0	0	0
37	W	0	0	0	0	0	0	0
38	R	0	0	0	0	0	0	0
39	P	0	0	0	0	0	0	0
40	N	0	0	0	0	0	0	0
41	H	0	0	0	0	0	0	0
42	P	0	0	0	0	0	0	0
43	Q	0	0	0	0	0	0	0
44	A	0	0	0	0	0	0	0
45	F	0	0	0	0	0	0	0
46	V	0	0	0	0	0	0	0
47	G	0	0	0	0	0	0	0
48	S	0	0	0	0	0	0	0
49	V	0	0	0	0	0	0	0
50	R	0	0	0	0	0	0	0
51	E	0	0	0	0	0	0	0
52	G	0	0	0	0	0	0	0
53	Q	0	0	0	0	0	0	0
54	G	0	0	0	0	0	0	0
55	F	0	0	0	0	0	0	0
56	A	0	0	0	0	0	0	0
57	F	0	0	0	0	0	0	0
58	R	0	0	0	0	0	0	0
59	R	0	0	0	0	0	0	0
60	K	0	0	0	0	0	0	0
61	L	0	0	0	0	0	0	0
62	K	0	0	0	0	0	0	0
63	I	0	0	0	0	0	0	0
64	Q	0	0	0	0	0	0	0
65	Q	0	0	0	0	0	0	0
66	S	0	0	0	0	0	0	0
67	Y	0	0	0	0	0	0	0
68	K	N6-acetyllysine	LKIQQSYKKLLRKEK	HHHHHHHHHHHHHHH	0	0	0	0
69	K	0	0	0	0	0	0	0
70	L	0	0	0	0	0	0	0
71	L	0	0	0	0	0	0	0
72	R	0	0	0	0	0	0	0
73	K	0	0	0	0	0	0	0
74	E	0	0	0	0	0	0	0
75	K	0	0	0	0	0	0	0
76	K	0	0	0	0	0	0	0
77	A	0	0	0	0	0	0	0
78	Q	0	0	0	0	0	0	0
79	T	0	0	0	0	0	0	0
80	S	0	0	0	0	0	0	0
81	L	0	0	0	0	0	0	0
82	E	0	0	0	0	0	0	0
83	S	0	0	0	0	0	0	0
84	Q	0	0	0	0	0	0	0
85	F	0	0	0	0	0	0	0
86	T	0	0	0	0	0	0	0
87	D	0	0	0	0	0	0	0
88	R	0	0	0	0	0	0	0
89	Y	0	0	0	0	0	0	0
90	P	0	0	0	0	0	0	0
91	D	0	0	0	0	0	0	0
92	N	0	0	0	0	0	0	0
93	L	0	0	0	0	0	0	0
94	K	0	0	0	0	0	0	0
95	H	0	0	0	0	0	0	0
96	L	0	0	0	0	0	0	0
97	Y	0	0	0	0	0	0	0
98	L	0	0	0	0	0	0	0
99	A	0	0	0	0	0	0	0
100	E	0	0	0	0	0	0	0
101	E	0	0	0	0	0	0	0
102	E	0	0	0	0	0	0	0
103	R	0	0	0	0	0	0	0
104	H	0	0	0	0	0	0	0
105	R	0	0	0	0	0	0	0
106	K	0	0	0	0	0	0	0
107	Q	0	0	0	0	0	0	0
108	A	0	0	0	0	0	0	0
109	R	0	0	0	0	0	0	0
110	K	0	0	0	0	0	0	0
111	V	0	0	0	0	0	0	0
112	D	0	0	0	0	0	0	0
113	H	0	0	0	0	0	0	0
114	P	0	0	0	0	0	0	0
115	L	0	0	0	0	0	0	0
116	S	0	0	0	0	0	0	0
117	E	0	0	0	0	0	0	0
118	Q	0	0	0	0	0	0	0
119	V	0	0	0	0	0	0	0
120	H	0	0	0	0	0	0	0
121	Q	0	0	0	0	0	0	0
122	P	0	0	0	0	0	0	0
123	L	0	0	0	0	0	0	0
124	L	0	0	0	0	0	0	0
125	E	0	0	0	0	0	0	0
126	E	0	0	0	0	0	0	0
127	Q	0	0	0	0	0	0	0
128	C	0	0	0	0	0	0	0
129	S	Phosphoserine	PLLEEQCSIDEPLFE	HHHHHHCCCCCCCCC	0	0	0	0
130	I	0	0	0	0	0	0	0
131	D	0	0	0	0	0	0	0
132	E	0	0	0	0	0	0	0
133	P	0	0	0	0	0	0	0
134	L	0	0	0	0	0	0	0
135	F	0	0	0	0	0	0	0
136	E	0	0	0	0	0	0	0
137	D	0	0	0	0	0	0	0
138	Q	0	0	0	0	0	0	0
139	C	0	0	0	0	0	0	0
140	S	0	0	0	0	0	0	0
141	F	0	0	0	0	0	0	0
142	D	0	0	0	0	0	0	0
143	Q	0	0	0	0	0	0	0
144	P	0	0	0	0	0	0	0
145	Q	0	0	0	0	0	0	0
146	P	0	0	0	0	0	0	0
147	E	0	0	0	0	0	0	0
148	E	0	0	0	0	0	0	0
149	Q	0	0	0	0	0	0	0
150	C	0	0	0	0	0	0	0
151	I	0	0	0	0	0	0	0
152	K	0	0	0	0	0	0	0
153	T	0	0	0	0	0	0	0
154	V	0	0	0	0	0	0	0
155	N	0	0	0	0	0	0	0
156	S	Phosphoserine	QCIKTVNSFTIPKKN	HHCHHHHHHCCCCCC	0	0	0	0
157	F	0	0	0	0	0	0	0
158	T	0	0	0	0	0	0	0
159	I	0	0	0	0	0	0	0
160	P	0	0	0	0	0	0	0
161	K	0	0	0	0	0	0	0
162	K	0	0	0	0	0	0	0
163	N	0	0	0	0	0	0	0
164	K	0	0	0	0	0	0	0
165	K	0	0	0	0	0	0	0
166	K	0	0	0	0	0	0	0
167	T	Phosphothreonine	PKKNKKKTSNQKAQE	CCCCCCCCCCHHHHH	Hypospadias:hypospadias	167 (0)	P;A	167,168,176
168	S	Phosphoserine	KKNKKKTSNQKAQEE	CCCCCCCCCHHHHHH	Hypospadias:hypospadias	167 (1)	0	0
169	N	0	0	0	0	0	0	0
170	Q	0	0	0	0	0	0	0
171	K	0	0	0	0	0	0	0
172	A	0	0	0	0	0	0	0
173	Q	0	0	0	0	0	0	0
174	E	0	0	0	0	0	0	0
175	E	0	0	0	0	0	0	0
176	Y	Phosphotyrosine	NQKAQEEYEQIQAKR	CHHHHHHHHHHHHHH	Hypospadias:hypospadias	167 (9)	0	0
177	E	0	0	0	0	0	0	0
178	Q	0	0	0	0	0	0	0
179	I	0	0	0	0	0	0	0
180	Q	0	0	0	0	0	0	0
181	A	0	0	0	0	0	0	0
182	K	N6-acetyllysine	EYEQIQAKRAAKKQE	HHHHHHHHHHHHHHH	0	0	0	0
183	R	0	0	0	0	0	0	0
184	A	0	0	0	0	0	0	0
185	A	0	0	0	0	0	0	0
186	K	0	0	0	0	0	0	0
187	K	0	0	0	0	0	0	0
188	Q	0	0	0	0	0	0	0
189	E	0	0	0	0	0	0	0
190	F	0	0	0	0	0	0	0
191	E	0	0	0	0	0	0	0
192	R	0	0	0	0	0	0	0
193	R	0	0	0	0	0	0	0
194	K	0	0	0	0	0	0	0
195	Q	0	0	0	0	0	0	0
196	E	0	0	0	0	0	0	0
197	R	0	0	0	0	0	0	0
198	E	0	0	0	0	0	0	0
199	E	0	0	0	0	0	0	0
200	A	0	0	0	0	0	0	0
201	Q	0	0	0	0	0	0	0
202	R	0	0	0	0	0	0	0
203	Q	0	0	0	0	0	0	0
204	Y	0	0	0	0	0	0	0
205	K	0	0	0	0	0	0	0
206	K	0	0	0	0	0	0	0
207	K	0	0	0	0	0	0	0
208	K	0	0	0	0	0	0	0
209	M	0	0	0	0	0	0	0
210	E	0	0	0	0	0	0	0
211	V	0	0	0	0	0	0	0
212	F	0	0	0	0	0	0	0
213	K	0	0	0	0	0	0	0
214	I	0	0	0	0	0	0	0
215	L	0	0	0	0	0	0	0
216	N	0	0	0	0	0	0	0
217	K	0	0	0	0	0	0	0
218	K	0	0	0	0	0	0	0
219	T	0	0	0	0	0	0	0
220	K	0	0	0	0	0	0	0
221	K	0	0	0	0	0	0	0
222	G	0	0	0	0	0	0	0
223	Q	0	0	0	0	0	0	0
224	P	0	0	0	0	0	0	0
225	N	0	0	0	0	0	0	0
226	L	0	0	0	0	0	0	0
227	N	0	0	0	0	0	0	0
228	V	0	0	0	0	0	0	0
229	Q	0	0	0	0	0	0	0
230	M	0	0	0	0	0	0	0
231	E	0	0	0	0	0	0	0
232	Y	0	0	0	0	0	0	0
233	L	0	0	0	0	0	0	0
234	L	0	0	0	0	0	0	0
235	Q	0	0	0	0	0	0	0
236	K	0	0	0	0	0	0	0
237	I	0	0	0	0	0	0	0
238	Q	0	0	0	0	0	0	0
239	E	0	0	0	0	0	0	0
240	K	0	0	0	0	0	0	0
241	C	0	0	0	0	0	0	0
