location	residue	Modification	seq	secStruc	RelatedDisease	VariantPosition	ResidueChange	DaPSbySAP
1	M	0	0	0	0	0	0	0
2	S	0	0	0	0	0	0	0
3	I	0	0	0	0	0	0	0
4	V	0	0	0	0	0	0	0
5	T	0	0	0	0	0	0	0
6	V	0	0	0	0	0	0	0
7	Q	0	0	0	0	0	0	0
8	L	0	0	0	0	0	0	0
9	G	0	0	0	0	0	0	0
10	Q	0	0	0	0	0	0	0
11	C	0	0	0	0	0	0	0
12	G	0	0	0	0	0	0	0
13	N	0	0	0	0	0	0	0
14	Q	0	0	0	0	0	0	0
15	I	0	0	0	0	0	0	0
16	G	0	0	0	0	0	0	0
17	F	0	0	0	0	0	0	0
18	E	0	0	0	0	0	0	0
19	V	0	0	0	0	0	0	0
20	F	0	0	0	0	0	0	0
21	D	0	0	0	0	0	0	0
22	A	0	0	0	0	0	0	0
23	L	0	0	0	0	0	0	0
24	L	0	0	0	0	0	0	0
25	S	0	0	0	0	0	0	0
26	D	0	0	0	0	0	0	0
27	S	0	0	0	0	0	0	0
28	H	0	0	0	0	0	0	0
29	S	0	0	0	0	0	0	0
30	S	0	0	0	0	0	0	0
31	Q	0	0	0	0	0	0	0
32	G	0	0	0	0	0	0	0
33	L	0	0	0	0	0	0	0
34	C	0	0	0	0	0	0	0
35	S	0	0	0	0	0	0	0
36	M	0	0	0	0	0	0	0
37	R	0	0	0	0	0	0	0
38	E	0	0	0	0	0	0	0
39	N	0	0	0	0	0	0	0
40	E	0	0	0	0	0	0	0
41	A	0	0	0	0	0	0	0
42	Y	0	0	0	0	0	0	0
43	Q	0	0	0	0	0	0	0
44	A	0	0	0	0	0	0	0
45	S	0	0	0	0	0	0	0
46	C	0	0	0	0	0	0	0
47	K	0	0	0	0	0	0	0
48	E	0	0	0	0	0	0	0
49	R	0	0	0	0	0	0	0
50	F	0	0	0	0	0	0	0
51	F	0	0	0	0	0	0	0
52	S	0	0	0	0	0	0	0
53	E	0	0	0	0	0	0	0
54	E	0	0	0	0	0	0	0
55	E	0	0	0	0	0	0	0
56	N	0	0	0	0	0	0	0
57	G	0	0	0	0	0	0	0
58	V	0	0	0	0	0	0	0
59	P	0	0	0	0	0	0	0
60	I	0	0	0	0	0	0	0
61	A	0	0	0	0	0	0	0
62	R	0	0	0	0	0	0	0
63	A	0	0	0	0	0	0	0
64	V	0	0	0	0	0	0	0
65	L	0	0	0	0	0	0	0
66	V	0	0	0	0	0	0	0
67	D	0	0	0	0	0	0	0
68	M	0	0	0	0	0	0	0
69	E	0	0	0	0	0	0	0
70	P	0	0	0	0	0	0	0
71	K	0	0	0	0	0	0	0
72	V	0	0	0	0	0	0	0
73	I	0	0	0	0	0	0	0
74	N	0	0	0	0	0	0	0
75	Q	0	0	0	0	0	0	0
76	M	0	0	0	0	0	T	79,79
77	L	0	0	0	0	0	0	0
78	S	0	0	0	0	0	0	0
79	K	Ubiquitinlysine	VINQMLSKAAQSGQW	HHHHHHHHHHHCCCC	Inflammatory bowel disease:inflammatory bowel disease;Crohn's disease:Crohn's disease	76 (3)	0	0
80	A	0	0	0	0	0	0	0
81	A	0	0	0	0	0	0	0
82	Q	0	0	0	0	0	0	0
83	S	0	0	0	0	0	0	0
84	G	0	0	0	0	0	0	0
85	Q	0	0	0	0	0	0	0
86	W	0	0	0	0	0	0	0
87	K	0	0	0	0	0	0	0
88	Y	0	0	0	0	0	0	0
89	G	0	0	0	0	0	0	0
90	Q	0	0	0	0	0	0	0
91	H	0	0	0	0	0	0	0
92	A	0	0	0	0	0	0	0
93	C	0	0	0	0	0	0	0
94	F	0	0	0	0	0	0	0
95	C	0	0	0	0	0	0	0
96	Q	0	0	0	0	0	0	0
97	K	0	0	0	0	0	0	0
98	Q	0	0	0	0	0	0	0
99	G	0	0	0	0	0	0	0
100	S	0	0	0	0	0	0	0
101	G	0	0	0	0	0	0	0
102	N	0	0	0	0	0	0	0
103	N	0	0	0	0	0	0	0
104	W	0	0	0	0	0	0	0
105	A	0	0	0	0	0	0	0
106	Y	0	0	0	0	0	0	0
107	G	0	0	0	0	0	0	0
108	Y	0	0	0	0	0	0	0
109	S	0	0	0	0	0	0	0
110	V	0	0	0	0	0	0	0
111	H	0	0	0	0	0	0	0
112	G	0	0	0	0	0	0	0
113	P	0	0	0	0	0	0	0
114	R	0	0	0	0	0	0	0
115	H	0	0	0	0	0	0	0
116	E	0	0	0	0	0	0	0
117	E	0	0	0	0	0	0	0
118	S	0	0	0	0	0	0	0
119	I	0	0	0	0	0	0	0
120	M	0	0	0	0	0	0	0
121	N	0	0	0	0	0	0	0
122	I	0	0	0	0	0	0	0
123	I	0	0	0	0	0	0	0
124	R	0	0	0	0	0	0	0
125	K	0	0	0	0	0	0	0
126	E	0	0	0	0	0	0	0
127	V	0	0	0	0	0	0	0
128	E	0	0	0	0	0	0	0
129	K	0	0	0	0	0	0	0
130	C	0	0	0	0	0	0	0
131	D	0	0	0	0	0	0	0
132	S	0	0	0	0	0	0	0
133	F	0	0	0	0	0	0	0
134	S	0	0	0	0	0	0	0
135	G	0	0	0	0	0	0	0
136	F	0	0	0	0	0	0	0
137	F	0	0	0	0	0	0	0
138	I	0	0	0	0	0	0	0
139	I	0	0	0	0	0	0	0
140	M	0	0	0	0	0	0	0
141	S	0	0	0	0	0	0	0
142	M	0	0	0	0	0	0	0
143	A	0	0	0	0	0	0	0
144	G	0	0	0	0	0	0	0
145	G	0	0	0	0	0	0	0
146	T	0	0	0	0	0	0	0
147	G	0	0	0	0	0	0	0
148	S	0	0	0	0	0	0	0
149	G	0	0	0	0	0	0	0
150	L	0	0	0	0	0	0	0
151	G	0	0	0	0	0	0	0
152	A	0	0	0	0	0	0	0
153	F	0	0	0	0	0	0	0
154	V	0	0	0	0	0	0	0
155	T	0	0	0	0	0	0	0
156	Q	0	0	0	0	0	0	0
157	N	0	0	0	0	0	0	0
158	L	0	0	0	0	0	0	0
159	E	0	0	0	0	0	0	0
160	D	0	0	0	0	0	0	0
161	Q	0	0	0	0	0	0	0
162	Y	0	0	0	0	0	0	0
163	S	0	0	0	0	0	0	0
164	N	0	0	0	0	0	0	0
165	S	0	0	0	0	0	0	0
166	L	0	0	0	0	0	0	0
167	K	0	0	0	0	0	0	0
168	M	0	0	0	0	0	0	0
169	N	0	0	0	0	0	0	0
170	Q	0	0	0	0	0	0	0
171	I	0	0	0	0	0	0	0
172	I	0	0	0	0	0	0	0
173	W	0	0	0	0	0	0	0
174	P	0	0	0	0	0	0	0
175	Y	0	0	0	0	0	0	0
176	G	0	0	0	0	0	0	0
177	T	0	0	0	0	0	0	0
178	G	0	0	0	0	0	0	0
179	E	0	0	0	0	0	0	0
180	V	0	0	0	0	0	0	0
181	I	0	0	0	0	0	0	0
182	V	0	0	0	0	0	0	0
183	Q	0	0	0	0	0	0	0
184	N	0	0	0	0	0	0	0
185	Y	0	0	0	0	0	0	0
186	N	0	0	0	0	0	0	0
187	S	0	0	0	0	0	0	0
188	I	0	0	0	0	0	0	0
189	L	0	0	0	0	0	0	0
190	T	0	0	0	0	0	0	0
191	L	0	0	0	0	0	0	0
192	S	0	0	0	0	0	0	0
193	H	0	0	0	0	0	0	0
194	L	0	0	0	0	0	0	0
195	Y	0	0	0	0	0	0	0
196	R	0	0	0	0	0	0	0
197	S	0	0	0	0	0	0	0
198	S	0	0	0	0	0	0	0
199	D	0	0	0	0	0	0	0
200	A	0	0	0	0	0	0	0
201	L	0	0	0	0	0	0	0
202	L	0	0	0	0	0	0	0
203	L	0	0	0	0	0	0	0
204	H	0	0	0	0	0	0	0
205	E	0	0	0	0	0	0	0
206	N	0	0	0	0	0	0	0
207	D	0	0	0	0	0	0	0
208	A	0	0	0	0	0	0	0
209	I	0	0	0	0	0	0	0
210	H	0	0	0	0	0	0	0
211	K	0	0	0	0	0	0	0
212	I	0	0	0	0	0	0	0
213	C	0	0	0	0	0	0	0
214	A	0	0	0	0	0	0	0
215	K	0	0	0	0	0	0	0
216	L	0	0	0	0	0	0	0
217	M	0	0	0	0	0	0	0
218	N	0	0	0	0	0	0	0
219	I	0	0	0	0	0	0	0
220	K	0	0	0	0	0	0	0
221	Q	0	0	0	0	0	0	0
222	I	0	0	0	0	0	0	0
223	S	0	0	0	0	0	0	0
224	F	0	0	0	0	0	0	0
225	S	0	0	0	0	0	0	0
226	D	0	0	0	0	0	0	0
227	I	0	0	0	0	0	0	0
228	N	0	0	0	0	0	0	0
229	Q	0	0	0	0	0	0	0
230	V	0	0	0	0	0	0	0
231	L	0	0	0	0	0	0	0
232	A	0	0	0	0	0	0	0
233	H	0	0	0	0	0	0	0
234	Q	0	0	0	0	0	0	0
235	L	0	0	0	0	0	0	0
236	G	0	0	0	0	0	0	0
237	S	0	0	0	0	0	0	0
238	V	0	0	0	0	0	0	0
239	F	0	0	0	0	0	0	0
240	Q	0	0	0	0	0	0	0
241	P	0	0	0	0	0	0	0
242	T	0	0	0	0	0	0	0
243	Y	0	0	0	0	0	0	0
244	S	0	0	0	0	0	0	0
245	A	0	0	0	0	0	0	0
246	E	0	0	0	0	0	0	0
247	S	0	0	0	0	0	0	0
248	S	0	0	0	0	0	0	0
249	F	0	0	0	0	0	0	0
250	H	0	0	0	0	0	0	0
251	Y	0	0	0	0	0	0	0
252	R	0	0	0	0	0	0	0
253	R	0	0	0	0	0	0	0
254	N	0	0	0	0	0	0	0
255	P	0	0	0	0	0	0	0
256	L	0	0	0	0	0	0	0
257	G	0	0	0	0	0	0	0
258	D	0	0	0	0	0	0	0
259	L	0	0	0	0	0	0	0
260	M	0	0	0	0	0	0	0
261	E	0	0	0	0	0	0	0
262	H	0	0	0	0	0	0	0
263	L	0	0	0	0	0	0	0
264	V	0	0	0	0	0	0	0
265	P	0	0	0	0	0	0	0
266	H	0	0	0	0	0	0	0
267	P	0	0	0	0	0	0	0
268	E	0	0	0	0	0	0	0
269	F	0	0	0	0	0	0	0
270	K	0	0	0	0	0	0	0
271	M	0	0	0	0	0	0	0
272	L	0	0	0	0	0	0	0
273	S	0	0	0	0	0	0	0
274	V	0	0	0	0	0	0	0
275	R	0	0	0	0	0	0	0
276	N	0	0	0	0	0	0	0
277	I	0	0	0	0	0	0	0
278	P	0	0	0	0	0	0	0
279	H	0	0	0	0	0	0	0
280	M	0	0	0	0	0	0	0
281	S	0	0	0	0	0	0	0
282	E	0	0	0	0	0	0	0
283	N	0	0	0	0	0	0	0
284	S	0	0	0	0	0	0	0
285	L	0	0	0	0	0	0	0
286	A	0	0	0	0	0	0	0
287	Y	0	0	0	0	0	0	0
288	T	0	0	0	0	0	0	0
289	T	0	0	0	0	0	0	0
290	F	0	0	0	0	0	0	0
291	T	0	0	0	0	0	0	0
292	W	0	0	0	0	0	0	0
293	A	0	0	0	0	0	0	0
294	G	0	0	0	0	0	0	0
295	L	0	0	0	0	0	0	0
296	L	0	0	0	0	0	0	0
297	K	0	0	0	0	0	0	0
298	H	0	0	0	0	0	0	0
299	L	0	0	0	0	0	0	0
300	R	0	0	0	0	0	0	0
301	Q	0	0	0	0	0	0	0
302	M	0	0	0	0	0	0	0
303	L	0	0	0	0	0	0	0
304	I	0	0	0	0	0	0	0
305	S	0	0	0	0	0	0	0
306	N	0	0	0	0	0	0	0
307	A	0	0	0	0	0	0	0
308	K	0	0	0	0	0	0	0
309	M	0	0	0	0	0	0	0
310	E	0	0	0	0	0	0	0
311	E	0	0	0	0	0	0	0
312	G	0	0	0	0	0	0	0
313	I	0	0	0	0	0	0	0
314	D	0	0	0	0	0	0	0
315	R	0	0	0	0	0	0	0
316	H	0	0	0	0	0	0	0
317	V	0	0	0	0	0	0	0
318	W	0	0	0	0	0	0	0
319	P	0	0	0	0	0	0	0
320	P	0	0	0	0	0	0	0
321	L	0	0	0	0	0	0	0
322	S	0	0	0	0	0	0	0
323	G	0	0	0	0	0	0	0
324	L	0	0	0	0	0	0	0
325	P	0	0	0	0	0	0	0
326	P	0	0	0	0	0	0	0
327	L	0	0	0	0	0	0	0
328	S	0	0	0	0	0	0	0
329	K	0	0	0	0	0	0	0
330	M	0	0	0	0	0	0	0
331	S	0	0	0	0	0	0	0
332	L	0	0	0	0	0	0	0
333	N	0	0	0	0	0	0	0
334	K	0	0	0	0	0	0	0
335	D	0	0	0	0	0	0	0
336	L	0	0	0	0	0	0	0
337	H	0	0	0	0	0	0	0
338	F	0	0	0	0	0	0	0
339	N	0	0	0	0	0	0	0
340	T	0	0	0	0	0	0	0
341	S	0	0	0	0	0	0	0
342	I	0	0	0	0	0	0	0
343	A	0	0	0	0	0	0	0
344	N	0	0	0	0	0	0	0
345	L	0	0	0	0	0	0	0
346	V	0	0	0	0	0	0	0
347	I	0	0	0	0	0	0	0
348	L	0	0	0	0	0	0	0
349	R	0	0	0	0	0	0	0
350	G	0	0	0	0	0	0	0
351	K	0	0	0	0	0	0	0
352	D	0	0	0	0	0	0	0
353	V	0	0	0	0	0	0	0
354	Q	0	0	0	0	0	0	0
355	S	0	0	0	0	0	0	0
356	A	0	0	0	0	0	0	0
357	D	0	0	0	0	0	0	0
358	V	0	0	0	0	0	0	0
359	E	0	0	0	0	0	0	0
360	G	0	0	0	0	0	0	0
361	F	0	0	0	0	0	0	0
362	K	0	0	0	0	0	0	0
363	D	0	0	0	0	0	0	0
364	P	0	0	0	0	0	0	0
365	A	0	0	0	0	0	0	0
366	L	0	0	0	0	0	0	0
367	Y	0	0	0	0	0	0	0
368	T	0	0	0	0	0	0	0
369	S	0	0	0	0	0	0	0
370	W	0	0	0	0	0	0	0
371	L	0	0	0	0	0	0	0
372	K	0	0	0	0	0	0	0
373	P	0	0	0	0	0	0	0
374	V	0	0	0	0	0	0	0
375	N	0	0	0	0	0	0	0
376	A	0	0	0	0	0	0	0
377	F	0	0	0	0	0	0	0
378	N	0	0	0	0	0	0	0
379	V	0	0	0	0	0	0	0
380	W	0	0	0	0	0	0	0
381	K	0	0	0	0	0	0	0
382	T	0	0	0	0	0	0	0
383	Q	0	0	0	0	0	0	0
384	R	0	0	0	0	0	0	0
385	A	0	0	0	0	0	0	0
386	F	0	0	0	0	0	0	0
387	S	0	0	0	0	0	0	0
388	K	0	0	0	0	0	0	0
389	Y	0	0	0	0	0	0	0
390	E	0	0	0	0	0	0	0
391	K	0	0	0	0	0	0	0
392	S	Phosphoserine	AFSKYEKSAVLVSNS	CHHHHCCEEEEEECC	0	0	0	0
393	A	0	0	0	0	0	0	0
394	V	0	0	0	0	0	0	0
395	L	0	0	0	0	0	0	0
396	V	0	0	0	0	0	0	0
397	S	0	0	0	0	0	0	0
398	N	0	0	0	0	0	0	0
399	S	0	0	0	0	0	0	0
400	Q	0	0	0	0	0	0	0
401	F	0	0	0	0	0	0	0
402	L	0	0	0	0	0	0	0
403	V	0	0	0	0	0	0	0
404	K	0	0	0	0	0	0	0
405	P	0	0	0	0	0	0	0
406	L	0	0	0	0	0	0	0
407	D	0	0	0	0	0	0	0
408	M	0	0	0	0	0	0	0
409	I	0	0	0	0	0	0	0
410	V	0	0	0	0	0	0	0
411	G	0	0	0	0	0	0	0
412	K	0	0	0	0	0	0	0
413	A	0	0	0	0	0	0	0
414	W	0	0	0	0	0	0	0
415	N	0	0	0	0	0	0	0
416	M	0	0	0	0	0	0	0
417	F	0	0	0	0	0	0	0
418	A	0	0	0	0	0	0	0
419	S	0	0	0	0	0	0	0
420	K	0	0	0	0	0	0	0
421	A	0	0	0	0	0	0	0
422	Y	0	0	0	0	0	0	0
423	I	0	0	0	0	0	0	0
424	H	0	0	0	0	0	0	0
425	Q	0	0	0	0	0	0	0
426	Y	0	0	0	0	0	0	0
427	T	0	0	0	0	0	0	0
428	K	0	0	0	0	0	0	0
429	F	0	0	0	0	0	0	0
430	G	0	0	0	0	0	0	0
431	I	0	0	0	0	0	0	0
432	E	0	0	0	0	0	0	0
433	E	0	0	0	0	0	0	0
434	E	0	0	0	0	0	0	0
435	D	0	0	0	0	0	0	0
436	F	0	0	0	0	0	0	0
437	L	0	0	0	0	0	0	0
438	D	0	0	0	0	0	0	0
439	S	0	0	0	0	0	0	0
440	F	0	0	0	0	0	0	0
441	T	0	0	0	0	0	0	0
442	S	0	0	0	0	0	0	0
443	L	0	0	0	0	0	0	0
444	E	0	0	0	0	0	0	0
445	Q	0	0	0	0	0	0	0
446	V	0	0	0	0	0	0	0
447	V	0	0	0	0	0	0	0
448	A	0	0	0	0	0	0	0
449	S	0	0	0	0	0	0	0
450	Y	0	0	0	0	0	0	0
451	C	0	0	0	0	0	0	0
452	N	0	0	0	0	0	0	0
453	L	0	0	0	0	0	0	0
