location	residue	Modification	seq	secStruc	RelatedDisease	VariantPosition	ResidueChange	DaPSbySAP
1	M	0	0	0	0	0	0	0
2	D	0	0	0	0	0	0	0
3	R	0	0	0	0	0	0	0
4	S	0	0	0	0	0	0	0
5	K	0	0	0	0	0	0	0
6	R	0	0	0	0	0	0	0
7	N	0	0	0	0	0	0	0
8	S	0	0	0	0	0	0	0
9	I	0	0	0	0	0	0	0
10	A	0	0	0	0	0	0	0
11	G	0	0	0	0	0	0	0
12	F	0	0	0	0	0	0	0
13	P	0	0	0	0	0	0	0
14	P	0	0	0	0	0	0	0
15	R	0	0	0	0	0	0	0
16	V	0	0	0	0	0	0	0
17	E	0	0	0	0	0	0	0
18	R	0	0	0	0	0	0	0
19	L	0	0	0	0	0	0	0
20	E	0	0	0	0	0	0	0
21	E	0	0	0	0	0	0	0
22	F	0	0	0	0	0	0	0
23	E	0	0	0	0	0	0	0
24	G	0	0	0	0	0	0	0
25	G	0	0	0	0	0	0	0
26	G	0	0	0	0	0	0	0
27	G	0	0	0	0	0	0	0
28	G	0	0	0	0	0	0	0
29	E	0	0	0	0	0	0	0
30	G	0	0	0	0	0	0	0
31	N	0	0	0	0	0	0	0
32	V	0	0	0	0	0	0	0
33	S	0	0	0	0	0	0	0
34	Q	0	0	0	0	0	0	0
35	V	0	0	0	0	0	0	0
36	G	0	0	0	0	0	0	0
37	R	0	0	0	0	0	0	0
38	V	0	0	0	0	0	0	0
39	W	0	0	0	0	0	0	0
40	P	0	0	0	0	0	0	0
41	S	0	0	0	0	0	0	0
42	S	0	0	0	0	0	0	0
43	Y	0	0	0	0	0	0	0
44	R	0	0	0	0	0	0	0
45	A	0	0	0	0	0	0	0
46	L	0	0	0	0	0	0	0
47	I	0	0	0	0	0	0	0
48	S	0	0	0	0	0	0	0
49	A	0	0	0	0	0	0	0
50	F	0	0	0	0	0	0	0
51	S	0	0	0	0	0	0	0
52	R	0	0	0	0	0	0	0
53	L	0	0	0	0	0	0	0
54	T	0	0	0	0	0	0	0
55	R	0	0	0	0	0	0	0
56	L	0	0	0	0	0	0	0
57	D	0	0	0	0	0	0	0
58	D	0	0	0	0	0	0	0
59	F	0	0	0	0	0	0	0
60	T	0	0	0	0	0	0	0
61	C	0	0	0	0	0	0	0
62	E	0	0	0	0	0	0	0
63	K	0	0	0	0	0	0	0
64	I	0	0	0	0	0	0	0
65	G	0	0	0	0	0	0	0
66	S	0	0	0	0	0	0	0
67	G	0	0	0	0	0	0	0
68	F	0	0	0	0	0	0	0
69	F	0	0	0	0	0	0	0
70	S	0	0	0	0	0	0	0
71	E	0	0	0	0	0	0	0
72	V	0	0	0	0	0	0	0
73	F	0	0	0	0	0	0	0
74	K	0	0	0	0	0	0	0
75	V	0	0	0	0	0	0	0
76	R	0	0	0	0	0	0	0
77	H	0	0	0	0	0	0	0
78	R	0	0	0	0	0	0	0
79	A	0	0	0	0	0	0	0
80	S	0	0	0	0	0	0	0
81	G	0	0	0	0	0	0	0
82	Q	0	0	0	0	0	0	0
83	V	0	0	0	0	0	0	0
84	M	0	0	0	0	0	0	0
85	A	0	0	0	0	0	0	0
86	L	0	0	0	0	0	0	0
87	K	0	0	0	0	0	0	0
88	M	0	0	0	0	0	0	0
89	N	0	0	0	0	0	0	0
90	T	0	0	0	0	0	0	0
91	L	0	0	0	0	0	0	0
92	S	0	0	0	0	0	0	0
93	S	0	0	0	0	0	0	0
94	N	0	0	0	0	0	0	0
95	R	0	0	0	0	0	0	0
96	A	0	0	0	0	0	0	0
97	N	0	0	0	0	0	0	0
98	M	0	0	0	0	0	0	0
99	L	0	0	0	0	0	0	0
100	K	0	0	0	0	0	0	0
101	E	0	0	0	0	0	0	0
102	V	0	0	0	0	0	0	0
103	Q	0	0	0	0	0	0	0
104	L	0	0	0	0	0	0	0
105	M	0	0	0	0	0	0	0
106	N	0	0	0	0	0	0	0
107	R	0	0	0	0	0	0	0
108	L	0	0	0	0	0	0	0
109	S	0	0	0	0	0	0	0
110	H	0	0	0	0	0	0	0
111	P	0	0	0	0	0	0	0
112	N	0	0	0	0	0	0	0
113	I	0	0	0	0	0	0	0
114	L	0	0	0	0	0	0	0
115	R	0	0	0	0	0	0	0
116	F	0	0	0	0	0	0	0
117	M	0	0	0	0	0	0	0
118	G	0	0	0	0	0	0	0
119	V	0	0	0	0	0	0	0
120	C	0	0	0	0	0	0	0
121	V	0	0	0	0	0	0	0
122	H	0	0	0	0	0	0	0
123	Q	0	0	0	0	0	0	0
124	G	0	0	0	0	0	0	0
125	Q	0	0	0	0	0	0	0
126	L	0	0	0	0	0	0	0
127	H	0	0	0	0	0	0	0
128	A	0	0	0	0	0	0	0
129	L	0	0	0	0	0	0	0
130	T	0	0	0	0	0	0	0
131	E	0	0	0	0	0	0	0
132	Y	0	0	0	0	0	0	0
133	I	0	0	0	0	0	0	0
134	N	0	0	0	0	0	0	0
135	S	0	0	0	0	0	0	0
136	G	0	0	0	0	0	0	0
137	N	0	0	0	0	0	0	0
138	L	0	0	0	0	0	0	0
139	E	0	0	0	0	0	0	0
140	Q	0	0	0	0	0	0	0
141	L	0	0	0	0	0	0	0
142	L	0	0	0	0	0	0	0
143	D	0	0	0	0	0	0	0
144	S	0	0	0	0	0	0	0
145	N	0	0	0	0	0	0	0
146	L	0	0	0	0	0	0	0
147	H	0	0	0	0	0	0	0
148	L	0	0	0	0	0	0	0
149	P	0	0	0	0	0	0	0
150	W	0	0	0	0	0	0	0
151	T	0	0	0	0	0	0	0
152	V	0	0	0	0	0	0	0
153	R	0	0	0	0	0	0	0
154	V	0	0	0	0	0	0	0
155	K	0	0	0	0	0	0	0
156	L	0	0	0	0	0	0	0
157	A	0	0	0	0	0	0	0
158	Y	0	0	0	0	0	0	0
159	D	0	0	0	0	0	0	0
160	I	0	0	0	0	0	0	0
161	A	0	0	0	0	0	0	0
162	V	0	0	0	0	0	0	0
163	G	0	0	0	0	0	0	0
164	L	0	0	0	0	0	0	0
165	S	0	0	0	0	0	0	0
166	Y	0	0	0	0	0	0	0
167	L	0	0	0	0	0	0	0
168	H	0	0	0	0	0	0	0
169	F	0	0	0	0	0	0	0
170	K	0	0	0	0	0	0	0
171	G	0	0	0	0	0	0	0
172	I	0	0	0	0	0	0	0
173	F	0	0	0	0	0	0	0
174	H	0	0	0	0	0	0	0
175	R	0	0	0	0	0	0	0
176	D	0	0	0	0	0	0	0
177	L	0	0	0	0	0	0	0
178	T	0	0	0	0	0	0	0
179	S	0	0	0	0	0	0	0
180	K	0	0	0	0	0	0	0
181	N	0	0	0	0	0	0	0
182	C	0	0	0	0	0	0	0
183	L	0	0	0	0	0	0	0
184	I	0	0	0	0	0	0	0
185	K	0	0	0	0	0	0	0
186	R	0	0	0	0	0	0	0
187	D	0	0	0	0	0	0	0
188	E	0	0	0	0	0	0	0
189	N	0	0	0	0	0	0	0
190	G	0	0	0	0	0	0	0
191	Y	0	0	0	0	0	0	0
192	S	0	0	0	0	0	0	0
193	A	0	0	0	0	0	0	0
194	V	0	0	0	0	0	0	0
195	V	0	0	0	0	0	0	0
196	A	0	0	0	0	0	0	0
197	D	0	0	0	0	0	0	0
198	F	0	0	0	0	0	0	0
199	G	0	0	0	0	0	0	0
200	L	0	0	0	0	0	0	0
201	A	0	0	0	0	0	0	0
202	E	0	0	0	0	0	0	0
203	K	0	0	0	0	0	0	0
204	I	0	0	0	0	0	0	0
205	P	0	0	0	0	0	0	0
206	D	0	0	0	0	0	0	0
207	V	0	0	0	0	0	0	0
208	S	0	0	0	0	0	0	0
209	M	0	0	0	0	0	0	0
210	G	0	0	0	0	0	0	0
211	S	0	0	0	0	0	0	0
212	E	0	0	0	0	0	0	0
213	K	0	0	0	0	0	0	0
214	L	0	0	0	0	0	0	0
215	A	0	0	0	0	0	0	0
216	V	0	0	0	0	0	0	0
217	V	0	0	0	0	0	0	0
218	G	0	0	0	0	0	0	0
219	S	Phosphoserine	EKLAVVGSPFWMAPE	CEEEEECCCCCCCHH	0	0	0	0
220	P	0	0	0	0	0	0	0
221	F	0	0	0	0	0	0	0
222	W	0	0	0	0	0	0	0
223	M	0	0	0	0	0	0	0
224	A	0	0	0	0	0	0	0
225	P	0	0	0	0	0	0	0
226	E	0	0	0	0	0	0	0
227	V	0	0	0	0	0	0	0
228	L	0	0	0	0	0	0	0
229	R	0	0	0	0	0	0	0
230	D	0	0	0	0	0	0	0
231	E	0	0	0	0	0	0	0
232	P	0	0	0	0	0	0	0
233	Y	0	0	0	0	0	0	0
234	N	0	0	0	0	0	0	0
235	E	0	0	0	0	0	0	0
236	K	0	0	0	0	0	0	0
237	A	0	0	0	0	0	0	0
238	D	0	0	0	0	0	0	0
239	V	0	0	0	0	0	0	0
240	F	0	0	0	0	0	0	0
241	S	0	0	0	0	0	0	0
242	Y	0	0	0	0	0	0	0
243	G	0	0	0	0	0	0	0
244	I	0	0	0	0	0	0	0
245	I	0	0	0	0	0	0	0
246	L	0	0	0	0	0	0	0
247	C	0	0	0	0	0	0	0
248	E	0	0	0	0	0	0	0
249	I	0	0	0	0	0	0	0
250	I	0	0	0	0	0	0	0
251	A	0	0	0	0	0	0	0
252	R	0	0	0	0	0	0	0
253	I	0	0	0	0	0	0	0
254	Q	0	0	0	0	0	0	0
255	A	0	0	0	0	0	0	0
256	D	0	0	0	0	0	0	0
257	P	0	0	0	0	0	0	0
258	D	0	0	0	0	0	0	0
259	Y	0	0	0	0	0	0	0
260	L	0	0	0	0	0	0	0
261	P	0	0	0	0	0	0	0
262	R	0	0	0	0	0	0	0
263	T	0	0	0	0	0	0	0
264	E	0	0	0	0	0	0	0
265	N	0	0	0	0	0	0	0
266	F	0	0	0	0	0	0	0
267	G	0	0	0	0	0	0	0
268	L	0	0	0	0	0	0	0
269	D	0	0	0	0	0	0	0
270	Y	0	0	0	0	0	0	0
271	D	0	0	0	0	0	0	0
272	A	0	0	0	0	0	0	0
273	F	0	0	0	0	0	0	0
274	Q	0	0	0	0	0	0	0
275	H	0	0	0	0	0	0	0
276	M	0	0	0	0	0	0	0
277	V	0	0	0	0	0	0	0
278	G	0	0	0	0	0	0	0
279	D	0	0	0	0	0	0	0
280	C	0	0	0	0	0	0	0
281	P	0	0	0	0	0	0	0
282	P	0	0	0	0	0	0	0
283	D	0	0	0	0	0	0	0
284	F	0	0	0	0	0	0	0
285	L	0	0	0	0	0	0	0
286	Q	0	0	0	0	0	0	0
287	L	0	0	0	0	0	0	0
288	T	0	0	0	0	0	0	0
289	F	0	0	0	0	0	0	0
290	N	0	0	0	0	0	0	0
291	C	0	0	0	0	0	0	0
292	C	0	0	0	0	0	0	0
293	N	0	0	0	0	0	0	0
294	M	0	0	0	0	0	0	0
295	D	0	0	0	0	0	0	0
296	P	0	0	0	0	0	0	0
297	K	0	0	0	0	0	0	0
298	L	0	0	0	0	0	0	0
299	R	0	0	0	0	0	0	0
300	P	0	0	0	0	0	0	0
301	S	0	0	0	0	0	0	0
302	F	0	0	0	0	0	0	0
303	V	0	0	0	0	0	0	0
304	E	0	0	0	0	0	0	0
305	I	0	0	0	0	0	0	0
306	G	0	0	0	0	0	0	0
307	K	0	0	0	0	0	0	0
308	T	0	0	0	0	0	0	0
309	L	0	0	0	0	0	0	0
310	E	0	0	0	0	0	0	0
311	E	0	0	0	0	0	0	0
312	I	0	0	0	0	0	0	0
313	L	0	0	0	0	0	0	0
314	S	0	0	0	0	0	0	0
315	R	0	0	0	0	0	0	0
316	L	0	0	0	0	0	0	0
317	Q	0	0	0	0	0	0	0
318	E	0	0	0	0	0	0	0
319	E	0	0	0	0	0	0	0
320	E	0	0	0	0	0	0	0
321	Q	0	0	0	0	0	0	0
322	E	0	0	0	0	0	0	0
323	R	0	0	0	0	0	0	0
324	D	0	0	0	0	0	0	0
325	R	0	0	0	0	0	0	0
326	K	0	0	0	0	0	0	0
327	L	0	0	0	0	0	0	0
328	Q	0	0	0	0	0	0	0
329	P	0	0	0	0	0	0	0
330	T	0	0	0	0	0	0	0
331	A	0	0	0	0	0	0	0
332	R	0	0	0	0	0	0	0
333	G	0	0	0	0	0	0	0
334	L	0	0	0	0	0	0	0
335	L	0	0	0	0	0	0	0
336	E	0	0	0	0	0	0	0
337	K	0	0	0	0	0	0	0
338	A	0	0	0	0	0	0	0
339	P	0	0	0	0	0	0	0
340	G	0	0	0	0	0	0	0
341	V	0	0	0	0	0	0	0
342	K	0	0	0	0	0	0	0
343	R	0	0	0	0	0	0	0
344	L	0	0	0	0	0	0	0
345	S	0	0	0	0	0	0	0
346	S	Phosphoserine	PGVKRLSSLDDKIPH	CCCCCCCCCCCCCCC	0	0	0	0
347	L	0	0	0	0	0	0	0
348	D	0	0	0	0	0	0	0
349	D	0	0	0	0	0	0	0
350	K	0	0	0	0	0	0	0
351	I	0	0	0	0	0	0	0
352	P	0	0	0	0	0	0	0
353	H	0	0	0	0	0	0	0
354	K	0	0	0	0	0	0	0
355	S	0	0	0	0	0	0	0
356	P	0	0	0	0	0	0	0
357	C	0	0	0	0	0	0	0
358	P	0	0	0	0	0	0	0
359	R	0	0	0	0	0	0	0
360	R	0	0	0	0	0	0	0
361	T	0	0	0	0	0	0	0
362	I	0	0	0	0	0	0	0
363	W	0	0	0	0	0	0	0
364	L	0	0	0	0	0	0	0
365	S	0	0	0	0	0	0	0
366	R	0	0	0	0	0	0	0
367	S	Phosphoserine	RTIWLSRSQSDIFSR	CEEEEECCHHHHHCC	Immature fraction of reticulocytes:reticulocyte count;Mean platelet volume:mean platelet volume;High light scatter reticulocyte percentage of red cells:reticulocyte count	372 (5)	0	0
368	Q	0	0	0	0	0	0	0
369	S	Phosphoserine	IWLSRSQSDIFSRKP	EEEECCHHHHHCCCC	Immature fraction of reticulocytes:reticulocyte count;Mean platelet volume:mean platelet volume;High light scatter reticulocyte percentage of red cells:reticulocyte count	372 (3)	0	0
370	D	0	0	0	0	0	0	0
371	I	0	0	0	0	0	0	0
372	F	0	0	0	0	0	C	367,369
373	S	0	0	0	0	0	0	0
374	R	0	0	0	0	0	0	0
375	K	0	0	0	0	0	0	0
376	P	0	0	0	0	0	0	0
377	P	0	0	0	0	0	0	0
378	R	0	0	0	0	0	0	0
379	T	0	0	0	0	0	0	0
380	V	0	0	0	0	0	0	0
381	S	0	0	0	0	0	0	0
382	V	0	0	0	0	0	0	0
383	L	0	0	0	0	0	0	0
384	D	0	0	0	0	0	0	0
385	P	0	0	0	0	0	0	0
386	Y	0	0	0	0	0	0	0
387	Y	0	0	0	0	0	0	0
388	R	0	0	0	0	0	0	0
389	P	0	0	0	0	0	0	0
390	R	0	0	0	0	0	0	0
391	D	0	0	0	0	0	0	0
392	G	0	0	0	0	0	0	0
393	A	0	0	0	0	0	0	0
394	A	0	0	0	0	0	0	0
395	R	0	0	0	0	0	0	0
396	T	0	0	0	0	0	0	0
397	P	0	0	0	0	0	0	0
398	K	0	0	0	0	0	0	0
399	V	0	0	0	0	0	0	0
400	N	0	0	0	0	0	0	0
401	P	0	0	0	0	0	0	0
402	F	0	0	0	0	0	0	0
403	S	0	0	0	0	0	0	0
404	A	0	0	0	0	0	0	0
405	R	0	0	0	0	0	0	0
406	Q	0	0	0	0	0	0	0
407	D	0	0	0	0	0	0	0
408	L	0	0	0	0	0	0	0
409	M	0	0	0	0	0	0	0
410	G	0	0	0	0	0	0	0
411	G	0	0	0	0	0	0	0
412	K	0	0	0	0	0	0	0
413	I	0	0	0	0	0	0	0
414	K	0	0	0	0	0	0	0
415	F	0	0	0	0	0	0	0
416	F	0	0	0	0	0	0	0
417	D	0	0	0	0	0	0	0
418	L	0	0	0	0	0	0	0
419	P	0	0	0	0	0	0	0
420	S	0	0	0	0	0	0	0
421	K	0	0	0	0	0	0	0
422	S	0	0	0	0	0	0	0
423	V	0	0	0	0	0	0	0
424	I	0	0	0	0	0	0	0
425	S	0	0	0	0	0	0	0
426	L	0	0	0	0	0	0	0
427	V	0	0	0	0	0	0	0
428	F	0	0	0	0	0	0	0
429	D	0	0	0	0	0	0	0
430	L	0	0	0	0	0	0	0
431	D	0	0	0	0	0	0	0
432	A	0	0	0	0	0	0	0
433	P	0	0	0	0	0	0	0
434	G	0	0	0	0	0	0	0
435	P	0	0	0	0	0	0	0
436	G	0	0	0	0	0	0	0
437	T	0	0	0	0	0	0	0
438	M	0	0	0	0	0	0	0
439	P	0	0	0	0	0	0	0
440	L	0	0	0	0	0	0	0
441	A	0	0	0	0	0	0	0
442	D	0	0	0	0	0	0	0
443	W	0	0	0	0	0	0	0
444	Q	0	0	0	0	0	0	0
445	E	0	0	0	0	0	0	0
446	P	0	0	0	0	0	0	0
447	L	0	0	0	0	0	0	0
448	A	0	0	0	0	0	0	0
449	P	0	0	0	0	0	0	0
450	P	0	0	0	0	0	0	0
451	I	0	0	0	0	0	0	0
452	R	0	0	0	0	0	0	0
453	R	0	0	0	0	0	0	0
454	W	0	0	0	0	0	0	0
455	R	0	0	0	0	0	0	0
456	S	Phosphoserine	PPIRRWRSLPGSPEF	CCCHHHHCCCCCHHH	0	0	0	0
457	L	0	0	0	0	0	0	0
458	P	0	0	0	0	0	0	0
459	G	0	0	0	0	0	0	0
460	S	Phosphoserine	RWRSLPGSPEFLHQE	HHHCCCCCHHHHCCC	0	0	0	0
461	P	0	0	0	0	0	0	0
462	E	0	0	0	0	0	0	0
463	F	0	0	0	0	0	0	0
464	L	0	0	0	0	0	0	0
465	H	0	0	0	0	0	0	0
466	Q	0	0	0	0	0	0	0
467	E	0	0	0	0	0	0	0
468	A	0	0	0	0	0	0	0
469	C	0	0	0	0	0	0	0
470	P	0	0	0	0	0	0	0
471	F	0	0	0	0	0	0	0
472	V	0	0	0	0	0	0	0
473	G	0	0	0	0	0	0	0
474	R	0	0	0	0	0	0	0
475	E	0	0	0	0	0	0	0
476	E	0	0	0	0	0	0	0
477	S	Phosphoserine	PFVGREESLSDGPPP	CCCCCCHHHCCCCCC	0	0	0	0
478	L	0	0	0	0	0	0	0
479	S	0	0	0	0	0	0	0
480	D	0	0	0	0	0	0	0
481	G	0	0	0	0	0	0	0
482	P	0	0	0	0	0	0	0
483	P	0	0	0	0	0	0	0
484	P	0	0	0	0	0	0	0
485	R	0	0	0	0	0	0	0
486	L	0	0	0	0	0	0	0
487	S	0	0	0	0	0	0	0
488	S	Phosphoserine	GPPPRLSSLKYRVKE	CCCCCHHHCCEEHHC	0	0	0	0
489	L	0	0	0	0	0	0	0
490	K	0	0	0	0	0	0	0
491	Y	0	0	0	0	0	0	0
492	R	0	0	0	0	0	0	0
493	V	0	0	0	0	0	0	0
494	K	0	0	0	0	0	0	0
495	E	0	0	0	0	0	0	0
496	I	0	0	0	0	0	0	0
497	P	0	0	0	0	0	0	0
498	P	0	0	0	0	0	0	0
499	F	0	0	0	0	0	0	0
500	R	0	0	0	0	0	0	0
501	A	0	0	0	0	0	0	0
502	S	0	0	0	0	0	0	0
503	A	0	0	0	0	0	0	0
504	L	0	0	0	0	0	0	0
505	P	0	0	0	0	0	0	0
506	A	0	0	0	0	0	0	0
507	A	0	0	0	0	0	0	0
508	Q	0	0	0	0	0	0	0
509	A	0	0	0	0	0	0	0
510	H	0	0	0	0	0	0	0
511	E	0	0	0	0	0	0	0
512	A	0	0	0	0	0	0	0
513	M	0	0	0	0	0	0	0
514	D	0	0	0	0	0	0	0
515	C	0	0	0	0	0	0	0
516	S	0	0	0	0	0	0	0
517	I	0	0	0	0	0	0	0
518	L	0	0	0	0	0	0	0
519	Q	0	0	0	0	0	0	0
520	E	0	0	0	0	0	0	0
521	E	0	0	0	0	0	0	0
522	N	0	0	0	0	0	0	0
523	G	0	0	0	0	0	0	0
524	F	0	0	0	0	0	0	0
525	G	0	0	0	0	0	0	0
526	S	0	0	0	0	0	0	0
527	R	0	0	0	0	0	0	0
528	P	0	0	0	0	0	0	0
529	Q	0	0	0	0	0	0	0
530	G	0	0	0	0	0	0	0
531	T	0	0	0	0	0	0	0
532	S	0	0	0	0	0	0	0
533	P	0	0	0	0	0	0	0
534	C	0	0	0	0	0	0	0
535	P	0	0	0	0	0	0	0
536	A	0	0	0	0	0	0	0
537	G	0	0	0	0	0	0	0
538	A	0	0	0	0	0	0	0
539	S	0	0	0	0	0	0	0
540	E	0	0	0	0	0	0	0
541	E	0	0	0	0	0	0	0
542	M	0	0	0	0	0	0	0
543	E	0	0	0	0	0	0	0
544	V	0	0	0	0	0	0	0
545	E	0	0	0	0	0	0	0
546	E	0	0	0	0	0	0	0
547	R	0	0	0	0	0	0	0
548	P	0	0	0	0	0	0	0
549	A	0	0	0	0	0	0	0
550	G	0	0	0	0	0	0	0
551	S	0	0	0	0	0	0	0
552	T	0	0	0	0	0	0	0
553	P	0	0	0	0	0	0	0
554	A	0	0	0	0	0	0	0
555	T	0	0	0	0	0	0	0
556	F	0	0	0	0	0	0	0
557	S	0	0	0	0	0	0	0
558	T	0	0	0	0	0	0	0
559	S	0	0	0	0	0	0	0
560	G	0	0	0	0	0	0	0
561	I	0	0	0	0	0	0	0
562	G	0	0	0	0	0	0	0
563	L	0	0	0	0	0	0	0
564	Q	0	0	0	0	0	0	0
565	T	0	0	0	0	0	0	0
566	Q	0	0	0	0	0	0	0
567	G	0	0	0	0	0	0	0
568	K	0	0	0	0	0	0	0
569	Q	0	0	0	0	0	0	0
570	D	0	0	0	0	0	0	0
571	G	0	0	0	0	0	0	0
