location	residue	Modification	seq	secStruc	RelatedDisease	VariantPosition	ResidueChange	DaPSbySAP
1	M	0	0	0	0	0	0	0
2	D	0	0	0	0	0	0	0
3	S	0	0	0	0	0	0	0
4	L	0	0	0	0	0	0	0
5	A	0	0	0	0	0	0	0
6	S	0	0	0	0	0	0	0
7	L	0	0	0	0	0	0	0
8	V	0	0	0	0	0	0	0
9	L	0	0	0	0	0	0	0
10	C	0	0	0	0	0	0	0
11	G	0	0	0	0	0	0	0
12	V	0	0	0	0	0	0	0
13	S	0	0	0	0	0	0	0
14	L	0	0	0	0	0	0	0
15	L	0	0	0	0	0	0	0
16	L	0	0	0	0	0	0	0
17	S	0	0	0	0	0	0	0
18	G	0	0	0	0	0	0	0
19	T	0	0	0	0	0	0	0
20	V	0	0	0	0	0	0	0
21	E	0	0	0	0	0	0	0
22	G	0	0	0	0	0	0	0
23	A	0	0	0	0	0	0	0
24	M	0	0	0	0	0	0	0
25	D	0	0	0	0	0	0	0
26	L	0	0	0	0	0	0	0
27	I	0	0	0	0	0	0	0
28	L	0	0	0	0	0	0	0
29	I	0	0	0	0	0	0	0
30	N	0	0	0	0	0	0	0
31	S	0	0	0	0	0	0	0
32	L	0	0	0	0	0	0	0
33	P	0	0	0	0	0	0	0
34	L	0	0	0	0	0	0	0
35	V	0	0	0	0	0	0	0
36	S	0	0	0	0	0	0	0
37	D	0	0	0	0	0	0	0
38	A	0	0	0	0	0	0	0
39	E	0	0	0	0	0	0	0
40	T	0	0	0	0	0	0	0
41	S	0	0	0	0	0	0	0
42	L	0	0	0	0	0	0	0
43	T	0	0	0	0	0	0	0
44	C	0	0	0	0	0	0	0
45	I	0	0	0	0	0	0	0
46	A	0	0	0	0	0	0	0
47	S	0	0	0	0	0	0	0
48	G	0	0	0	0	0	0	0
49	W	0	0	0	0	0	0	0
50	R	0	0	0	0	0	0	0
51	P	0	0	0	0	0	0	0
52	H	0	0	0	0	0	0	0
53	E	0	0	0	0	0	0	0
54	P	0	0	0	0	0	0	0
55	I	0	0	0	0	0	0	0
56	T	0	0	0	0	0	0	0
57	I	0	0	0	0	0	0	0
58	G	0	0	0	0	0	0	0
59	R	0	0	0	0	0	0	0
60	D	0	0	0	0	0	0	0
61	F	0	0	0	0	0	0	0
62	E	0	0	0	0	0	0	0
63	A	0	0	0	0	0	0	0
64	L	0	0	0	0	0	0	0
65	M	0	0	0	0	0	0	0
66	N	0	0	0	0	0	0	0
67	Q	0	0	0	0	0	0	0
68	H	0	0	0	0	0	0	0
69	Q	0	0	0	0	0	0	0
70	D	0	0	0	0	0	0	0
71	P	0	0	0	0	0	0	0
72	L	0	0	0	0	0	0	0
73	E	0	0	0	0	0	0	0
74	V	0	0	0	0	0	0	0
75	T	0	0	0	0	0	0	0
76	Q	0	0	0	0	0	0	0
77	D	0	0	0	0	0	0	0
78	V	0	0	0	0	0	0	0
79	T	0	0	0	0	0	0	0
80	R	0	0	0	0	0	0	0
81	E	0	0	0	0	0	0	0
82	W	0	0	0	0	0	0	0
83	A	0	0	0	0	0	0	0
84	K	0	0	0	0	0	0	0
85	K	0	0	0	0	0	0	0
86	V	0	0	0	0	0	0	0
87	V	0	0	0	0	0	0	0
88	W	0	0	0	0	0	0	0
89	K	0	0	0	0	0	0	0
90	R	0	0	0	0	0	0	0
91	E	0	0	0	0	0	0	0
92	K	0	0	0	0	0	0	0
93	A	0	0	0	0	0	0	0
94	S	0	0	0	0	0	0	0
95	K	0	0	0	0	0	0	0
96	I	0	0	0	0	0	0	0
97	N	0	0	0	0	0	0	0
98	G	0	0	0	0	0	0	0
99	A	0	0	0	0	0	0	0
100	Y	0	0	0	0	0	0	0
101	F	0	0	0	0	0	0	0
102	C	0	0	0	0	0	0	0
103	E	0	0	0	0	0	0	0
104	G	0	0	0	0	0	0	0
105	R	0	0	0	0	0	0	0
106	V	0	0	0	0	0	0	0
107	R	0	0	0	0	0	0	0
108	G	0	0	0	0	0	0	0
109	E	0	0	0	0	0	0	0
110	A	0	0	0	0	0	0	0
111	I	0	0	0	0	0	0	0
112	R	0	0	0	0	0	0	0
113	I	0	0	0	0	0	0	0
114	R	0	0	0	0	0	0	0
115	T	Phosphothreonine	GEAIRIRTMKMRQQA	CCEEHHEEEHHHHCC	0	0	0	0
116	M	0	0	0	0	0	0	0
117	K	0	0	0	0	0	0	0
118	M	0	0	0	0	0	0	0
119	R	0	0	0	0	0	0	0
120	Q	0	0	0	0	0	0	0
121	Q	0	0	0	0	0	0	0
122	A	0	0	0	0	0	0	0
123	S	0	0	0	0	0	0	0
124	F	0	0	0	0	0	0	0
125	L	0	0	0	0	0	0	0
126	P	0	0	0	0	0	0	0
127	A	0	0	0	0	0	0	0
128	T	0	0	0	0	0	0	0
129	L	0	0	0	0	0	0	0
130	T	0	0	0	0	0	0	0
131	M	0	0	0	0	0	0	0
132	T	0	0	0	0	0	0	0
133	V	0	0	0	0	0	0	0
134	D	0	0	0	0	0	0	0
135	K	0	0	0	0	0	0	0
136	G	0	0	0	0	0	0	0
137	D	0	0	0	0	0	0	0
138	N	0	0	0	0	0	0	0
139	V	0	0	0	0	0	0	0
140	N	N-linked (GlcNAc)	VDKGDNVNISFKKVL	EECCCCEEEEEEEEE	0	0	0	0
141	I	0	0	0	0	0	0	0
142	S	Phosphoserine	KGDNVNISFKKVLIK	CCCCEEEEEEEEEEC	0	0	0	0
143	F	0	0	0	0	0	0	0
144	K	0	0	0	0	0	0	0
145	K	0	0	0	0	0	0	0
146	V	0	0	0	0	0	0	0
147	L	0	0	0	0	0	0	0
148	I	0	0	0	0	0	0	0
149	K	0	0	0	0	0	0	0
150	E	0	0	0	0	0	0	0
151	E	0	0	0	0	0	0	0
152	D	0	0	0	0	0	0	0
153	A	0	0	0	0	0	0	0
154	V	0	0	0	0	0	0	0
155	I	0	0	0	0	0	0	0
156	Y	0	0	0	0	0	0	0
157	K	0	0	0	0	0	0	0
158	N	0	0	0	0	0	0	0
159	G	0	0	0	0	0	0	0
160	S	0	0	0	0	0	0	0
161	F	0	0	0	0	0	0	0
162	I	0	0	0	0	0	0	0
163	H	0	0	0	0	0	0	0
164	S	Phosphoserine	KNGSFIHSVPRHEVP	ECCCEEEECCCCCCC	0	0	0	0
165	V	0	0	0	0	0	0	0
166	P	0	0	0	0	0	0	0
167	R	0	0	0	0	0	0	0
168	H	0	0	0	0	0	0	0
169	E	0	0	0	0	0	0	0
170	V	0	0	0	0	0	0	0
171	P	0	0	0	0	0	0	0
172	D	0	0	0	0	0	0	0
173	I	0	0	0	0	0	0	0
174	L	0	0	0	0	0	0	0
175	E	0	0	0	0	0	0	0
176	V	0	0	0	0	0	0	0
177	H	0	0	0	0	0	0	0
178	L	0	0	0	0	0	0	0
179	P	0	0	0	0	0	0	0
180	H	0	0	0	0	0	0	0
181	A	0	0	0	0	0	0	0
182	Q	0	0	0	0	0	0	0
183	P	0	0	0	0	0	0	0
184	Q	0	0	0	0	0	0	0
185	D	0	0	0	0	0	0	0
186	A	0	0	0	0	0	0	0
187	G	0	0	0	0	0	0	0
188	V	0	0	0	0	0	0	0
189	Y	0	0	0	0	0	0	0
190	S	0	0	0	0	0	0	0
191	A	0	0	0	0	0	0	0
192	R	0	0	0	0	0	0	0
193	Y	0	0	0	0	0	0	0
194	I	0	0	0	0	0	0	0
195	G	0	0	0	0	0	0	0
196	G	0	0	0	0	0	0	0
197	N	0	0	0	0	0	0	0
198	L	0	0	0	0	0	0	0
199	F	0	0	0	0	0	0	0
200	T	0	0	0	0	0	0	0
201	S	0	0	0	0	0	0	0
202	A	0	0	0	0	0	0	0
203	F	0	0	0	0	0	0	0
204	T	0	0	0	0	0	0	0
205	R	0	0	0	0	0	0	0
206	L	0	0	0	0	0	0	0
207	I	0	0	0	0	0	0	0
208	V	0	0	0	0	0	0	0
209	R	0	0	0	0	0	0	0
210	R	0	0	0	0	0	0	0
211	C	0	0	0	0	0	0	0
212	E	0	0	0	0	0	0	0
213	A	0	0	0	0	0	0	0
214	Q	0	0	0	0	0	0	0
215	K	0	0	0	0	0	0	0
216	W	0	0	0	0	0	0	0
217	G	0	0	0	0	0	0	0
218	P	0	0	0	0	0	0	0
219	E	0	0	0	0	0	0	0
220	C	0	0	0	0	0	0	0
221	N	0	0	0	0	0	0	0
222	H	0	0	0	0	0	0	0
223	L	0	0	0	0	0	0	0
224	C	0	0	0	0	0	0	0
225	T	0	0	0	0	0	0	0
226	A	0	0	0	0	0	0	0
227	C	0	0	0	0	0	0	0
228	M	0	0	0	0	0	0	0
229	N	0	0	0	0	0	0	0
230	N	0	0	0	0	0	0	0
231	G	0	0	0	0	0	0	0
232	V	0	0	0	0	0	0	0
233	C	0	0	0	0	0	0	0
234	H	0	0	0	0	0	0	0
235	E	0	0	0	0	0	0	0
236	D	0	0	0	0	0	0	0
237	T	0	0	0	0	0	0	0
238	G	0	0	0	0	0	0	0
239	E	0	0	0	0	0	0	0
240	C	0	0	0	0	0	0	0
241	I	0	0	0	0	0	0	0
242	C	0	0	0	0	0	0	0
243	P	0	0	0	0	0	0	0
244	P	0	0	0	0	0	0	0
245	G	0	0	0	0	0	0	0
246	F	0	0	0	0	0	0	0
247	M	0	0	0	0	0	0	0
248	G	0	0	0	0	0	0	0
249	R	0	0	0	0	0	0	0
250	T	0	0	0	0	0	0	0
251	C	0	0	0	0	0	0	0
252	E	0	0	0	0	0	0	0
253	K	0	0	0	0	0	0	0
254	A	0	0	0	0	0	0	0
255	C	0	0	0	0	0	0	0
256	E	0	0	0	0	0	0	0
257	L	0	0	0	0	0	0	0
258	H	0	0	0	0	0	0	0
259	T	0	0	0	0	0	0	0
260	F	0	0	0	0	0	0	0
261	G	0	0	0	0	0	0	0
262	R	0	0	0	0	0	0	0
263	T	0	0	0	0	0	0	0
264	C	0	0	0	0	0	0	0
265	K	0	0	0	0	0	0	0
266	E	0	0	0	0	0	0	0
267	R	0	0	0	0	0	0	0
268	C	0	0	0	0	0	0	0
269	S	0	0	0	0	0	0	0
270	G	0	0	0	0	0	0	0
271	Q	0	0	0	0	0	0	0
272	E	0	0	0	0	0	0	0
273	G	0	0	0	0	0	0	0
274	C	0	0	0	0	0	0	0
275	K	0	0	0	0	0	0	0
276	S	0	0	0	0	0	0	0
277	Y	0	0	0	0	0	0	0
278	V	0	0	0	0	0	0	0
279	F	0	0	0	0	0	0	0
280	C	0	0	0	0	0	0	0
281	L	0	0	0	0	0	0	0
282	P	0	0	0	0	0	0	0
283	D	0	0	0	0	0	0	0
284	P	0	0	0	0	0	0	0
285	Y	0	0	0	0	0	0	0
286	G	0	0	0	0	0	0	0
287	C	0	0	0	0	0	0	0
288	S	0	0	0	0	0	0	0
289	C	0	0	0	0	0	0	0
290	A	0	0	0	0	0	0	0
291	T	0	0	0	0	0	0	0
292	G	0	0	0	0	0	0	0
293	W	0	0	0	0	0	0	0
294	K	0	0	0	0	0	0	0
295	G	0	0	0	0	0	0	0
296	L	0	0	0	0	0	0	0
297	Q	0	0	0	0	0	0	0
298	C	0	0	0	0	0	0	0
299	N	0	0	0	0	0	0	0
300	E	0	0	0	0	0	0	0
301	A	0	0	0	0	0	0	0
302	C	0	0	0	0	0	0	0
303	H	0	0	0	0	0	0	0
304	P	0	0	0	0	0	0	0
305	G	0	0	0	0	0	0	0
306	F	0	0	0	0	0	0	0
307	Y	0	0	0	0	0	0	0
308	G	0	0	0	0	0	0	0
309	P	0	0	0	0	0	0	0
310	D	0	0	0	0	0	0	0
311	C	0	0	0	0	0	0	0
312	K	0	0	0	0	0	0	0
313	L	0	0	0	0	0	0	0
314	R	0	0	0	0	0	0	0
315	C	0	0	0	0	0	0	0
316	S	0	0	0	0	0	0	0
317	C	0	0	0	0	0	0	0
318	N	0	0	0	0	0	0	0
319	N	0	0	0	0	0	0	0
320	G	0	0	0	0	0	0	0
321	E	0	0	0	0	0	0	0
322	M	0	0	0	0	0	0	0
323	C	0	0	0	0	0	0	0
324	D	0	0	0	0	0	0	0
325	R	0	0	0	0	0	0	0
326	F	0	0	0	0	0	0	0
327	Q	0	0	0	0	0	0	0
328	G	0	0	0	0	0	0	0
329	C	0	0	0	0	0	0	0
330	L	0	0	0	0	0	0	0
331	C	0	0	0	0	0	0	0
332	S	0	0	0	0	0	0	0
333	P	0	0	0	0	0	0	0
334	G	0	0	0	0	0	0	0
335	W	0	0	0	0	0	0	0
336	Q	0	0	0	0	0	0	0
337	G	0	0	0	0	0	0	0
338	L	0	0	0	0	0	0	0
339	Q	0	0	0	0	0	0	0
340	C	0	0	0	0	0	0	0
341	E	0	0	0	0	0	0	0
342	R	0	0	0	0	0	0	0
343	E	0	0	0	0	0	0	0
344	G	0	0	0	0	0	0	0
345	I	0	0	0	0	0	0	0
346	Q	0	0	0	0	0	0	0
347	R	0	0	0	0	0	0	0
348	M	0	0	0	0	0	0	0
349	T	0	0	0	0	0	0	0
350	P	0	0	0	0	0	0	0
351	K	0	0	0	0	0	0	0
352	I	0	0	0	0	0	0	0
353	V	0	0	0	0	0	0	0
354	D	0	0	0	0	0	0	0
355	L	0	0	0	0	0	0	0
356	P	0	0	0	0	0	0	0
357	D	0	0	0	0	0	0	0
358	H	0	0	0	0	0	0	0
359	I	0	0	0	0	0	0	0
360	E	0	0	0	0	0	0	0
361	V	0	0	0	0	0	0	0
362	N	0	0	0	0	0	0	0
363	S	0	0	0	0	0	0	0
364	G	0	0	0	0	0	0	0
365	K	0	0	0	0	0	0	0
366	F	0	0	0	0	0	0	0
367	N	0	0	0	0	0	0	0
368	P	0	0	0	0	0	0	0
369	I	0	0	0	0	0	0	0
370	C	0	0	0	0	0	0	0
371	K	0	0	0	0	0	0	0
372	A	0	0	0	0	0	0	0
373	S	0	0	0	0	0	0	0
374	G	0	0	0	0	0	0	0
375	W	0	0	0	0	0	0	0
376	P	0	0	0	0	0	0	0
377	L	0	0	0	0	0	0	0
378	P	0	0	0	0	0	0	0
379	T	0	0	0	0	0	0	0
380	N	0	0	0	0	0	0	0
381	E	0	0	0	0	0	0	0
382	E	0	0	0	0	0	0	0
383	M	0	0	0	0	0	0	0
384	T	0	0	0	0	0	0	0
385	L	0	0	0	0	0	0	0
386	V	0	0	0	0	0	0	0
387	K	0	0	0	0	0	0	0
388	P	0	0	0	0	0	0	0
389	D	0	0	0	0	0	0	0
390	G	0	0	0	0	0	0	0
391	T	0	0	0	0	0	0	0
392	V	0	0	0	0	0	0	0
393	L	0	0	0	0	0	0	0
394	H	0	0	0	0	0	0	0
395	P	0	0	0	0	0	0	0
396	K	0	0	0	0	0	0	0
397	D	0	0	0	0	0	0	0
398	F	0	0	0	0	0	0	0
399	N	0	0	0	0	0	0	0
400	H	0	0	0	0	0	0	0
401	T	0	0	0	0	0	0	0
402	D	0	0	0	0	0	0	0
403	H	0	0	0	0	0	0	0
404	F	0	0	0	0	0	0	0
405	S	0	0	0	0	0	0	0
406	V	0	0	0	0	0	0	0
407	A	0	0	0	0	0	0	0
408	I	0	0	0	0	0	0	0
409	F	0	0	0	0	0	0	0
410	T	0	0	0	0	0	0	0
411	I	0	0	0	0	0	0	0
412	H	0	0	0	0	0	0	0
413	R	0	0	0	0	0	0	0
414	I	0	0	0	0	0	0	0
415	L	0	0	0	0	0	0	0
416	P	0	0	0	0	0	0	0
417	P	0	0	0	0	0	0	0
418	D	0	0	0	0	0	0	0
419	S	0	0	0	0	0	0	0
420	G	0	0	0	0	0	0	0
421	V	0	0	0	0	0	0	0
422	W	0	0	0	0	0	0	0
423	V	0	0	0	0	0	0	0
424	C	0	0	0	0	0	0	0
425	S	0	0	0	0	0	0	0
426	V	0	0	0	0	0	0	0
427	N	0	0	0	0	0	0	0
428	T	0	0	0	0	0	0	0
429	V	0	0	0	0	0	0	0
430	A	0	0	0	0	0	0	0
431	G	0	0	0	0	0	0	0
432	M	0	0	0	0	0	0	0
433	V	0	0	0	0	0	0	0
434	E	0	0	0	0	0	0	0
435	K	0	0	0	0	0	0	0
436	P	0	0	0	0	0	0	0
437	F	0	0	0	0	0	0	0
438	N	0	0	0	0	0	0	0
439	I	0	0	0	0	0	0	0
440	S	0	0	0	0	0	0	0
441	V	0	0	0	0	0	0	0
442	K	0	0	0	0	0	0	0
443	V	0	0	0	0	0	0	0
444	L	0	0	0	0	0	0	0
445	P	0	0	0	0	0	0	0
446	K	0	0	0	0	0	0	0
447	P	0	0	0	0	0	0	0
448	L	0	0	0	0	0	0	0
449	N	0	0	0	0	0	0	0
450	A	0	0	0	0	0	0	0
451	P	0	0	0	0	0	0	0
452	N	0	0	0	0	0	0	0
453	V	0	0	0	0	0	0	0
454	I	0	0	0	0	0	0	0
455	D	0	0	0	0	0	0	0
456	T	0	0	0	0	0	0	0
457	G	0	0	0	0	0	0	0
458	H	0	0	0	0	0	0	0
459	N	0	0	0	0	0	0	0
460	F	0	0	0	0	0	0	0
461	A	0	0	0	0	0	0	0
462	V	0	0	0	0	0	0	0
463	I	0	0	0	0	0	0	0
464	N	0	0	0	0	0	0	0
465	I	0	0	0	0	0	0	0
466	S	0	0	0	0	0	0	0
467	S	0	0	0	0	0	0	0
468	E	0	0	0	0	0	0	0
469	P	0	0	0	0	0	0	0
470	Y	0	0	0	0	0	0	0
471	F	0	0	0	0	0	0	0
472	G	0	0	0	0	0	0	0
473	D	0	0	0	0	0	0	0
474	G	0	0	0	0	0	0	0
475	P	0	0	0	0	0	0	0
476	I	0	0	0	0	0	0	0
477	K	0	0	0	0	0	0	0
478	S	0	0	0	0	0	0	0
479	K	0	0	0	0	0	0	0
480	K	0	0	0	0	0	0	0
481	L	0	0	0	0	0	0	0
482	L	0	0	0	0	0	0	0
483	Y	0	0	0	0	0	0	0
484	K	0	0	0	0	0	0	0
485	P	0	0	0	0	0	0	0
486	V	0	0	0	0	0	0	0
487	N	0	0	0	0	0	0	0
488	H	0	0	0	0	0	0	0
489	Y	0	0	0	0	0	0	0
490	E	0	0	0	0	0	0	0
491	A	0	0	0	0	0	0	0
492	W	0	0	0	0	0	0	0
493	Q	0	0	0	0	0	0	0
494	H	0	0	0	0	0	0	0
495	I	0	0	0	0	0	0	0
496	Q	0	0	0	0	0	0	0
497	V	0	0	0	0	0	0	0
498	T	0	0	0	0	0	0	0
499	N	0	0	0	0	0	0	0
500	E	0	0	0	0	0	0	0
501	I	0	0	0	0	0	0	0
502	V	0	0	0	0	0	0	0
503	T	0	0	0	0	0	0	0
504	L	0	0	0	0	0	0	0
505	N	0	0	0	0	0	0	0
506	Y	0	0	0	0	0	0	0
507	L	0	0	0	0	0	0	0
508	E	0	0	0	0	0	0	0
509	P	0	0	0	0	0	0	0
510	R	0	0	0	0	0	0	0
511	T	0	0	0	0	0	0	0
512	E	0	0	0	0	0	0	0
513	Y	0	0	0	0	0	0	0
514	E	0	0	0	0	0	0	0
515	L	0	0	0	0	0	0	0
516	C	0	0	0	0	0	0	0
517	V	0	0	0	0	0	0	0
518	Q	0	0	0	0	0	0	0
519	L	0	0	0	0	0	0	0
520	V	0	0	0	0	0	0	0
521	R	0	0	0	0	0	0	0
522	R	0	0	0	0	0	0	0
523	G	0	0	0	0	0	0	0
524	E	0	0	0	0	0	0	0
525	G	0	0	0	0	0	0	0
526	G	0	0	0	0	0	0	0
527	E	0	0	0	0	0	0	0
528	G	0	0	0	0	0	0	0
529	H	0	0	0	0	0	0	0
530	P	0	0	0	0	0	0	0
531	G	0	0	0	0	0	0	0
532	P	0	0	0	0	0	0	0
533	V	0	0	0	0	0	0	0
534	R	0	0	0	0	0	0	0
535	R	0	0	0	0	0	0	0
536	F	0	0	0	0	0	0	0
537	T	0	0	0	0	0	0	0
538	T	0	0	0	0	0	0	0
539	A	0	0	0	0	0	0	0
540	S	0	0	0	0	0	0	0
541	I	0	0	0	0	0	0	0
542	G	0	0	0	0	0	0	0
543	L	0	0	0	0	0	0	0
544	P	0	0	0	0	0	0	0
545	P	0	0	0	0	0	0	0
546	P	0	0	0	0	0	0	0
547	R	0	0	0	0	0	0	0
548	G	0	0	0	0	0	0	0
549	L	0	0	0	0	0	0	0
550	N	0	0	0	0	0	0	0
551	L	0	0	0	0	0	0	0
552	L	0	0	0	0	0	0	0
553	P	0	0	0	0	0	0	0
554	K	0	0	0	0	0	0	0
555	S	0	0	0	0	0	0	0
556	Q	0	0	0	0	0	0	0
557	T	0	0	0	0	0	0	0
558	T	0	0	0	0	0	0	0
559	L	0	0	0	0	0	0	0
560	N	0	0	0	0	0	0	0
561	L	0	0	0	0	0	0	0
562	T	0	0	0	0	0	0	0
563	W	0	0	0	0	0	0	0
564	Q	0	0	0	0	0	0	0
565	P	0	0	0	0	0	0	0
566	I	0	0	0	0	0	0	0
567	F	0	0	0	0	0	0	0
568	P	0	0	0	0	0	0	0
569	S	0	0	0	0	0	0	0
570	S	0	0	0	0	0	0	0
571	E	0	0	0	0	0	0	0
572	D	0	0	0	0	0	0	0
573	D	0	0	0	0	0	0	0
574	F	0	0	0	0	0	0	0
575	Y	0	0	0	0	0	0	0
576	V	0	0	0	0	0	0	0
577	E	0	0	0	0	0	0	0
578	V	0	0	0	0	0	0	0
579	E	0	0	0	0	0	0	0
580	R	0	0	0	0	0	0	0
581	R	0	0	0	0	0	0	0
582	S	0	0	0	0	0	0	0
583	V	0	0	0	0	0	0	0
584	Q	0	0	0	0	0	0	0
585	K	0	0	0	0	0	0	0
586	S	0	0	0	0	0	0	0
587	D	0	0	0	0	0	0	0
588	Q	0	0	0	0	0	0	0
589	Q	0	0	0	0	0	0	0
590	N	0	0	0	0	0	0	0
591	I	0	0	0	0	0	0	0
592	K	0	0	0	0	0	0	0
593	V	0	0	0	0	0	0	0
594	P	0	0	0	0	0	0	0
595	G	0	0	0	0	0	0	0
596	N	N-linked (GlcNAc)	QNIKVPGNLTSVLLN	CCCCCCCCHHHHHHC	Blood protein levels:angiopoietin-1 receptor, soluble measurement	600 (4)	0	0
597	L	0	0	0	0	0	0	0
598	T	0	0	0	0	0	0	0
599	S	0	0	0	0	0	0	0
600	V	0	0	0	0	0	L	596
601	L	0	0	0	0	0	0	0
602	L	0	0	0	0	0	0	0
603	N	0	0	0	0	0	0	0
604	N	0	0	0	0	0	0	0
605	L	0	0	0	0	0	0	0
606	H	0	0	0	0	0	0	0
607	P	0	0	0	0	0	0	0
608	R	0	0	0	0	0	0	0
609	E	0	0	0	0	0	0	0
610	Q	0	0	0	0	0	0	0
611	Y	0	0	0	0	0	0	0
612	V	0	0	0	0	0	0	0
613	V	0	0	0	0	0	0	0
614	R	0	0	0	0	0	0	0
615	A	0	0	0	0	0	0	0
616	R	0	0	0	0	0	0	0
617	V	0	0	0	0	0	0	0
618	N	0	0	0	0	0	0	0
619	T	0	0	0	0	0	0	0
620	K	0	0	0	0	0	0	0
621	A	0	0	0	0	0	0	0
622	Q	0	0	0	0	0	0	0
623	G	0	0	0	0	0	0	0
624	E	0	0	0	0	0	0	0
625	W	0	0	0	0	0	0	0
626	S	0	0	0	0	0	0	0
627	E	0	0	0	0	0	0	0
628	D	0	0	0	0	0	0	0
629	L	0	0	0	0	0	0	0
630	T	0	0	0	0	0	0	0
631	A	0	0	0	0	0	0	0
632	W	0	0	0	0	0	0	0
633	T	0	0	0	0	0	0	0
634	L	0	0	0	0	0	0	0
635	S	0	0	0	0	0	0	0
636	D	0	0	0	0	0	0	0
637	I	0	0	0	0	0	0	0
638	L	0	0	0	0	0	0	0
639	P	0	0	0	0	0	0	0
640	P	0	0	0	0	0	0	0
641	Q	0	0	0	0	0	0	0
642	P	0	0	0	0	0	0	0
643	E	0	0	0	0	0	0	0
644	N	0	0	0	0	0	0	0
645	I	0	0	0	0	0	0	0
646	K	0	0	0	0	0	0	0
647	I	0	0	0	0	0	0	0
648	S	0	0	0	0	0	0	0
649	N	0	0	0	0	0	0	0
650	I	0	0	0	0	0	0	0
651	T	0	0	0	0	0	0	0
652	H	0	0	0	0	0	0	0
653	S	0	0	0	0	0	0	0
654	S	0	0	0	0	0	0	0
655	A	0	0	0	0	0	0	0
656	V	0	0	0	0	0	0	0
657	I	0	0	0	0	0	0	0
658	S	0	0	0	0	0	0	0
659	W	0	0	0	0	0	0	0
660	T	0	0	0	0	0	0	0
661	I	0	0	0	0	0	0	0
662	L	0	0	0	0	0	0	0
663	D	0	0	0	0	0	0	0
664	G	0	0	0	0	0	0	0
665	Y	0	0	0	0	0	0	0
666	S	0	0	0	0	0	0	0
667	I	0	0	0	0	0	0	0
668	S	0	0	0	0	0	0	0
669	S	0	0	0	0	0	0	0
670	I	0	0	0	0	0	0	0
671	T	0	0	0	0	0	0	0
672	I	0	0	0	0	0	0	0
673	R	0	0	0	0	0	0	0
674	Y	0	0	0	0	0	0	0
675	K	0	0	0	0	0	0	0
676	V	0	0	0	0	0	0	0
677	Q	0	0	0	0	0	0	0
678	G	0	0	0	0	0	0	0
679	K	0	0	0	0	0	0	0
680	N	0	0	0	0	0	0	0
681	E	0	0	0	0	0	0	0
682	D	0	0	0	0	0	0	0
683	Q	0	0	0	0	0	0	0
684	H	0	0	0	0	0	0	0
685	V	0	0	0	0	0	0	0
686	D	0	0	0	0	0	0	0
687	V	0	0	0	0	0	0	0
688	K	0	0	0	0	0	0	0
689	I	0	0	0	0	0	0	0
690	K	0	0	0	0	0	0	0
691	N	0	0	0	0	0	0	0
692	A	0	0	0	0	0	0	0
693	T	0	0	0	0	0	0	0
694	I	0	0	0	0	0	0	0
695	T	0	0	0	0	0	0	0
696	Q	0	0	0	0	0	0	0
697	Y	Phosphotyrosine	KNATITQYQLKGLEP	ECCEEEEEEECCCCC	0	0	0	0
698	Q	0	0	0	0	0	0	0
699	L	0	0	0	0	0	0	0
700	K	0	0	0	0	0	0	0
701	G	0	0	0	0	0	0	0
702	L	0	0	0	0	0	0	0
703	E	0	0	0	0	0	0	0
704	P	0	0	0	0	0	0	0
705	E	0	0	0	0	0	0	0
706	T	0	0	0	0	0	0	0
707	A	0	0	0	0	0	0	0
708	Y	0	0	0	0	0	0	0
709	Q	0	0	0	0	0	0	0
710	V	0	0	0	0	0	0	0
711	D	0	0	0	0	0	0	0
712	I	0	0	0	0	0	0	0
713	F	0	0	0	0	0	0	0
714	A	0	0	0	0	0	0	0
715	E	0	0	0	0	0	0	0
716	N	0	0	0	0	0	0	0
717	N	0	0	0	0	0	0	0
718	I	0	0	0	0	0	0	0
719	G	0	0	0	0	0	0	0
720	S	0	0	0	0	0	0	0
721	S	0	0	0	0	0	0	0
722	N	0	0	0	0	0	0	0
723	P	0	0	0	0	0	0	0
724	A	0	0	0	0	0	0	0
725	F	0	0	0	0	0	0	0
726	S	0	0	0	0	0	0	0
727	H	0	0	0	0	0	0	0
728	E	0	0	0	0	0	0	0
729	L	0	0	0	0	0	0	0
730	V	0	0	0	0	0	0	0
731	T	0	0	0	0	0	0	0
732	L	0	0	0	0	0	0	0
733	P	0	0	0	0	0	0	0
734	E	0	0	0	0	0	0	0
735	S	0	0	0	0	0	0	0
736	Q	0	0	0	0	0	0	0
737	A	0	0	0	0	0	0	0
738	P	0	0	0	0	0	0	0
739	A	0	0	0	0	0	0	0
740	D	0	0	0	0	0	0	0
741	L	0	0	0	0	0	0	0
742	G	0	0	0	0	0	0	0
743	G	0	0	0	0	0	0	0
744	G	0	0	0	0	0	0	0
745	K	0	0	0	0	0	0	0
746	M	0	0	0	0	0	0	0
747	L	0	0	0	0	0	0	0
748	L	0	0	0	0	0	0	0
749	I	0	0	0	0	0	0	0
750	A	0	0	0	0	0	0	0
751	I	0	0	0	0	0	0	0
752	L	0	0	0	0	0	0	0
753	G	0	0	0	0	0	0	0
754	S	0	0	0	0	0	0	0
755	A	0	0	0	0	0	0	0
756	G	0	0	0	0	0	0	0
757	M	0	0	0	0	0	0	0
758	T	0	0	0	0	0	0	0
759	C	0	0	0	0	0	0	0
760	L	0	0	0	0	0	0	0
761	T	0	0	0	0	0	0	0
762	V	0	0	0	0	0	0	0
763	L	0	0	0	0	0	0	0
764	L	0	0	0	0	0	0	0
765	A	0	0	0	0	0	0	0
766	F	0	0	0	0	0	0	0
767	L	0	0	0	0	0	0	0
768	I	0	0	0	0	0	0	0
769	I	0	0	0	0	0	0	0
770	L	0	0	0	0	0	0	0
771	Q	0	0	0	0	0	0	0
772	L	0	0	0	0	0	0	0
773	K	0	0	0	0	0	0	0
774	R	0	0	0	0	0	0	0
775	A	0	0	0	0	0	0	0
776	N	0	0	0	0	0	0	0
777	V	0	0	0	0	0	0	0
778	Q	0	0	0	0	0	0	0
779	R	0	0	0	0	0	0	0
780	R	0	0	0	0	0	0	0
781	M	0	0	0	0	0	0	0
782	A	0	0	0	0	0	0	0
783	Q	0	0	0	0	0	0	0
784	A	0	0	0	0	0	0	0
785	F	0	0	0	0	0	0	0
786	Q	0	0	0	0	0	0	0
787	N	0	0	0	0	0	0	0
788	V	0	0	0	0	0	0	0
789	R	0	0	0	0	0	0	0
790	E	0	0	0	0	0	0	0
791	E	0	0	0	0	0	0	0
792	P	0	0	0	0	0	0	0
793	A	0	0	0	0	0	0	0
794	V	0	0	0	0	0	0	0
795	Q	0	0	0	0	0	0	0
796	F	0	0	0	0	0	0	0
797	N	0	0	0	0	0	0	0
798	S	0	0	0	0	0	0	0
799	G	0	0	0	0	0	0	0
800	T	0	0	0	0	0	0	0
801	L	0	0	0	0	0	0	0
802	A	0	0	0	0	0	0	0
803	L	0	0	0	0	0	0	0
804	N	0	0	0	0	0	0	0
805	R	0	0	0	0	0	0	0
806	K	0	0	0	0	0	0	0
807	V	0	0	0	0	0	0	0
808	K	0	0	0	0	0	0	0
809	N	0	0	0	0	0	0	0
810	N	0	0	0	0	0	0	0
811	P	0	0	0	0	0	0	0
812	D	0	0	0	0	0	0	0
813	P	0	0	0	0	0	0	0
814	T	0	0	0	0	0	0	0
815	I	0	0	0	0	0	0	0
816	Y	Phosphotyrosine	NNPDPTIYPVLDWND	CCCCCCEECCCCHHH	0	0	0	0
817	P	0	0	0	0	0	0	0
818	V	0	0	0	0	0	0	0
819	L	0	0	0	0	0	0	0
820	D	0	0	0	0	0	0	0
821	W	0	0	0	0	0	0	0
822	N	0	0	0	0	0	0	0
823	D	0	0	0	0	0	0	0
824	I	0	0	0	0	0	0	0
825	K	0	0	0	0	0	0	0
826	F	0	0	0	0	0	0	0
827	Q	0	0	0	0	0	0	0
828	D	0	0	0	0	0	0	0
829	V	0	0	0	0	0	0	0
830	I	0	0	0	0	0	0	0
831	G	0	0	0	0	0	0	0
832	E	0	0	0	0	0	0	0
833	G	0	0	0	0	0	0	0
834	N	0	0	0	0	0	0	0
835	F	0	0	0	0	0	0	0
836	G	0	0	0	0	0	0	0
837	Q	0	0	0	0	0	0	0
838	V	0	0	0	0	0	0	0
839	L	0	0	0	0	0	0	0
840	K	0	0	0	0	0	0	0
841	A	0	0	0	0	0	0	0
842	R	0	0	0	0	0	0	0
843	I	0	0	0	0	0	0	0
844	K	0	0	0	0	0	0	0
845	K	0	0	0	0	0	0	0
846	D	0	0	0	0	0	0	0
847	G	0	0	0	0	0	0	0
848	L	0	0	0	0	0	0	0
849	R	0	0	0	0	0	0	0
850	M	0	0	0	0	0	0	0
851	D	0	0	0	0	0	0	0
852	A	0	0	0	0	0	0	0
853	A	0	0	0	0	0	0	0
854	I	0	0	0	0	0	0	0
855	K	0	0	0	0	0	0	0
856	R	0	0	0	0	0	0	0
857	M	0	0	0	0	0	0	0
858	K	0	0	0	0	0	0	0
859	E	0	0	0	0	0	0	0
860	Y	Phosphotyrosine	AIKRMKEYASKDDHR	HHHHHHHHCCCCCCC	0	0	0	0
861	A	0	0	0	0	0	0	0
862	S	0	0	0	0	0	0	0
863	K	0	0	0	0	0	0	0
864	D	0	0	0	0	0	0	0
865	D	0	0	0	0	0	0	0
866	H	0	0	0	0	0	0	0
867	R	0	0	0	0	0	0	0
868	D	0	0	0	0	0	0	0
869	F	0	0	0	0	0	0	0
870	A	0	0	0	0	0	0	0
871	G	0	0	0	0	0	0	0
872	E	0	0	0	0	0	0	0
873	L	0	0	0	0	0	0	0
874	E	0	0	0	0	0	0	0
875	V	0	0	0	0	0	0	0
876	L	0	0	0	0	0	0	0
877	C	0	0	0	0	0	0	0
878	K	0	0	0	0	0	0	0
879	L	0	0	0	0	0	0	0
880	G	0	0	0	0	0	0	0
881	H	0	0	0	0	0	0	0
882	H	0	0	0	0	0	0	0
883	P	0	0	0	0	0	0	0
884	N	0	0	0	0	0	0	0
885	I	0	0	0	0	0	0	0
886	I	0	0	0	0	0	0	0
887	N	0	0	0	0	0	0	0
888	L	0	0	0	0	0	0	0
889	L	0	0	0	0	0	0	0
890	G	0	0	0	0	0	0	0
891	A	0	0	0	0	0	0	0
892	C	0	0	0	0	0	0	0
893	E	0	0	0	0	0	0	0
894	H	0	0	0	0	0	0	0
895	R	0	0	0	0	0	0	0
896	G	0	0	0	0	0	0	0
897	Y	Phosphotyrosine	GACEHRGYLYLAIEY	HHHCCCCEEEEEEEE	0	0	0	0
898	L	0	0	0	0	0	0	0
899	Y	Phosphotyrosine	CEHRGYLYLAIEYAP	HCCCCEEEEEEEECC	0	0	0	0
900	L	0	0	0	0	0	0	0
901	A	0	0	0	0	0	0	0
902	I	0	0	0	0	0	0	0
903	E	0	0	0	0	0	0	0
904	Y	0	0	0	0	0	0	0
905	A	0	0	0	0	0	0	0
906	P	0	0	0	0	0	0	0
907	H	0	0	0	0	0	0	0
908	G	0	0	0	0	0	0	0
909	N	0	0	0	0	0	0	0
910	L	0	0	0	0	0	0	0
911	L	0	0	0	0	0	0	0
912	D	0	0	0	0	0	0	0
913	F	0	0	0	0	0	0	0
914	L	0	0	0	0	0	0	0
915	R	0	0	0	0	0	0	0
916	K	0	0	0	0	0	0	0
917	S	0	0	0	0	0	0	0
918	R	0	0	0	0	0	0	0
919	V	0	0	0	0	0	0	0
920	L	0	0	0	0	0	0	0
921	E	0	0	0	0	0	0	0
922	T	0	0	0	0	0	0	0
923	D	0	0	0	0	0	0	0
924	P	0	0	0	0	0	0	0
925	A	0	0	0	0	0	0	0
926	F	0	0	0	0	0	0	0
927	A	0	0	0	0	0	0	0
928	I	0	0	0	0	0	0	0
929	A	0	0	0	0	0	0	0
930	N	0	0	0	0	0	0	0
931	S	0	0	0	0	0	0	0
932	T	0	0	0	0	0	0	0
933	A	0	0	0	0	0	0	0
934	S	0	0	0	0	0	0	0
935	T	0	0	0	0	0	0	0
936	L	0	0	0	0	0	0	0
937	S	0	0	0	0	0	0	0
938	S	0	0	0	0	0	0	0
939	Q	0	0	0	0	0	0	0
940	Q	0	0	0	0	0	0	0
941	L	0	0	0	0	0	0	0
942	L	0	0	0	0	0	0	0
943	H	0	0	0	0	0	0	0
944	F	0	0	0	0	0	0	0
945	A	0	0	0	0	0	0	0
946	A	0	0	0	0	0	0	0
947	D	0	0	0	0	0	0	0
948	V	0	0	0	0	0	0	0
949	A	0	0	0	0	0	0	0
950	R	0	0	0	0	0	0	0
951	G	0	0	0	0	0	0	0
952	M	0	0	0	0	0	0	0
953	D	0	0	0	0	0	0	0
954	Y	0	0	0	0	0	0	0
955	L	0	0	0	0	0	0	0
956	S	0	0	0	0	0	0	0
957	Q	0	0	0	0	0	0	0
958	K	0	0	0	0	0	0	0
959	Q	0	0	0	0	0	0	0
960	F	0	0	0	0	0	0	0
961	I	0	0	0	0	0	0	0
962	H	0	0	0	0	0	0	0
963	R	0	0	0	0	0	0	0
964	D	0	0	0	0	0	0	0
965	L	0	0	0	0	0	0	0
966	A	0	0	0	0	0	0	0
967	A	0	0	0	0	0	0	0
968	R	0	0	0	0	0	0	0
969	N	0	0	0	0	0	0	0
970	I	0	0	0	0	0	0	0
971	L	0	0	0	0	0	0	0
972	V	0	0	0	0	0	0	0
973	G	0	0	0	0	0	0	0
974	E	0	0	0	0	0	0	0
975	N	0	0	0	0	0	0	0
976	Y	Phosphotyrosine	NILVGENYVAKIADF	CCCCCCCHHHHHHHH	0	0	0	0
977	V	0	0	0	0	0	0	0
978	A	0	0	0	0	0	0	0
979	K	0	0	0	0	0	0	0
980	I	0	0	0	0	0	0	0
981	A	0	0	0	0	0	0	0
982	D	0	0	0	0	0	0	0
983	F	0	0	0	0	0	0	0
984	G	0	0	0	0	0	0	0
985	L	0	0	0	0	0	0	0
986	S	0	0	0	0	0	0	0
987	R	0	0	0	0	0	0	0
988	G	0	0	0	0	0	0	0
989	Q	0	0	0	0	0	0	0
990	E	0	0	0	0	0	0	0
991	V	0	0	0	0	0	0	0
992	Y	Phosphotyrosine	LSRGQEVYVKKTMGR	CCCCCEEEEEECCCC	0	0	0	0
993	V	0	0	0	0	0	0	0
994	K	0	0	0	0	0	0	0
995	K	0	0	0	0	0	0	0
996	T	Phosphothreonine	QEVYVKKTMGRLPVR	CEEEEEECCCCCCCE	0	0	0	0
997	M	0	0	0	0	0	0	0
998	G	0	0	0	0	0	0	0
999	R	0	0	0	0	0	0	0
1000	L	0	0	0	0	0	0	0
1001	P	0	0	0	0	0	0	0
1002	V	0	0	0	0	0	0	0
1003	R	0	0	0	0	0	0	0
1004	W	0	0	0	0	0	0	0
1005	M	0	0	0	0	0	0	0
1006	A	0	0	0	0	0	0	0
1007	I	0	0	0	0	0	0	0
1008	E	0	0	0	0	0	0	0
1009	S	0	0	0	0	0	0	0
1010	L	0	0	0	0	0	0	0
1011	N	0	0	0	0	0	0	0
1012	Y	0	0	0	0	0	0	0
1013	S	0	0	0	0	0	0	0
1014	V	0	0	0	0	0	0	0
1015	Y	0	0	0	0	0	0	0
1016	T	0	0	0	0	0	0	0
1017	T	0	0	0	0	0	0	0
1018	N	0	0	0	0	0	0	0
1019	S	0	0	0	0	0	0	0
1020	D	0	0	0	0	0	0	0
1021	V	0	0	0	0	0	0	0
1022	W	0	0	0	0	0	0	0
1023	S	0	0	0	0	0	0	0
1024	Y	0	0	0	0	0	0	0
1025	G	0	0	0	0	0	0	0
1026	V	0	0	0	0	0	0	0
1027	L	0	0	0	0	0	0	0
1028	L	0	0	0	0	0	0	0
1029	W	0	0	0	0	0	0	0
1030	E	0	0	0	0	0	0	0
1031	I	0	0	0	0	0	0	0
1032	V	0	0	0	0	0	0	0
1033	S	0	0	0	0	0	0	0
1034	L	0	0	0	0	0	0	0
1035	G	0	0	0	0	0	0	0
1036	G	0	0	0	0	0	0	0
1037	T	0	0	0	0	0	0	0
1038	P	0	0	0	0	0	0	0
1039	Y	0	0	0	0	0	0	0
1040	C	0	0	0	0	0	0	0
1041	G	0	0	0	0	0	0	0
1042	M	0	0	0	0	0	0	0
1043	T	0	0	0	0	0	0	0
1044	C	0	0	0	0	0	0	0
1045	A	0	0	0	0	0	0	0
1046	E	0	0	0	0	0	0	0
1047	L	0	0	0	0	0	0	0
1048	Y	Phosphotyrosine	GMTCAELYEKLPQGY	CCCHHHHHHHCCCCC	0	0	0	0
1049	E	0	0	0	0	0	0	0
1050	K	0	0	0	0	0	0	0
1051	L	0	0	0	0	0	0	0
1052	P	0	0	0	0	0	0	0
1053	Q	0	0	0	0	0	0	0
1054	G	0	0	0	0	0	0	0
1055	Y	0	0	0	0	0	0	0
1056	R	0	0	0	0	0	0	0
1057	L	0	0	0	0	0	0	0
1058	E	0	0	0	0	0	0	0
1059	K	0	0	0	0	0	0	0
1060	P	0	0	0	0	0	0	0
1061	L	0	0	0	0	0	0	0
1062	N	0	0	0	0	0	0	0
1063	C	0	0	0	0	0	0	0
1064	D	0	0	0	0	0	0	0
1065	D	0	0	0	0	0	0	0
1066	E	0	0	0	0	0	0	0
1067	V	0	0	0	0	0	0	0
1068	Y	0	0	0	0	0	0	0
1069	D	0	0	0	0	0	0	0
1070	L	0	0	0	0	0	0	0
1071	M	0	0	0	0	0	0	0
1072	R	0	0	0	0	0	0	0
1073	Q	0	0	0	0	0	0	0
1074	C	0	0	0	0	0	0	0
1075	W	0	0	0	0	0	0	0
1076	R	0	0	0	0	0	0	0
1077	E	0	0	0	0	0	0	0
1078	K	0	0	0	0	0	0	0
1079	P	0	0	0	0	0	0	0
1080	Y	0	0	0	0	0	0	0
1081	E	0	0	0	0	0	0	0
1082	R	0	0	0	0	0	0	0
1083	P	0	0	0	0	0	0	0
1084	S	0	0	0	0	0	0	0
1085	F	0	0	0	0	0	0	0
1086	A	0	0	0	0	0	0	0
1087	Q	0	0	0	0	0	0	0
1088	I	0	0	0	0	0	0	0
1089	L	0	0	0	0	0	0	0
1090	V	0	0	0	0	0	0	0
1091	S	0	0	0	0	0	0	0
1092	L	0	0	0	0	0	0	0
1093	N	0	0	0	0	0	0	0
1094	R	0	0	0	0	0	0	0
1095	M	0	0	0	0	0	0	0
1096	L	0	0	0	0	0	0	0
1097	E	0	0	0	0	0	0	0
1098	E	0	0	0	0	0	0	0
1099	R	0	0	0	0	0	0	0
1100	K	0	0	0	0	0	0	0
1101	T	0	0	0	0	0	0	0
1102	Y	Phosphotyrosine	MLEERKTYVNTTLYE	HHHHHCHHCCCCHHH	0	0	0	0
1103	V	0	0	0	0	0	0	0
1104	N	0	0	0	0	0	0	0
1105	T	0	0	0	0	0	0	0
1106	T	0	0	0	0	0	0	0
1107	L	0	0	0	0	0	0	0
1108	Y	Phosphotyrosine	TYVNTTLYEKFTYAG	HHCCCCHHHHCEECC	0	0	0	0
1109	E	0	0	0	0	0	0	0
1110	K	0	0	0	0	0	0	0
1111	F	0	0	0	0	0	0	0
1112	T	0	0	0	0	0	0	0
1113	Y	Phosphotyrosine	TLYEKFTYAGIDCSA	CHHHHCEECCCCCCH	0	0	0	0
1114	A	0	0	0	0	0	0	0
1115	G	0	0	0	0	0	0	0
1116	I	0	0	0	0	0	0	0
1117	D	0	0	0	0	0	0	0
1118	C	0	0	0	0	0	0	0
1119	S	Phosphoserine	TYAGIDCSAEEAA--	EECCCCCCHHHCC--	0	0	0	0
1120	A	0	0	0	0	0	0	0
1121	E	0	0	0	0	0	0	0
1122	E	0	0	0	0	0	0	0
1123	A	0	0	0	0	0	0	0
1124	A	0	0	0	0	0	0	0
