location	residue	Modification	seq	secStruc	RelatedDisease	VariantPosition	ResidueChange	DaPSbySAP
1	M	0	0	0	0	0	0	0
2	V	0	0	0	0	0	0	0
3	A	0	0	0	0	0	0	0
4	L	0	0	0	0	0	0	0
5	S	0	0	0	0	0	0	0
6	L	0	0	0	0	0	0	0
7	K	0	0	0	0	0	0	0
8	I	0	0	0	0	0	0	0
9	C	0	0	0	0	0	0	0
10	V	0	0	0	0	0	0	0
11	R	0	0	0	0	0	0	0
12	H	0	0	0	0	0	0	0
13	C	0	0	0	0	0	0	0
14	N	0	0	0	0	0	0	0
15	V	0	0	0	0	0	0	0
16	V	0	0	0	0	0	0	0
17	K	N6-malonyllysine	VRHCNVVKTMQFEPS	HHHCCEEEEECCCCC	0	0	0	0
18	T	0	0	0	0	0	0	0
19	M	0	0	0	0	0	0	0
20	Q	0	0	0	0	0	0	0
21	F	0	0	0	0	0	0	0
22	E	0	0	0	0	0	0	0
23	P	0	0	0	0	0	0	0
24	S	0	0	0	0	0	0	0
25	T	0	0	0	0	0	0	0
26	A	0	0	0	0	0	0	0
27	V	0	0	0	0	0	0	0
28	Y	Phosphotyrosine	FEPSTAVYDACRVIR	CCCCHHHHHHHHHHH	0	0	0	0
29	D	0	0	0	0	0	0	0
30	A	0	0	0	0	0	0	0
31	C	0	0	0	0	0	0	0
32	R	0	0	0	0	0	0	0
33	V	0	0	0	0	0	0	0
34	I	0	0	0	0	0	0	0
35	R	0	0	0	0	0	0	0
36	E	0	0	0	0	0	0	0
37	R	0	0	0	0	0	0	0
38	V	0	0	0	0	0	0	0
39	P	0	0	0	0	0	0	0
40	E	0	0	0	0	0	0	0
41	A	0	0	0	0	0	0	0
42	Q	0	0	0	0	0	0	0
43	T	0	0	0	0	0	0	0
44	G	0	0	0	0	0	0	0
45	Q	0	0	0	0	0	0	0
46	A	0	0	0	0	0	0	0
47	S	0	0	0	0	0	0	0
48	D	0	0	0	0	0	0	0
49	Y	Phosphotyrosine	QTGQASDYGLFLSDE	CCCCCCCCCCCCCCC	0	0	0	0
50	G	0	0	0	0	0	0	0
51	L	0	0	0	0	0	0	0
52	F	0	0	0	0	0	0	0
53	L	0	0	0	0	0	0	0
54	S	0	0	0	0	0	0	0
55	D	0	0	0	0	0	0	0
56	E	0	0	0	0	0	0	0
57	D	0	0	0	0	0	0	0
58	P	0	0	0	0	0	0	0
59	R	0	0	0	0	0	0	0
60	K	0	0	0	0	0	0	0
61	G	0	0	0	0	0	0	0
62	I	0	0	0	0	0	0	0
63	W	0	0	0	0	0	0	0
64	L	0	0	0	0	0	0	0
65	E	0	0	0	0	0	0	0
66	A	0	0	0	0	0	0	0
67	G	0	0	0	0	0	0	0
68	R	0	0	0	0	0	0	0
69	T	Phosphothreonine	IWLEAGRTLDYYMLR	EEEECCCCEEEEEHH	0	0	0	0
70	L	0	0	0	0	0	0	0
71	D	0	0	0	0	0	0	0
72	Y	Phosphotyrosine	EAGRTLDYYMLRNGD	ECCCCEEEEEHHCCC	0	0	0	0
73	Y	0	0	0	0	0	0	0
74	M	0	0	0	0	0	0	0
75	L	0	0	0	0	0	0	0
76	R	0	0	0	0	0	0	0
77	N	0	0	0	0	0	0	0
78	G	0	0	0	0	0	0	0
79	D	0	0	0	0	0	0	0
80	I	0	0	0	0	0	0	0
81	L	0	0	0	0	0	0	0
82	E	0	0	0	0	0	0	0
83	Y	0	0	0	0	0	0	0
84	K	0	0	0	0	0	0	0
85	K	0	0	0	0	0	0	0
86	K	0	0	0	0	0	0	0
87	Q	0	0	0	0	0	0	0
88	R	0	0	0	0	0	0	0
89	P	0	0	0	0	0	0	0
90	Q	0	0	0	0	0	0	0
91	K	0	0	0	0	0	0	0
92	I	0	0	0	0	0	0	0
93	R	0	0	0	0	0	0	0
94	M	0	0	0	0	0	0	0
95	L	0	0	0	0	0	0	0
96	D	0	0	0	0	0	0	0
97	G	0	0	0	0	0	0	0
98	S	0	0	0	0	0	0	0
99	V	0	0	0	0	0	0	0
100	K	0	0	0	0	0	0	0
101	T	0	0	0	0	0	0	0
102	V	0	0	0	0	0	0	0
103	M	0	0	0	0	0	0	0
104	V	0	0	0	0	0	0	0
105	D	0	0	0	0	0	0	0
106	D	0	0	0	0	0	0	0
107	S	0	0	0	0	0	0	0
108	K	0	0	0	0	0	0	0
109	T	0	0	0	0	0	0	0
110	V	0	0	0	0	0	0	0
111	G	0	0	0	0	0	0	0
112	E	0	0	0	0	0	0	0
113	L	0	0	0	0	0	0	0
114	L	0	0	0	0	0	0	0
115	V	0	0	0	0	0	0	0
116	T	0	0	0	0	0	0	0
117	I	0	0	0	0	0	0	0
118	C	0	0	0	0	0	0	0
119	S	0	0	0	0	0	0	0
120	R	0	0	0	0	0	0	0
121	I	0	0	0	0	0	0	0
122	G	0	0	0	0	0	0	0
123	I	0	0	0	0	0	0	0
124	T	0	0	0	0	0	0	0
125	N	0	0	0	0	0	0	0
126	Y	0	0	0	0	0	0	0
127	E	0	0	0	0	0	0	0
128	E	0	0	0	0	0	0	0
129	Y	0	0	0	0	0	0	0
130	S	0	0	0	0	0	0	0
131	L	0	0	0	0	0	0	0
132	I	0	0	0	0	0	0	0
133	Q	0	0	0	0	0	0	0
134	E	0	0	0	0	0	0	0
135	T	0	0	0	0	0	0	0
136	I	0	0	0	0	0	0	0
137	E	0	0	0	0	0	0	0
138	E	0	0	0	0	0	0	0
139	K	0	0	0	0	0	0	0
140	K	0	0	0	0	0	0	0
141	E	0	0	0	0	0	0	0
142	E	0	0	0	0	0	0	0
143	G	0	0	0	0	0	0	0
144	T	0	0	0	0	0	0	0
145	G	0	0	0	0	0	0	0
146	T	Phosphothreonine	KKEEGTGTLKKDRTL	HHHHCCCCCCCCHHH	0	0	0	0
147	L	0	0	0	0	0	0	0
148	K	0	0	0	0	0	0	0
149	K	0	0	0	0	0	0	0
150	D	0	0	0	0	0	0	0
151	R	0	0	0	0	0	0	0
152	T	0	0	0	0	0	0	0
153	L	0	0	0	0	0	0	0
154	L	0	0	0	0	0	0	0
155	R	0	0	0	0	0	0	0
156	D	0	0	0	0	0	0	0
157	E	0	0	0	0	0	0	0
158	R	0	0	0	0	0	0	0
159	K	0	0	0	0	0	0	0
160	M	0	0	0	0	0	0	0
161	E	0	0	0	0	0	0	0
162	K	0	0	0	0	0	0	0
163	L	0	0	0	0	0	0	0
164	K	0	0	0	0	0	0	0
165	A	0	0	0	0	0	0	0
166	K	0	0	0	0	0	0	0
167	L	0	0	0	0	0	0	0
168	H	0	0	0	0	0	0	0
169	T	0	0	0	0	0	0	0
170	D	0	0	0	0	0	0	0
171	D	0	0	0	0	0	0	0
172	D	0	0	0	0	0	0	0
173	L	0	0	0	0	0	0	0
174	N	0	0	0	0	0	0	0
175	W	0	0	0	0	0	0	0
176	L	0	0	0	0	0	0	0
177	D	0	0	0	0	0	0	0
178	H	0	0	0	0	0	0	0
179	S	Phosphoserine	DLNWLDHSRTFREQG	CCHHHHHCHHHHHCC	0	0	0	0
180	R	0	0	0	0	0	0	0
181	T	0	0	0	0	0	0	0
182	F	0	0	0	0	0	0	0
183	R	0	0	0	0	0	0	0
184	E	0	0	0	0	0	0	0
185	Q	0	0	0	0	0	0	0
186	G	0	0	0	0	0	0	0
187	V	0	0	0	0	0	0	0
188	D	0	0	0	0	0	0	0
189	E	0	0	0	0	0	0	0
190	N	0	0	0	0	0	0	0
191	E	0	0	0	0	0	0	0
192	T	0	0	0	0	0	0	0
193	L	0	0	0	0	0	0	0
194	L	0	0	0	0	0	0	0
195	L	0	0	0	0	0	0	0
196	R	0	0	0	0	0	0	0
197	R	0	0	0	0	0	0	0
198	K	0	0	0	0	0	0	0
199	F	0	0	0	0	0	0	0
200	F	0	0	0	0	0	0	0
201	Y	0	0	0	0	0	0	0
202	S	0	0	0	0	0	0	0
203	D	0	0	0	0	0	0	0
204	Q	0	0	0	0	0	0	0
205	N	0	0	0	0	0	0	0
206	V	0	0	0	0	0	0	0
207	D	0	0	0	0	0	0	0
208	S	0	0	0	0	0	0	0
209	R	0	0	0	0	0	0	0
210	D	0	0	0	0	0	0	0
211	P	0	0	0	0	0	0	0
212	V	0	0	0	0	0	0	0
213	Q	0	0	0	0	0	0	0
214	L	0	0	0	0	0	0	0
215	N	0	0	0	0	0	0	0
216	L	0	0	0	0	0	0	0
217	L	0	0	0	0	0	0	0
218	Y	0	0	0	0	0	0	0
219	V	0	0	0	0	0	0	0
220	Q	0	0	0	0	0	0	0
221	A	0	0	0	0	0	0	0
222	R	0	0	0	0	0	0	0
223	D	0	0	0	0	0	0	0
224	D	0	0	0	0	0	0	0
225	I	0	0	0	0	0	0	0
226	L	0	0	0	0	0	0	0
227	N	0	0	0	0	0	0	0
228	G	0	0	0	0	0	0	0
229	S	0	0	0	0	0	0	0
230	H	0	0	0	0	0	0	0
231	P	0	0	0	0	0	0	0
232	V	0	0	0	0	0	0	0
233	S	0	0	0	0	0	0	0
234	F	0	0	0	0	0	0	0
235	E	0	0	0	0	0	0	0
236	K	0	0	0	0	0	0	0
237	A	0	0	0	0	0	0	0
238	C	0	0	0	0	0	0	0
239	E	0	0	0	0	0	0	0
240	F	0	0	0	0	0	0	0
241	G	0	0	0	0	0	0	0
242	G	0	0	0	0	0	0	0
243	F	0	0	0	0	0	0	0
244	Q	0	0	0	0	0	0	0
245	A	0	0	0	0	0	0	0
246	Q	0	0	0	0	0	0	0
247	I	0	0	0	0	0	0	0
248	Q	0	0	0	0	0	0	0
249	F	0	0	0	0	0	0	0
250	G	0	0	0	0	0	0	0
251	P	0	0	0	0	0	0	0
252	H	0	0	0	0	0	0	0
253	V	0	0	0	0	0	0	0
254	E	0	0	0	0	0	0	0
255	H	0	0	0	0	0	0	0
256	K	0	0	0	0	0	0	0
257	H	0	0	0	0	0	0	0
258	K	0	0	0	0	0	0	0
259	P	0	0	0	0	0	0	0
260	G	0	0	0	0	0	0	0
261	F	0	0	0	0	0	0	0
262	L	0	0	0	0	0	0	0
263	D	0	0	0	0	0	0	0
264	L	0	0	0	0	0	0	0
265	K	0	0	0	0	0	0	0
266	E	0	0	0	0	0	0	0
267	F	0	0	0	0	0	0	0
268	L	0	0	0	0	0	0	0
269	P	0	0	0	0	0	0	0
270	K	0	0	0	0	0	0	0
271	E	0	0	0	0	0	0	0
272	Y	0	0	0	0	0	0	0
273	I	0	0	0	0	0	0	0
274	K	0	0	0	0	0	0	0
275	Q	0	0	0	0	0	0	0
276	R	0	0	0	0	0	0	0
277	G	0	0	0	0	0	0	0
278	A	0	0	0	0	0	0	0
279	E	0	0	0	0	0	0	0
280	K	0	0	0	0	0	0	0
281	R	0	0	0	0	0	0	0
282	I	0	0	0	0	0	0	0
283	F	0	0	0	0	0	0	0
284	Q	0	0	0	0	0	0	0
285	E	0	0	0	0	0	0	0
286	H	0	0	0	0	0	0	0
287	K	0	0	0	0	0	0	0
288	N	0	0	0	0	0	0	0
289	C	0	0	0	0	0	0	0
290	G	0	0	0	0	0	0	0
291	E	0	0	0	0	0	0	0
292	M	0	0	0	0	0	0	0
293	S	0	0	0	0	0	0	0
294	E	0	0	0	0	0	0	0
295	I	0	0	0	0	0	0	0
296	E	0	0	0	0	0	0	0
297	A	0	0	0	0	0	0	0
298	K	0	0	0	0	0	0	0
299	V	0	0	0	0	0	0	0
300	K	0	0	0	0	0	0	0
301	Y	0	0	0	0	0	0	0
302	V	0	0	0	0	0	0	0
303	K	0	0	0	0	0	0	0
304	L	0	0	0	0	0	0	0
305	A	0	0	0	0	0	0	0
306	R	0	0	0	0	0	0	0
307	S	Phosphoserine	KYVKLARSLRTYGVS	HHHHHHHHHHHHCCE	0	0	0	0
308	L	0	0	0	0	0	0	0
309	R	0	0	0	0	0	0	0
310	T	Phosphothreonine	KLARSLRTYGVSFFL	HHHHHHHHHCCEEEE	0	0	0	0
311	Y	Phosphotyrosine	LARSLRTYGVSFFLV	HHHHHHHHCCEEEEE	0	0	0	0
312	G	0	0	0	0	0	0	0
313	V	0	0	0	0	0	0	0
314	S	Phosphoserine	SLRTYGVSFFLVKEK	HHHHHCCEEEEECHH	0	0	0	0
315	F	0	0	0	0	0	0	0
316	F	0	0	0	0	0	0	0
317	L	0	0	0	0	0	0	0
318	V	0	0	0	0	0	0	0
319	K	0	0	0	0	0	0	0
320	E	0	0	0	0	0	0	0
321	K	0	0	0	0	0	0	0
322	M	0	0	0	0	0	0	0
323	K	0	0	0	0	0	0	0
324	G	0	0	0	0	0	0	0
325	K	0	0	0	0	0	0	0
326	N	0	0	0	0	0	0	0
327	K	0	0	0	0	0	0	0
328	L	0	0	0	0	0	0	0
329	V	0	0	0	0	0	0	0
330	P	0	0	0	0	0	0	0
331	R	0	0	0	0	0	0	0
332	L	0	0	0	0	0	0	0
333	L	0	0	0	0	0	0	0
334	G	0	0	0	0	0	0	0
335	I	0	0	0	0	0	0	0
336	T	Phosphothreonine	VPRLLGITKDSVMRV	HHHHHCCCHHHEECC	0	0	0	0
337	K	0	0	0	0	0	0	0
338	D	0	0	0	0	0	0	0
339	S	Phosphoserine	LLGITKDSVMRVDEK	HHCCCHHHEECCCHH	0	0	0	0
340	V	0	0	0	0	0	0	0
341	M	0	0	0	0	0	0	0
342	R	0	0	0	0	0	0	0
343	V	0	0	0	0	0	0	0
344	D	0	0	0	0	0	0	0
345	E	0	0	0	0	0	0	0
346	K	0	0	0	0	0	0	0
347	T	0	0	0	0	0	0	0
348	K	0	0	0	0	0	0	0
349	E	0	0	0	0	0	0	0
350	V	0	0	0	0	0	0	0
351	L	0	0	0	0	0	0	0
352	Q	0	0	0	0	0	0	0
353	E	0	0	0	0	0	0	0
354	W	0	0	0	0	0	0	0
355	P	0	0	0	0	0	0	0
356	L	0	0	0	0	0	0	0
357	T	0	0	0	0	0	0	0
358	T	0	0	0	0	0	0	0
359	V	0	0	0	0	0	0	0
360	K	0	0	0	0	0	0	0
361	R	0	0	0	0	0	0	0
362	W	0	0	0	0	0	0	0
363	A	0	0	0	0	0	0	0
364	A	0	0	0	0	0	0	0
365	S	0	0	0	0	0	0	0
366	P	0	0	0	0	0	0	0
367	K	0	0	0	0	0	0	0
368	S	0	0	0	0	0	0	0
369	F	0	0	0	0	0	0	0
370	T	0	0	0	0	0	0	0
371	L	0	0	0	0	0	0	0
372	D	0	0	0	0	0	0	0
373	F	0	0	0	0	0	0	0
374	G	0	0	0	0	0	0	0
375	E	0	0	0	0	0	0	0
376	Y	0	0	0	0	0	0	0
377	Q	0	0	0	0	0	0	0
378	E	0	0	0	0	0	0	0
379	S	0	0	0	0	0	0	0
380	Y	0	0	0	0	0	0	0
381	Y	0	0	0	0	0	0	0
382	S	0	0	0	0	0	0	0
383	V	0	0	0	0	0	0	0
384	Q	0	0	0	0	0	0	0
385	T	0	0	0	0	0	0	0
386	T	0	0	0	0	0	0	0
387	E	0	0	0	0	0	0	0
388	G	0	0	0	0	0	0	0
389	E	0	0	0	0	0	0	0
390	Q	0	0	0	0	0	0	0
391	I	0	0	0	0	0	0	0
392	S	0	0	0	0	0	0	0
393	Q	0	0	0	0	0	0	0
394	L	0	0	0	0	0	0	0
395	I	0	0	0	0	0	0	0
396	A	0	0	0	0	0	0	0
397	G	0	0	0	0	0	0	0
398	Y	0	0	0	0	0	0	0
399	I	0	0	0	0	0	0	0
400	D	0	0	0	0	0	0	0
401	I	0	0	0	0	0	0	0
402	I	0	0	0	0	0	0	0
403	L	0	0	0	0	0	0	0
404	K	0	0	0	0	0	0	0
405	K	0	0	0	0	0	0	0
406	K	0	0	0	0	0	0	0
407	Q	0	0	0	0	0	0	0
408	S	0	0	0	0	0	0	0
409	K	0	0	0	0	0	0	0
410	D	0	0	0	0	0	0	0
411	R	0	0	0	0	0	0	0
412	F	0	0	0	0	0	0	0
413	G	0	0	0	0	0	0	0
414	L	0	0	0	0	0	0	0
415	E	0	0	0	0	0	0	0
416	G	0	0	0	0	0	0	0
417	D	0	0	0	0	0	0	0
418	E	0	0	0	0	0	0	0
419	E	0	0	0	0	0	0	0
420	S	Phosphoserine	GLEGDEESTMLEESV	CCCCCHHHHHHHCCC	0	0	0	0
421	T	0	0	0	0	0	0	0
422	M	0	0	0	0	0	0	0
423	L	0	0	0	0	0	0	0
424	E	0	0	0	0	0	0	0
425	E	0	0	0	0	0	0	0
426	S	0	0	0	0	0	0	0
427	V	0	0	0	0	0	0	0
428	S	Phosphoserine	TMLEESVSPKKSTIL	HHHHCCCCCCHHHHH	0	0	0	0
429	P	0	0	0	0	0	0	0
430	K	0	0	0	0	0	0	0
431	K	0	0	0	0	0	0	0
432	S	0	0	0	0	0	0	0
433	T	0	0	0	0	0	0	0
434	I	0	0	0	0	0	0	0
435	L	0	0	0	0	0	0	0
436	Q	0	0	0	0	0	0	0
437	Q	0	0	0	0	0	0	0
438	Q	0	0	0	0	0	0	0
439	F	0	0	0	0	0	0	0
440	N	0	0	0	0	0	0	0
441	R	0	0	0	0	0	0	0
442	T	0	0	0	0	0	0	0
443	G	0	0	0	0	0	0	0
444	K	0	0	0	0	0	0	0
445	A	0	0	0	0	0	0	0
446	E	0	0	0	0	0	0	0
447	H	0	0	0	0	0	0	0
448	G	0	0	0	0	0	0	0
449	S	0	0	0	0	0	0	0
450	V	0	0	0	0	0	0	0
451	A	0	0	0	0	0	0	0
452	L	0	0	0	0	0	0	0
453	P	0	0	0	0	0	0	0
454	A	0	0	0	0	0	0	0
455	V	0	0	0	0	0	0	0
456	M	0	0	0	0	0	0	0
457	R	0	0	0	0	0	0	0
458	S	0	0	0	0	0	0	0
459	G	0	0	0	0	0	0	0
460	S	Phosphoserine	PAVMRSGSSGPETFN	HCHHCCCCCCCCCCC	0	0	0	0
461	S	0	0	0	0	0	0	0
462	G	0	0	0	0	0	0	0
463	P	0	0	0	0	0	0	0
464	E	0	0	0	0	0	0	0
465	T	0	0	0	0	0	0	0
466	F	0	0	0	0	0	0	0
467	N	0	0	0	0	0	0	0
468	V	0	0	0	0	0	0	0
469	G	0	0	0	0	0	0	0
470	S	0	0	0	0	0	0	0
471	M	0	0	0	0	0	0	0
472	P	0	0	0	0	0	0	0
473	S	Phosphoserine	FNVGSMPSPQQQVMV	CCCCCCCCHHHEEEH	0	0	0	0
474	P	0	0	0	0	0	0	0
475	Q	0	0	0	0	0	0	0
476	Q	0	0	0	0	0	0	0
477	Q	0	0	0	0	0	0	0
478	V	0	0	0	0	0	0	0
479	M	0	0	0	0	0	0	0
480	V	0	0	0	0	0	0	0
481	G	0	0	0	0	0	0	0
482	Q	0	0	0	0	0	0	0
483	M	0	0	0	0	0	0	0
484	H	0	0	0	0	0	0	0
485	R	0	0	0	0	0	0	0
486	G	0	0	0	0	0	0	0
487	H	0	0	0	0	0	0	0
488	M	0	0	0	0	0	0	0
489	P	0	0	0	0	0	0	0
490	P	0	0	0	0	0	0	0
491	L	0	0	0	0	0	0	0
492	T	0	0	0	0	0	0	0
493	S	0	0	0	0	0	0	0
494	A	0	0	0	0	0	0	0
495	Q	0	0	0	0	0	0	0
496	Q	0	0	0	0	0	0	0
497	A	0	0	0	0	0	0	0
498	L	0	0	0	0	0	0	0
499	M	0	0	0	0	0	0	0
500	G	0	0	0	0	0	0	0
501	T	0	0	0	0	0	0	0
502	I	0	0	0	0	0	0	0
503	N	0	0	0	0	0	0	0
504	T	0	0	0	0	0	0	0
505	S	0	0	0	0	0	0	0
506	M	0	0	0	0	0	0	0
507	H	0	0	0	0	0	0	0
508	A	0	0	0	0	0	0	0
509	V	0	0	0	0	0	0	0
510	Q	0	0	0	0	0	0	0
511	Q	0	0	0	0	0	0	0
512	A	0	0	0	0	0	0	0
513	Q	0	0	0	0	0	0	0
514	D	0	0	0	0	0	0	0
515	D	0	0	0	0	0	0	0
516	L	0	0	0	0	0	0	0
517	S	0	0	0	0	0	0	0
518	E	0	0	0	0	0	0	0
519	L	0	0	0	0	0	0	0
520	D	0	0	0	0	0	0	0
521	S	Phosphoserine	DDLSELDSLPPLGQD	HCHHHHHCCCCCCCC	0	0	0	0
522	L	0	0	0	0	0	0	0
523	P	0	0	0	0	0	0	0
524	P	0	0	0	0	0	0	0
525	L	0	0	0	0	0	0	0
526	G	0	0	0	0	0	0	0
527	Q	0	0	0	0	0	0	0
528	D	0	0	0	0	0	0	0
529	M	0	0	0	0	0	0	0
530	A	0	0	0	0	0	0	0
531	S	0	0	0	0	0	0	0
532	R	0	0	0	0	0	0	0
533	V	0	0	0	0	0	0	0
534	W	0	0	0	0	0	0	0
535	V	0	0	0	0	0	0	0
536	Q	0	0	0	0	0	0	0
537	N	0	0	0	0	0	0	0
538	K	0	0	0	0	0	0	0
539	V	0	0	0	0	0	0	0
540	D	0	0	0	0	0	0	0
541	E	0	0	0	0	0	0	0
542	S	0	0	0	0	0	0	0
543	K	0	0	0	0	0	0	0
544	H	0	0	0	0	0	0	0
545	E	0	0	0	0	0	0	0
546	I	0	0	0	0	0	0	0
547	H	0	0	0	0	0	0	0
548	S	0	0	0	0	0	0	0
549	Q	0	0	0	0	0	0	0
550	V	0	0	0	0	0	0	0
551	D	0	0	0	0	0	0	0
552	A	0	0	0	0	0	0	0
553	I	0	0	0	0	0	0	0
554	T	0	0	0	0	0	0	0
555	A	0	0	0	0	0	0	0
556	G	0	0	0	0	0	0	0
557	T	0	0	0	0	0	0	0
558	A	0	0	0	0	0	0	0
559	S	0	0	0	0	0	0	0
560	V	0	0	0	0	0	0	0
561	V	0	0	0	0	0	0	0
562	N	0	0	0	0	0	0	0
563	L	0	0	0	0	0	0	0
564	T	0	0	0	0	0	0	0
565	A	0	0	0	0	0	0	0
566	G	0	0	0	0	0	0	0
567	D	0	0	0	0	0	0	0
568	P	0	0	0	0	0	0	0
569	A	0	0	0	0	0	0	0
570	D	0	0	0	0	0	0	0
571	T	0	0	0	0	0	0	0
572	D	0	0	0	0	0	0	0
573	Y	0	0	0	0	0	0	0
574	T	0	0	0	0	0	0	0
575	A	0	0	0	0	0	0	0
576	V	0	0	0	0	0	0	0
577	G	0	0	0	0	0	0	0
578	C	0	0	0	0	0	0	0
579	A	0	0	0	0	0	0	0
580	I	0	0	0	0	0	0	0
581	T	0	0	0	0	0	0	0
582	T	0	0	0	0	0	0	0
583	I	0	0	0	0	0	0	0
584	S	0	0	0	0	0	0	0
585	S	0	0	0	0	0	0	0
586	N	0	0	0	0	0	0	0
587	L	0	0	0	0	0	0	0
588	T	0	0	0	0	0	0	0
589	E	0	0	0	0	0	0	0
590	M	0	0	0	0	0	0	0
591	S	0	0	0	0	0	0	0
592	K	0	0	0	0	0	0	0
593	G	0	0	0	0	0	0	0
594	V	0	0	0	0	0	0	0
595	K	0	0	0	0	0	0	0
596	L	0	0	0	0	0	0	0
597	L	0	0	0	0	0	0	0
598	A	0	0	0	0	0	0	0
599	A	0	0	0	0	0	0	0
600	L	0	0	0	0	0	0	0
601	M	0	0	0	0	0	0	0
602	D	0	0	0	0	0	0	0
603	D	0	0	0	0	0	0	0
604	E	0	0	0	0	0	0	0
605	V	0	0	0	0	0	0	0
606	G	0	0	0	0	0	0	0
607	S	0	0	0	0	0	0	0
608	G	0	0	0	0	0	0	0
609	E	0	0	0	0	0	0	0
610	D	0	0	0	0	0	0	0
611	L	0	0	0	0	0	0	0
612	L	0	0	0	0	0	0	0
613	R	0	0	0	0	0	0	0
614	A	0	0	0	0	0	0	0
615	A	0	0	0	0	0	0	0
616	R	0	0	0	0	0	0	0
617	T	0	0	0	0	0	0	0
618	L	0	0	0	0	0	0	0
619	A	0	0	0	0	0	0	0
620	G	0	0	0	0	0	0	0
621	A	0	0	0	0	0	0	0
622	V	0	0	0	0	0	0	0
623	S	Phosphoserine	RTLAGAVSDLLKAVQ	HHHHHHHHHHHHHHC	0	0	0	0
624	D	0	0	0	0	0	0	0
625	L	0	0	0	0	0	0	0
626	L	0	0	0	0	0	0	0
627	K	0	0	0	0	0	0	0
628	A	0	0	0	0	0	0	0
629	V	0	0	0	0	0	0	0
630	Q	0	0	0	0	0	0	0
631	P	0	0	0	0	0	0	0
632	T	Phosphothreonine	LLKAVQPTSGEPRQT	HHHHHCCCCCCCCCH	0	0	0	0
633	S	Phosphoserine	LKAVQPTSGEPRQTV	HHHHCCCCCCCCCHH	0	0	0	0
634	G	0	0	0	0	0	0	0
635	E	0	0	0	0	0	0	0
636	P	0	0	0	0	0	0	0
637	R	0	0	0	0	0	0	0
638	Q	0	0	0	0	0	0	0
639	T	Phosphothreonine	TSGEPRQTVLTAAGS	CCCCCCCHHHHHHHH	0	0	0	0
640	V	0	0	0	0	0	0	0
641	L	0	0	0	0	0	0	0
642	T	0	0	0	0	0	0	0
643	A	0	0	0	0	0	0	0
644	A	0	0	0	0	0	0	0
645	G	0	0	0	0	0	0	0
646	S	0	0	0	0	0	0	0
647	I	0	0	0	0	0	0	0
648	G	0	0	0	0	0	0	0
649	Q	0	0	0	0	0	0	0
650	A	0	0	0	0	0	0	0
651	S	Phosphoserine	AGSIGQASGDLLRQI	HHHHHHHHHHHHHHH	0	0	0	0
652	G	0	0	0	0	0	0	0
653	D	0	0	0	0	0	0	0
654	L	0	0	0	0	0	0	0
655	L	0	0	0	0	0	0	0
656	R	0	0	0	0	0	0	0
657	Q	0	0	0	0	0	0	0
658	I	0	0	0	0	0	0	0
659	G	0	0	0	0	0	0	0
660	E	0	0	0	0	0	0	0
661	N	0	0	0	0	0	0	0
662	E	0	0	0	0	0	0	0
663	T	0	0	0	0	0	0	0
664	D	0	0	0	0	0	0	0
665	E	0	0	0	0	0	0	0
666	R	0	0	0	0	0	0	0
667	F	0	0	0	0	0	0	0
668	Q	0	0	0	0	0	0	0
669	D	0	0	0	0	0	0	0
670	V	0	0	0	0	0	0	0
671	L	0	0	0	0	0	0	0
672	M	0	0	0	0	0	0	0
673	S	Phosphoserine	RFQDVLMSLAKAVAN	HHHHHHHHHHHHHHH	0	0	0	0
674	L	0	0	0	0	0	0	0
675	A	0	0	0	0	0	0	0
676	K	0	0	0	0	0	0	0
677	A	0	0	0	0	0	0	0
678	V	0	0	0	0	0	0	0
679	A	0	0	0	0	0	0	0
680	N	0	0	0	0	0	0	0
681	A	0	0	0	0	0	0	0
682	A	0	0	0	0	0	0	0
683	A	0	0	0	0	0	0	0
684	M	0	0	0	0	0	0	0
685	L	0	0	0	0	0	0	0
686	V	0	0	0	0	0	0	0
687	L	0	0	0	0	0	0	0
688	K	0	0	0	0	0	0	0
689	A	0	0	0	0	0	0	0
690	K	0	0	0	0	0	0	0
691	N	0	0	0	0	0	0	0
692	V	0	0	0	0	0	0	0
693	A	0	0	0	0	0	0	0
694	Q	0	0	0	0	0	0	0
695	V	0	0	0	0	0	0	0
696	A	0	0	0	0	0	0	0
697	E	0	0	0	0	0	0	0
698	D	0	0	0	0	0	0	0
699	T	0	0	0	0	0	0	0
700	V	0	0	0	0	0	0	0
701	L	0	0	0	0	0	0	0
702	Q	0	0	0	0	0	0	0
703	N	0	0	0	0	0	0	0
704	R	0	0	0	0	0	0	0
705	V	0	0	0	0	0	0	0
706	I	0	0	0	0	0	0	0
707	A	0	0	0	0	0	0	0
708	A	0	0	0	0	0	0	0
709	A	0	0	0	0	0	0	0
710	T	0	0	0	0	0	0	0
711	Q	0	0	0	0	0	0	0
712	C	0	0	0	0	0	0	0
713	A	0	0	0	0	0	0	0
714	L	0	0	0	0	0	0	0
715	S	0	0	0	0	0	0	0
716	T	0	0	0	0	0	0	0
717	S	0	0	0	0	0	0	0
718	Q	0	0	0	0	0	0	0
719	L	0	0	0	0	0	0	0
720	V	0	0	0	0	0	0	0
721	A	0	0	0	0	0	0	0
722	C	0	0	0	0	0	0	0
723	A	0	0	0	0	0	0	0
724	K	0	0	0	0	0	0	0
725	V	0	0	0	0	0	0	0
726	V	0	0	0	0	0	0	0
727	S	0	0	0	0	0	0	0
728	P	0	0	0	0	0	0	0
729	T	0	0	0	0	0	0	0
730	I	0	0	0	0	0	0	0
731	S	0	0	0	0	0	0	0
732	S	0	0	0	0	0	0	0
733	P	0	0	0	0	0	0	0
734	V	0	0	0	0	0	0	0
735	C	0	0	0	0	0	0	0
736	Q	0	0	0	0	0	0	0
737	E	0	0	0	0	0	0	0
738	Q	0	0	0	0	0	0	0
739	L	0	0	0	0	0	0	0
740	I	0	0	0	0	0	0	0
741	E	0	0	0	0	0	0	0
742	A	0	0	0	0	0	0	0
743	G	0	0	0	0	0	0	0
744	K	0	0	0	0	0	0	0
745	L	0	0	0	0	0	0	0
746	V	0	0	0	0	0	0	0
747	D	0	0	0	0	0	0	0
748	R	0	0	0	0	0	0	0
749	S	0	0	0	0	0	0	0
750	V	0	0	0	0	0	0	0
751	E	0	0	0	0	0	0	0
752	N	0	0	0	0	0	0	0
753	C	0	0	0	0	0	0	0
754	V	0	0	0	0	0	0	0
755	R	0	0	0	0	0	0	0
756	A	0	0	0	0	0	0	0
757	C	0	0	0	0	0	0	0
758	Q	0	0	0	0	0	0	0
759	A	0	0	0	0	0	0	0
760	A	0	0	0	0	0	0	0
761	T	0	0	0	0	0	0	0
762	T	0	0	0	0	0	0	0
763	D	0	0	0	0	0	0	0
764	S	0	0	0	0	0	0	0
765	E	0	0	0	0	0	0	0
766	L	0	0	0	0	0	0	0
767	L	0	0	0	0	0	0	0
768	K	0	0	0	0	0	0	0
769	Q	0	0	0	0	0	0	0
770	V	0	0	0	0	0	0	0
771	S	0	0	0	0	0	0	0
772	A	0	0	0	0	0	0	0
773	A	0	0	0	0	0	0	0
774	A	0	0	0	0	0	0	0
775	S	0	0	0	0	0	0	0
776	V	0	0	0	0	0	0	0
777	V	0	0	0	0	0	0	0
778	S	0	0	0	0	0	0	0
779	Q	0	0	0	0	0	0	0
780	A	0	0	0	0	0	0	0
781	L	0	0	0	0	0	0	0
782	H	0	0	0	0	0	0	0
783	D	0	0	0	0	0	0	0
784	L	0	0	0	0	0	0	0
785	L	0	0	0	0	0	0	0
786	Q	0	0	0	0	0	0	0
787	H	0	0	0	0	0	0	0
788	V	0	0	0	0	0	0	0
789	R	0	0	0	0	0	0	0
790	Q	0	0	0	0	0	0	0
791	F	0	0	0	0	0	0	0
792	A	0	0	0	0	0	0	0
793	S	0	0	0	0	0	0	0
794	R	0	0	0	0	0	0	0
795	G	0	0	0	0	0	0	0
796	E	0	0	0	0	0	0	0
797	P	0	0	0	0	0	0	0
798	I	0	0	0	0	0	0	0
799	G	0	0	0	0	0	0	0
800	R	0	0	0	0	0	0	0
801	Y	0	0	0	0	0	0	0
802	D	0	0	0	0	0	0	0
803	Q	0	0	0	0	0	0	0
804	A	0	0	0	0	0	0	0
805	T	0	0	0	0	0	0	0
806	D	0	0	0	0	0	0	0
807	T	0	0	0	0	0	0	0
808	I	0	0	0	0	0	0	0
809	M	0	0	0	0	0	0	0
810	C	0	0	0	0	0	0	0
811	V	0	0	0	0	0	0	0
812	T	0	0	0	0	0	0	0
813	E	0	0	0	0	0	0	0
814	S	0	0	0	0	0	0	0
815	I	0	0	0	0	0	0	0
816	F	0	0	0	0	0	0	0
817	S	0	0	0	0	0	0	0
818	S	0	0	0	0	0	0	0
819	M	0	0	0	0	0	0	0
820	G	0	0	0	0	0	0	0
821	D	0	0	0	0	0	0	0
822	A	0	0	0	0	0	0	0
823	G	0	0	0	0	0	0	0
824	E	0	0	0	0	0	0	0
825	M	0	0	0	0	0	0	0
826	V	0	0	0	0	0	0	0
827	R	0	0	0	0	0	0	0
828	Q	0	0	0	0	0	0	0
829	A	0	0	0	0	0	0	0
830	R	0	0	0	0	0	0	0
831	V	0	0	0	0	0	0	0
832	L	0	0	0	0	0	0	0
833	A	0	0	0	0	0	0	0
834	Q	0	0	0	0	0	0	0
835	A	0	0	0	0	0	0	0
836	T	0	0	0	0	0	0	0
837	S	0	0	0	0	0	0	0
838	D	0	0	0	0	0	0	0
839	L	0	0	0	0	0	0	0
840	V	0	0	0	0	0	0	0
841	N	0	0	0	0	0	0	0
842	A	0	0	0	0	0	0	0
843	M	0	0	0	0	0	0	0
844	R	0	0	0	0	0	0	0
845	S	0	0	0	0	0	0	0
846	D	0	0	0	0	0	0	0
847	A	0	0	0	0	0	0	0
848	E	0	0	0	0	0	0	0
849	A	0	0	0	0	0	0	0
850	E	0	0	0	0	0	0	0
851	I	0	0	0	0	0	0	0
852	D	0	0	0	0	0	0	0
853	M	0	0	0	0	0	0	0
854	E	0	0	0	0	0	0	0
855	N	0	0	0	0	0	0	0
856	S	0	0	0	0	0	0	0
857	K	0	0	0	0	0	0	0
858	K	0	0	0	0	0	0	0
859	L	0	0	0	0	0	0	0
860	L	0	0	0	0	0	0	0
861	A	0	0	0	0	0	0	0
862	A	0	0	0	0	0	0	0
863	A	0	0	0	0	0	0	0
864	K	0	0	0	0	0	0	0
865	L	0	0	0	0	0	0	0
866	L	0	0	0	0	0	0	0
867	A	0	0	0	0	0	0	0
868	D	0	0	0	0	0	0	0
869	S	0	0	0	0	0	0	0
870	T	0	0	0	0	0	0	0
871	A	0	0	0	0	0	0	0
872	R	0	0	0	0	0	0	0
873	M	0	0	0	0	0	0	0
874	V	0	0	0	0	0	0	0
875	E	0	0	0	0	0	0	0
876	A	0	0	0	0	0	0	0
877	A	0	0	0	0	0	0	0
878	K	0	0	0	0	0	0	0
879	G	0	0	0	0	0	0	0
880	A	0	0	0	0	0	0	0
881	A	0	0	0	0	0	0	0
882	A	0	0	0	0	0	0	0
883	N	0	0	0	0	0	0	0
884	P	0	0	0	0	0	0	0
885	E	0	0	0	0	0	0	0
886	N	0	0	0	0	0	0	0
887	E	0	0	0	0	0	0	0
888	D	0	0	0	0	0	0	0
889	Q	0	0	0	0	0	0	0
890	Q	0	0	0	0	0	0	0
891	Q	0	0	0	0	0	0	0
892	R	0	0	0	0	0	0	0
893	L	0	0	0	0	0	0	0
894	R	0	0	0	0	0	0	0
895	E	0	0	0	0	0	0	0
896	A	0	0	0	0	0	0	0
897	A	0	0	0	0	0	0	0
898	E	0	0	0	0	0	0	0
899	G	0	0	0	0	0	0	0
900	L	0	0	0	0	0	0	0
901	R	0	0	0	0	0	0	0
902	V	0	0	0	0	0	0	0
903	A	0	0	0	0	0	0	0
904	T	0	0	0	0	0	0	0
905	N	0	0	0	0	0	0	0
906	A	0	0	0	0	0	0	0
907	A	0	0	0	0	0	0	0
908	A	0	0	0	0	0	0	0
909	Q	0	0	0	0	0	0	0
910	N	0	0	0	0	0	0	0
911	A	0	0	0	0	0	0	0
912	I	0	0	0	0	0	0	0
913	K	0	0	0	0	0	0	0
914	K	0	0	0	0	0	0	0
915	K	0	0	0	0	0	0	0
916	I	0	0	0	0	0	0	0
917	V	0	0	0	0	0	0	0
918	N	0	0	0	0	0	0	0
919	R	0	0	0	0	0	0	0
920	L	0	0	0	0	0	0	0
921	E	0	0	0	0	0	0	0
922	V	0	0	0	0	0	0	0
923	A	0	0	0	0	0	0	0
924	A	0	0	0	0	0	0	0
925	K	0	0	0	0	0	0	0
926	Q	0	0	0	0	0	0	0
927	A	0	0	0	0	0	0	0
928	A	0	0	0	0	0	0	0
929	A	0	0	0	0	0	0	0
930	A	0	0	0	0	0	0	0
931	A	0	0	0	0	0	0	0
932	T	0	0	0	0	0	0	0
933	Q	0	0	0	0	0	0	0
934	T	0	0	0	0	0	0	0
935	I	0	0	0	0	0	0	0
936	A	0	0	0	0	0	0	0
937	A	0	0	0	0	0	0	0
938	S	0	0	0	0	0	0	0
939	Q	0	0	0	0	0	0	0
940	N	0	0	0	0	0	0	0
941	A	0	0	0	0	0	0	0
942	A	0	0	0	0	0	0	0
943	V	0	0	0	0	0	0	0
944	S	0	0	0	0	0	0	0
945	N	0	0	0	0	0	0	0
946	K	0	0	0	0	0	0	0
947	N	0	0	0	0	0	0	0
948	P	0	0	0	0	0	0	0
949	A	0	0	0	0	0	0	0
950	A	0	0	0	0	0	0	0
951	Q	0	0	0	0	0	0	0
952	Q	0	0	0	0	0	0	0
953	Q	0	0	0	0	0	0	0
954	L	0	0	0	0	0	0	0
955	V	0	0	0	0	0	0	0
956	Q	0	0	0	0	0	0	0
957	S	0	0	0	0	0	0	0
958	C	0	0	0	0	0	0	0
959	K	0	0	0	0	0	0	0
960	A	0	0	0	0	0	0	0
961	V	0	0	0	0	0	0	0
962	A	0	0	0	0	0	0	0
963	D	0	0	0	0	0	0	0
964	H	0	0	0	0	0	0	0
965	I	0	0	0	0	0	0	0
966	P	0	0	0	0	0	0	0
967	Q	0	0	0	0	0	0	0
968	L	0	0	0	0	0	0	0
969	V	0	0	0	0	0	0	0
970	Q	0	0	0	0	0	0	0
971	G	0	0	0	0	0	0	0
972	V	0	0	0	0	0	0	0
973	R	0	0	0	0	0	0	0
974	G	0	0	0	0	0	0	0
975	S	0	0	0	0	0	0	0
976	Q	0	0	0	0	0	0	0
977	A	0	0	0	0	0	0	0
978	Q	0	0	0	0	0	0	0
979	A	0	0	0	0	0	0	0
980	E	0	0	0	0	0	0	0
981	D	0	0	0	0	0	0	0
982	L	0	0	0	0	0	0	0
983	S	0	0	0	0	0	0	0
984	A	0	0	0	0	0	0	0
985	Q	0	0	0	0	0	0	0
986	L	0	0	0	0	0	0	0
987	A	0	0	0	0	0	0	0
988	L	0	0	0	0	0	0	0
989	I	0	0	0	0	0	0	0
990	I	0	0	0	0	0	0	0
991	S	0	0	0	0	0	0	0
992	S	0	0	0	0	0	0	0
993	Q	0	0	0	0	0	0	0
994	N	0	0	0	0	0	0	0
995	F	0	0	0	0	0	0	0
996	L	0	0	0	0	0	0	0
997	Q	0	0	0	0	0	0	0
998	P	0	0	0	0	0	0	0
999	G	0	0	0	0	0	0	0
1000	S	Phosphoserine	QNFLQPGSKMVSSAK	CCCCCCCCHHHHCCH	0	0	0	0
1001	K	0	0	0	0	0	0	0
1002	M	0	0	0	0	0	0	0
1003	V	0	0	0	0	0	0	0
1004	S	Phosphoserine	QPGSKMVSSAKAAVP	CCCCHHHHCCHHHCC	0	0	0	0
1005	S	Phosphoserine	PGSKMVSSAKAAVPT	CCCHHHHCCHHHCCC	0	0	0	0
1006	A	0	0	0	0	0	0	0
1007	K	0	0	0	0	0	0	0
1008	A	0	0	0	0	0	0	0
1009	A	0	0	0	0	0	0	0
1010	V	0	0	0	0	0	0	0
1011	P	0	0	0	0	0	0	0
1012	T	0	0	0	0	0	0	0
1013	V	0	0	0	0	0	0	0
1014	S	0	0	0	0	0	0	0
1015	D	0	0	0	0	0	0	0
1016	Q	0	0	0	0	0	0	0
1017	A	0	0	0	0	0	0	0
1018	A	0	0	0	0	0	0	0
1019	A	0	0	0	0	0	0	0
1020	M	0	0	0	0	0	0	0
1021	Q	0	0	0	0	0	0	0
1022	L	0	0	0	0	0	0	0
1023	S	Phosphoserine	QAAAMQLSQCAKNLA	HHHHHHHHHHHHHHH	0	0	0	0
1024	Q	0	0	0	0	0	0	0
1025	C	0	0	0	0	0	0	0
1026	A	0	0	0	0	0	0	0
1027	K	0	0	0	0	0	0	0
1028	N	0	0	0	0	0	0	0
1029	L	0	0	0	0	0	0	0
1030	A	0	0	0	0	0	0	0
1031	T	0	0	0	0	0	0	0
1032	S	0	0	0	0	0	0	0
1033	L	0	0	0	0	0	0	0
1034	A	0	0	0	0	0	0	0
1035	E	0	0	0	0	0	0	0
1036	L	0	0	0	0	0	0	0
1037	R	0	0	0	0	0	0	0
1038	T	0	0	0	0	0	0	0
1039	A	0	0	0	0	0	0	0
1040	S	0	0	0	0	0	0	0
1041	Q	0	0	0	0	0	0	0
1042	K	0	0	0	0	0	0	0
1043	A	0	0	0	0	0	0	0
1044	H	0	0	0	0	0	0	0
1045	E	0	0	0	0	0	0	0
1046	A	0	0	0	0	0	0	0
1047	C	0	0	0	0	0	0	0
1048	G	0	0	0	0	0	0	0
1049	P	0	0	0	0	0	0	0
1050	M	0	0	0	0	0	0	0
1051	E	0	0	0	0	0	0	0
1052	I	0	0	0	0	0	0	0
1053	D	0	0	0	0	0	0	0
1054	S	0	0	0	0	0	0	0
1055	A	0	0	0	0	0	0	0
1056	L	0	0	0	0	0	0	0
1057	N	0	0	0	0	0	0	0
1058	T	0	0	0	0	0	0	0
1059	V	0	0	0	0	0	0	0
1060	Q	0	0	0	0	0	0	0
1061	T	0	0	0	0	0	0	0
1062	L	0	0	0	0	0	0	0
1063	K	0	0	0	0	0	0	0
1064	N	0	0	0	0	0	0	0
1065	E	0	0	0	0	0	0	0
1066	L	0	0	0	0	0	0	0
1067	Q	0	0	0	0	0	0	0
1068	D	0	0	0	0	0	0	0
1069	A	0	0	0	0	0	0	0
1070	K	0	0	0	0	0	0	0
1071	M	0	0	0	0	0	0	0
1072	A	0	0	0	0	0	0	0
1073	A	0	0	0	0	0	0	0
1074	V	0	0	0	0	0	0	0
1075	E	0	0	0	0	0	0	0
1076	S	0	0	0	0	0	0	0
1077	Q	0	0	0	0	0	0	0
1078	L	0	0	0	0	0	0	0
1079	K	0	0	0	0	0	0	0
1080	P	0	0	0	0	0	0	0
1081	L	0	0	0	0	0	0	0
1082	P	0	0	0	0	0	0	0
1083	G	0	0	0	0	0	0	0
1084	E	0	0	0	0	0	0	0
1085	T	0	0	0	0	0	0	0
1086	L	0	0	0	0	0	0	0
1087	E	0	0	0	0	0	0	0
1088	K	0	0	0	0	0	0	0
1089	C	0	0	0	0	0	0	0
1090	A	0	0	0	0	0	0	0
1091	Q	0	0	0	0	0	0	0
1092	D	0	0	0	0	0	0	0
1093	L	0	0	0	0	0	0	0
1094	G	0	0	0	0	0	0	0
1095	S	0	0	0	0	0	0	0
1096	T	0	0	0	0	0	0	0
1097	S	0	0	0	0	0	0	0
1098	K	0	0	0	0	0	0	0
1099	A	0	0	0	0	0	0	0
1100	V	0	0	0	0	0	0	0
1101	G	0	0	0	0	0	0	0
1102	S	0	0	0	0	0	0	0
1103	S	0	0	0	0	0	0	0
1104	M	0	0	0	0	0	0	0
1105	A	0	0	0	0	0	0	0
1106	Q	0	0	0	0	0	0	0
1107	L	0	0	0	0	0	0	0
1108	L	0	0	0	0	0	0	0
1109	T	0	0	0	0	0	0	0
1110	C	0	0	0	0	0	0	0
1111	A	0	0	0	0	0	0	0
1112	A	0	0	0	0	0	0	0
1113	Q	0	0	0	0	0	0	0
1114	G	0	0	0	0	0	0	0
1115	N	0	0	0	0	0	0	0
1116	E	0	0	0	0	0	0	0
1117	H	0	0	0	0	0	0	0
1118	Y	Phosphotyrosine	AAQGNEHYTGVAARE	HHHCCCCCCHHHHHH	0	0	0	0
1119	T	0	0	0	0	0	0	0
1120	G	0	0	0	0	0	0	0
1121	V	0	0	0	0	0	0	0
1122	A	0	0	0	0	0	0	0
1123	A	0	0	0	0	0	0	0
1124	R	0	0	0	0	0	0	0
1125	E	0	0	0	0	0	0	0
1126	T	0	0	0	0	0	0	0
1127	A	0	0	0	0	0	0	0
1128	Q	0	0	0	0	0	0	0
1129	A	0	0	0	0	0	0	0
1130	L	0	0	0	0	0	0	0
1131	K	0	0	0	0	0	0	0
1132	T	0	0	0	0	0	0	0
1133	L	0	0	0	0	0	0	0
1134	A	0	0	0	0	0	0	0
1135	Q	0	0	0	0	0	0	0
1136	A	0	0	0	0	0	0	0
1137	A	0	0	0	0	0	0	0
1138	R	0	0	0	0	0	0	0
1139	G	0	0	0	0	0	0	0
1140	V	0	0	0	0	0	0	0
1141	A	0	0	0	0	0	0	0
1142	A	0	0	0	0	0	0	0
1143	S	0	0	0	0	0	0	0
1144	T	0	0	0	0	0	0	0
1145	T	0	0	0	0	0	0	0
1146	D	0	0	0	0	0	0	0
1147	P	0	0	0	0	0	0	0
1148	A	0	0	0	0	0	0	0
1149	A	0	0	0	0	0	0	0
1150	A	0	0	0	0	0	0	0
1151	H	0	0	0	0	0	0	0
1152	A	0	0	0	0	0	0	0
1153	M	0	0	0	0	0	0	0
1154	L	0	0	0	0	0	0	0
1155	D	0	0	0	0	0	0	0
1156	S	Phosphoserine	AAHAMLDSARDVMEG	HHHHHHHHHHHHHHH	0	0	0	0
1157	A	0	0	0	0	0	0	0
1158	R	0	0	0	0	0	0	0
1159	D	0	0	0	0	0	0	0
1160	V	0	0	0	0	0	0	0
1161	M	0	0	0	0	0	0	0
1162	E	0	0	0	0	0	0	0
1163	G	0	0	0	0	0	0	0
1164	S	0	0	0	0	0	0	0
1165	A	0	0	0	0	0	0	0
1166	M	0	0	0	0	0	0	0
1167	L	0	0	0	0	0	0	0
1168	I	0	0	0	0	0	0	0
1169	Q	0	0	0	0	0	0	0
1170	E	0	0	0	0	0	0	0
1171	A	0	0	0	0	0	0	0
1172	K	0	0	0	0	0	0	0
1173	Q	0	0	0	0	0	0	0
1174	A	0	0	0	0	0	0	0
1175	L	0	0	0	0	0	0	0
1176	I	0	0	0	0	0	0	0
1177	A	0	0	0	0	0	0	0
1178	P	0	0	0	0	0	0	0
1179	G	0	0	0	0	0	0	0
1180	D	0	0	0	0	0	0	0
1181	A	0	0	0	0	0	0	0
1182	E	0	0	0	0	0	0	0
1183	R	0	0	0	0	0	0	0
1184	Q	0	0	0	0	0	0	0
1185	Q	0	0	0	0	0	0	0
1186	R	0	0	0	0	0	0	0
1187	L	0	0	0	0	0	0	0
1188	A	0	0	0	0	0	0	0
1189	Q	0	0	0	0	0	0	0
1190	V	0	0	0	0	0	0	0
1191	A	0	0	0	0	0	0	0
1192	K	0	0	0	0	0	0	0
1193	A	0	0	0	0	0	0	0
1194	V	0	0	0	0	0	0	0
1195	S	0	0	0	0	0	0	0
1196	H	0	0	0	0	0	0	0
1197	S	0	0	0	0	0	0	0
1198	L	0	0	0	0	0	0	0
1199	N	0	0	0	0	0	0	0
1200	N	0	0	0	0	0	0	0
1201	C	0	0	0	0	0	0	0
1202	V	0	0	0	0	0	0	0
1203	N	0	0	0	0	0	0	0
1204	C	0	0	0	0	0	0	0
1205	L	0	0	0	0	0	0	0
1206	P	0	0	0	0	0	0	0
1207	G	0	0	0	0	0	0	0
1208	Q	0	0	0	0	0	0	0
1209	K	0	0	0	0	0	0	0
1210	D	0	0	0	0	0	0	0
1211	V	0	0	0	0	0	0	0
1212	D	0	0	0	0	0	0	0
1213	V	0	0	0	0	0	0	0
1214	A	0	0	0	0	0	0	0
1215	L	0	0	0	0	0	0	0
1216	K	0	0	0	0	0	0	0
1217	S	0	0	0	0	0	0	0
1218	I	0	0	0	0	0	0	0
1219	G	0	0	0	0	0	0	0
1220	E	0	0	0	0	0	0	0
1221	S	0	0	0	0	0	0	0
1222	S	0	0	0	0	0	0	0
1223	K	0	0	0	0	0	0	0
1224	K	0	0	0	0	0	0	0
1225	L	0	0	0	0	0	0	0
1226	L	0	0	0	0	0	0	0
1227	V	0	0	0	0	0	0	0
1228	D	0	0	0	0	0	0	0
1229	S	0	0	0	0	0	0	0
1230	L	0	0	0	0	0	0	0
1231	P	0	0	0	0	0	0	0
1232	P	0	0	0	0	0	0	0
1233	S	0	0	0	0	0	0	0
1234	T	0	0	0	0	0	0	0
1235	K	0	0	0	0	0	0	0
1236	P	0	0	0	0	0	0	0
1237	F	0	0	0	0	0	0	0
1238	Q	0	0	0	0	0	0	0
1239	E	0	0	0	0	0	0	0
1240	A	0	0	0	0	0	0	0
1241	Q	0	0	0	0	0	0	0
1242	S	0	0	0	0	0	0	0
1243	E	0	0	0	0	0	0	0
1244	L	0	0	0	0	0	0	0
1245	N	0	0	0	0	0	0	0
1246	Q	0	0	0	0	0	0	0
1247	A	0	0	0	0	0	0	0
1248	A	0	0	0	0	0	0	0
1249	A	0	0	0	0	0	0	0
1250	D	0	0	0	0	0	0	0
1251	L	0	0	0	0	0	0	0
1252	N	0	0	0	0	0	0	0
1253	Q	0	0	0	0	0	0	0
1254	S	0	0	0	0	0	0	0
1255	A	0	0	0	0	0	0	0
1256	G	0	0	0	0	0	0	0
1257	E	0	0	0	0	0	0	0
1258	V	0	0	0	0	0	0	0
1259	V	0	0	0	0	0	0	0
1260	H	0	0	0	0	0	0	0
1261	A	0	0	0	0	0	0	0
1262	T	0	0	0	0	0	0	0
1263	R	0	0	0	0	0	0	0
1264	G	0	0	0	0	0	0	0
1265	Q	0	0	0	0	0	0	0
1266	S	0	0	0	0	0	0	0
1267	G	0	0	0	0	0	0	0
1268	E	0	0	0	0	0	0	0
1269	L	0	0	0	0	0	0	0
1270	A	0	0	0	0	0	0	0
1271	A	0	0	0	0	0	0	0
1272	A	0	0	0	0	0	0	0
1273	S	0	0	0	0	0	0	0
1274	G	0	0	0	0	0	0	0
1275	K	0	0	0	0	0	0	0
1276	F	0	0	0	0	0	0	0
1277	S	Phosphoserine	AAASGKFSDDFDEFL	HHHCCCCCCCHHHHH	0	0	0	0
1278	D	0	0	0	0	0	0	0
1279	D	0	0	0	0	0	0	0
1280	F	0	0	0	0	0	0	0
1281	D	0	0	0	0	0	0	0
1282	E	0	0	0	0	0	0	0
1283	F	0	0	0	0	0	0	0
1284	L	0	0	0	0	0	0	0
1285	D	0	0	0	0	0	0	0
1286	A	0	0	0	0	0	0	0
1287	G	0	0	0	0	0	0	0
1288	I	0	0	0	0	0	0	0
1289	E	0	0	0	0	0	0	0
1290	M	0	0	0	0	0	0	0
1291	A	0	0	0	0	0	0	0
1292	G	0	0	0	0	0	0	0
1293	Q	0	0	0	0	0	0	0
1294	A	0	0	0	0	0	0	0
1295	Q	0	0	0	0	0	0	0
1296	T	Phosphothreonine	EMAGQAQTKEDQIQV	HHCCCCCCHHHHHHH	0	0	0	0
1297	K	0	0	0	0	0	0	0
1298	E	0	0	0	0	0	0	0
1299	D	0	0	0	0	0	0	0
1300	Q	0	0	0	0	0	0	0
1301	I	0	0	0	0	0	0	0
1302	Q	0	0	0	0	0	0	0
1303	V	0	0	0	0	0	0	0
1304	I	0	0	0	0	0	0	0
1305	G	0	0	0	0	0	0	0
1306	N	0	0	0	0	0	0	0
1307	L	0	0	0	0	0	0	0
1308	K	0	0	0	0	0	0	0
1309	N	0	0	0	0	0	0	0
1310	I	0	0	0	0	0	0	0
1311	S	0	0	0	0	0	0	0
1312	M	0	0	0	0	0	0	0
1313	A	0	0	0	0	0	0	0
1314	S	0	0	0	0	0	0	0
1315	S	0	0	0	0	0	0	0
1316	K	0	0	0	0	0	0	0
1317	L	0	0	0	0	0	0	0
1318	L	0	0	0	0	0	0	0
1319	L	0	0	0	0	0	0	0
1320	A	0	0	0	0	0	0	0
1321	A	0	0	0	0	0	0	0
1322	K	0	0	0	0	0	0	0
1323	S	0	0	0	0	0	0	0
1324	L	0	0	0	0	0	0	0
1325	S	0	0	0	0	0	0	0
1326	V	0	0	0	0	0	0	0
1327	D	0	0	0	0	0	0	0
1328	P	0	0	0	0	0	0	0
1329	G	0	0	0	0	0	0	0
1330	A	0	0	0	0	0	0	0
1331	P	0	0	0	0	0	0	0
1332	N	0	0	0	0	0	0	0
1333	A	0	0	0	0	0	0	0
1334	K	0	0	0	0	0	0	0
1335	N	0	0	0	0	0	0	0
1336	L	0	0	0	0	0	0	0
1337	L	0	0	0	0	0	0	0
1338	A	0	0	0	0	0	0	0
1339	A	0	0	0	0	0	0	0
1340	A	0	0	0	0	0	0	0
1341	A	0	0	0	0	0	0	0
1342	R	0	0	0	0	0	0	0
1343	A	0	0	0	0	0	0	0
1344	V	0	0	0	0	0	0	0
1345	T	0	0	0	0	0	0	0
1346	E	0	0	0	0	0	0	0
1347	S	0	0	0	0	0	0	0
1348	I	0	0	0	0	0	0	0
1349	N	0	0	0	0	0	0	0
1350	Q	0	0	0	0	0	0	0
1351	L	0	0	0	0	0	0	0
1352	I	0	0	0	0	0	0	0
1353	T	0	0	0	0	0	0	0
1354	L	0	0	0	0	0	0	0
1355	C	0	0	0	0	0	0	0
1356	T	0	0	0	0	0	0	0
1357	Q	0	0	0	0	0	0	0
1358	Q	0	0	0	0	0	0	0
1359	A	0	0	0	0	0	0	0
1360	P	0	0	0	0	0	0	0
1361	G	0	0	0	0	0	0	0
1362	Q	0	0	0	0	0	0	0
1363	K	0	0	0	0	0	0	0
1364	E	0	0	0	0	0	0	0
1365	C	0	0	0	0	0	0	0
1366	D	0	0	0	0	0	0	0
1367	N	0	0	0	0	0	0	0
1368	A	0	0	0	0	0	0	0
1369	L	0	0	0	0	0	0	0
1370	R	0	0	0	0	0	0	0
1371	E	0	0	0	0	0	0	0
1372	L	0	0	0	0	0	0	0
1373	E	0	0	0	0	0	0	0
1374	T	0	0	0	0	0	0	0
1375	V	0	0	0	0	0	0	0
1376	K	0	0	0	0	0	0	0
1377	G	0	0	0	0	0	0	0
1378	M	0	0	0	0	0	0	0
1379	L	0	0	0	0	0	0	0
1380	D	0	0	0	0	0	0	0
1381	N	0	0	0	0	0	0	0
1382	P	0	0	0	0	0	0	0
1383	N	0	0	0	0	0	0	0
1384	E	0	0	0	0	0	0	0
1385	P	0	0	0	0	0	0	0
1386	V	0	0	0	0	0	0	0
1387	S	0	0	0	0	0	0	0
1388	D	0	0	0	0	0	0	0
1389	L	0	0	0	0	0	0	0
1390	S	0	0	0	0	0	0	0
1391	Y	0	0	0	0	0	0	0
1392	F	0	0	0	0	0	0	0
1393	D	0	0	0	0	0	0	0
1394	C	0	0	0	0	0	0	0
1395	I	0	0	0	0	0	0	0
1396	E	0	0	0	0	0	0	0
1397	S	0	0	0	0	0	0	0
1398	V	0	0	0	0	0	0	0
1399	M	0	0	0	0	0	0	0
1400	E	0	0	0	0	0	0	0
1401	N	0	0	0	0	0	0	0
1402	S	0	0	0	0	0	0	0
1403	K	0	0	0	0	0	0	0
1404	V	0	0	0	0	0	0	0
1405	L	0	0	0	0	0	0	0
1406	G	0	0	0	0	0	0	0
1407	E	0	0	0	0	0	0	0
1408	S	0	0	0	0	0	0	0
1409	M	0	0	0	0	0	0	0
1410	A	0	0	0	0	0	0	0
1411	G	0	0	0	0	0	0	0
1412	I	0	0	0	0	0	0	0
1413	S	0	0	0	0	0	0	0
1414	Q	0	0	0	0	0	0	0
1415	N	0	0	0	0	0	0	0
1416	A	0	0	0	0	0	0	0
1417	K	0	0	0	0	0	0	0
1418	T	0	0	0	0	0	0	0
1419	G	0	0	0	0	0	0	0
1420	D	0	0	0	0	0	0	0
1421	L	0	0	0	0	0	0	0
1422	P	0	0	0	0	0	0	0
1423	A	0	0	0	0	0	0	0
1424	F	0	0	0	0	0	0	0
1425	G	0	0	0	0	0	0	0
1426	E	0	0	0	0	0	0	0
1427	C	0	0	0	0	0	0	0
1428	V	0	0	0	0	0	0	0
1429	G	0	0	0	0	0	0	0
1430	I	0	0	0	0	0	0	0
1431	A	0	0	0	0	0	0	0
1432	S	0	0	0	0	0	0	0
1433	K	0	0	0	0	0	0	0
1434	A	0	0	0	0	0	0	0
1435	L	0	0	0	0	0	0	0
1436	C	0	0	0	0	0	0	0
1437	G	0	0	0	0	0	0	0
1438	L	0	0	0	0	0	0	0
1439	T	0	0	0	0	0	0	0
1440	E	0	0	0	0	0	0	0
1441	A	0	0	0	0	0	0	0
1442	A	0	0	0	0	0	0	0
1443	A	0	0	0	0	0	0	0
1444	Q	0	0	0	0	0	0	0
1445	A	0	0	0	0	0	0	0
1446	A	0	0	0	0	0	0	0
1447	Y	0	0	0	0	0	0	0
1448	L	0	0	0	0	0	0	0
1449	V	0	0	0	0	0	0	0
1450	G	0	0	0	0	0	0	0
1451	I	0	0	0	0	0	0	0
1452	S	0	0	0	0	0	0	0
1453	D	0	0	0	0	0	0	0
1454	P	0	0	0	0	0	0	0
1455	N	0	0	0	0	0	0	0
1456	S	0	0	0	0	0	0	0
1457	Q	0	0	0	0	0	0	0
1458	A	0	0	0	0	0	0	0
1459	G	0	0	0	0	0	0	0
1460	H	0	0	0	0	0	0	0
1461	Q	0	0	0	0	0	0	0
1462	G	0	0	0	0	0	0	0
1463	L	0	0	0	0	0	0	0
1464	V	0	0	0	0	0	0	0
1465	D	0	0	0	0	0	0	0
1466	P	0	0	0	0	0	0	0
1467	I	0	0	0	0	0	0	0
1468	Q	0	0	0	0	0	0	0
1469	F	0	0	0	0	0	0	0
1470	A	0	0	0	0	0	0	0
1471	R	0	0	0	0	0	0	0
1472	A	0	0	0	0	0	0	0
1473	N	0	0	0	0	0	0	0
1474	Q	0	0	0	0	0	0	0
1475	A	0	0	0	0	0	0	0
1476	I	0	0	0	0	0	0	0
1477	Q	0	0	0	0	0	0	0
1478	M	0	0	0	0	0	0	0
1479	A	0	0	0	0	0	0	0
1480	C	0	0	0	0	0	0	0
1481	Q	0	0	0	0	0	0	0
1482	N	0	0	0	0	0	0	0
1483	L	0	0	0	0	0	0	0
1484	V	0	0	0	0	0	0	0
1485	D	0	0	0	0	0	0	0
1486	P	0	0	0	0	0	0	0
1487	G	0	0	0	0	0	0	0
1488	S	0	0	0	0	0	0	0
1489	S	0	0	0	0	0	0	0
1490	P	0	0	0	0	0	0	0
1491	S	0	0	0	0	0	0	0
1492	Q	0	0	0	0	0	0	0
1493	V	0	0	0	0	0	0	0
1494	L	0	0	0	0	0	0	0
1495	S	0	0	0	0	0	0	0
1496	A	0	0	0	0	0	0	0
1497	A	0	0	0	0	0	0	0
1498	T	0	0	0	0	0	0	0
1499	I	0	0	0	0	0	0	0
1500	V	0	0	0	0	0	0	0
1501	A	0	0	0	0	0	0	0
1502	K	0	0	0	0	0	0	0
1503	H	0	0	0	0	0	0	0
1504	T	0	0	0	0	0	0	0
1505	S	0	0	0	0	0	0	0
1506	A	0	0	0	0	0	0	0
1507	L	0	0	0	0	0	0	0
1508	C	0	0	0	0	0	0	0
1509	N	0	0	0	0	0	0	0
1510	A	0	0	0	0	0	0	0
1511	C	0	0	0	0	0	0	0
1512	R	0	0	0	0	0	0	0
1513	I	0	0	0	0	0	0	0
1514	A	0	0	0	0	0	0	0
1515	S	0	0	0	0	0	0	0
1516	S	0	0	0	0	0	0	0
1517	K	0	0	0	0	0	0	0
1518	T	0	0	0	0	0	0	0
1519	A	0	0	0	0	0	0	0
1520	N	0	0	0	0	0	0	0
1521	P	0	0	0	0	0	0	0
1522	V	0	0	0	0	0	0	0
1523	A	0	0	0	0	0	0	0
1524	K	0	0	0	0	0	0	0
1525	R	0	0	0	0	0	0	0
1526	H	0	0	0	0	0	0	0
1527	F	0	0	0	0	0	0	0
1528	V	0	0	0	0	0	0	0
1529	Q	0	0	0	0	0	0	0
1530	S	0	0	0	0	0	0	0
1531	A	0	0	0	0	0	0	0
1532	K	0	0	0	0	0	0	0
1533	E	0	0	0	0	0	0	0
1534	V	0	0	0	0	0	0	0
1535	A	0	0	0	0	0	0	0
1536	N	0	0	0	0	0	0	0
1537	S	0	0	0	0	0	0	0
1538	T	0	0	0	0	0	0	0
1539	A	0	0	0	0	0	0	0
1540	N	0	0	0	0	0	0	0
1541	L	0	0	0	0	0	0	0
1542	V	0	0	0	0	0	0	0
1543	K	Ubiquitinlysine	NSTANLVKTIKALDG	HHHHHHHHHHHHHCC	0	0	0	0
1544	T	0	0	0	0	0	0	0
1545	I	0	0	0	0	0	0	0
1546	K	0	0	0	0	0	0	0
1547	A	0	0	0	0	0	0	0
1548	L	0	0	0	0	0	0	0
1549	D	0	0	0	0	0	0	0
1550	G	0	0	0	0	0	0	0
1551	D	0	0	0	0	0	0	0
1552	F	0	0	0	0	0	0	0
1553	S	0	0	0	0	0	0	0
1554	E	0	0	0	0	0	0	0
1555	D	0	0	0	0	0	0	0
1556	N	0	0	0	0	0	0	0
1557	R	0	0	0	0	0	0	0
1558	N	0	0	0	0	0	0	0
1559	K	0	0	0	0	0	0	0
1560	C	0	0	0	0	0	0	0
1561	R	0	0	0	0	0	0	0
1562	I	0	0	0	0	0	0	0
1563	A	0	0	0	0	0	0	0
1564	T	0	0	0	0	0	0	0
1565	A	0	0	0	0	0	0	0
1566	P	0	0	0	0	0	0	0
1567	L	0	0	0	0	0	0	0
1568	I	0	0	0	0	0	0	0
1569	E	0	0	0	0	0	0	0
1570	A	0	0	0	0	0	0	0
1571	V	0	0	0	0	0	0	0
1572	E	0	0	0	0	0	0	0
1573	N	0	0	0	0	0	0	0
1574	L	0	0	0	0	0	0	0
1575	T	0	0	0	0	0	0	0
1576	A	0	0	0	0	0	0	0
1577	F	0	0	0	0	0	0	0
1578	A	0	0	0	0	0	0	0
1579	S	0	0	0	0	0	0	0
1580	N	0	0	0	0	0	0	0
1581	P	0	0	0	0	0	0	0
1582	E	0	0	0	0	0	0	0
1583	F	0	0	0	0	0	0	0
1584	V	0	0	0	0	0	0	0
1585	S	0	0	0	0	0	0	0
1586	I	0	0	0	0	0	0	0
1587	P	0	0	0	0	0	0	0
1588	A	0	0	0	0	0	0	0
1589	Q	0	0	0	0	0	0	0
1590	I	0	0	0	0	0	0	0
1591	S	0	0	0	0	0	0	0
1592	S	0	0	0	0	0	0	0
1593	E	0	0	0	0	0	0	0
1594	G	0	0	0	0	0	0	0
1595	S	0	0	0	0	0	0	0
1596	Q	0	0	0	0	0	0	0
1597	A	0	0	0	0	0	0	0
1598	Q	0	0	0	0	0	0	0
1599	E	0	0	0	0	0	0	0
1600	P	0	0	0	0	0	0	0
1601	I	0	0	0	0	0	0	0
1602	L	0	0	0	0	0	0	0
1603	V	0	0	0	0	0	0	0
1604	S	0	0	0	0	0	0	0
1605	A	0	0	0	0	0	0	0
1606	K	0	0	0	0	0	0	0
1607	T	0	0	0	0	0	0	0
1608	M	0	0	0	0	0	0	0
1609	L	0	0	0	0	0	0	0
1610	E	0	0	0	0	0	0	0
1611	S	0	0	0	0	0	0	0
1612	S	0	0	0	0	0	0	0
1613	S	0	0	0	0	0	0	0
1614	Y	0	0	0	0	0	0	0
1615	L	0	0	0	0	0	0	0
1616	I	0	0	0	0	0	0	0
1617	R	0	0	0	0	0	0	0
1618	T	0	0	0	0	0	0	0
1619	A	0	0	0	0	0	0	0
1620	R	0	0	0	0	0	0	0
1621	S	0	0	0	0	0	0	0
1622	L	0	0	0	0	0	0	0
1623	A	0	0	0	0	0	0	0
1624	I	0	0	0	0	0	0	0
1625	N	0	0	0	0	0	0	0
1626	P	0	0	0	0	0	0	0
1627	K	0	0	0	0	0	0	0
1628	D	0	0	0	0	0	0	0
1629	P	0	0	0	0	0	0	0
1630	P	0	0	0	0	0	0	0
1631	T	0	0	0	0	0	0	0
1632	W	0	0	0	0	0	0	0
1633	S	0	0	0	0	0	0	0
1634	V	0	0	0	0	0	0	0
1635	L	0	0	0	0	0	0	0
1636	A	0	0	0	0	0	0	0
1637	G	0	0	0	0	0	0	0
1638	H	0	0	0	0	0	0	0
1639	S	0	0	0	0	0	0	0
1640	H	0	0	0	0	0	0	0
1641	T	0	0	0	0	0	0	0
1642	V	0	0	0	0	0	0	0
1643	S	0	0	0	0	0	0	0
1644	D	0	0	0	0	0	0	0
1645	S	0	0	0	0	0	0	0
1646	I	0	0	0	0	0	0	0
1647	K	0	0	0	0	0	0	0
1648	S	0	0	0	0	0	0	0
1649	L	0	0	0	0	0	0	0
1650	I	0	0	0	0	0	0	0
1651	T	Phosphothreonine	DSIKSLITSIRDKAP	HHHHHHHHHHHHCCC	0	0	0	0
1652	S	Phosphoserine	SIKSLITSIRDKAPG	HHHHHHHHHHHCCCC	0	0	0	0
1653	I	0	0	0	0	0	0	0
1654	R	0	0	0	0	0	0	0
1655	D	0	0	0	0	0	0	0
1656	K	0	0	0	0	0	0	0
1657	A	0	0	0	0	0	0	0
1658	P	0	0	0	0	0	0	0
1659	G	0	0	0	0	0	0	0
1660	Q	0	0	0	0	0	0	0
1661	R	0	0	0	0	0	0	0
1662	E	0	0	0	0	0	0	0
1663	C	0	0	0	0	0	0	0
1664	D	0	0	0	0	0	0	0
1665	Y	Phosphotyrosine	PGQRECDYSIDGINR	CCCCCCCCCCCCHHH	0	0	0	0
1666	S	Phosphoserine	GQRECDYSIDGINRC	CCCCCCCCCCCHHHH	0	0	0	0
1667	I	0	0	0	0	0	0	0
1668	D	0	0	0	0	0	0	0
1669	G	0	0	0	0	0	0	0
1670	I	0	0	0	0	0	0	0
1671	N	0	0	0	0	0	0	0
1672	R	0	0	0	0	0	0	0
1673	C	0	0	0	0	0	0	0
1674	I	0	0	0	0	0	0	0
1675	R	0	0	0	0	0	0	0
1676	D	0	0	0	0	0	0	0
1677	I	0	0	0	0	0	0	0
1678	E	0	0	0	0	0	0	0
1679	Q	0	0	0	0	0	0	0
1680	A	0	0	0	0	0	0	0
1681	S	0	0	0	0	0	0	0
1682	L	0	0	0	0	0	0	0
1683	A	0	0	0	0	0	0	0
1684	A	0	0	0	0	0	0	0
1685	V	0	0	0	0	0	0	0
1686	S	0	0	0	0	0	0	0
1687	Q	0	0	0	0	0	0	0
1688	S	0	0	0	0	0	0	0
1689	L	0	0	0	0	0	0	0
1690	A	0	0	0	0	0	0	0
1691	T	0	0	0	0	0	0	0
1692	R	0	0	0	0	0	0	0
1693	D	0	0	0	0	0	0	0
1694	D	0	0	0	0	0	0	0
1695	I	0	0	0	0	0	0	0
1696	S	0	0	0	0	0	0	0
1697	V	0	0	0	0	0	0	0
1698	E	0	0	0	0	0	0	0
1699	A	0	0	0	0	0	0	0
1700	L	0	0	0	0	0	0	0
1701	Q	0	0	0	0	0	0	0
1702	E	0	0	0	0	0	0	0
1703	Q	0	0	0	0	0	0	0
1704	L	0	0	0	0	0	0	0
1705	T	0	0	0	0	0	0	0
1706	S	0	0	0	0	0	0	0
1707	V	0	0	0	0	0	0	0
1708	V	0	0	0	0	0	0	0
1709	Q	0	0	0	0	0	0	0
1710	E	0	0	0	0	0	0	0
1711	I	0	0	0	0	0	0	0
1712	G	0	0	0	0	0	0	0
1713	H	0	0	0	0	0	0	0
1714	L	0	0	0	0	0	0	0
1715	I	0	0	0	0	0	0	0
1716	D	0	0	0	0	0	0	0
1717	P	0	0	0	0	0	0	0
1718	I	0	0	0	0	0	0	0
1719	A	0	0	0	0	0	0	0
1720	T	0	0	0	0	0	0	0
1721	A	0	0	0	0	0	0	0
1722	A	0	0	0	0	0	0	0
1723	R	0	0	0	0	0	0	0
1724	G	0	0	0	0	0	0	0
1725	E	0	0	0	0	0	0	0
1726	A	0	0	0	0	0	0	0
1727	A	0	0	0	0	0	0	0
1728	Q	0	0	0	0	0	0	0
1729	L	0	0	0	0	0	0	0
1730	G	0	0	0	0	0	0	0
1731	H	0	0	0	0	0	0	0
1732	K	0	0	0	0	0	0	0
1733	V	0	0	0	0	0	0	0
1734	T	0	0	0	0	0	0	0
1735	Q	0	0	0	0	0	0	0
1736	L	0	0	0	0	0	0	0
1737	A	0	0	0	0	0	0	0
1738	S	0	0	0	0	0	0	0
1739	Y	0	0	0	0	0	0	0
1740	F	0	0	0	0	0	0	0
1741	E	0	0	0	0	0	0	0
1742	P	0	0	0	0	0	0	0
1743	L	0	0	0	0	0	0	0
1744	I	0	0	0	0	0	0	0
1745	L	0	0	0	0	0	0	0
1746	A	0	0	0	0	0	0	0
1747	A	0	0	0	0	0	0	0
1748	V	0	0	0	0	0	0	0
1749	G	0	0	0	0	0	0	0
1750	V	0	0	0	0	0	0	0
1751	A	0	0	0	0	0	0	0
1752	S	0	0	0	0	0	0	0
1753	K	0	0	0	0	0	0	0
1754	I	0	0	0	0	0	0	0
1755	L	0	0	0	0	0	0	0
1756	D	0	0	0	0	0	0	0
1757	H	0	0	0	0	0	0	0
1758	Q	0	0	0	0	0	0	0
1759	Q	0	0	0	0	0	0	0
1760	Q	0	0	0	0	0	0	0
1761	M	0	0	0	0	0	0	0
1762	T	0	0	0	0	0	0	0
1763	V	0	0	0	0	0	0	0
1764	L	0	0	0	0	0	0	0
1765	D	0	0	0	0	0	0	0
1766	Q	0	0	0	0	0	0	0
1767	T	0	0	0	0	0	0	0
1768	K	0	0	0	0	0	0	0
1769	T	0	0	0	0	0	0	0
1770	L	0	0	0	0	0	0	0
1771	A	0	0	0	0	0	0	0
1772	E	0	0	0	0	0	0	0
1773	S	0	0	0	0	0	0	0
1774	A	0	0	0	0	0	0	0
1775	L	0	0	0	0	0	0	0
1776	Q	0	0	0	0	0	0	0
1777	M	0	0	0	0	0	0	0
1778	L	0	0	0	0	0	0	0
1779	Y	0	0	0	0	0	0	0
1780	A	0	0	0	0	0	0	0
1781	A	0	0	0	0	0	0	0
1782	K	0	0	0	0	0	0	0
1783	E	0	0	0	0	0	0	0
1784	G	0	0	0	0	0	0	0
1785	G	0	0	0	0	0	0	0
1786	G	0	0	0	0	0	0	0
1787	N	0	0	0	0	0	0	0
1788	P	0	0	0	0	0	0	0
1789	K	0	0	0	0	0	0	0
1790	A	0	0	0	0	0	0	0
1791	Q	0	0	0	0	0	0	0
1792	H	0	0	0	0	0	0	0
1793	T	Phosphothreonine	GNPKAQHTHDAITEA	CCCCHHHHHHHHHHH	0	0	0	0
1794	H	0	0	0	0	0	0	0
1795	D	0	0	0	0	0	0	0
1796	A	0	0	0	0	0	0	0
1797	I	0	0	0	0	0	0	0
1798	T	0	0	0	0	0	0	0
1799	E	0	0	0	0	0	0	0
1800	A	0	0	0	0	0	0	0
1801	A	0	0	0	0	0	0	0
1802	Q	0	0	0	0	0	0	0
1803	L	0	0	0	0	0	0	0
1804	M	0	0	0	0	0	0	0
1805	K	0	0	0	0	0	0	0
1806	E	0	0	0	0	0	0	0
1807	A	0	0	0	0	0	0	0
1808	V	0	0	0	0	0	0	0
1809	D	0	0	0	0	0	0	0
1810	D	0	0	0	0	0	0	0
1811	I	0	0	0	0	0	0	0
1812	M	0	0	0	0	0	0	0
1813	V	0	0	0	0	0	0	0
1814	T	0	0	0	0	0	0	0
1815	L	0	0	0	0	0	0	0
1816	N	0	0	0	0	0	0	0
1817	E	0	0	0	0	0	0	0
1818	A	0	0	0	0	0	0	0
1819	A	0	0	0	0	0	0	0
1820	S	0	0	0	0	0	0	0
1821	E	0	0	0	0	0	0	0
1822	V	0	0	0	0	0	0	0
1823	G	0	0	0	0	0	0	0
1824	L	0	0	0	0	0	0	0
1825	V	0	0	0	0	0	0	0
1826	G	0	0	0	0	0	0	0
1827	G	0	0	0	0	0	0	0
1828	M	0	0	0	0	0	0	0
1829	V	0	0	0	0	0	0	0
1830	D	0	0	0	0	0	0	0
1831	A	0	0	0	0	0	0	0
1832	I	0	0	0	0	0	0	0
1833	A	0	0	0	0	0	0	0
1834	E	0	0	0	0	0	0	0
1835	A	0	0	0	0	0	0	0
1836	M	0	0	0	0	0	0	0
1837	S	0	0	0	0	0	0	0
1838	K	N-acetyllysine	AIAEAMSKLDEGTPP	HHHHHHHCCCCCCCC	0	0	0	0
1839	L	0	0	0	0	0	0	0
1840	D	0	0	0	0	0	0	0
1841	E	0	0	0	0	0	0	0
1842	G	0	0	0	0	0	0	0
1843	T	Phosphothreonine	MSKLDEGTPPEPKGT	HHCCCCCCCCCCCCC	0	0	0	0
1844	P	0	0	0	0	0	0	0
1845	P	0	0	0	0	0	0	0
1846	E	0	0	0	0	0	0	0
1847	P	0	0	0	0	0	0	0
1848	K	0	0	0	0	0	0	0
1849	G	0	0	0	0	0	0	0
1850	T	0	0	0	0	0	0	0
1851	F	0	0	0	0	0	0	0
1852	V	0	0	0	0	0	0	0
1853	D	0	0	0	0	0	0	0
1854	Y	Phosphotyrosine	PKGTFVDYQTTVVKY	CCCCCCCCCCEEEEH	0	0	0	0
1855	Q	0	0	0	0	0	0	0
1856	T	Phosphothreonine	GTFVDYQTTVVKYSK	CCCCCCCCEEEEHHH	0	0	0	0
1857	T	0	0	0	0	0	0	0
1858	V	0	0	0	0	0	0	0
1859	V	0	0	0	0	0	0	0
1860	K	0	0	0	0	0	0	0
1861	Y	0	0	0	0	0	0	0
1862	S	0	0	0	0	0	0	0
1863	K	0	0	0	0	0	0	0
1864	A	0	0	0	0	0	0	0
1865	I	0	0	0	0	0	0	0
1866	A	0	0	0	0	0	0	0
1867	V	0	0	0	0	0	0	0
1868	T	0	0	0	0	0	0	0
1869	A	0	0	0	0	0	0	0
1870	Q	0	0	0	0	0	0	0
1871	E	0	0	0	0	0	0	0
1872	M	0	0	0	0	0	0	0
1873	M	0	0	0	0	0	0	0
1874	T	0	0	0	0	0	0	0
1875	K	0	0	0	0	0	0	0
1876	S	0	0	0	0	0	0	0
1877	V	0	0	0	0	0	0	0
1878	T	0	0	0	0	0	0	0
1879	N	0	0	0	0	0	0	0
1880	P	0	0	0	0	0	0	0
1881	E	0	0	0	0	0	0	0
1882	E	0	0	0	0	0	0	0
1883	L	0	0	0	0	0	0	0
1884	G	0	0	0	0	0	0	0
1885	G	0	0	0	0	0	0	0
1886	L	0	0	0	0	0	0	0
1887	A	0	0	0	0	0	0	0
1888	S	0	0	0	0	0	0	0
1889	Q	0	0	0	0	0	0	0
1890	M	0	0	0	0	0	0	0
1891	T	0	0	0	0	0	0	0
1892	S	0	0	0	0	0	0	0
1893	D	0	0	0	0	0	0	0
1894	Y	0	0	0	0	0	0	0
1895	G	0	0	0	0	0	0	0
1896	H	0	0	0	0	0	0	0
1897	L	0	0	0	0	0	0	0
1898	A	0	0	0	0	0	0	0
1899	F	0	0	0	0	0	0	0
1900	Q	0	0	0	0	0	0	0
1901	G	0	0	0	0	0	0	0
1902	Q	0	0	0	0	0	0	0
1903	M	0	0	0	0	0	0	0
1904	A	0	0	0	0	0	0	0
1905	A	0	0	0	0	0	0	0
1906	A	0	0	0	0	0	0	0
1907	T	0	0	0	0	0	0	0
1908	A	0	0	0	0	0	0	0
1909	E	0	0	0	0	0	0	0
1910	P	0	0	0	0	0	0	0
1911	E	0	0	0	0	0	0	0
1912	E	0	0	0	0	0	0	0
1913	I	0	0	0	0	0	0	0
1914	G	0	0	0	0	0	0	0
1915	F	0	0	0	0	0	0	0
1916	Q	0	0	0	0	0	0	0
1917	I	0	0	0	0	0	0	0
1918	R	0	0	0	0	0	0	0
1919	T	0	0	0	0	0	0	0
1920	R	0	0	0	0	0	0	0
1921	V	0	0	0	0	0	0	0
1922	Q	0	0	0	0	0	0	0
1923	D	0	0	0	0	0	0	0
1924	L	0	0	0	0	0	0	0
1925	G	0	0	0	0	0	0	0
1926	H	0	0	0	0	0	0	0
1927	G	0	0	0	0	0	0	0
1928	C	0	0	0	0	0	0	0
1929	I	0	0	0	0	0	0	0
1930	F	0	0	0	0	0	0	0
1931	L	0	0	0	0	0	0	0
1932	V	0	0	0	0	0	0	0
1933	Q	0	0	0	0	0	0	0
1934	K	0	0	0	0	0	0	0
1935	A	0	0	0	0	0	0	0
1936	G	0	0	0	0	0	0	0
1937	A	0	0	0	0	0	0	0
1938	L	0	0	0	0	0	0	0
1939	Q	0	0	0	0	0	0	0
1940	V	0	0	0	0	0	0	0
1941	C	0	0	0	0	0	0	0
1942	P	0	0	0	0	0	0	0
1943	T	0	0	0	0	0	0	0
1944	D	0	0	0	0	0	0	0
1945	S	0	0	0	0	0	0	0
1946	Y	0	0	0	0	0	0	0
1947	T	0	0	0	0	0	0	0
1948	K	0	0	0	0	0	0	0
1949	R	0	0	0	0	0	0	0
1950	E	0	0	0	0	0	0	0
1951	L	0	0	0	0	0	0	0
1952	I	0	0	0	0	0	0	0
1953	E	0	0	0	0	0	0	0
1954	C	0	0	0	0	0	0	0
1955	A	0	0	0	0	0	0	0
1956	R	0	0	0	0	0	0	0
1957	A	0	0	0	0	0	0	0
1958	V	0	0	0	0	0	0	0
1959	T	0	0	0	0	0	0	0
1960	E	0	0	0	0	0	0	0
1961	K	0	0	0	0	0	0	0
1962	V	0	0	0	0	0	0	0
1963	S	0	0	0	0	0	0	0
1964	L	0	0	0	0	0	0	0
1965	V	0	0	0	0	0	0	0
1966	L	0	0	0	0	0	0	0
1967	S	0	0	0	0	0	0	0
1968	A	0	0	0	0	0	0	0
1969	L	0	0	0	0	0	0	0
1970	Q	0	0	0	0	0	0	0
1971	A	0	0	0	0	0	0	0
1972	G	0	0	0	0	0	0	0
1973	N	0	0	0	0	0	0	0
1974	K	0	0	0	0	0	0	0
1975	G	0	0	0	0	0	0	0
1976	T	0	0	0	0	0	0	0
1977	Q	0	0	0	0	0	0	0
1978	A	0	0	0	0	0	0	0
1979	C	0	0	0	0	0	0	0
1980	I	0	0	0	0	0	0	0
1981	T	0	0	0	0	0	0	0
1982	A	0	0	0	0	0	0	0
1983	A	0	0	0	0	0	0	0
1984	T	0	0	0	0	0	0	0
1985	A	0	0	0	0	0	0	0
1986	V	0	0	0	0	0	0	0
1987	S	0	0	0	0	0	0	0
1988	G	0	0	0	0	0	0	0
1989	I	0	0	0	0	0	0	0
1990	I	0	0	0	0	0	0	0
1991	A	0	0	0	0	0	0	0
1992	D	0	0	0	0	0	0	0
1993	L	0	0	0	0	0	0	0
1994	D	0	0	0	0	0	0	0
1995	T	0	0	0	0	0	0	0
1996	T	0	0	0	0	0	0	0
1997	I	0	0	0	0	0	0	0
1998	M	0	0	0	0	0	0	0
1999	F	0	0	0	0	0	0	0
2000	A	0	0	0	0	0	0	0
2001	T	0	0	0	0	0	0	0
2002	A	0	0	0	0	0	0	0
2003	G	0	0	0	0	0	0	0
2004	T	0	0	0	0	0	0	0
2005	L	0	0	0	0	0	0	0
2006	N	0	0	0	0	0	0	0
2007	A	0	0	0	0	0	0	0
2008	E	0	0	0	0	0	0	0
2009	N	0	0	0	0	0	0	0
2010	S	0	0	0	0	0	0	0
2011	E	0	0	0	0	0	0	0
2012	T	0	0	0	0	0	0	0
2013	F	0	0	0	0	0	0	0
2014	A	0	0	0	0	0	0	0
2015	D	0	0	0	0	0	0	0
2016	H	0	0	0	0	0	0	0
2017	R	0	0	0	0	0	0	0
2018	E	0	0	0	0	0	0	0
2019	N	0	0	0	0	0	0	0
2020	I	0	0	0	0	0	0	0
2021	L	0	0	0	0	0	0	0
2022	K	0	0	0	0	0	0	0
2023	T	0	0	0	0	0	0	0
2024	A	0	0	0	0	0	0	0
2025	K	N6-malonyllysine	ENILKTAKALVEDTK	HHHHHHHHHHHHCCE	0	0	0	0
2026	A	0	0	0	0	0	0	0
2027	L	0	0	0	0	0	0	0
2028	V	0	0	0	0	0	0	0
2029	E	0	0	0	0	0	0	0
2030	D	0	0	0	0	0	0	0
2031	T	0	0	0	0	0	0	0
2032	K	0	0	0	0	0	0	0
2033	L	0	0	0	0	0	0	0
2034	L	0	0	0	0	0	0	0
2035	V	0	0	0	0	0	0	0
2036	S	0	0	0	0	0	0	0
2037	G	0	0	0	0	0	0	0
2038	A	0	0	0	0	0	0	0
2039	A	0	0	0	0	0	0	0
2040	S	0	0	0	0	0	0	0
2041	T	Phosphothreonine	LVSGAASTPDKLAQA	ECCCCCCCHHHHHHH	0	0	0	0
2042	P	0	0	0	0	0	0	0
2043	D	0	0	0	0	0	0	0
2044	K	0	0	0	0	0	0	0
2045	L	0	0	0	0	0	0	0
2046	A	0	0	0	0	0	0	0
2047	Q	0	0	0	0	0	0	0
2048	A	0	0	0	0	0	0	0
2049	A	0	0	0	0	0	0	0
2050	Q	0	0	0	0	0	0	0
2051	S	0	0	0	0	0	0	0
2052	S	0	0	0	0	0	0	0
2053	A	0	0	0	0	0	0	0
2054	A	0	0	0	0	0	0	0
2055	T	0	0	0	0	0	0	0
2056	I	0	0	0	0	0	0	0
2057	T	0	0	0	0	0	0	0
2058	Q	0	0	0	0	0	0	0
2059	L	0	0	0	0	0	0	0
2060	A	0	0	0	0	0	0	0
2061	E	0	0	0	0	0	0	0
2062	V	0	0	0	0	0	0	0
2063	V	0	0	0	0	0	0	0
2064	K	0	0	0	0	0	0	0
2065	L	0	0	0	0	0	0	0
2066	G	0	0	0	0	0	0	0
2067	A	0	0	0	0	0	0	0
2068	A	0	0	0	0	0	0	0
2069	S	0	0	0	0	0	0	0
2070	L	0	0	0	0	0	0	0
2071	G	0	0	0	0	0	0	0
2072	S	0	0	0	0	0	0	0
2073	D	0	0	0	0	0	0	0
2074	D	0	0	0	0	0	0	0
2075	P	0	0	0	0	0	0	0
2076	E	0	0	0	0	0	0	0
2077	T	Phosphothreonine	LGSDDPETQVVLINA	CCCCCHHHHHHHHHH	0	0	0	0
2078	Q	0	0	0	0	0	0	0
2079	V	0	0	0	0	0	0	0
2080	V	0	0	0	0	0	0	0
2081	L	0	0	0	0	0	0	0
2082	I	0	0	0	0	0	0	0
2083	N	0	0	0	0	0	0	0
2084	A	0	0	0	0	0	0	0
2085	I	0	0	0	0	0	0	0
2086	K	0	0	0	0	0	0	0
2087	D	0	0	0	0	0	0	0
2088	V	0	0	0	0	0	0	0
2089	A	0	0	0	0	0	0	0
2090	K	0	0	0	0	0	0	0
2091	A	0	0	0	0	0	0	0
2092	L	0	0	0	0	0	0	0
2093	S	0	0	0	0	0	0	0
2094	D	0	0	0	0	0	0	0
2095	L	0	0	0	0	0	0	0
2096	I	0	0	0	0	0	0	0
2097	S	0	0	0	0	0	0	0
2098	A	0	0	0	0	0	0	0
2099	T	0	0	0	0	0	0	0
2100	K	0	0	0	0	0	0	0
2101	G	0	0	0	0	0	0	0
2102	A	0	0	0	0	0	0	0
2103	A	0	0	0	0	0	0	0
2104	S	0	0	0	0	0	0	0
2105	K	0	0	0	0	0	0	0
2106	P	0	0	0	0	0	0	0
2107	V	0	0	0	0	0	0	0
2108	D	0	0	0	0	0	0	0
2109	D	0	0	0	0	0	0	0
2110	P	0	0	0	0	0	0	0
2111	S	0	0	0	0	0	0	0
2112	M	0	0	0	0	0	0	0
2113	Y	0	0	0	0	0	0	0
2114	Q	0	0	0	0	0	0	0
2115	L	0	0	0	0	0	0	0
2116	K	0	0	0	0	0	0	0
2117	G	0	0	0	0	0	0	0
2118	A	0	0	0	0	0	0	0
2119	A	0	0	0	0	0	0	0
2120	K	0	0	0	0	0	0	0
2121	V	0	0	0	0	0	0	0
2122	M	0	0	0	0	0	0	0
2123	V	0	0	0	0	0	0	0
2124	T	0	0	0	0	0	0	0
2125	N	0	0	0	0	0	0	0
2126	V	0	0	0	0	0	0	0
2127	T	0	0	0	0	0	0	0
2128	S	0	0	0	0	0	0	0
2129	L	0	0	0	0	0	0	0
2130	L	0	0	0	0	0	0	0
2131	K	0	0	0	0	0	0	0
2132	T	0	0	0	0	0	0	0
2133	V	0	0	0	0	0	0	0
2134	K	N6-malonyllysine	TSLLKTVKAVEDEAT	HHHHHHHHHHHCHHH	Immature fraction of reticulocytes:reticulocyte count	2137 (3)	0	0
2135	A	0	0	0	0	0	0	0
2136	V	0	0	0	0	0	0	0
2137	E	0	0	0	0	0	K;Q	2134
2138	D	0	0	0	0	0	0	0
2139	E	0	0	0	0	0	0	0
2140	A	0	0	0	0	0	0	0
2141	T	0	0	0	0	0	0	0
2142	R	0	0	0	0	0	0	0
2143	G	0	0	0	0	0	0	0
2144	T	0	0	0	0	0	0	0
2145	R	0	0	0	0	0	0	0
2146	A	0	0	0	0	0	0	0
2147	L	0	0	0	0	0	0	0
2148	E	0	0	0	0	0	0	0
2149	A	0	0	0	0	0	0	0
2150	T	0	0	0	0	0	0	0
2151	I	0	0	0	0	0	0	0
2152	E	0	0	0	0	0	0	0
2153	C	0	0	0	0	0	0	0
2154	I	0	0	0	0	0	0	0
2155	K	0	0	0	0	0	0	0
2156	Q	0	0	0	0	0	0	0
2157	E	0	0	0	0	0	0	0
2158	L	0	0	0	0	0	0	0
2159	T	0	0	0	0	0	0	0
2160	V	0	0	0	0	0	0	0
2161	F	0	0	0	0	0	0	0
2162	Q	0	0	0	0	0	0	0
2163	S	0	0	0	0	0	0	0
2164	K	0	0	0	0	0	0	0
2165	D	0	0	0	0	0	0	0
2166	V	0	0	0	0	0	0	0
2167	P	0	0	0	0	0	0	0
2168	E	0	0	0	0	0	0	0
2169	K	0	0	0	0	0	0	0
2170	T	0	0	0	0	0	0	0
2171	S	0	0	0	0	0	0	0
2172	S	0	0	0	0	0	0	0
2173	P	0	0	0	0	0	0	0
2174	E	0	0	0	0	0	0	0
2175	E	0	0	0	0	0	0	0
2176	S	0	0	0	0	0	0	0
2177	I	0	0	0	0	0	0	0
2178	R	0	0	0	0	0	0	0
2179	M	0	0	0	0	0	0	0
2180	T	0	0	0	0	0	0	0
2181	K	0	0	0	0	0	0	0
2182	G	0	0	0	0	0	0	0
2183	I	0	0	0	0	0	0	0
2184	T	0	0	0	0	0	0	0
2185	M	0	0	0	0	0	0	0
2186	A	0	0	0	0	0	0	0
2187	T	0	0	0	0	0	0	0
2188	A	0	0	0	0	0	0	0
2189	K	0	0	0	0	0	0	0
2190	A	0	0	0	0	0	0	0
2191	V	0	0	0	0	0	0	0
2192	A	0	0	0	0	0	0	0
2193	A	0	0	0	0	0	0	0
2194	G	0	0	0	0	0	0	0
2195	N	0	0	0	0	0	0	0
2196	S	0	0	0	0	0	0	0
2197	C	0	0	0	0	0	0	0
2198	R	0	0	0	0	0	0	0
2199	Q	0	0	0	0	0	0	0
2200	E	0	0	0	0	0	0	0
2201	D	0	0	0	0	0	0	0
2202	V	0	0	0	0	0	0	0
2203	I	0	0	0	0	0	0	0
2204	A	0	0	0	0	0	0	0
2205	T	0	0	0	0	0	0	0
2206	A	0	0	0	0	0	0	0
2207	N	0	0	0	0	0	0	0
2208	L	0	0	0	0	0	0	0
2209	S	0	0	0	0	0	0	0
2210	R	0	0	0	0	0	0	0
2211	K	0	0	0	0	0	0	0
2212	A	0	0	0	0	0	0	0
2213	V	0	0	0	0	0	0	0
2214	S	Phosphoserine	NLSRKAVSDMLTACK	CCCHHHHHHHHHHHH	0	0	0	0
2215	D	0	0	0	0	0	0	0
2216	M	0	0	0	0	0	0	0
2217	L	0	0	0	0	0	0	0
2218	T	Phosphothreonine	KAVSDMLTACKQASF	HHHHHHHHHHHHHCC	0	0	0	0
2219	A	0	0	0	0	0	0	0
2220	C	0	0	0	0	0	0	0
2221	K	0	0	0	0	0	0	0
2222	Q	0	0	0	0	0	0	0
2223	A	0	0	0	0	0	0	0
2224	S	0	0	0	0	0	0	0
2225	F	0	0	0	0	0	0	0
2226	H	0	0	0	0	0	0	0
2227	P	0	0	0	0	0	0	0
2228	D	0	0	0	0	0	0	0
2229	V	0	0	0	0	0	0	0
2230	S	0	0	0	0	0	0	0
2231	D	0	0	0	0	0	0	0
2232	E	0	0	0	0	0	0	0
2233	V	0	0	0	0	0	0	0
2234	R	0	0	0	0	0	0	0
2235	T	0	0	0	0	0	0	0
2236	R	0	0	0	0	0	0	0
2237	A	0	0	0	0	0	0	0
2238	L	0	0	0	0	0	0	0
2239	R	0	0	0	0	0	0	0
2240	F	0	0	0	0	0	0	0
2241	G	0	0	0	0	0	0	0
2242	T	0	0	0	0	0	0	0
2243	E	0	0	0	0	0	0	0
2244	C	0	0	0	0	0	0	0
2245	T	0	0	0	0	0	0	0
2246	L	0	0	0	0	0	0	0
2247	G	0	0	0	0	0	0	0
2248	Y	0	0	0	0	0	0	0
2249	L	0	0	0	0	0	0	0
2250	D	0	0	0	0	0	0	0
2251	L	0	0	0	0	0	0	0
2252	L	0	0	0	0	0	0	0
2253	E	0	0	0	0	0	0	0
2254	H	0	0	0	0	0	0	0
2255	V	0	0	0	0	0	0	0
2256	L	0	0	0	0	0	0	0
2257	V	0	0	0	0	0	0	0
2258	I	0	0	0	0	0	0	0
2259	L	0	0	0	0	0	0	0
2260	Q	0	0	0	0	0	0	0
2261	K	0	0	0	0	0	0	0
2262	P	0	0	0	0	0	0	0
2263	T	0	0	0	0	0	0	0
2264	P	0	0	0	0	0	0	0
2265	E	0	0	0	0	0	0	0
2266	F	0	0	0	0	0	0	0
2267	K	0	0	0	0	0	0	0
2268	Q	0	0	0	0	0	0	0
2269	Q	0	0	0	0	0	0	0
2270	L	0	0	0	0	0	0	0
2271	A	0	0	0	0	0	0	0
2272	A	0	0	0	0	0	0	0
2273	F	0	0	0	0	0	0	0
2274	S	0	0	0	0	0	0	0
2275	K	0	0	0	0	0	0	0
2276	R	0	0	0	0	0	0	0
2277	V	0	0	0	0	0	0	0
2278	A	0	0	0	0	0	0	0
2279	G	0	0	0	0	0	0	0
2280	A	0	0	0	0	0	0	0
2281	V	0	0	0	0	0	0	0
2282	T	Phosphothreonine	KRVAGAVTELIQAAE	HHHHHHHHHHHHHHH	0	0	0	0
2283	E	0	0	0	0	0	0	0
2284	L	0	0	0	0	0	0	0
2285	I	0	0	0	0	0	0	0
2286	Q	0	0	0	0	0	0	0
2287	A	0	0	0	0	0	0	0
2288	A	0	0	0	0	0	0	0
2289	E	0	0	0	0	0	0	0
2290	A	0	0	0	0	0	0	0
2291	M	0	0	0	0	0	0	0
2292	K	0	0	0	0	0	0	0
2293	G	0	0	0	0	0	0	0
2294	T	0	0	0	0	0	0	0
2295	E	0	0	0	0	0	0	0
2296	W	0	0	0	0	0	0	0
2297	V	0	0	0	0	0	0	0
2298	D	0	0	0	0	0	0	0
2299	P	0	0	0	0	0	0	0
2300	E	0	0	0	0	0	0	0
2301	D	0	0	0	0	0	0	0
2302	P	0	0	0	0	0	0	0
2303	T	0	0	0	0	0	0	0
2304	V	0	0	0	0	0	0	0
2305	I	0	0	0	0	0	0	0
2306	A	0	0	0	0	0	0	0
2307	E	0	0	0	0	0	0	0
2308	T	0	0	0	0	0	0	0
2309	E	0	0	0	0	0	0	0
2310	L	0	0	0	0	0	0	0
2311	L	0	0	0	0	0	0	0
2312	G	0	0	0	0	0	0	0
2313	A	0	0	0	0	0	0	0
2314	A	0	0	0	0	0	0	0
2315	A	0	0	0	0	0	0	0
2316	S	0	0	0	0	0	0	0
2317	I	0	0	0	0	0	0	0
2318	E	0	0	0	0	0	0	0
2319	A	0	0	0	0	0	0	0
2320	A	0	0	0	0	0	0	0
2321	A	0	0	0	0	0	0	0
2322	K	0	0	0	0	0	0	0
2323	K	0	0	0	0	0	0	0
2324	L	0	0	0	0	0	0	0
2325	E	0	0	0	0	0	0	0
2326	Q	0	0	0	0	0	0	0
2327	L	0	0	0	0	0	0	0
2328	K	0	0	0	0	0	0	0
2329	P	0	0	0	0	0	0	0
2330	R	0	0	0	0	0	0	0
2331	A	0	0	0	0	0	0	0
2332	K	0	0	0	0	0	0	0
2333	P	0	0	0	0	0	0	0
2334	K	0	0	0	0	0	0	0
2335	Q	0	0	0	0	0	0	0
2336	A	0	0	0	0	0	0	0
2337	D	0	0	0	0	0	0	0
2338	E	0	0	0	0	0	0	0
2339	T	0	0	0	0	0	0	0
2340	L	0	0	0	0	0	0	0
2341	D	0	0	0	0	0	0	0
2342	F	0	0	0	0	0	0	0
2343	E	0	0	0	0	0	0	0
2344	E	0	0	0	0	0	0	0
2345	Q	0	0	0	0	0	0	0
2346	I	0	0	0	0	0	0	0
2347	L	0	0	0	0	0	0	0
2348	E	0	0	0	0	0	0	0
2349	A	0	0	0	0	0	0	0
2350	A	0	0	0	0	0	0	0
2351	K	0	0	0	0	0	0	0
2352	S	0	0	0	0	0	0	0
2353	I	0	0	0	0	0	0	0
2354	A	0	0	0	0	0	0	0
2355	A	0	0	0	0	0	0	0
2356	A	0	0	0	0	0	0	0
2357	T	0	0	0	0	0	0	0
2358	S	0	0	0	0	0	0	0
2359	A	0	0	0	0	0	0	0
2360	L	0	0	0	0	0	0	0
2361	V	0	0	0	0	0	0	0
2362	K	0	0	0	0	0	0	0
2363	S	0	0	0	0	0	0	0
2364	A	0	0	0	0	0	0	0
2365	S	0	0	0	0	0	0	0
2366	A	0	0	0	0	0	0	0
2367	A	0	0	0	0	0	0	0
2368	Q	0	0	0	0	0	0	0
2369	R	0	0	0	0	0	0	0
2370	E	0	0	0	0	0	0	0
2371	L	0	0	0	0	0	0	0
2372	V	0	0	0	0	0	0	0
2373	A	0	0	0	0	0	0	0
2374	Q	0	0	0	0	0	0	0
2375	G	0	0	0	0	0	0	0
2376	K	0	0	0	0	0	0	0
2377	V	0	0	0	0	0	0	0
2378	G	0	0	0	0	0	0	0
2379	S	0	0	0	0	0	0	0
2380	I	0	0	0	0	0	0	0
2381	P	0	0	0	0	0	0	0
2382	A	0	0	0	0	0	0	0
2383	N	0	0	0	0	0	0	0
2384	A	0	0	0	0	0	0	0
2385	A	0	0	0	0	0	0	0
2386	D	0	0	0	0	0	0	0
2387	D	0	0	0	0	0	0	0
2388	G	0	0	0	0	0	0	0
2389	Q	0	0	0	0	0	0	0
2390	W	0	0	0	0	0	0	0
2391	S	0	0	0	0	0	0	0
2392	Q	0	0	0	0	0	0	0
2393	G	0	0	0	0	0	0	0
2394	L	0	0	0	0	0	0	0
2395	I	0	0	0	0	0	0	0
2396	S	0	0	0	0	0	0	0
2397	A	0	0	0	0	0	0	0
2398	A	0	0	0	0	0	0	0
2399	R	0	0	0	0	0	0	0
2400	M	0	0	0	0	0	0	0
2401	V	0	0	0	0	0	0	0
2402	A	0	0	0	0	0	0	0
2403	A	0	0	0	0	0	0	0
2404	A	0	0	0	0	0	0	0
2405	T	0	0	0	0	0	0	0
2406	S	0	0	0	0	0	0	0
2407	S	0	0	0	0	0	0	0
2408	L	0	0	0	0	0	0	0
2409	C	0	0	0	0	0	0	0
2410	E	0	0	0	0	0	0	0
2411	A	0	0	0	0	0	0	0
2412	A	0	0	0	0	0	0	0
2413	N	0	0	0	0	0	0	0
2414	A	0	0	0	0	0	0	0
2415	S	0	0	0	0	0	0	0
2416	V	0	0	0	0	0	0	0
2417	Q	0	0	0	0	0	0	0
2418	G	0	0	0	0	0	0	0
2419	H	0	0	0	0	0	0	0
2420	A	0	0	0	0	0	0	0
2421	S	0	0	0	0	0	0	0
2422	E	0	0	0	0	0	0	0
2423	E	0	0	0	0	0	0	0
2424	K	0	0	0	0	0	0	0
2425	L	0	0	0	0	0	0	0
2426	I	0	0	0	0	0	0	0
2427	S	Phosphoserine	ASEEKLISSAKQVAA	CCHHHHHHHHHHHHH	0	0	0	0
2428	S	Phosphoserine	SEEKLISSAKQVAAS	CHHHHHHHHHHHHHH	0	0	0	0
2429	A	0	0	0	0	0	0	0
2430	K	0	0	0	0	0	0	0
2431	Q	0	0	0	0	0	0	0
2432	V	0	0	0	0	0	0	0
2433	A	0	0	0	0	0	0	0
2434	A	0	0	0	0	0	0	0
2435	S	0	0	0	0	0	0	0
2436	T	0	0	0	0	0	0	0
2437	A	0	0	0	0	0	0	0
2438	Q	0	0	0	0	0	0	0
2439	L	0	0	0	0	0	0	0
2440	L	0	0	0	0	0	0	0
2441	V	0	0	0	0	0	0	0
2442	A	0	0	0	0	0	0	0
2443	C	0	0	0	0	0	0	0
2444	K	0	0	0	0	0	0	0
2445	V	0	0	0	0	0	0	0
2446	K	0	0	0	0	0	0	0
2447	A	0	0	0	0	0	0	0
2448	D	0	0	0	0	0	0	0
2449	Q	0	0	0	0	0	0	0
2450	D	0	0	0	0	0	0	0
2451	S	0	0	0	0	0	0	0
2452	E	0	0	0	0	0	0	0
2453	A	0	0	0	0	0	0	0
2454	M	0	0	0	0	0	0	0
2455	R	0	0	0	0	0	0	0
2456	R	0	0	0	0	0	0	0
2457	L	0	0	0	0	0	0	0
2458	Q	0	0	0	0	0	0	0
2459	A	0	0	0	0	0	0	0
2460	A	0	0	0	0	0	0	0
2461	G	0	0	0	0	0	0	0
2462	N	0	0	0	0	0	0	0
2463	A	0	0	0	0	0	0	0
2464	V	0	0	0	0	0	0	0
2465	K	0	0	0	0	0	0	0
2466	R	0	0	0	0	0	0	0
2467	A	0	0	0	0	0	0	0
2468	S	0	0	0	0	0	0	0
2469	D	0	0	0	0	0	0	0
2470	N	0	0	0	0	0	0	0
2471	L	0	0	0	0	0	0	0
2472	V	0	0	0	0	0	0	0
2473	R	0	0	0	0	0	0	0
2474	A	0	0	0	0	0	0	0
2475	A	0	0	0	0	0	0	0
2476	Q	0	0	0	0	0	0	0
2477	K	N6-methyllysine	NLVRAAQKAAFGKAD	HHHHHHHHHHHCCCC	0	0	0	0
2478	A	0	0	0	0	0	0	0
2479	A	0	0	0	0	0	0	0
2480	F	0	0	0	0	0	0	0
2481	G	0	0	0	0	0	0	0
2482	K	N6-methyllysine	AQKAAFGKADDDDVV	HHHHHHCCCCCCCCE	0	0	0	0
2483	A	0	0	0	0	0	0	0
2484	D	0	0	0	0	0	0	0
2485	D	0	0	0	0	0	0	0
2486	D	0	0	0	0	0	0	0
2487	D	0	0	0	0	0	0	0
2488	V	0	0	0	0	0	0	0
2489	V	0	0	0	0	0	0	0
2490	V	0	0	0	0	0	0	0
2491	K	0	0	0	0	0	0	0
2492	T	0	0	0	0	0	0	0
2493	K	0	0	0	0	0	0	0
2494	F	0	0	0	0	0	0	0
2495	V	0	0	0	0	0	0	0
2496	G	0	0	0	0	0	0	0
2497	G	0	0	0	0	0	0	0
2498	I	0	0	0	0	0	0	0
2499	A	0	0	0	0	0	0	0
2500	Q	0	0	0	0	0	0	0
2501	I	0	0	0	0	0	0	0
2502	I	0	0	0	0	0	0	0
2503	A	0	0	0	0	0	0	0
2504	A	0	0	0	0	0	0	0
2505	Q	0	0	0	0	0	0	0
2506	E	0	0	0	0	0	0	0
2507	E	0	0	0	0	0	0	0
2508	M	0	0	0	0	0	0	0
2509	L	0	0	0	0	0	0	0
2510	K	0	0	0	0	0	0	0
2511	K	0	0	0	0	0	0	0
2512	E	0	0	0	0	0	0	0
2513	R	0	0	0	0	0	0	0
2514	E	0	0	0	0	0	0	0
2515	L	0	0	0	0	0	0	0
2516	E	0	0	0	0	0	0	0
2517	E	0	0	0	0	0	0	0
2518	A	0	0	0	0	0	0	0
2519	R	0	0	0	0	0	0	0
2520	K	0	0	0	0	0	0	0
2521	K	0	0	0	0	0	0	0
2522	L	0	0	0	0	0	0	0
2523	A	0	0	0	0	0	0	0
2524	Q	0	0	0	0	0	0	0
2525	I	0	0	0	0	0	0	0
2526	R	0	0	0	0	0	0	0
2527	Q	0	0	0	0	0	0	0
2528	Q	0	0	0	0	0	0	0
2529	Q	0	0	0	0	0	0	0
2530	Y	Phosphotyrosine	AQIRQQQYKFLPTEL	HHHHHHHHCCCCHHH	0	0	0	0
2531	K	0	0	0	0	0	0	0
2532	F	0	0	0	0	0	0	0
2533	L	0	0	0	0	0	0	0
2534	P	0	0	0	0	0	0	0
2535	T	0	0	0	0	0	0	0
2536	E	0	0	0	0	0	0	0
2537	L	0	0	0	0	0	0	0
2538	R	0	0	0	0	0	0	0
2539	E	0	0	0	0	0	0	0
2540	D	0	0	0	0	0	0	0
2541	E	0	0	0	0	0	0	0
2542	G	0	0	0	0	0	0	0
