location	residue	Modification	seq	secStruc	RelatedDisease	VariantPosition	ResidueChange	DaPSbySAP
1	M	0	0	0	0	0	0	0
2	R	0	0	0	0	0	0	0
3	L	0	0	0	0	0	0	0
4	I	0	0	0	0	0	0	0
5	R	0	0	0	0	0	0	0
6	N	0	0	0	0	0	0	0
7	I	0	0	0	0	0	0	0
8	Y	0	0	0	0	0	0	0
9	I	0	0	0	0	0	0	0
10	F	0	0	0	0	0	0	0
11	C	0	0	0	0	0	0	0
12	S	0	0	0	0	0	0	0
13	I	0	0	0	0	0	0	0
14	V	0	0	0	0	0	0	0
15	M	0	0	0	0	0	0	0
16	T	0	0	0	0	0	0	0
17	A	0	0	0	0	0	0	0
18	E	0	0	0	0	0	0	0
19	G	0	0	0	0	0	0	0
20	D	0	0	0	0	0	0	0
21	A	0	0	0	0	0	0	0
22	P	0	0	0	0	0	0	0
23	E	0	0	0	0	0	0	0
24	L	0	0	0	0	0	0	0
25	P	0	0	0	0	0	0	0
26	E	0	0	0	0	0	0	0
27	E	0	0	0	0	0	0	0
28	R	0	0	0	0	0	0	0
29	E	0	0	0	0	0	0	0
30	L	0	0	0	0	0	0	0
31	M	0	0	0	0	0	0	0
32	T	0	0	0	0	0	0	0
33	N	0	0	0	0	0	0	0
34	C	0	0	0	0	0	0	0
35	S	0	0	0	0	0	0	0
36	N	0	0	0	0	0	0	0
37	M	0	0	0	0	0	0	0
38	S	0	0	0	0	0	0	0
39	L	0	0	0	0	0	0	0
40	R	0	0	0	0	0	0	0
41	K	0	0	0	0	0	0	0
42	V	0	0	0	0	0	0	0
43	P	0	0	0	0	0	0	0
44	A	0	0	0	0	0	0	0
45	D	0	0	0	0	0	0	0
46	L	0	0	0	0	0	0	0
47	T	0	0	0	0	0	0	0
48	P	0	0	0	0	0	0	0
49	A	0	0	0	0	0	0	0
50	T	0	0	0	0	0	0	0
51	T	0	0	0	0	0	0	0
52	T	0	0	0	0	0	0	0
53	L	0	0	0	0	0	0	0
54	D	0	0	0	0	0	0	0
55	L	0	0	0	0	0	0	0
56	S	0	0	0	0	0	0	0
57	Y	0	0	0	0	0	0	0
58	N	0	0	0	0	0	0	0
59	L	0	0	0	0	0	0	0
60	L	0	0	0	0	0	0	0
61	F	0	0	0	0	0	0	0
62	Q	0	0	0	0	0	0	0
63	L	0	0	0	0	0	0	0
64	Q	0	0	0	0	0	0	0
65	S	0	0	0	0	0	0	0
66	S	0	0	0	0	0	0	0
67	D	0	0	0	0	0	0	0
68	F	0	0	0	0	0	0	0
69	H	0	0	0	0	0	0	0
70	S	0	0	0	0	0	0	0
71	V	0	0	0	0	0	0	0
72	S	0	0	0	0	0	0	0
73	K	0	0	0	0	0	0	0
74	L	0	0	0	0	0	0	0
75	R	0	0	0	0	0	0	0
76	V	0	0	0	0	0	0	0
77	L	0	0	0	0	0	0	0
78	I	0	0	0	0	0	0	0
79	L	0	0	0	0	0	0	0
80	C	0	0	0	0	0	0	0
81	H	0	0	0	0	0	0	0
82	N	0	0	0	0	0	0	0
83	R	0	0	0	0	0	0	0
84	I	0	0	0	0	0	0	0
85	Q	0	0	0	0	0	0	0
86	Q	0	0	0	0	0	0	0
87	L	0	0	0	0	0	0	0
88	D	0	0	0	0	0	0	0
89	L	0	0	0	0	0	0	0
90	K	0	0	0	0	0	0	0
91	T	Phosphothreonine	IQQLDLKTFEFNKEL	CEECCCCCEECCCEE	0	0	0	0
92	F	0	0	0	0	0	0	0
93	E	0	0	0	0	0	0	0
94	F	0	0	0	0	0	0	0
95	N	0	0	0	0	0	0	0
96	K	0	0	0	0	0	0	0
97	E	0	0	0	0	0	0	0
98	L	0	0	0	0	0	0	0
99	R	0	0	0	0	0	0	0
100	Y	Phosphotyrosine	EFNKELRYLDLSNNR	ECCCEEEEEECCCCH	0	0	0	0
101	L	0	0	0	0	0	0	0
102	D	0	0	0	0	0	0	0
103	L	0	0	0	0	0	0	0
104	S	0	0	0	0	0	0	0
105	N	0	0	0	0	0	0	0
106	N	0	0	0	0	0	0	0
107	R	0	0	0	0	0	0	0
108	L	0	0	0	0	0	0	0
109	K	0	0	0	0	0	0	0
110	S	0	0	0	0	0	0	0
111	V	0	0	0	0	0	0	0
112	T	0	0	0	0	0	0	0
113	W	0	0	0	0	0	0	0
114	Y	0	0	0	0	0	0	0
115	L	0	0	0	0	0	0	0
116	L	0	0	0	0	0	0	0
117	A	0	0	0	0	0	0	0
118	G	0	0	0	0	0	0	0
119	L	0	0	0	0	0	0	0
120	R	0	0	0	0	0	0	0
121	Y	0	0	0	0	0	0	0
122	L	0	0	0	0	0	0	0
123	D	0	0	0	0	0	0	0
124	L	0	0	0	0	0	0	0
125	S	0	0	0	0	0	0	0
126	F	0	0	0	0	0	0	0
127	N	0	0	0	0	0	0	0
128	D	0	0	0	0	0	0	0
129	F	0	0	0	0	0	0	0
130	D	0	0	0	0	0	0	0
131	T	0	0	0	0	0	0	0
132	M	0	0	0	0	0	0	0
133	P	0	0	0	0	0	0	0
134	I	0	0	0	0	0	0	0
135	C	0	0	0	0	0	0	0
136	E	0	0	0	0	0	0	0
137	E	0	0	0	0	0	0	0
138	A	0	0	0	0	0	0	0
139	G	0	0	0	0	0	0	0
140	N	0	0	0	0	0	0	0
141	M	0	0	0	0	0	0	0
142	S	0	0	0	0	0	0	0
143	H	0	0	0	0	0	0	0
144	L	0	0	0	0	0	0	0
145	E	0	0	0	0	0	0	0
146	I	0	0	0	0	0	0	0
147	L	0	0	0	0	0	0	0
148	G	0	0	0	0	0	0	0
149	L	0	0	0	0	0	0	0
150	S	0	0	0	0	0	0	0
151	G	0	0	0	0	0	0	0
152	A	0	0	0	0	0	0	0
153	K	0	0	0	0	0	0	0
154	I	0	0	0	0	0	0	0
155	Q	0	0	0	0	0	0	0
156	K	0	0	0	0	0	0	0
157	S	0	0	0	0	0	0	0
158	D	0	0	0	0	0	0	0
159	F	0	0	0	0	0	0	0
160	Q	0	0	0	0	0	0	0
161	K	0	0	0	0	0	0	0
162	I	0	0	0	0	0	0	0
163	A	0	0	0	0	0	0	0
164	H	0	0	0	0	0	0	0
165	L	0	0	0	0	0	0	0
166	H	0	0	0	0	0	0	0
167	L	0	0	0	0	0	0	0
168	N	0	0	0	0	0	0	0
169	T	0	0	0	0	0	0	0
170	V	0	0	0	0	0	0	0
171	F	0	0	0	0	0	0	0
172	L	0	0	0	0	0	0	0
173	G	0	0	0	0	0	0	0
174	F	0	0	0	0	0	0	0
175	R	0	0	0	0	0	0	0
176	T	Phosphothreonine	TVFLGFRTLPHYEEG	CEEECCCCCCCCCCC	0	0	0	0
177	L	0	0	0	0	0	0	0
178	P	0	0	0	0	0	0	0
179	H	0	0	0	0	0	0	0
180	Y	Phosphotyrosine	GFRTLPHYEEGSLPI	CCCCCCCCCCCCCCC	0	0	0	0
181	E	0	0	0	0	0	0	0
182	E	0	0	0	0	0	0	0
183	G	0	0	0	0	0	0	0
184	S	Phosphoserine	LPHYEEGSLPILNTT	CCCCCCCCCCCCCCC	0	0	0	0
185	L	0	0	0	0	0	0	0
186	P	0	0	0	0	0	0	0
187	I	0	0	0	0	0	0	0
188	L	0	0	0	0	0	0	0
189	N	0	0	0	0	0	0	0
190	T	0	0	0	0	0	0	0
191	T	0	0	0	0	0	0	0
192	K	0	0	0	0	0	0	0
193	L	0	0	0	0	0	0	0
194	H	0	0	0	0	0	0	0
195	I	0	0	0	0	0	0	0
196	V	0	0	0	0	0	0	0
197	L	0	0	0	0	0	0	0
198	P	0	0	0	0	0	0	0
199	M	0	0	0	0	0	0	0
200	D	0	0	0	0	0	0	0
201	T	0	0	0	0	0	0	0
202	N	0	0	0	0	0	0	0
203	F	0	0	0	0	0	0	0
204	W	0	0	0	0	0	0	0
205	V	0	0	0	0	0	0	0
206	L	0	0	0	0	0	0	0
207	L	0	0	0	0	0	0	0
208	R	0	0	0	0	0	0	0
209	D	0	0	0	0	0	0	0
210	G	0	0	0	0	0	0	0
211	I	0	0	0	0	0	0	0
212	K	0	0	0	0	0	0	0
213	T	0	0	0	0	0	0	0
214	S	0	0	0	0	0	0	0
215	K	0	0	0	0	0	0	0
216	I	0	0	0	0	0	0	0
217	L	0	0	0	0	0	0	0
218	E	0	0	0	0	0	0	0
219	M	0	0	0	0	0	0	0
220	T	0	0	0	0	0	0	0
221	N	0	0	0	0	0	0	0
222	I	0	0	0	0	0	0	0
223	D	0	0	0	0	0	0	0
224	G	0	0	0	0	0	0	0
225	K	0	0	0	0	0	0	0
226	S	0	0	0	0	0	0	0
227	Q	0	0	0	0	0	0	0
228	F	0	0	0	0	0	0	0
229	V	0	0	0	0	0	0	0
230	S	0	0	0	0	0	0	0
231	Y	0	0	0	0	0	0	0
232	E	0	0	0	0	0	0	0
233	M	0	0	0	0	0	0	0
234	Q	0	0	0	0	0	0	0
235	R	0	0	0	0	0	0	0
236	N	0	0	0	0	0	0	0
237	L	0	0	0	0	0	0	0
238	S	0	0	0	0	0	0	0
239	L	0	0	0	0	0	0	0
240	E	0	0	0	0	0	0	0
241	N	0	0	0	0	0	0	0
242	A	0	0	0	0	0	0	0
243	K	0	0	0	0	0	0	0
244	T	0	0	0	0	0	0	0
245	S	0	0	0	0	0	0	0
246	V	0	0	0	0	0	0	0
247	L	0	0	0	0	0	0	0
248	L	0	0	0	0	0	0	0
249	L	0	0	0	0	0	0	0
250	N	0	0	0	0	0	0	0
251	K	0	0	0	0	0	0	0
252	V	0	0	0	0	0	0	0
253	D	0	0	0	0	0	0	0
254	L	0	0	0	0	0	0	0
255	L	0	0	0	0	0	0	0
256	W	0	0	0	0	0	0	0
257	D	0	0	0	0	0	0	0
258	D	0	0	0	0	0	0	0
259	L	0	0	0	0	0	0	0
260	F	0	0	0	0	0	0	0
261	L	0	0	0	0	0	0	0
262	I	0	0	0	0	0	0	0
263	L	0	0	0	0	0	0	0
264	Q	0	0	0	0	0	0	0
265	F	0	0	0	0	0	0	0
266	V	0	0	0	0	0	0	0
267	W	0	0	0	0	0	0	0
268	H	0	0	0	0	0	0	0
269	T	0	0	0	0	0	0	0
270	S	0	0	0	0	0	0	0
271	V	0	0	0	0	0	0	0
272	E	0	0	0	0	0	0	0
273	H	0	0	0	0	0	0	0
274	F	0	0	0	0	0	0	0
275	Q	0	0	0	0	0	0	0
276	I	0	0	0	0	0	0	0
277	R	0	0	0	0	0	0	0
278	N	0	0	0	0	0	0	0
279	V	0	0	0	0	0	0	0
280	T	0	0	0	0	0	0	0
281	F	0	0	0	0	0	0	0
282	G	0	0	0	0	0	0	0
283	G	0	0	0	0	0	0	0
284	K	0	0	0	0	0	0	0
285	A	0	0	0	0	0	0	0
286	Y	0	0	0	0	0	0	0
287	L	0	0	0	0	0	0	0
288	D	0	0	0	0	0	0	0
289	H	0	0	0	0	0	0	0
290	N	0	0	0	0	0	0	0
291	S	0	0	0	0	0	0	0
292	F	0	0	0	0	0	0	0
293	D	0	0	0	0	0	0	0
294	Y	0	0	0	0	0	0	0
295	S	0	0	0	0	0	0	0
296	N	0	0	0	0	0	0	0
297	T	0	0	0	0	0	0	0
298	V	0	0	0	0	0	0	0
299	M	0	0	0	0	0	0	0
300	R	0	0	0	0	0	0	0
301	T	0	0	0	0	0	0	0
302	I	0	0	0	0	0	0	0
303	K	0	0	0	0	0	0	0
304	L	0	0	0	0	0	0	0
305	E	0	0	0	0	0	0	0
306	H	0	0	0	0	0	0	0
307	V	0	0	0	0	0	0	0
308	H	0	0	0	0	0	0	0
309	F	0	0	0	0	0	0	0
310	R	0	0	0	0	0	0	0
311	V	0	0	0	0	0	0	0
312	F	0	0	0	0	0	T	320
313	Y	0	0	0	0	0	0	0
314	I	0	0	0	0	0	0	0
315	Q	0	0	0	0	0	0	0
316	Q	0	0	0	0	0	0	0
317	D	0	0	0	0	0	0	0
318	K	0	0	0	0	0	0	0
319	I	0	0	0	0	0	0	0
320	Y	Phosphotyrosine	YIQQDKIYLLLTKMD	EECCCEEEEEEECCC	Peripheral arterial disease (traffic-related air pollution interaction):peripheral arterial disease, traffic air pollution measurement	326;312 (6;8)	0	0
321	L	0	0	0	0	0	0	0
322	L	0	0	0	0	0	0	0
323	L	0	0	0	0	0	0	0
324	T	0	0	0	0	0	0	0
325	K	0	0	0	0	0	0	0
326	M	0	0	0	0	0	T	320
327	D	0	0	0	0	0	0	0
328	I	0	0	0	0	0	0	0
329	E	0	0	0	0	0	0	0
330	N	0	0	0	0	0	0	0
331	L	0	0	0	0	0	0	0
332	T	0	0	0	0	0	0	0
333	I	0	0	0	0	0	0	0
334	S	0	0	0	0	0	0	0
335	N	0	0	0	0	0	0	0
336	A	0	0	0	0	0	0	0
337	Q	0	0	0	0	0	0	0
338	M	0	0	0	0	0	0	0
339	P	0	0	0	0	0	0	0
340	H	0	0	0	0	0	0	0
341	M	0	0	0	0	0	0	0
342	L	0	0	0	0	0	0	0
343	F	0	0	0	0	0	0	0
344	P	0	0	0	0	0	0	0
345	N	0	0	0	0	0	0	0
346	Y	0	0	0	0	0	0	0
347	P	0	0	0	0	0	0	0
348	T	0	0	0	0	0	0	0
349	K	0	0	0	0	0	0	0
350	F	0	0	0	0	0	0	0
351	Q	0	0	0	0	0	0	0
352	Y	0	0	0	0	0	0	0
353	L	0	0	0	0	0	0	0
354	N	0	0	0	0	0	0	0
355	F	0	0	0	0	0	0	0
356	A	0	0	0	0	0	0	0
357	N	0	0	0	0	0	0	0
358	N	0	0	0	0	0	0	0
359	I	0	0	0	0	0	0	0
360	L	0	0	0	0	0	0	0
361	T	0	0	0	0	0	0	0
362	D	0	0	0	0	0	0	0
363	E	0	0	0	0	0	0	0
364	L	0	0	0	0	0	0	0
365	F	0	0	0	0	0	0	0
366	K	0	0	0	0	0	0	0
367	R	0	0	0	0	0	0	0
368	T	0	0	0	0	0	0	0
369	I	0	0	0	0	0	0	0
370	Q	0	0	0	0	0	0	0
371	L	0	0	0	0	0	0	0
372	P	0	0	0	0	0	0	0
373	H	0	0	0	0	0	0	0
374	L	0	0	0	0	0	0	0
375	K	0	0	0	0	0	0	0
376	T	0	0	0	0	0	0	0
377	L	0	0	0	0	0	0	0
378	I	0	0	0	0	0	0	0
379	L	0	0	0	0	0	0	0
380	N	0	0	0	0	0	0	0
381	G	0	0	0	0	0	0	0
382	N	0	0	0	0	0	0	0
383	K	0	0	0	0	0	0	0
384	L	0	0	0	0	0	0	0
385	E	0	0	0	0	0	0	0
386	T	0	0	0	0	0	0	0
387	L	0	0	0	0	0	0	0
388	S	0	0	0	0	0	0	0
389	L	0	0	0	0	0	0	0
390	V	0	0	0	0	0	0	0
391	S	0	0	0	0	0	0	0
392	C	0	0	0	0	0	0	0
393	F	0	0	0	0	0	0	0
394	A	0	0	0	0	0	0	0
395	N	0	0	0	0	0	0	0
396	N	0	0	0	0	0	0	0
397	T	0	0	0	0	0	0	0
398	P	0	0	0	0	0	0	0
399	L	0	0	0	0	0	0	0
400	E	0	0	0	0	0	0	0
401	H	0	0	0	0	0	0	0
402	L	0	0	0	0	0	0	0
403	D	0	0	0	0	0	0	0
404	L	0	0	0	0	0	0	0
405	S	0	0	0	0	0	0	0
406	Q	0	0	0	0	0	0	0
407	N	0	0	0	0	0	0	0
408	L	0	0	0	0	0	0	0
409	L	0	0	0	0	0	0	0
410	Q	0	0	0	0	0	0	0
411	H	0	0	0	0	0	0	0
412	K	0	0	0	0	0	0	0
413	N	0	0	0	0	0	0	0
414	D	0	0	0	0	0	0	0
415	E	0	0	0	0	0	0	0
416	N	0	0	0	0	0	0	0
417	C	0	0	0	0	0	0	0
418	S	0	0	0	0	0	0	0
419	W	0	0	0	0	0	0	0
420	P	0	0	0	0	0	0	0
421	E	0	0	0	0	0	0	0
422	T	0	0	0	0	0	0	0
423	V	0	0	0	0	0	0	0
424	V	0	0	0	0	0	0	0
425	N	0	0	0	0	0	0	0
426	M	0	0	0	0	0	0	0
427	N	0	0	0	0	0	0	0
428	L	0	0	0	0	0	0	0
429	S	0	0	0	0	0	0	0
430	Y	0	0	0	0	0	0	0
431	N	0	0	0	0	0	0	0
432	K	0	0	0	0	0	0	0
433	L	0	0	0	0	0	0	0
434	S	0	0	0	0	0	0	0
435	D	0	0	0	0	0	0	0
436	S	0	0	0	0	0	0	0
437	V	0	0	0	0	0	0	0
438	F	0	0	0	0	0	0	0
439	R	0	0	0	0	0	0	0
440	C	0	0	0	0	0	0	0
441	L	0	0	0	0	0	0	0
442	P	0	0	0	0	0	0	0
443	K	0	0	0	0	0	0	0
444	S	0	0	0	0	0	0	0
445	I	0	0	0	0	0	0	0
446	Q	0	0	0	0	0	0	0
447	I	0	0	0	0	0	0	0
448	L	0	0	0	0	0	0	0
449	D	0	0	0	0	0	0	0
450	L	0	0	0	0	0	0	0
451	N	0	0	0	0	0	0	0
452	N	0	0	0	0	0	0	0
453	N	0	0	0	0	0	0	0
454	Q	0	0	0	0	0	0	0
455	I	0	0	0	0	0	0	0
456	Q	0	0	0	0	0	0	0
457	T	0	0	0	0	0	0	0
458	V	0	0	0	0	0	0	0
459	P	0	0	0	0	0	0	0
460	K	0	0	0	0	0	0	0
461	E	0	0	0	0	0	0	0
462	T	0	0	0	0	0	0	0
463	I	0	0	0	0	0	0	0
464	H	0	0	0	0	0	0	0
465	L	0	0	0	0	0	0	0
466	M	0	0	0	0	0	0	0
467	A	0	0	0	0	0	0	0
468	L	0	0	0	0	0	0	0
469	R	0	0	0	0	0	0	0
470	E	0	0	0	0	0	0	0
471	L	0	0	0	0	0	0	0
472	N	0	0	0	0	0	0	0
473	I	0	0	0	0	0	0	0
474	A	0	0	0	0	0	0	0
475	F	0	0	0	0	0	0	0
476	N	0	0	0	0	0	0	0
477	F	0	0	0	0	0	0	0
478	L	0	0	0	0	0	0	0
479	T	0	0	0	0	0	0	0
480	D	0	0	0	0	0	0	0
481	L	0	0	0	0	0	0	0
482	P	0	0	0	0	0	0	0
483	G	0	0	0	0	0	0	0
484	C	0	0	0	0	0	0	0
485	S	0	0	0	0	0	0	0
486	H	0	0	0	0	0	0	0
487	F	0	0	0	0	0	0	0
488	S	0	0	0	0	0	0	0
489	R	0	0	0	0	0	0	0
490	L	0	0	0	0	0	0	0
491	S	0	0	0	0	0	0	0
492	V	0	0	0	0	0	0	0
493	L	0	0	0	0	0	0	0
494	N	0	0	0	0	0	0	0
495	I	0	0	0	0	0	0	0
496	E	0	0	0	0	0	0	0
497	M	0	0	0	0	0	0	0
498	N	0	0	0	0	0	0	0
499	F	0	0	0	0	0	0	0
500	I	0	0	0	0	0	0	0
501	L	0	0	0	0	0	0	0
502	S	0	0	0	0	0	0	0
503	P	0	0	0	0	0	0	0
504	S	0	0	0	0	0	0	0
505	L	0	0	0	0	0	0	0
506	D	0	0	0	0	0	0	0
507	F	0	0	0	0	0	0	0
508	V	0	0	0	0	0	0	0
509	Q	0	0	0	0	0	0	0
510	S	0	0	0	0	0	0	0
511	C	0	0	0	0	0	0	0
512	Q	0	0	0	0	0	0	0
513	E	0	0	0	0	0	0	0
514	V	0	0	0	0	0	0	0
515	K	0	0	0	0	0	0	0
516	T	0	0	0	0	0	0	0
517	L	0	0	0	0	0	0	0
518	N	0	0	0	0	0	0	0
519	A	0	0	0	0	0	0	0
520	G	0	0	0	0	0	0	0
521	R	0	0	0	0	0	0	0
522	N	0	0	0	0	0	0	0
523	P	0	0	0	0	0	0	0
524	F	0	0	0	0	0	0	0
525	R	0	0	0	0	0	0	0
526	C	0	0	0	0	0	0	0
527	T	0	0	0	0	0	0	0
528	C	0	0	0	0	0	0	0
529	E	0	0	0	0	0	0	0
530	L	0	0	0	0	0	0	0
531	K	0	0	0	0	0	0	0
532	N	0	0	0	0	0	0	0
533	F	0	0	0	0	0	0	0
534	I	0	0	0	0	0	0	0
535	Q	0	0	0	0	0	0	0
536	L	0	0	0	0	0	0	0
537	E	0	0	0	0	0	0	0
538	T	0	0	0	0	0	0	0
539	Y	0	0	0	0	0	0	0
540	S	0	0	0	0	0	0	0
541	E	0	0	0	0	0	0	0
542	V	0	0	0	0	0	0	0
543	M	0	0	0	0	0	0	0
544	M	0	0	0	0	0	0	0
545	V	0	0	0	0	0	0	0
546	G	0	0	0	0	0	0	0
547	W	0	0	0	0	0	0	0
548	S	0	0	0	0	0	0	0
549	D	0	0	0	0	0	0	0
550	S	0	0	0	0	0	0	0
551	Y	0	0	0	0	0	0	0
552	T	0	0	0	0	0	0	0
553	C	0	0	0	0	0	0	0
554	E	0	0	0	0	0	0	0
555	Y	0	0	0	0	0	0	0
556	P	0	0	0	0	0	0	0
557	L	0	0	0	0	0	0	0
558	N	0	0	0	0	0	0	0
559	L	0	0	0	0	0	0	0
560	R	0	0	0	0	0	0	0
561	G	0	0	0	0	0	0	0
562	T	0	0	0	0	0	0	0
563	R	0	0	0	0	0	0	0
564	L	0	0	0	0	0	0	0
565	K	0	0	0	0	0	0	0
566	D	0	0	0	0	0	0	0
567	V	0	0	0	0	0	0	0
568	H	0	0	0	0	0	0	0
569	L	0	0	0	0	0	0	0
570	H	0	0	0	0	0	0	0
571	E	0	0	0	0	0	0	0
572	L	0	0	0	0	0	0	0
573	S	0	0	0	0	0	0	0
574	C	0	0	0	0	0	0	0
575	N	0	0	0	0	0	0	0
576	T	0	0	0	0	0	0	0
577	A	0	0	0	0	0	0	0
578	L	0	0	0	0	0	0	0
579	L	0	0	0	0	0	0	0
580	I	0	0	0	0	0	0	0
581	V	0	0	0	0	0	0	0
582	T	0	0	0	0	0	0	0
583	I	0	0	0	0	0	0	0
584	V	0	0	0	0	0	0	0
585	V	0	0	0	0	0	0	0
586	I	0	0	0	0	0	0	0
587	M	0	0	0	0	0	0	0
588	L	0	0	0	0	0	0	0
589	V	0	0	0	0	0	0	0
590	L	0	0	0	0	0	0	0
591	G	0	0	0	0	0	0	0
592	L	0	0	0	0	0	0	0
593	A	0	0	0	0	0	0	0
594	V	0	0	0	0	0	0	0
595	A	0	0	0	0	0	0	0
596	F	0	0	0	0	0	0	0
597	C	0	0	0	0	0	0	0
598	C	0	0	0	0	0	0	0
599	L	0	0	0	0	0	0	0
600	H	0	0	0	0	0	0	0
601	F	0	0	0	0	0	0	0
602	D	0	0	0	0	0	0	0
603	L	0	0	0	0	0	0	0
604	P	0	0	0	0	0	0	0
605	W	0	0	0	0	0	0	0
606	Y	0	0	0	0	0	0	0
607	L	0	0	0	0	0	0	0
608	R	0	0	0	0	0	0	0
609	M	0	0	0	0	0	0	0
610	L	0	0	0	0	0	0	0
611	G	0	0	0	0	0	0	0
612	Q	0	0	0	0	0	0	0
613	C	0	0	0	0	0	0	0
614	T	Phosphothreonine	LRMLGQCTQTWHRVR	HHHHHHHHHHHHHHH	0	0	0	0
615	Q	0	0	0	0	0	0	0
616	T	Phosphothreonine	MLGQCTQTWHRVRKT	HHHHHHHHHHHHHHC	0	0	0	0
617	W	0	0	0	0	0	0	0
618	H	0	0	0	0	0	0	0
619	R	0	0	0	0	0	0	0
620	V	0	0	0	0	0	0	0
621	R	0	0	0	0	0	0	0
622	K	0	0	0	0	0	0	0
623	T	0	0	0	0	0	0	0
624	T	0	0	0	0	0	0	0
625	Q	0	0	0	0	0	0	0
626	E	0	0	0	0	0	0	0
627	Q	0	0	0	0	0	0	0
628	L	0	0	0	0	0	0	0
629	K	0	0	0	0	0	0	0
630	R	0	0	0	0	0	0	0
631	N	0	0	0	0	0	0	0
632	V	0	0	0	0	0	0	0
633	R	0	0	0	0	0	0	0
634	F	0	0	0	0	0	0	0
635	H	0	0	0	0	0	0	0
636	A	0	0	0	0	0	0	0
637	F	0	0	0	0	0	0	0
638	I	0	0	0	0	0	0	0
639	S	0	0	0	0	0	0	0
640	Y	0	0	0	0	0	0	0
641	S	0	0	0	0	0	0	0
642	E	0	0	0	0	0	0	0
643	H	0	0	0	0	0	0	0
644	D	0	0	0	0	0	0	0
645	S	0	0	0	0	0	0	0
646	L	0	0	0	0	0	0	0
647	W	0	0	0	0	0	0	0
648	V	0	0	0	0	0	0	0
649	K	0	0	0	0	0	0	0
650	N	0	0	0	0	0	0	0
651	E	0	0	0	0	0	0	0
652	L	0	0	0	0	0	0	0
653	I	0	0	0	0	0	0	0
654	P	0	0	0	0	0	0	0
655	N	0	0	0	0	0	0	0
656	L	0	0	0	0	0	0	0
657	E	0	0	0	0	0	0	0
658	K	0	0	0	0	0	0	0
659	E	0	0	0	0	0	0	0
660	D	0	0	0	0	0	0	0
661	G	0	0	0	0	0	0	0
662	S	0	0	0	0	0	0	0
663	I	0	0	0	0	0	0	0
664	L	0	0	0	0	0	0	0
665	I	0	0	0	0	0	0	0
666	C	0	0	0	0	0	0	0
667	L	0	0	0	0	0	0	0
668	Y	0	0	0	0	0	0	0
669	E	0	0	0	0	0	0	0
670	S	0	0	0	0	0	0	0
671	Y	0	0	0	0	0	0	0
672	F	0	0	0	0	0	0	0
673	D	0	0	0	0	0	0	0
674	P	0	0	0	0	0	0	0
675	G	0	0	0	0	0	0	0
676	K	0	0	0	0	0	0	0
677	S	0	0	0	0	0	0	0
678	I	0	0	0	0	0	0	0
679	S	0	0	0	0	0	0	0
680	E	0	0	0	0	0	0	0
681	N	0	0	0	0	0	0	0
682	I	0	0	0	0	0	0	0
683	V	0	0	0	0	0	0	0
684	S	0	0	0	0	0	0	0
685	F	0	0	0	0	0	0	0
686	I	0	0	0	0	0	0	0
687	E	0	0	0	0	0	0	0
688	K	0	0	0	0	0	0	0
689	S	0	0	0	0	0	0	0
690	Y	0	0	0	0	0	0	0
691	K	0	0	0	0	0	0	0
692	S	0	0	0	0	0	0	0
693	I	0	0	0	0	0	0	0
694	F	0	0	0	0	0	0	0
695	V	0	0	0	0	0	0	0
696	L	0	0	0	0	0	0	0
697	S	0	0	0	0	0	0	0
698	P	0	0	0	0	0	0	0
699	N	0	0	0	0	0	0	0
700	F	0	0	0	0	0	0	0
701	V	0	0	0	0	0	0	0
702	Q	0	0	0	0	0	0	0
703	N	0	0	0	0	0	0	0
704	E	0	0	0	0	0	0	0
705	W	0	0	0	0	0	0	0
706	C	0	0	0	0	0	0	0
707	H	0	0	0	0	0	0	0
708	Y	0	0	0	0	0	0	0
709	E	0	0	0	0	0	0	0
710	F	0	0	0	0	0	0	0
711	Y	0	0	0	0	0	0	0
712	F	0	0	0	0	0	0	0
713	A	0	0	0	0	0	0	0
714	H	0	0	0	0	0	0	0
715	H	0	0	0	0	0	0	0
716	N	0	0	0	0	0	0	0
717	L	0	0	0	0	0	0	0
718	F	0	0	0	0	0	0	0
719	H	0	0	0	0	0	0	0
720	E	0	0	0	0	0	0	0
721	N	0	0	0	0	0	0	0
722	S	0	0	0	0	0	0	0
723	D	0	0	0	0	0	0	0
724	H	0	0	0	0	0	0	0
725	I	0	0	0	0	0	0	0
726	I	0	0	0	0	0	0	0
727	L	0	0	0	0	0	0	0
728	I	0	0	0	0	0	0	0
729	L	0	0	0	0	0	0	0
730	L	0	0	0	0	0	0	0
731	E	0	0	0	0	0	0	0
732	P	0	0	0	0	0	0	0
733	I	0	0	0	0	0	0	0
734	P	0	0	0	0	0	0	0
735	F	0	0	0	0	0	0	0
736	Y	0	0	0	0	0	0	0
737	C	0	0	0	0	0	0	0
738	I	0	0	0	0	0	0	0
739	P	0	0	0	0	0	0	0
740	T	0	0	0	0	0	0	0
741	R	0	0	0	0	0	0	0
742	Y	0	0	0	0	0	0	0
743	H	0	0	0	0	0	0	0
744	K	0	0	0	0	0	0	0
745	L	0	0	0	0	0	0	0
746	K	0	0	0	0	0	0	0
747	A	0	0	0	0	0	0	0
748	L	0	0	0	0	0	0	0
749	L	0	0	0	0	0	0	0
750	E	0	0	0	0	0	0	0
751	K	0	0	0	0	0	0	0
752	K	0	0	0	0	0	0	0
753	A	0	0	0	0	0	0	0
754	Y	0	0	0	0	0	0	0
755	L	0	0	0	0	0	0	0
756	E	0	0	0	0	0	0	0
757	W	0	0	0	0	0	0	0
758	P	0	0	0	0	0	0	0
759	K	0	0	0	0	0	0	0
760	D	0	0	0	0	0	0	0
761	R	0	0	0	0	0	0	0
762	R	0	0	0	0	0	0	0
763	K	0	0	0	0	0	0	0
764	C	0	0	0	0	0	0	0
765	G	0	0	0	0	0	0	0
766	L	0	0	0	0	0	0	0
767	F	0	0	0	0	0	0	0
768	W	0	0	0	0	0	0	0
769	A	0	0	0	0	0	0	0
770	N	0	0	0	0	0	0	0
771	L	0	0	0	0	0	0	0
772	R	0	0	0	0	0	0	0
773	A	0	0	0	0	0	0	0
774	A	0	0	0	0	0	0	0
775	I	0	0	0	0	0	0	0
776	N	0	0	0	0	0	0	0
777	V	0	0	0	0	0	0	0
778	N	0	0	0	0	0	0	0
779	V	0	0	0	0	0	0	0
780	L	0	0	0	0	0	0	0
781	A	0	0	0	0	0	0	0
782	T	0	0	0	0	0	0	0
783	R	0	0	0	0	0	0	0
784	E	0	0	0	0	0	0	0
785	M	0	0	0	0	0	0	0
786	Y	0	0	0	0	0	0	0
787	E	0	0	0	0	0	0	0
788	L	0	0	0	0	0	0	0
789	Q	0	0	0	0	0	0	0
790	T	0	0	0	0	0	0	0
791	F	0	0	0	0	0	0	0
792	T	0	0	0	0	0	0	0
793	E	0	0	0	0	0	0	0
794	L	0	0	0	0	0	0	0
795	N	0	0	0	0	0	0	0
796	E	0	0	0	0	0	0	0
797	E	0	0	0	0	0	0	0
798	S	0	0	0	0	0	0	0
799	R	0	0	0	0	0	0	0
800	G	0	0	0	0	0	0	0
801	S	0	0	0	0	0	0	0
802	T	0	0	0	0	0	0	0
803	I	0	0	0	0	0	0	0
804	S	Phosphoserine	ESRGSTISLMRTDCL	HCCCCCEEEEECCCC	0	0	0	0
805	L	0	0	0	0	0	0	0
806	M	0	0	0	0	0	0	0
807	R	0	0	0	0	0	0	0
808	T	0	0	0	0	0	0	0
809	D	0	0	0	0	0	0	0
810	C	0	0	0	0	0	0	0
811	L	0	0	0	0	0	0	0
