location	residue	Modification	seq	secStruc	RelatedDisease	VariantPosition	ResidueChange	DaPSbySAP
1	M	0	0	0	0	0	0	0
2	A	0	0	0	0	0	0	0
3	E	0	0	0	0	0	0	0
4	P	0	0	0	0	0	0	0
5	Q	0	0	0	0	0	0	0
6	A	0	0	0	0	0	0	0
7	E	0	0	0	0	0	0	0
8	S	0	0	0	0	0	0	0
9	E	0	0	0	0	0	0	0
10	P	0	0	0	0	0	0	0
11	L	0	0	0	0	0	0	0
12	L	0	0	0	0	0	0	0
13	G	0	0	0	0	0	0	0
14	G	0	0	0	0	0	0	0
15	A	0	0	0	0	0	0	0
16	R	0	0	0	0	0	0	0
17	G	0	0	0	0	0	0	0
18	G	0	0	0	0	0	0	0
19	G	0	0	0	0	0	0	0
20	G	0	0	0	0	0	0	0
21	D	0	0	0	0	0	0	0
22	W	0	0	0	0	0	0	0
23	P	0	0	0	0	0	0	0
24	A	0	0	0	0	0	0	0
25	G	0	0	0	0	0	0	0
26	L	0	0	0	0	0	0	0
27	T	Phosphothreonine	GDWPAGLTTYRSIQV	CCCCCCCCEEEEEEC	0	0	0	0
28	T	Phosphothreonine	DWPAGLTTYRSIQVG	CCCCCCCEEEEEECC	0	0	0	0
29	Y	Phosphotyrosine	WPAGLTTYRSIQVGP	CCCCCCEEEEEECCC	0	0	0	0
30	R	0	0	0	0	0	0	0
31	S	0	0	0	0	0	0	0
32	I	0	0	0	0	0	0	0
33	Q	0	0	0	0	0	0	0
34	V	0	0	0	0	0	0	0
35	G	0	0	0	0	0	0	0
36	P	0	0	0	0	0	0	0
37	G	0	0	0	0	0	0	0
38	A	0	0	0	0	0	0	0
39	A	0	0	0	0	0	0	0
40	A	0	0	0	0	0	0	0
41	R	0	0	0	0	0	0	0
42	W	0	0	0	0	0	0	0
43	D	0	0	0	0	0	0	0
44	L	0	0	0	0	0	0	0
45	C	0	0	0	0	0	0	0
46	I	0	0	0	0	0	0	0
47	D	0	0	0	0	0	0	0
48	Q	0	0	0	0	0	0	0
49	A	0	0	0	0	0	0	0
50	V	0	0	0	0	0	0	0
51	V	0	0	0	0	0	0	0
52	F	0	0	0	0	0	0	0
53	I	0	0	0	0	0	0	0
54	E	0	0	0	0	0	0	0
55	D	0	0	0	0	0	0	0
56	A	0	0	0	0	0	0	0
57	I	0	0	0	0	0	0	0
58	Q	0	0	0	0	0	0	0
59	Y	0	0	0	0	0	0	0
60	R	0	0	0	0	0	0	0
61	S	0	0	0	0	0	0	0
62	I	0	0	0	0	0	0	0
63	N	0	0	0	0	0	0	0
64	H	0	0	0	0	0	0	0
65	R	0	0	0	0	0	0	0
66	V	0	0	0	0	0	0	0
67	D	0	0	0	0	0	0	0
68	A	0	0	0	0	0	0	0
69	S	0	0	0	0	0	0	0
70	S	0	0	0	0	0	0	0
71	M	0	0	0	0	0	0	0
72	W	0	0	0	0	0	0	0
73	L	0	0	0	0	0	0	0
74	Y	0	0	0	0	0	0	0
75	R	0	0	0	0	0	0	0
76	R	0	0	0	0	0	0	0
77	Y	0	0	0	0	0	0	0
78	Y	0	0	0	0	0	0	0
79	S	0	0	0	0	0	0	0
80	N	0	0	0	0	0	0	0
81	V	0	0	0	0	0	0	0
82	C	0	0	0	0	0	0	0
83	Q	0	0	0	0	0	0	0
84	R	0	0	0	0	0	0	0
85	T	0	0	0	0	0	0	0
86	L	0	0	0	0	0	0	0
87	S	0	0	0	0	0	0	0
88	F	0	0	0	0	0	0	0
89	T	0	0	0	0	0	0	0
90	I	0	0	0	0	0	0	0
91	F	0	0	0	0	0	0	0
92	L	0	0	0	0	0	0	0
93	I	0	0	0	0	0	0	0
94	L	0	0	0	0	0	0	0
95	F	0	0	0	0	0	0	0
96	L	0	0	0	0	0	0	0
97	A	0	0	0	0	0	0	0
98	F	0	0	0	0	0	0	0
99	I	0	0	0	0	0	0	0
100	E	0	0	0	0	0	0	0
101	T	0	0	0	0	0	0	0
102	P	0	0	0	0	0	0	0
103	S	0	0	0	0	0	0	0
104	S	0	0	0	0	0	0	0
105	L	0	0	0	0	0	0	0
106	T	0	0	0	0	0	0	0
107	S	0	0	0	0	0	0	0
108	T	0	0	0	0	0	0	0
109	A	0	0	0	0	0	0	0
110	D	0	0	0	0	0	0	0
111	V	0	0	0	0	0	0	0
112	R	0	0	0	0	0	0	0
113	Y	0	0	0	0	0	0	0
114	R	0	0	0	0	0	0	0
115	A	0	0	0	0	0	0	0
116	A	0	0	0	0	0	0	0
117	P	0	0	0	0	0	0	0
118	W	0	0	0	0	0	0	0
119	E	0	0	0	0	0	0	0
120	P	0	0	0	0	0	0	0
121	P	0	0	0	0	0	0	0
122	C	0	0	0	0	0	0	0
123	G	0	0	0	0	0	0	0
124	L	0	0	0	0	0	0	0
125	T	0	0	0	0	0	0	0
126	E	0	0	0	0	0	0	0
127	S	0	0	0	0	0	0	0
128	V	0	0	0	0	0	0	0
129	E	0	0	0	0	0	0	0
130	V	0	0	0	0	0	0	0
131	L	0	0	0	0	0	0	0
132	C	0	0	0	0	0	0	0
133	L	0	0	0	0	0	0	0
134	L	0	0	0	0	0	0	0
135	V	0	0	0	0	0	0	0
136	F	0	0	0	0	0	0	0
137	A	0	0	0	0	0	0	0
138	A	0	0	0	0	0	0	0
139	D	0	0	0	0	0	0	0
140	L	0	0	0	0	0	0	0
141	S	0	0	0	0	0	0	0
142	V	0	0	0	0	0	0	0
143	K	0	0	0	0	0	0	0
144	G	0	0	0	0	0	0	0
145	Y	0	0	0	0	0	0	0
146	L	0	0	0	0	0	0	0
147	F	0	0	0	0	0	0	0
148	G	0	0	0	0	0	0	0
149	W	0	0	0	0	0	0	0
150	A	0	0	0	0	0	0	0
151	H	0	0	0	0	0	0	0
152	F	0	0	0	0	0	0	0
153	Q	0	0	0	0	0	0	0
154	K	0	0	0	0	0	0	0
155	N	0	0	0	0	0	0	0
156	L	0	0	0	0	0	0	0
157	W	0	0	0	0	0	0	0
158	L	0	0	0	0	0	0	0
159	L	0	0	0	0	0	0	0
160	G	0	0	0	0	0	0	0
161	Y	0	0	0	0	0	0	0
162	L	0	0	0	0	0	0	0
163	V	0	0	0	0	0	0	0
164	V	0	0	0	0	0	0	0
165	L	0	0	0	0	0	0	0
166	V	0	0	0	0	0	0	0
167	V	0	0	0	0	0	0	0
168	S	0	0	0	0	0	0	0
169	L	0	0	0	0	0	0	0
170	V	0	0	0	0	0	0	0
171	D	0	0	0	0	0	0	0
172	W	0	0	0	0	0	0	0
173	T	0	0	0	0	0	0	0
174	V	0	0	0	0	0	0	0
175	S	0	0	0	0	0	0	0
176	L	0	0	0	0	0	0	0
177	S	0	0	0	0	0	0	0
178	L	0	0	0	0	0	0	0
179	V	0	0	0	0	0	0	0
180	C	0	0	0	0	0	0	0
181	H	0	0	0	0	0	0	0
182	E	0	0	0	0	0	0	0
183	P	0	0	0	0	0	0	0
184	L	0	0	0	0	0	0	0
185	R	0	0	0	0	0	0	0
186	I	0	0	0	0	0	0	0
187	R	0	0	0	0	0	0	0
188	R	0	0	0	0	0	0	0
189	L	0	0	0	0	0	0	0
190	L	0	0	0	0	0	0	0
191	R	0	0	0	0	0	0	0
192	P	0	0	0	0	0	0	0
193	F	0	0	0	0	0	0	0
194	F	0	0	0	0	0	0	0
195	L	0	0	0	0	0	0	0
196	L	0	0	0	0	0	0	0
197	Q	0	0	0	0	0	0	0
198	N	0	0	0	0	0	0	0
199	S	0	0	0	0	0	0	0
200	S	0	0	0	0	0	0	0
201	M	0	0	0	0	0	0	0
202	M	0	0	0	0	0	0	0
203	K	0	0	0	0	0	0	0
204	K	0	0	0	0	0	0	0
205	T	0	0	0	0	0	0	0
206	L	0	0	0	0	0	0	0
207	K	0	0	0	0	0	0	0
208	C	0	0	0	0	0	0	0
209	I	0	0	0	0	0	0	0
210	R	0	0	0	0	0	0	0
211	W	0	0	0	0	0	0	0
212	S	0	0	0	0	0	0	0
213	L	0	0	0	0	0	0	0
214	P	0	0	0	0	0	0	0
215	E	0	0	0	0	0	0	0
216	M	0	0	0	0	0	0	0
217	A	0	0	0	0	0	0	0
218	S	0	0	0	0	0	0	0
219	V	0	0	0	0	0	0	0
220	G	0	0	0	0	0	0	0
221	L	0	0	0	0	0	0	0
222	L	0	0	0	0	0	0	0
223	L	0	0	0	0	0	0	0
224	A	0	0	0	0	0	0	0
225	I	0	0	0	0	0	0	0
226	H	0	0	0	0	0	0	0
227	L	0	0	0	0	0	0	0
228	C	0	0	0	0	0	0	0
229	L	0	0	0	0	0	0	0
230	F	0	0	0	0	0	0	0
231	T	0	0	0	0	0	0	0
232	M	0	0	0	0	0	0	0
233	F	0	0	0	0	0	0	0
234	G	0	0	0	0	0	0	0
235	M	0	0	0	0	0	0	0
236	L	0	0	0	0	0	0	0
237	L	0	0	0	0	0	0	0
238	F	0	0	0	0	0	0	0
239	A	0	0	0	0	0	0	0
240	G	0	0	0	0	0	0	0
241	G	0	0	0	0	0	0	0
242	K	0	0	0	0	0	0	0
243	Q	0	0	0	0	0	0	0
244	D	0	0	0	0	0	0	0
245	D	0	0	0	0	0	0	0
246	G	0	0	0	0	0	0	0
247	Q	0	0	0	0	0	0	0
248	D	0	0	0	0	0	0	0
249	R	0	0	0	0	0	0	0
250	E	0	0	0	0	0	0	0
251	R	0	0	0	0	0	0	0
252	L	0	0	0	0	0	0	0
253	T	0	0	0	0	0	0	0
254	Y	0	0	0	0	0	0	0
255	F	0	0	0	0	0	0	0
256	Q	0	0	0	0	0	0	0
257	N	0	0	0	0	0	0	0
258	L	0	0	0	0	0	0	0
259	P	0	0	0	0	0	0	0
260	E	0	0	0	0	0	0	0
261	S	0	0	0	0	0	0	0
262	L	0	0	0	0	0	0	0
263	T	0	0	0	0	0	0	0
264	S	0	0	0	0	0	0	0
265	L	0	0	0	0	0	0	0
266	L	0	0	0	0	0	0	0
267	V	0	0	0	0	0	0	0
268	L	0	0	0	0	0	0	0
269	L	0	0	0	0	0	0	0
270	T	0	0	0	0	0	0	0
271	T	0	0	0	0	0	0	0
272	A	0	0	0	0	0	0	0
273	N	0	0	0	0	0	0	0
274	N	0	0	0	0	0	0	0
275	P	0	0	0	0	0	0	0
276	D	0	0	0	0	0	0	0
277	V	0	0	0	0	0	0	0
278	M	0	0	0	0	0	0	0
279	I	0	0	0	0	0	0	0
280	P	0	0	0	0	0	0	0
281	A	0	0	0	0	0	0	0
282	Y	0	0	0	0	0	0	0
283	S	0	0	0	0	0	0	0
284	K	0	0	0	0	0	0	0
285	N	0	0	0	0	0	0	0
286	R	0	0	0	0	0	0	0
287	A	0	0	0	0	0	0	0
288	Y	0	0	0	0	0	0	0
289	A	0	0	0	0	0	0	0
290	I	0	0	0	0	0	0	0
291	F	0	0	0	0	0	0	0
292	F	0	0	0	0	0	0	0
293	I	0	0	0	0	0	0	0
294	V	0	0	0	0	0	0	0
295	F	0	0	0	0	0	0	0
296	T	0	0	0	0	0	0	0
297	V	0	0	0	0	0	0	0
298	I	0	0	0	0	0	0	0
299	G	0	0	0	0	0	0	0
300	S	0	0	0	0	0	0	0
301	L	0	0	0	0	0	0	0
302	F	0	0	0	0	0	0	0
303	L	0	0	0	0	0	0	0
304	M	0	0	0	0	0	0	0
305	N	0	0	0	0	0	0	0
306	L	0	0	0	0	0	0	0
307	L	0	0	0	0	0	0	0
308	T	0	0	0	0	0	0	0
309	A	0	0	0	0	0	0	0
310	I	0	0	0	0	0	0	0
311	I	0	0	0	0	0	0	0
312	Y	0	0	0	0	0	0	0
313	S	0	0	0	0	0	0	0
314	Q	0	0	0	0	0	0	0
315	F	0	0	0	0	0	0	0
316	R	0	0	0	0	0	0	0
317	G	0	0	0	0	0	0	0
318	Y	0	0	0	0	0	0	0
319	L	0	0	0	0	0	0	0
320	M	0	0	0	0	0	0	0
321	K	0	0	0	0	0	0	0
322	S	0	0	0	0	0	0	0
323	L	0	0	0	0	0	0	0
324	Q	0	0	0	0	0	0	0
325	T	0	0	0	0	0	0	0
326	S	0	0	0	0	0	0	0
327	L	0	0	0	0	0	0	0
328	F	0	0	0	0	0	0	0
329	R	0	0	0	0	0	0	0
330	R	0	0	0	0	0	0	0
331	R	0	0	0	0	0	0	0
332	L	0	0	0	0	0	0	0
333	G	0	0	0	0	0	0	0
334	T	0	0	0	0	0	0	0
335	R	0	0	0	0	0	0	0
336	A	0	0	0	0	0	0	0
337	A	0	0	0	0	0	0	0
338	F	0	0	0	0	0	0	0
339	E	0	0	0	0	0	0	0
340	V	0	0	0	0	0	0	0
341	L	0	0	0	0	0	0	0
342	S	0	0	0	0	0	0	0
343	S	0	0	0	0	0	0	0
344	M	0	0	0	0	0	0	0
345	V	0	0	0	0	0	0	0
346	G	0	0	0	0	0	0	0
347	E	0	0	0	0	0	0	0
348	G	0	0	0	0	0	0	0
349	G	0	0	0	0	0	0	0
350	A	0	0	0	0	0	0	0
351	F	0	0	0	0	0	0	0
352	P	0	0	0	0	0	0	0
353	Q	0	0	0	0	0	0	0
354	A	0	0	0	0	0	0	0
355	V	0	0	0	0	0	0	0
356	G	0	0	0	0	0	0	0
357	V	0	0	0	0	0	0	0
358	K	0	0	0	0	0	0	0
359	P	0	0	0	0	0	0	0
360	Q	0	0	0	0	0	0	0
361	N	0	0	0	0	0	0	0
362	L	0	0	0	0	0	0	0
363	L	0	0	0	0	0	0	0
364	Q	0	0	0	0	0	0	0
365	V	0	0	0	0	0	0	0
366	L	0	0	0	0	0	0	0
367	Q	0	0	0	0	0	0	0
368	K	0	0	0	0	0	0	0
369	V	0	0	0	0	0	0	0
370	Q	0	0	0	0	0	0	0
371	L	0	0	0	0	0	0	0
372	D	0	0	0	0	0	0	0
373	S	0	0	0	0	0	0	0
374	S	0	0	0	0	0	0	0
375	H	0	0	0	0	0	0	0
376	K	N-acetyllysine	VQLDSSHKQAMMEKV	HCCCCHHHHHHHHHH	Hair color:hair color	376 (0)	R	376
377	Q	0	0	0	0	0	0	0
378	A	0	0	0	0	0	0	0
379	M	0	0	0	0	0	0	0
380	M	0	0	0	0	0	0	0
381	E	0	0	0	0	0	0	0
382	K	0	0	0	0	0	0	0
383	V	0	0	0	0	0	0	0
384	R	0	0	0	0	0	0	0
385	S	0	0	0	0	0	0	0
386	Y	0	0	0	0	0	0	0
387	G	0	0	0	0	0	0	0
388	S	0	0	0	0	0	0	0
389	V	0	0	0	0	0	0	0
390	L	0	0	0	0	0	0	0
391	L	0	0	0	0	0	0	0
392	S	0	0	0	0	0	0	0
393	A	0	0	0	0	0	0	0
394	E	0	0	0	0	0	0	0
395	E	0	0	0	0	0	0	0
396	F	0	0	0	0	0	0	0
397	Q	0	0	0	0	0	0	0
398	K	0	0	0	0	0	0	0
399	L	0	0	0	0	0	0	0
400	F	0	0	0	0	0	0	0
401	N	0	0	0	0	0	0	0
402	E	0	0	0	0	0	0	0
403	L	0	0	0	0	0	0	0
404	D	0	0	0	0	0	0	0
405	R	0	0	0	0	0	0	0
406	S	0	0	0	0	0	0	0
407	V	0	0	0	0	0	0	0
408	V	0	0	0	0	0	0	0
409	K	0	0	0	0	0	0	0
410	E	0	0	0	0	0	0	0
411	H	0	0	0	0	0	0	0
412	P	0	0	0	0	0	0	0
413	P	0	0	0	0	0	0	0
414	R	0	0	0	0	0	0	0
415	P	0	0	0	0	0	0	0
416	E	0	0	0	0	0	0	0
417	Y	0	0	0	0	0	0	0
418	Q	0	0	0	0	0	0	0
419	S	0	0	0	0	0	0	0
420	P	0	0	0	0	0	0	0
421	F	0	0	0	0	0	0	0
422	L	0	0	0	0	0	0	0
423	Q	0	0	0	0	0	0	0
424	S	0	0	0	0	0	0	0
425	A	0	0	0	0	0	0	0
426	Q	0	0	0	0	0	0	0
427	F	0	0	0	0	0	0	0
428	L	0	0	0	0	0	0	0
429	F	0	0	0	0	0	0	0
430	G	0	0	0	0	0	0	0
431	H	0	0	0	0	0	0	0
432	Y	0	0	0	0	0	0	0
433	Y	0	0	0	0	0	0	0
434	F	0	0	0	0	0	0	0
435	D	0	0	0	0	0	0	0
436	Y	0	0	0	0	0	0	0
437	L	0	0	0	0	0	0	0
438	G	0	0	0	0	0	0	0
439	N	0	0	0	0	0	0	0
440	L	0	0	0	0	0	0	0
441	I	0	0	0	0	0	0	0
442	A	0	0	0	0	0	0	0
443	L	0	0	0	0	0	0	0
444	A	0	0	0	0	0	0	0
445	N	0	0	0	0	0	0	0
446	L	0	0	0	0	0	0	0
447	V	0	0	0	0	0	0	0
448	S	0	0	0	0	0	0	0
449	I	0	0	0	0	0	0	0
450	C	0	0	0	0	0	0	0
451	V	0	0	0	0	0	0	0
452	F	0	0	0	0	0	0	0
453	L	0	0	0	0	0	0	0
454	V	0	0	0	0	0	0	0
455	L	0	0	0	0	0	0	0
456	D	0	0	0	0	0	0	0
457	A	0	0	0	0	0	0	0
458	D	0	0	0	0	0	0	0
459	V	0	0	0	0	0	0	0
460	L	0	0	0	0	0	0	0
461	P	0	0	0	0	0	0	0
462	A	0	0	0	0	0	0	0
463	E	0	0	0	0	0	0	0
464	R	0	0	0	0	0	0	0
465	D	0	0	0	0	0	0	0
466	D	0	0	0	0	0	0	0
467	F	0	0	0	0	0	0	0
468	I	0	0	0	0	0	0	0
469	L	0	0	0	0	0	0	0
470	G	0	0	0	0	0	0	0
471	I	0	0	0	0	0	0	0
472	L	0	0	0	0	0	0	0
473	N	0	0	0	0	0	0	0
474	C	0	0	0	0	0	0	0
475	V	0	0	0	0	0	0	0
476	F	0	0	0	0	0	0	0
477	I	0	0	0	0	0	0	0
478	V	0	0	0	0	0	0	0
479	Y	0	0	0	0	0	0	0
480	Y	0	0	0	0	0	0	0
481	L	0	0	0	0	0	0	0
482	L	0	0	0	0	0	0	0
483	E	0	0	0	0	0	0	0
484	M	0	0	0	0	0	0	0
485	L	0	0	0	0	0	0	0
486	L	0	0	0	0	0	0	0
487	K	0	0	0	0	0	0	0
488	V	0	0	0	0	0	0	0
489	F	0	0	0	0	0	0	0
490	A	0	0	0	0	0	0	0
491	L	0	0	0	0	0	0	0
492	G	0	0	0	0	0	0	0
493	L	0	0	0	0	0	0	0
494	R	0	0	0	0	0	0	0
495	G	0	0	0	0	0	0	0
496	Y	0	0	0	0	0	0	0
497	L	0	0	0	0	0	0	0
498	S	Phosphoserine	LGLRGYLSYPSNVFD	HHHHCHHCCCCCHHH	0	0	0	0
499	Y	0	0	0	0	0	0	0
500	P	0	0	0	0	0	0	0
501	S	0	0	0	0	0	0	0
502	N	0	0	0	0	0	0	0
503	V	0	0	0	0	0	0	0
504	F	0	0	0	0	0	0	0
505	D	0	0	0	0	0	0	0
506	G	0	0	0	0	0	0	0
507	L	0	0	0	0	0	0	0
508	L	0	0	0	0	0	0	0
509	T	0	0	0	0	0	0	0
510	V	0	0	0	0	0	0	0
511	V	0	0	0	0	0	0	0
512	L	0	0	0	0	0	0	0
513	L	0	0	0	0	0	0	0
514	V	0	0	0	0	0	0	0
515	L	0	0	0	0	0	0	0
516	E	0	0	0	0	0	0	0
517	I	0	0	0	0	0	0	0
518	S	0	0	0	0	0	0	0
519	T	0	0	0	0	0	0	0
520	L	0	0	0	0	0	0	0
521	A	0	0	0	0	0	0	0
522	V	0	0	0	0	0	0	0
523	Y	0	0	0	0	0	0	0
524	R	0	0	0	0	0	0	0
525	L	0	0	0	0	0	0	0
526	P	0	0	0	0	0	0	0
527	H	0	0	0	0	0	0	0
528	P	0	0	0	0	0	0	0
529	G	0	0	0	0	0	0	0
530	W	0	0	0	0	0	0	0
531	R	0	0	0	0	0	0	0
532	P	0	0	0	0	0	0	0
533	E	0	0	0	0	0	0	0
534	M	0	0	0	0	0	0	0
535	V	0	0	0	0	0	0	0
536	G	0	0	0	0	0	0	0
537	L	0	0	0	0	0	0	0
538	L	0	0	0	0	0	0	0
539	S	0	0	0	0	0	0	0
540	L	0	0	0	0	0	0	0
541	W	0	0	0	0	0	0	0
542	D	0	0	0	0	0	0	0
543	M	0	0	0	0	0	0	0
544	T	0	0	0	0	0	0	0
545	R	0	0	0	0	0	0	0
546	M	0	0	0	0	0	0	0
547	L	0	0	0	0	0	0	0
548	N	0	0	0	0	0	0	0
549	M	0	0	0	0	0	0	0
550	L	0	0	0	0	0	0	0
551	I	0	0	0	0	0	0	0
552	V	0	0	0	0	0	0	0
553	F	0	0	0	0	0	0	0
554	R	0	0	0	0	0	0	0
555	F	0	0	0	0	0	0	0
556	L	0	0	0	0	0	0	0
557	R	0	0	0	0	0	0	0
558	I	0	0	0	0	0	0	0
559	I	0	0	0	0	0	0	0
560	P	0	0	0	0	0	0	0
561	S	0	0	0	0	0	0	0
562	M	0	0	0	0	0	0	0
563	K	0	0	0	0	0	0	0
564	L	0	0	0	0	0	0	0
565	M	0	0	0	0	0	0	0
566	A	0	0	0	0	0	0	0
567	V	0	0	0	0	0	0	0
568	V	0	0	0	0	0	0	0
569	A	0	0	0	0	0	0	0
570	S	0	0	0	0	0	0	0
571	T	Phosphothreonine	LMAVVASTVLGLVQN	HHHHHHHHHHHHHHH	0	0	0	0
572	V	0	0	0	0	0	0	0
573	L	0	0	0	0	0	0	0
574	G	0	0	0	0	0	0	0
575	L	0	0	0	0	0	0	0
576	V	0	0	0	0	0	0	0
577	Q	0	0	0	0	0	0	0
578	N	0	0	0	0	0	0	0
579	M	0	0	0	0	0	0	0
580	R	0	0	0	0	0	0	0
581	A	0	0	0	0	0	0	0
582	F	0	0	0	0	0	0	0
583	G	0	0	0	0	0	0	0
584	G	0	0	0	0	0	0	0
585	I	0	0	0	0	0	0	0
586	L	0	0	0	0	0	0	0
587	V	0	0	0	0	0	0	0
588	V	0	0	0	0	0	0	0
589	V	0	0	0	0	0	0	0
590	Y	0	0	0	0	0	0	0
591	Y	0	0	0	0	0	0	0
592	V	0	0	0	0	0	0	0
593	F	0	0	0	0	0	0	0
594	A	0	0	0	0	0	0	0
595	I	0	0	0	0	0	0	0
596	I	0	0	0	0	0	0	0
597	G	0	0	0	0	0	0	0
598	I	0	0	0	0	0	0	0
599	N	0	0	0	0	0	0	0
600	L	0	0	0	0	0	0	0
601	F	0	0	0	0	0	0	0
602	R	0	0	0	0	0	0	0
603	G	0	0	0	0	0	0	0
604	V	0	0	0	0	0	0	0
605	I	0	0	0	0	0	0	0
606	V	0	0	0	0	0	0	0
607	A	0	0	0	0	0	0	0
608	L	0	0	0	0	0	0	0
609	P	0	0	0	0	0	0	0
610	G	0	0	0	0	0	0	0
611	N	0	0	0	0	0	0	0
612	S	0	0	0	0	0	0	0
613	S	0	0	0	0	0	0	0
614	L	0	0	0	0	0	0	0
615	A	0	0	0	0	0	0	0
616	P	0	0	0	0	0	0	0
617	A	0	0	0	0	0	0	0
618	N	0	0	0	0	0	0	0
619	G	0	0	0	0	0	0	0
620	S	0	0	0	0	0	0	0
621	A	0	0	0	0	0	0	0
622	P	0	0	0	0	0	0	0
623	C	0	0	0	0	0	0	0
624	G	0	0	0	0	0	0	0
625	S	0	0	0	0	0	0	0
626	F	0	0	0	0	0	0	0
627	E	0	0	0	0	0	0	0
628	Q	0	0	0	0	0	0	0
629	L	0	0	0	0	0	0	0
630	E	0	0	0	0	0	0	0
631	Y	0	0	0	0	0	0	0
632	W	0	0	0	0	0	0	0
633	A	0	0	0	0	0	0	0
634	N	0	0	0	0	0	0	0
635	N	0	0	0	0	0	0	0
636	F	0	0	0	0	0	0	0
637	D	0	0	0	0	0	0	0
638	D	0	0	0	0	0	0	0
639	F	0	0	0	0	0	0	0
640	A	0	0	0	0	0	0	0
641	A	0	0	0	0	0	0	0
642	A	0	0	0	0	0	0	0
643	L	0	0	0	0	0	0	0
644	V	0	0	0	0	0	0	0
645	T	0	0	0	0	0	0	0
646	L	0	0	0	0	0	0	0
647	W	0	0	0	0	0	0	0
648	N	0	0	0	0	0	0	0
649	L	0	0	0	0	0	0	0
650	M	0	0	0	0	0	0	0
651	V	0	0	0	0	0	0	0
652	V	0	0	0	0	0	0	0
653	N	0	0	0	0	0	0	0
654	N	0	0	0	0	0	0	0
655	W	0	0	0	0	0	0	0
656	Q	0	0	0	0	0	0	0
657	V	0	0	0	0	0	0	0
658	F	0	0	0	0	0	0	0
659	L	0	0	0	0	0	0	0
660	D	0	0	0	0	0	0	0
661	A	0	0	0	0	0	0	0
662	Y	0	0	0	0	0	0	0
663	R	0	0	0	0	0	0	0
664	R	0	0	0	0	0	0	0
665	Y	0	0	0	0	0	0	0
666	S	0	0	0	0	0	0	0
667	G	0	0	0	0	0	0	0
668	P	0	0	0	0	0	0	0
669	W	0	0	0	0	0	0	0
670	S	0	0	0	0	0	0	0
671	K	0	0	0	0	0	0	0
672	I	0	0	0	0	0	0	0
673	Y	0	0	0	0	0	0	0
674	F	0	0	0	0	0	0	0
675	V	0	0	0	0	0	0	0
676	L	0	0	0	0	0	0	0
677	W	0	0	0	0	0	0	0
678	W	0	0	0	0	0	0	0
679	L	0	0	0	0	0	0	0
680	V	0	0	0	0	0	0	0
681	S	0	0	0	0	0	0	0
682	S	0	0	0	0	0	0	0
683	V	0	0	0	0	0	0	0
684	I	0	0	0	0	0	0	0
685	W	0	0	0	0	0	0	0
686	V	0	0	0	0	0	0	0
687	N	0	0	0	0	0	0	0
688	L	0	0	0	0	0	0	0
689	F	0	0	0	0	0	0	0
690	L	0	0	0	0	0	0	0
691	A	0	0	0	0	0	0	0
692	L	0	0	0	0	0	0	0
693	I	0	0	0	0	0	0	0
694	L	0	0	0	0	0	0	0
695	E	0	0	0	0	0	0	0
696	N	0	0	0	0	0	0	0
697	F	0	0	0	0	0	0	0
698	L	0	0	0	0	0	0	0
699	H	0	0	0	0	0	0	0
700	K	0	0	0	0	0	0	0
701	W	0	0	0	0	0	0	0
702	D	0	0	0	0	0	0	0
703	P	0	0	0	0	0	0	0
704	R	0	0	0	0	0	0	0
705	S	0	0	0	0	0	0	0
706	H	0	0	0	0	0	0	0
707	L	0	0	0	0	0	0	0
708	Q	0	0	0	0	0	0	0
709	P	0	0	0	0	0	0	0
710	L	0	0	0	0	0	0	0
711	A	0	0	0	0	0	0	0
712	G	0	0	0	0	0	0	0
713	T	0	0	0	0	0	0	0
714	P	0	0	0	0	0	0	0
715	E	0	0	0	0	0	0	0
716	A	0	0	0	0	0	0	0
717	T	0	0	0	0	0	0	0
718	Y	0	0	0	0	0	0	0
719	Q	0	0	0	0	0	0	0
720	M	0	0	0	0	0	0	0
721	T	0	0	0	0	0	0	0
722	V	0	0	0	0	0	0	0
723	E	0	0	0	0	0	0	0
724	L	0	0	0	0	0	0	0
725	L	0	0	0	0	0	0	0
726	F	0	0	0	0	0	0	0
727	R	0	0	0	0	0	0	0
728	D	0	0	0	0	0	0	0
729	I	0	0	0	0	0	0	0
730	L	0	0	0	0	0	0	0
731	E	0	0	0	0	0	0	0
732	E	0	0	0	0	0	0	0
733	P	0	0	0	0	0	0	0
734	G	0	0	0	0	0	0	0
735	E	0	0	0	0	0	0	0
736	D	0	0	0	0	0	0	0
737	E	0	0	0	0	0	0	0
738	L	0	0	0	0	0	0	0
739	T	0	0	0	0	0	0	0
740	E	0	0	0	0	0	0	0
741	R	0	0	0	0	0	0	0
742	L	0	0	0	0	0	0	0
743	S	0	0	0	0	0	0	0
744	Q	0	0	0	0	0	0	0
745	H	0	0	0	0	0	0	0
746	P	0	0	0	0	0	0	0
747	H	0	0	0	0	0	0	0
748	L	0	0	0	0	0	0	0
749	W	0	0	0	0	0	0	0
750	L	0	0	0	0	0	0	0
751	C	0	0	0	0	0	0	0
752	R	0	0	0	0	0	0	0
