location	residue	Modification	seq	secStruc	RelatedDisease	VariantPosition	ResidueChange	DaPSbySAP
1	M	0	0	0	0	0	0	0
2	K	0	0	0	0	0	0	0
3	L	0	0	0	0	0	0	0
4	V	0	0	0	0	0	0	0
5	F	0	0	0	0	0	0	0
6	L	0	0	0	0	0	0	0
7	V	0	0	0	0	0	0	0
8	L	0	0	0	0	0	0	0
9	L	0	0	0	0	0	0	0
10	F	0	0	0	0	0	0	0
11	L	0	0	0	0	0	0	0
12	G	0	0	0	0	0	0	0
13	A	0	0	0	0	0	0	0
14	L	0	0	0	0	0	0	0
15	G	0	0	0	0	0	0	0
16	L	0	0	0	0	0	0	0
17	C	0	0	0	0	0	0	0
18	L	0	0	0	0	0	0	0
19	A	0	0	0	0	0	0	0
20	G	0	0	0	0	0	0	0
21	R	0	0	0	0	0	0	0
22	R	0	0	0	0	0	0	0
23	R	0	0	0	0	0	0	0
24	S	0	0	0	0	0	0	0
25	V	0	0	0	0	0	0	0
26	Q	0	0	0	0	0	0	0
27	W	0	0	0	0	0	0	0
28	C	0	0	0	0	0	0	0
29	A	0	0	0	0	0	0	0
30	V	0	0	0	0	0	0	0
31	S	0	0	0	0	0	0	0
32	Q	0	0	0	0	0	0	0
33	P	0	0	0	0	0	0	0
34	E	0	0	0	0	0	0	0
35	A	0	0	0	0	0	0	0
36	T	0	0	0	0	0	0	0
37	K	0	0	0	0	0	0	0
38	C	0	0	0	0	0	0	0
39	F	0	0	0	0	0	0	0
40	Q	0	0	0	0	0	0	0
41	W	0	0	0	0	0	0	0
42	Q	0	0	0	0	0	0	0
43	R	0	0	0	0	0	0	0
44	N	0	0	0	0	0	0	0
45	M	0	0	0	0	0	0	0
46	R	0	0	0	0	0	0	0
47	K	0	0	0	0	0	R	54
48	V	0	0	0	0	0	0	0
49	R	0	0	0	0	0	0	0
50	G	0	0	0	0	0	0	0
51	P	0	0	0	0	0	0	0
52	P	0	0	0	0	0	0	0
53	V	0	0	0	0	0	0	0
54	S	O-linked (GlcNAc)	KVRGPPVSCIKRDSP	HCCCCCCHHCCCCCH	Blood protein levels:alkaline phosphatase measurement	47 (7)	0	0
55	C	0	0	0	0	0	0	0
56	I	0	0	0	0	0	0	0
57	K	0	0	0	0	0	0	0
58	R	0	0	0	0	0	0	0
59	D	0	0	0	0	0	0	0
60	S	0	0	0	0	0	0	0
61	P	0	0	0	0	0	0	0
62	I	0	0	0	0	0	0	0
63	Q	0	0	0	0	0	0	0
64	C	0	0	0	0	0	0	0
65	I	0	0	0	0	0	0	0
66	Q	0	0	0	0	0	0	0
67	A	0	0	0	0	0	0	0
68	I	0	0	0	0	0	0	0
69	A	0	0	0	0	0	0	0
70	E	0	0	0	0	0	0	0
71	N	0	0	0	0	0	0	0
72	R	0	0	0	0	0	0	0
73	A	0	0	0	0	0	0	0
74	D	0	0	0	0	0	0	0
75	A	0	0	0	0	0	0	0
76	V	0	0	0	0	0	0	0
77	T	0	0	0	0	0	0	0
78	L	0	0	0	0	0	0	0
79	D	0	0	0	0	0	0	0
80	G	0	0	0	0	0	0	0
81	G	0	0	0	0	0	0	0
82	F	0	0	0	0	0	0	0
83	I	0	0	0	0	0	0	0
84	Y	0	0	0	0	0	0	0
85	E	0	0	0	0	0	0	0
86	A	0	0	0	0	0	0	0
87	G	0	0	0	0	0	0	0
88	L	0	0	0	0	0	0	0
89	A	0	0	0	0	0	0	0
90	P	0	0	0	0	0	0	0
91	Y	0	0	0	0	0	0	0
92	K	0	0	0	0	0	0	0
93	L	0	0	0	0	0	0	0
94	R	0	0	0	0	0	0	0
95	P	0	0	0	0	0	0	0
96	V	0	0	0	0	0	0	0
97	A	0	0	0	0	0	0	0
98	A	0	0	0	0	0	0	0
99	E	0	0	0	0	0	0	0
100	V	0	0	0	0	0	0	0
101	Y	0	0	0	0	0	0	0
102	G	0	0	0	0	0	0	0
103	T	0	0	0	0	0	0	0
104	E	0	0	0	0	0	0	0
105	R	0	0	0	0	0	0	0
106	Q	0	0	0	0	0	0	0
107	P	0	0	0	0	0	0	0
108	R	0	0	0	0	0	0	0
109	T	0	0	0	0	0	0	0
110	H	0	0	0	0	0	0	0
111	Y	Phosphotyrosine	ERQPRTHYYAVAVVK	CCCCCCEEEEEEEEE	0	0	0	0
112	Y	Phosphotyrosine	RQPRTHYYAVAVVKK	CCCCCEEEEEEEEEC	0	0	0	0
113	A	0	0	0	0	0	0	0
114	V	0	0	0	0	0	0	0
115	A	0	0	0	0	0	0	0
116	V	0	0	0	0	0	0	0
117	V	0	0	0	0	0	0	0
118	K	0	0	0	0	0	0	0
119	K	0	0	0	0	0	0	0
120	G	0	0	0	0	0	0	0
121	G	0	0	0	0	0	0	0
122	S	Phosphoserine	AVVKKGGSFQLNELQ	EEEECCCEEECCCCC	0	0	0	0
123	F	0	0	0	0	0	0	0
124	Q	0	0	0	0	0	0	0
125	L	0	0	0	0	0	0	0
126	N	0	0	0	0	0	0	0
127	E	0	0	0	0	0	0	0
128	L	0	0	0	0	0	0	0
129	Q	0	0	0	0	0	0	0
130	G	0	0	0	0	0	0	0
131	L	0	0	0	0	0	0	0
132	K	0	0	0	0	0	0	0
133	S	0	0	0	0	0	0	0
134	C	0	0	0	0	0	0	0
135	H	0	0	0	0	0	0	0
136	T	0	0	0	0	0	0	0
137	G	0	0	0	0	0	0	0
138	L	0	0	0	0	0	0	0
139	R	0	0	0	0	0	0	0
140	R	0	0	0	0	0	0	0
141	T	0	0	0	0	0	0	0
142	A	0	0	0	0	0	0	0
143	G	0	0	0	0	0	0	0
144	W	0	0	0	0	0	0	0
145	N	0	0	0	0	0	0	0
146	V	0	0	0	0	0	0	0
147	P	0	0	0	0	0	0	0
148	I	0	0	0	0	0	0	0
149	G	0	0	0	0	0	0	0
150	T	0	0	0	0	0	0	0
151	L	0	0	0	0	0	0	0
152	R	0	0	0	0	0	0	0
153	P	0	0	0	0	0	0	0
154	F	0	0	0	0	0	0	0
155	L	0	0	0	0	0	0	0
156	N	N-linked (GlcNAc)	GTLRPFLNWTGPPEP	CCCCCCCCCCCCCCH	0	0	0	0
157	W	0	0	0	0	0	0	0
158	T	0	0	0	0	0	0	0
159	G	0	0	0	0	0	0	0
160	P	0	0	0	0	0	0	0
161	P	0	0	0	0	0	0	0
162	E	0	0	0	0	0	0	0
163	P	0	0	0	0	0	0	0
164	I	0	0	0	0	0	0	0
165	E	0	0	0	0	0	0	0
166	A	0	0	0	0	0	0	0
167	A	0	0	0	0	0	0	0
168	V	0	0	0	0	0	0	0
169	A	0	0	0	0	0	0	0
170	R	0	0	0	0	0	0	0
171	F	0	0	0	0	0	0	0
172	F	0	0	0	0	0	0	0
173	S	0	0	0	0	0	0	0
174	A	0	0	0	0	0	0	0
175	S	0	0	0	0	0	0	0
176	C	0	0	0	0	0	0	0
177	V	0	0	0	0	0	0	0
178	P	0	0	0	0	0	0	0
179	G	0	0	0	0	0	0	0
180	A	0	0	0	0	0	0	0
181	D	0	0	0	0	0	0	0
182	K	0	0	0	0	0	0	0
183	G	0	0	0	0	0	0	0
184	Q	0	0	0	0	0	0	0
185	F	0	0	0	0	0	0	0
186	P	0	0	0	0	0	0	0
187	N	0	0	0	0	0	0	0
188	L	0	0	0	0	0	0	0
189	C	0	0	0	0	0	0	0
190	R	0	0	0	0	0	0	0
191	L	0	0	0	0	0	0	0
192	C	0	0	0	0	0	0	0
193	A	0	0	0	0	0	0	0
194	G	0	0	0	0	0	0	0
195	T	0	0	0	0	0	0	0
196	G	0	0	0	0	0	0	0
197	E	0	0	0	0	0	0	0
198	N	0	0	0	0	0	0	0
199	K	0	0	0	0	0	0	0
200	C	0	0	0	0	0	0	0
201	A	0	0	0	0	0	0	0
202	F	0	0	0	0	0	0	0
203	S	0	0	0	0	0	0	0
204	S	0	0	0	0	0	0	0
205	Q	0	0	0	0	0	0	0
206	E	0	0	0	0	0	0	0
207	P	0	0	0	0	0	0	0
208	Y	0	0	0	0	0	0	0
209	F	0	0	0	0	0	0	0
210	S	0	0	0	0	0	0	0
211	Y	Phosphotyrosine	SQEPYFSYSGAFKCL	CCCCCCCCCHHHHHH	0	0	0	0
212	S	0	0	0	0	0	0	0
213	G	0	0	0	0	0	0	0
214	A	0	0	0	0	0	0	0
215	F	0	0	0	0	0	0	0
216	K	N-acetyllysine	FSYSGAFKCLRDGAG	CCCCHHHHHHHCCCC	0	0	0	0
217	C	0	0	0	0	0	0	0
218	L	0	0	0	0	0	0	0
219	R	0	0	0	0	0	0	0
220	D	0	0	0	0	0	0	0
221	G	0	0	0	0	0	0	0
222	A	0	0	0	0	0	0	0
223	G	0	0	0	0	0	0	0
224	D	0	0	0	0	0	0	0
225	V	0	0	0	0	0	0	0
226	A	0	0	0	0	0	0	0
227	F	0	0	0	0	0	0	0
228	I	0	0	0	0	0	0	0
229	R	0	0	0	0	0	0	0
230	E	0	0	0	0	0	0	0
231	S	0	0	0	0	0	0	0
232	T	0	0	0	0	0	0	0
233	V	0	0	0	0	0	0	0
234	F	0	0	0	0	0	0	0
235	E	0	0	0	0	0	0	0
236	D	0	0	0	0	0	0	0
237	L	0	0	0	0	0	0	0
238	S	0	0	0	0	0	0	0
239	D	0	0	0	0	0	0	0
240	E	0	0	0	0	0	0	0
241	A	0	0	0	0	0	0	0
242	E	0	0	0	0	0	0	0
243	R	0	0	0	0	0	0	0
244	D	0	0	0	0	0	0	0
245	E	0	0	0	0	0	0	0
246	Y	0	0	0	0	0	0	0
247	E	0	0	0	0	0	0	0
248	L	0	0	0	0	0	0	0
249	L	0	0	0	0	0	0	0
250	C	0	0	0	0	0	0	0
251	P	0	0	0	0	0	0	0
252	D	0	0	0	0	0	0	0
253	N	0	0	0	0	0	0	0
254	T	0	0	0	0	0	0	0
255	R	0	0	0	0	0	0	0
256	K	0	0	0	0	0	0	0
257	P	0	0	0	0	0	0	0
258	V	0	0	0	0	0	0	0
259	D	0	0	0	0	0	0	0
260	K	0	0	0	0	0	0	0
261	F	0	0	0	0	0	0	0
262	K	0	0	0	0	0	0	0
263	D	0	0	0	0	0	0	0
264	C	0	0	0	0	0	0	0
265	H	0	0	0	0	0	0	0
266	L	0	0	0	0	0	0	0
267	A	0	0	0	0	0	0	0
268	R	0	0	0	0	0	0	0
269	V	0	0	0	0	0	0	0
270	P	0	0	0	0	0	0	0
271	S	0	0	0	0	0	0	0
272	H	0	0	0	0	0	0	0
273	A	0	0	0	0	0	0	0
274	V	0	0	0	0	0	0	0
275	V	0	0	0	0	0	0	0
276	A	0	0	0	0	0	0	0
277	R	0	0	0	0	0	0	0
278	S	Phosphoserine	SHAVVARSVNGKEDA	CCEEEEECCCCHHHH	0	0	0	0
279	V	0	0	0	0	0	0	0
280	N	0	0	0	0	0	0	0
281	G	0	0	0	0	0	0	0
282	K	0	0	0	0	0	0	0
283	E	0	0	0	0	0	0	0
284	D	0	0	0	0	0	0	0
285	A	0	0	0	0	0	0	0
286	I	0	0	0	0	0	0	0
287	W	0	0	0	0	0	0	0
288	N	0	0	0	0	0	0	0
289	L	0	0	0	0	0	0	0
290	L	0	0	0	0	0	0	0
291	R	0	0	0	0	0	0	0
292	Q	0	0	0	0	0	0	0
293	A	0	0	0	0	0	0	0
294	Q	0	0	0	0	0	0	0
295	E	0	0	0	0	0	0	0
296	K	0	0	0	0	0	0	0
297	F	0	0	0	0	0	0	0
298	G	0	0	0	0	0	0	0
299	K	0	0	0	0	0	0	0
300	D	0	0	0	0	0	0	0
301	K	0	0	0	0	0	0	0
302	S	0	0	0	0	0	0	0
303	P	0	0	0	0	0	0	0
304	K	0	0	0	0	0	0	0
305	F	0	0	0	0	0	0	0
306	Q	0	0	0	0	0	0	0
307	L	0	0	0	0	0	0	0
308	F	0	0	0	0	0	0	0
309	G	0	0	0	0	0	0	0
310	S	0	0	0	0	0	0	0
311	P	0	0	0	0	0	0	0
312	S	0	0	0	0	0	0	0
313	G	0	0	0	0	0	0	0
314	Q	0	0	0	0	0	0	0
315	K	0	0	0	0	0	0	0
316	D	0	0	0	0	0	0	0
317	L	0	0	0	0	0	0	0
318	L	0	0	0	0	0	0	0
319	F	0	0	0	0	0	0	0
320	K	N6-acetyllysine	GQKDLLFKDSAIGFS	CCCCEEECCCCCCCC	0	0	0	0
321	D	0	0	0	0	0	0	0
322	S	0	0	0	0	0	0	0
323	A	0	0	0	0	0	0	0
324	I	0	0	0	0	0	0	0
325	G	0	0	0	0	0	0	0
326	F	0	0	0	0	0	0	0
327	S	Phosphoserine	KDSAIGFSRVPPRID	CCCCCCCCCCCCCCC	0	0	0	0
328	R	0	0	0	0	0	0	0
329	V	0	0	0	0	0	0	0
330	P	0	0	0	0	0	0	0
331	P	0	0	0	0	0	0	0
332	R	0	0	0	0	0	0	0
333	I	0	0	0	0	0	0	0
334	D	0	0	0	0	0	0	0
335	S	0	0	0	0	0	0	0
336	G	0	0	0	0	0	0	0
337	L	0	0	0	0	0	0	0
338	Y	0	0	0	0	0	0	0
339	L	0	0	0	0	0	0	0
340	G	0	0	0	0	0	0	0
341	S	0	0	0	0	0	0	0
342	G	0	0	0	0	0	0	0
343	Y	0	0	0	0	0	0	0
344	F	0	0	0	0	0	0	0
345	T	0	0	0	0	0	0	0
346	A	0	0	0	0	0	0	0
347	I	0	0	0	0	0	0	0
348	Q	0	0	0	0	0	0	0
349	N	0	0	0	0	0	0	0
350	L	0	0	0	0	0	0	0
351	R	0	0	0	0	0	0	0
352	K	0	0	0	0	0	0	0
353	S	0	0	0	0	0	0	0
354	E	0	0	0	0	0	0	0
355	E	0	0	0	0	0	0	0
356	E	0	0	0	0	0	0	0
357	V	0	0	0	0	0	0	0
358	A	0	0	0	0	0	0	0
359	A	0	0	0	0	0	0	0
360	R	0	0	0	0	0	0	0
361	R	0	0	0	0	0	0	0
362	A	0	0	0	0	0	0	0
363	R	0	0	0	0	0	0	0
364	V	0	0	0	0	0	0	0
365	V	0	0	0	0	0	0	0
366	W	0	0	0	0	0	0	0
367	C	0	0	0	0	0	0	0
368	A	0	0	0	0	0	0	0
369	V	0	0	0	0	0	0	0
370	G	0	0	0	0	0	0	0
371	E	0	0	0	0	0	0	0
372	Q	0	0	0	0	0	0	0
373	E	0	0	0	0	0	0	0
374	L	0	0	0	0	0	0	0
375	R	0	0	0	0	0	0	0
376	K	0	0	0	0	0	0	0
377	C	0	0	0	0	0	0	0
378	N	0	0	0	0	0	0	0
379	Q	0	0	0	0	0	0	0
380	W	0	0	0	0	0	0	0
381	S	0	0	0	0	0	0	0
382	G	0	0	0	0	0	0	0
383	L	0	0	0	0	0	0	0
384	S	0	0	0	0	0	0	0
385	E	0	0	0	0	0	0	0
386	G	0	0	0	0	0	0	0
387	S	0	0	0	0	0	0	0
388	V	0	0	0	0	0	0	0
389	T	0	0	0	0	0	0	0
390	C	0	0	0	0	0	0	0
391	S	0	0	0	0	0	0	0
392	S	0	0	0	0	0	0	0
393	A	0	0	0	0	0	0	0
394	S	0	0	0	0	0	0	0
395	T	0	0	0	0	0	0	0
396	T	0	0	0	0	0	0	0
397	E	0	0	0	0	0	0	0
398	D	0	0	0	0	0	0	0
399	C	0	0	0	0	0	0	0
400	I	0	0	0	0	0	0	0
401	A	0	0	0	0	0	0	0
402	L	N-linked Glycosylation	TTEDCIALVLKGEAD	CHHHEEEEECCCCCC	0	0	0	0
403	V	0	0	0	0	0	0	0
404	L	0	0	0	0	0	0	0
405	K	N-linked Glycosylation	DCIALVLKGEADAMS	HEEEEECCCCCCEEE	0	0	0	0
406	G	0	0	0	0	0	0	0
407	E	0	0	0	0	0	0	0
408	A	0	0	0	0	0	0	0
409	D	0	0	0	0	0	0	0
410	A	N-linked Glycosylation	VLKGEADAMSLDGGY	ECCCCCCEEECCCCE	0	0	0	0
411	M	0	0	0	0	0	0	0
412	S	0	0	0	0	0	0	0
413	L	0	0	0	0	0	0	0
414	D	0	0	0	0	0	0	0
415	G	0	0	0	0	0	0	0
416	G	0	0	0	0	0	0	0
417	Y	0	0	0	0	0	0	0
418	V	0	0	0	0	0	0	0
419	Y	0	0	0	0	0	0	0
420	T	0	0	0	0	0	0	0
421	A	0	0	0	0	0	0	0
422	G	0	0	0	0	0	0	0
423	K	0	0	0	0	0	0	0
424	C	0	0	0	0	0	0	0
425	G	0	0	0	0	0	0	0
426	L	0	0	0	0	0	0	0
427	V	0	0	0	0	0	0	0
428	P	0	0	0	0	0	0	0
429	V	0	0	0	0	0	0	0
430	L	0	0	0	0	0	0	0
431	A	0	0	0	0	0	0	0
432	E	0	0	0	0	0	0	0
433	N	0	0	0	0	0	0	0
434	Y	0	0	0	0	0	0	0
435	K	N-acetyllysine	PVLAENYKSQQSSDP	HHHHHHHCCCCCCCC	0	0	0	0
436	S	0	0	0	0	0	0	0
437	Q	0	0	0	0	0	0	0
438	Q	0	0	0	0	0	0	0
439	S	0	0	0	0	0	0	0
440	S	0	0	0	0	0	0	0
441	D	0	0	0	0	0	0	0
442	P	0	0	0	0	0	0	0
443	D	0	0	0	0	0	0	0
444	P	0	0	0	0	0	0	0
445	N	0	0	0	0	0	0	0
446	C	0	0	0	0	0	0	0
447	V	0	0	0	0	0	0	0
448	D	0	0	0	0	0	0	0
449	R	0	0	0	0	0	0	0
450	P	0	0	0	0	0	0	0
451	V	0	0	0	0	0	0	0
452	E	0	0	0	0	0	0	0
453	G	0	0	0	0	0	0	0
454	Y	Phosphotyrosine	VDRPVEGYLAVAVVR	CCCCCCCEEEEEEEE	0	0	0	0
455	L	0	0	0	0	0	0	0
456	A	0	0	0	0	0	0	0
457	V	0	0	0	0	0	0	0
458	A	0	0	0	0	0	0	0
459	V	0	0	0	0	0	0	0
460	V	0	0	0	0	0	0	0
461	R	0	0	0	0	0	0	0
462	R	0	0	0	0	0	0	0
463	S	0	0	0	0	0	0	0
464	D	0	0	0	0	0	0	0
465	T	0	0	0	0	0	0	0
466	S	0	0	0	0	0	0	0
467	L	0	0	0	0	0	0	0
468	T	0	0	0	0	0	0	0
469	W	0	0	0	0	0	0	0
470	N	0	0	0	0	0	0	0
471	S	0	0	0	0	0	0	0
472	V	0	0	0	0	0	0	0
473	K	0	0	0	0	0	0	0
474	G	0	0	0	0	0	0	0
475	K	0	0	0	0	0	0	0
476	K	0	0	0	0	0	0	0
477	S	Phosphoserine	NSVKGKKSCHTAVDR	ECCCCCCCCCCCCCC	0	0	0	0
478	C	0	0	0	0	0	0	0
479	H	0	0	0	0	0	0	0
480	T	Phosphothreonine	KGKKSCHTAVDRTAG	CCCCCCCCCCCCCCC	0	0	0	0
481	A	0	0	0	0	0	0	0
482	V	0	0	0	0	0	0	0
483	D	0	0	0	0	0	0	0
484	R	0	0	0	0	0	0	0
485	T	Phosphothreonine	CHTAVDRTAGWNIPM	CCCCCCCCCCCCCCC	0	0	0	0
486	A	0	0	0	0	0	0	0
487	G	0	0	0	0	0	0	0
488	W	0	0	0	0	0	0	0
489	N	0	0	0	0	0	0	0
490	I	0	0	0	0	0	0	0
491	P	0	0	0	0	0	0	0
492	M	0	0	0	0	0	0	0
493	G	0	0	0	0	0	0	0
494	L	0	0	0	0	0	0	0
495	L	0	0	0	0	0	0	0
496	F	0	0	0	0	0	0	0
497	N	N-linked (GlcNAc)	IPMGLLFNQTGSCKF	CCCCCEECCCCCCCH	0	0	0	0
498	Q	0	0	0	0	0	0	0
499	T	Phosphothreonine	MGLLFNQTGSCKFDE	CCCEECCCCCCCHHH	0	0	0	0
500	G	0	0	0	0	0	0	0
501	S	Phosphoserine	LLFNQTGSCKFDEYF	CEECCCCCCCHHHHH	0	0	0	0
502	C	0	0	0	0	0	0	0
503	K	0	0	0	0	0	0	0
504	F	0	0	0	0	0	0	0
505	D	0	0	0	0	0	0	0
506	E	0	0	0	0	0	0	0
507	Y	0	0	0	0	0	0	0
508	F	0	0	0	0	0	0	0
509	S	0	0	0	0	0	0	0
510	Q	0	0	0	0	0	0	0
511	S	0	0	0	0	0	0	0
512	C	0	0	0	0	0	0	0
513	A	0	0	0	0	0	0	0
514	P	0	0	0	0	0	0	0
515	G	0	0	0	0	0	0	0
516	S	0	0	0	0	0	0	0
517	D	0	0	0	0	0	0	0
518	P	0	0	0	0	0	0	0
519	R	0	0	0	0	0	0	0
520	S	0	0	0	0	0	0	0
521	N	0	0	0	0	0	0	0
522	L	0	0	0	0	0	0	0
523	C	0	0	0	0	0	0	0
524	A	0	0	0	0	0	0	0
525	L	0	0	0	0	0	0	0
526	C	0	0	0	0	0	0	0
527	I	0	0	0	0	0	0	0
528	G	0	0	0	0	0	0	0
529	D	0	0	0	0	0	0	0
530	E	0	0	0	0	0	0	0
531	Q	0	0	0	0	0	0	0
532	G	0	0	0	0	0	0	0
533	E	0	0	0	0	0	0	0
534	N	0	0	0	0	0	0	0
535	K	0	0	0	0	0	0	0
536	C	0	0	0	0	0	0	0
537	V	0	0	0	0	0	0	0
538	P	0	0	0	0	0	0	0
539	N	0	0	0	0	0	0	0
540	S	0	0	0	0	0	0	0
541	N	0	0	0	0	0	0	0
542	E	0	0	0	0	0	0	0
543	R	0	0	0	0	0	0	0
544	Y	0	0	0	0	0	0	0
545	Y	Phosphotyrosine	PNSNERYYGYTGAFR	CCCCCCCCCCCHHHH	0	0	0	0
546	G	0	0	0	0	0	0	0
547	Y	Phosphotyrosine	SNERYYGYTGAFRCL	CCCCCCCCCHHHHHH	0	0	0	0
548	T	0	0	0	0	0	0	0
549	G	0	0	0	0	0	0	0
550	A	0	0	0	0	0	0	0
551	F	0	0	0	0	0	0	0
552	R	0	0	0	0	0	0	0
553	C	0	0	0	0	0	0	0
554	L	0	0	0	0	0	0	0
555	A	0	0	0	0	0	0	0
556	E	0	0	0	0	0	0	0
557	N	0	0	0	0	0	0	0
558	A	0	0	0	0	0	0	0
559	G	0	0	0	0	0	0	0
560	D	0	0	0	0	0	0	0
561	V	0	0	0	0	0	0	0
562	A	0	0	0	0	0	0	0
563	F	0	0	0	0	0	0	0
564	V	0	0	0	0	0	0	0
565	K	N-acetyllysine	AGDVAFVKDVTVLQN	CCCEEEEEEEEEEEC	0	0	0	0
566	D	0	0	0	0	0	0	0
567	V	0	0	0	0	0	0	0
568	T	0	0	0	0	0	0	0
569	V	0	0	0	0	0	0	0
570	L	0	0	0	0	0	0	0
571	Q	0	0	0	0	0	0	0
572	N	0	0	0	0	0	0	0
573	T	0	0	0	0	0	0	0
574	D	0	0	0	0	0	0	0
575	G	0	0	0	0	0	0	0
576	N	0	0	0	0	0	0	0
577	N	0	0	0	0	0	0	0
578	N	0	0	0	0	0	0	0
579	E	0	0	0	0	0	0	0
580	A	0	0	0	0	0	0	0
581	W	0	0	0	0	0	0	0
582	A	0	0	0	0	0	0	0
583	K	0	0	0	0	0	0	0
584	D	0	0	0	0	0	0	0
585	L	0	0	0	0	0	0	0
586	K	0	0	0	0	0	0	0
587	L	0	0	0	0	0	0	0
588	A	0	0	0	0	0	0	0
589	D	0	0	0	0	0	0	0
590	F	0	0	0	0	0	0	0
591	A	0	0	0	0	0	0	0
592	L	0	0	0	0	0	0	0
593	L	0	0	0	0	0	0	0
594	C	0	0	0	0	0	0	0
595	L	0	0	0	0	0	0	0
596	D	0	0	0	0	0	0	0
597	G	0	0	0	0	0	0	0
598	K	0	0	0	0	0	0	0
599	R	0	0	0	0	0	0	0
600	K	0	0	0	0	0	0	0
601	P	0	0	0	0	0	0	0
602	V	0	0	0	0	0	0	0
603	T	0	0	0	0	0	0	0
604	E	0	0	0	0	0	0	0
605	A	0	0	0	0	0	0	0
606	R	0	0	0	0	0	0	0
607	S	0	0	0	0	0	0	0
608	C	S-nitrosocysteine	PVTEARSCHLAMAPN	CCCCHHHCCEECCCC	0	0	0	0
609	H	0	0	0	0	0	0	0
610	L	0	0	0	0	0	0	0
611	A	0	0	0	0	0	0	0
612	M	0	0	0	0	0	0	0
613	A	0	0	0	0	0	0	0
614	P	0	0	0	0	0	0	0
615	N	0	0	0	0	0	0	0
616	H	0	0	0	0	0	0	0
617	A	0	0	0	0	0	0	0
618	V	0	0	0	0	0	0	0
619	V	0	0	0	0	0	0	0
620	S	0	0	0	0	0	0	0
621	R	0	0	0	0	0	0	0
622	M	0	0	0	0	0	0	0
623	D	0	0	0	0	0	0	0
624	K	0	0	0	0	0	0	0
625	V	0	0	0	0	0	0	0
626	E	0	0	0	0	0	0	0
627	R	0	0	0	0	0	0	0
628	L	0	0	0	0	0	0	0
629	K	0	0	0	0	0	0	0
630	Q	0	0	0	0	0	0	0
631	V	0	0	0	0	0	0	0
632	L	0	0	0	0	0	0	0
633	L	0	0	0	0	0	0	0
634	H	0	0	0	0	0	0	0
635	Q	0	0	0	0	0	0	0
636	Q	0	0	0	0	0	0	0
637	A	0	0	0	0	0	0	0
638	K	0	0	0	0	0	0	0
639	F	0	0	0	0	0	0	0
640	G	0	0	0	0	0	0	0
641	R	0	0	0	0	0	0	0
642	N	N-linked (GlcNAc)	QQAKFGRNGSDCPDK	HHHHHCCCCCCCCCC	0	0	0	0
643	G	0	0	0	0	0	0	0
644	S	0	0	0	0	0	0	0
645	D	0	0	0	0	0	0	0
646	C	0	0	0	0	0	0	0
647	P	0	0	0	0	0	0	0
648	D	0	0	0	0	0	0	0
649	K	0	0	0	0	0	0	0
650	F	0	0	0	0	0	0	0
651	C	0	0	0	0	0	0	0
652	L	0	0	0	0	0	0	0
653	F	0	0	0	0	0	0	0
654	Q	0	0	0	0	0	0	0
655	S	0	0	0	0	0	0	0
656	E	0	0	0	0	0	0	0
657	T	0	0	0	0	0	0	0
658	K	0	0	0	0	0	0	0
659	N	0	0	0	0	0	0	0
660	L	0	0	0	0	0	0	0
661	L	0	0	0	0	0	0	0
662	F	0	0	0	0	0	0	0
663	N	0	0	0	0	0	0	0
664	D	0	0	0	0	0	0	0
665	N	0	0	0	0	0	0	0
666	T	0	0	0	0	0	0	0
667	E	0	0	0	0	0	0	0
668	C	0	0	0	0	0	0	0
669	L	0	0	0	0	0	0	0
670	A	0	0	0	0	0	0	0
671	R	0	0	0	0	0	0	0
672	L	0	0	0	0	0	0	0
673	H	0	0	0	0	0	0	0
674	G	0	0	0	0	0	0	0
675	K	0	0	0	0	0	0	0
676	T	0	0	0	0	0	0	0
677	T	0	0	0	0	0	0	0
678	Y	0	0	0	0	0	0	0
679	E	0	0	0	0	0	0	0
680	K	N6-acetyllysine	HGKTTYEKYLGPQYV	CCCCCHHHHHCHHHE	0	0	0	0
681	Y	0	0	0	0	0	0	0
682	L	0	0	0	0	0	0	0
683	G	0	0	0	0	0	0	0
684	P	0	0	0	0	0	0	0
685	Q	0	0	0	0	0	0	0
686	Y	0	0	0	0	0	0	0
687	V	0	0	0	0	0	0	0
688	A	0	0	0	0	0	0	0
689	G	0	0	0	0	0	0	0
690	I	0	0	0	0	0	0	0
691	T	0	0	0	0	0	0	0
692	N	0	0	0	0	0	0	0
693	L	0	0	0	0	0	0	0
694	K	0	0	0	0	0	0	0
695	K	0	0	0	0	0	0	0
696	C	0	0	0	0	0	0	0
697	S	0	0	0	0	0	0	0
698	T	0	0	0	0	0	0	0
699	S	0	0	0	0	0	0	0
700	P	0	0	0	0	0	0	0
701	L	0	0	0	0	0	0	0
702	L	0	0	0	0	0	0	0
703	E	0	0	0	0	0	0	0
704	A	0	0	0	0	0	0	0
705	C	0	0	0	0	0	0	0
706	E	0	0	0	0	0	0	0
707	F	0	0	0	0	0	0	0
708	L	0	0	0	0	0	0	0
709	R	0	0	0	0	0	0	0
710	K	0	0	0	0	0	0	0
