location	residue	Modification	seq	secStruc	RelatedDisease	VariantPosition	ResidueChange	DaPSbySAP
1	M	0	0	0	0	0	0	0
2	I	0	0	0	0	0	0	0
3	I	0	0	0	0	0	0	0
4	L	0	0	0	0	0	0	0
5	I	0	0	0	0	0	0	0
6	Y	0	0	0	0	0	0	0
7	L	0	0	0	0	0	0	0
8	F	0	0	0	0	0	0	0
9	L	0	0	0	0	0	0	0
10	L	0	0	0	0	0	0	0
11	L	0	0	0	0	0	0	0
12	W	0	0	0	0	0	0	0
13	E	0	0	0	0	0	0	0
14	D	0	0	0	0	0	0	0
15	T	0	0	0	0	0	0	0
16	Q	0	0	0	0	0	0	0
17	G	0	0	0	0	0	0	0
18	W	0	0	0	0	0	0	0
19	G	0	0	0	0	0	0	0
20	F	0	0	0	0	0	0	0
21	K	0	0	0	0	0	0	0
22	D	0	0	0	0	0	0	0
23	G	0	0	0	0	0	0	0
24	I	0	0	0	0	0	0	0
25	F	0	0	0	0	0	0	0
26	H	0	0	0	0	0	0	0
27	N	0	0	0	0	0	0	0
28	S	0	0	0	0	0	0	0
29	I	0	0	0	0	0	0	0
30	W	0	0	0	0	0	0	0
31	L	0	0	0	0	0	0	0
32	E	0	0	0	0	0	0	0
33	R	0	0	0	0	0	0	0
34	A	0	0	0	0	0	0	0
35	A	0	0	0	0	0	0	0
36	G	0	0	0	0	0	0	0
37	V	0	0	0	0	0	0	0
38	Y	0	0	0	0	0	0	0
39	H	0	0	0	0	0	0	0
40	R	0	0	0	0	0	0	0
41	E	0	0	0	0	0	0	0
42	A	0	0	0	0	0	0	0
43	R	0	0	0	0	0	0	0
44	S	0	0	0	0	0	0	0
45	G	0	0	0	0	0	0	0
46	K	0	0	0	0	0	0	0
47	Y	0	0	0	0	0	0	0
48	K	0	0	0	0	0	0	0
49	L	0	0	0	0	0	0	0
50	T	0	0	0	0	0	0	0
51	Y	0	0	0	0	0	0	0
52	A	0	0	0	0	0	0	0
53	E	0	0	0	0	0	0	0
54	A	0	0	0	0	0	0	0
55	K	0	0	0	0	0	0	0
56	A	0	0	0	0	0	0	0
57	V	0	0	0	0	0	0	0
58	C	0	0	0	0	0	0	0
59	E	0	0	0	0	0	0	0
60	F	0	0	0	0	0	0	0
61	E	0	0	0	0	0	0	0
62	G	0	0	0	0	0	0	0
63	G	0	0	0	0	0	0	0
64	H	0	0	0	0	0	0	0
65	L	0	0	0	0	0	0	0
66	A	0	0	0	0	0	0	0
67	T	0	0	0	0	0	0	0
68	Y	0	0	0	0	0	0	0
69	K	0	0	0	0	0	0	0
70	Q	0	0	0	0	0	0	0
71	L	0	0	0	0	0	0	0
72	E	0	0	0	0	0	0	0
73	A	0	0	0	0	0	0	0
74	A	0	0	0	0	0	0	0
75	R	0	0	0	0	0	0	0
76	K	0	0	0	0	0	0	0
77	I	0	0	0	0	0	0	0
78	G	0	0	0	0	0	0	0
79	F	0	0	0	0	0	0	0
80	H	0	0	0	0	0	0	0
81	V	0	0	0	0	0	0	0
82	C	0	0	0	0	0	0	0
83	A	0	0	0	0	0	0	0
84	A	0	0	0	0	0	0	0
85	G	0	0	0	0	0	0	0
86	W	0	0	0	0	0	0	0
87	M	0	0	0	0	0	0	0
88	A	0	0	0	0	0	0	0
89	K	0	0	0	0	0	0	0
90	G	0	0	0	0	0	0	0
91	R	0	0	0	0	0	0	0
92	V	0	0	0	0	0	0	0
93	G	0	0	0	0	0	0	0
94	Y	0	0	0	0	0	0	0
95	P	0	0	0	0	0	0	0
96	I	0	0	0	0	0	0	0
97	V	0	0	0	0	0	0	0
98	K	0	0	0	0	0	0	0
99	P	0	0	0	0	0	0	0
100	G	0	0	0	0	0	0	0
101	P	0	0	0	0	0	0	0
102	N	0	0	0	0	0	0	0
103	C	0	0	0	0	0	0	0
104	G	0	0	0	0	0	0	0
105	F	0	0	0	0	0	0	0
106	G	0	0	0	0	0	0	0
107	K	0	0	0	0	0	0	0
108	T	0	0	0	0	0	0	0
109	G	0	0	0	0	0	0	0
110	I	0	0	0	0	0	0	0
111	I	0	0	0	0	0	0	0
112	D	0	0	0	0	0	0	0
113	Y	0	0	0	0	0	0	0
114	G	0	0	0	0	0	0	0
115	I	0	0	0	0	0	0	0
116	R	0	0	0	0	0	0	0
117	L	0	0	0	0	0	0	0
118	N	0	0	0	0	0	0	0
119	R	0	0	0	0	0	0	0
120	S	0	0	0	0	0	0	0
121	E	0	0	0	0	0	0	0
122	R	0	0	0	0	0	0	0
123	W	0	0	0	0	0	0	0
124	D	0	0	0	0	0	0	0
125	A	0	0	0	0	0	0	0
126	Y	0	0	0	0	0	0	0
127	C	0	0	0	0	0	0	0
128	Y	0	0	0	0	0	0	0
129	N	0	0	0	0	0	0	0
130	P	0	0	0	0	0	0	0
131	H	0	0	0	0	0	0	0
132	A	0	0	0	0	0	0	0
133	K	0	0	0	0	0	0	0
134	E	0	0	0	0	0	0	0
135	C	0	0	0	0	0	0	0
136	G	0	0	0	0	0	0	0
137	G	0	0	0	0	0	0	0
138	V	0	0	0	0	0	0	0
139	F	0	0	0	0	0	0	0
140	T	0	0	0	0	0	0	0
141	D	0	0	0	0	0	0	0
142	P	0	0	0	0	0	0	0
143	K	0	0	0	0	0	0	0
144	Q	0	0	0	0	0	R	148
145	I	0	0	0	0	0	0	0
146	F	0	0	0	0	0	0	0
147	K	0	0	0	0	0	0	0
148	S	Phosphoserine	DPKQIFKSPGFPNEY	CHHHHHCCCCCCCCC	Blood protein levels:tumor necrosis factor-inducible gene 6 protein measurement	144 (4)	0	0
149	P	0	0	0	0	0	0	0
150	G	0	0	0	0	0	0	0
151	F	0	0	0	0	0	0	0
152	P	0	0	0	0	0	0	0
153	N	0	0	0	0	0	0	0
154	E	0	0	0	0	0	0	0
155	Y	Phosphotyrosine	SPGFPNEYEDNQICY	CCCCCCCCCCCCEEE	0	0	0	0
156	E	0	0	0	0	0	0	0
157	D	0	0	0	0	0	0	0
158	N	0	0	0	0	0	0	0
159	Q	0	0	0	0	0	0	0
160	I	0	0	0	0	0	0	0
161	C	0	0	0	0	0	0	0
162	Y	0	0	0	0	0	0	0
163	W	0	0	0	0	0	0	0
164	H	0	0	0	0	0	0	0
165	I	0	0	0	0	0	0	0
166	R	0	0	0	0	0	0	0
167	L	0	0	0	0	0	0	0
168	K	0	0	0	0	0	0	0
169	Y	0	0	0	0	0	0	0
170	G	0	0	0	0	0	0	0
171	Q	0	0	0	0	0	0	0
172	R	0	0	0	0	0	0	0
173	I	0	0	0	0	0	0	0
174	H	0	0	0	0	0	0	0
175	L	0	0	0	0	0	0	0
176	S	0	0	0	0	0	0	0
177	F	0	0	0	0	0	0	0
178	L	0	0	0	0	0	0	0
179	D	0	0	0	0	0	0	0
180	F	0	0	0	0	0	0	0
181	D	0	0	0	0	0	0	0
182	L	0	0	0	0	0	0	0
183	E	0	0	0	0	0	0	0
184	D	0	0	0	0	0	0	0
185	D	0	0	0	0	0	0	0
186	P	0	0	0	0	0	0	0
187	G	0	0	0	0	0	0	0
188	C	0	0	0	0	0	0	0
189	L	0	0	0	0	0	0	0
190	A	0	0	0	0	0	0	0
191	D	0	0	0	0	0	0	0
192	Y	0	0	0	0	0	0	0
193	V	0	0	0	0	0	0	0
194	E	0	0	0	0	0	0	0
195	I	0	0	0	0	0	0	0
196	Y	0	0	0	0	0	0	0
197	D	0	0	0	0	0	0	0
198	S	0	0	0	0	0	0	0
199	Y	0	0	0	0	0	0	0
200	D	0	0	0	0	0	0	0
201	D	0	0	0	0	0	0	0
202	V	0	0	0	0	0	0	0
203	H	0	0	0	0	0	0	0
204	G	0	0	0	0	0	0	0
205	F	0	0	0	0	0	0	0
206	V	0	0	0	0	0	0	0
207	G	0	0	0	0	0	0	0
208	R	0	0	0	0	0	0	0
209	Y	0	0	0	0	0	0	0
210	C	0	0	0	0	0	0	0
211	G	0	0	0	0	0	0	0
212	D	0	0	0	0	0	0	0
213	E	0	0	0	0	0	0	0
214	L	0	0	0	0	0	0	0
215	P	0	0	0	0	0	0	0
216	D	0	0	0	0	0	0	0
217	D	0	0	0	0	0	0	0
218	I	0	0	0	0	0	0	0
219	I	0	0	0	0	0	0	0
220	S	0	0	0	0	0	0	0
221	T	0	0	0	0	0	0	0
222	G	0	0	0	0	0	0	0
223	N	0	0	0	0	0	0	0
224	V	0	0	0	0	0	0	0
225	M	0	0	0	0	0	0	0
226	T	0	0	0	0	0	0	0
227	L	0	0	0	0	0	0	0
228	K	0	0	0	0	0	0	0
229	F	0	0	0	0	0	0	0
230	L	0	0	0	0	0	0	0
231	S	0	0	0	0	0	0	0
232	D	0	0	0	0	0	0	0
233	A	0	0	0	0	0	0	0
234	S	0	0	0	0	0	0	0
235	V	0	0	0	0	0	0	0
236	T	0	0	0	0	0	0	0
237	A	0	0	0	0	0	0	0
238	G	0	0	0	0	0	0	0
239	G	0	0	0	0	0	0	0
240	F	0	0	0	0	0	0	0
241	Q	0	0	0	0	0	0	0
242	I	0	0	0	0	0	0	0
243	K	0	0	0	0	0	0	0
244	Y	0	0	0	0	0	0	0
245	V	0	0	0	0	0	0	0
246	A	0	0	0	0	0	0	0
247	M	0	0	0	0	0	0	0
248	D	0	0	0	0	0	0	0
249	P	0	0	0	0	0	0	0
250	V	0	0	0	0	0	0	0
251	S	0	0	0	0	0	0	0
252	K	0	0	0	0	0	0	0
253	S	0	0	0	0	0	0	0
254	S	0	0	0	0	0	0	0
255	Q	0	0	0	0	0	0	0
256	G	0	0	0	0	0	0	0
257	K	0	0	0	0	0	0	0
258	N	0	0	0	0	0	0	0
259	T	Phosphothreonine	KSSQGKNTSTTSTGN	CCCCCCCCCCCCCCC	0	0	0	0
260	S	0	0	0	0	0	0	0
261	T	0	0	0	0	0	0	0
262	T	Phosphothreonine	QGKNTSTTSTGNKNF	CCCCCCCCCCCCCCE	0	0	0	0
263	S	0	0	0	0	0	0	0
264	T	0	0	0	0	0	0	0
265	G	0	0	0	0	0	0	0
266	N	0	0	0	0	0	0	0
267	K	0	0	0	0	0	0	0
268	N	0	0	0	0	0	0	0
269	F	0	0	0	0	0	0	0
270	L	0	0	0	0	0	0	0
271	A	0	0	0	0	0	0	0
272	G	0	0	0	0	0	0	0
273	R	0	0	0	0	0	0	0
274	F	0	0	0	0	0	0	0
275	S	0	0	0	0	0	0	0
276	H	0	0	0	0	0	0	0
277	L	0	0	0	0	0	0	0
