location	residue	Modification	seq	secStruc	RelatedDisease	VariantPosition	ResidueChange	DaPSbySAP
1	M	0	0	0	0	0	0	0
2	E	0	0	0	0	0	0	0
3	A	0	0	0	0	0	0	0
4	E	0	0	0	0	0	0	0
5	R	0	0	0	0	0	0	0
6	G	0	0	0	0	0	0	0
7	P	0	0	0	0	0	0	0
8	E	0	0	0	0	0	0	0
9	R	0	0	0	0	0	0	0
10	R	0	0	0	0	0	0	0
11	P	0	0	0	0	0	0	0
12	A	0	0	0	0	0	0	0
13	E	0	0	0	0	0	0	0
14	R	0	0	0	0	0	0	0
15	S	Phosphoserine	ERRPAERSSPGQTPE	CCCCCCCCCCCCCHH	0	0	0	0
16	S	Phosphoserine	RRPAERSSPGQTPEE	CCCCCCCCCCCCHHH	0	0	0	0
17	P	0	0	0	0	0	0	0
18	G	0	0	0	0	0	0	0
19	Q	0	0	0	0	0	0	0
20	T	Phosphothreonine	ERSSPGQTPEEGAQA	CCCCCCCCHHHHHHH	0	0	0	0
21	P	0	0	0	0	0	0	0
22	E	0	0	0	0	0	0	0
23	E	0	0	0	0	0	0	0
24	G	0	0	0	0	0	0	0
25	A	0	0	0	0	0	0	0
26	Q	0	0	0	0	0	0	0
27	A	0	0	0	0	0	0	0
28	L	0	0	0	0	0	0	0
29	A	0	0	0	0	0	0	0
30	E	0	0	0	0	0	0	0
31	F	0	0	0	0	0	0	0
32	A	0	0	0	0	0	0	0
33	A	0	0	0	0	0	0	0
34	L	0	0	0	0	0	0	0
35	H	0	0	0	0	0	0	0
36	G	0	0	0	0	0	0	0
37	P	0	0	0	0	0	0	0
38	A	0	0	0	0	0	0	0
39	L	0	0	0	0	0	0	0
40	R	0	0	0	0	0	0	0
41	A	0	0	0	0	0	0	0
42	S	0	0	0	0	0	0	0
43	G	0	0	0	0	0	0	0
44	V	0	0	0	0	0	0	0
45	P	0	0	0	0	0	0	0
46	E	0	0	0	0	0	0	0
47	R	0	0	0	0	0	0	0
48	Y	0	0	0	0	0	0	0
49	W	0	0	0	0	0	0	0
50	G	0	0	0	0	0	0	0
51	R	0	0	0	0	0	0	0
52	L	0	0	0	0	0	0	0
53	L	0	0	0	0	0	0	0
54	H	0	0	0	0	0	0	0
55	K	0	0	0	0	0	0	0
56	L	0	0	0	0	0	0	0
57	E	0	0	0	0	0	0	0
58	H	0	0	0	0	0	0	0
59	E	0	0	0	0	0	0	0
60	V	0	0	0	0	0	0	0
61	F	0	0	0	0	0	0	0
62	D	0	0	0	0	0	0	0
63	A	0	0	0	0	0	0	0
64	G	0	0	0	0	0	0	0
65	E	0	0	0	0	0	0	0
66	V	0	0	0	0	0	0	0
67	F	0	0	0	0	0	0	0
68	G	0	0	0	0	0	0	0
69	I	0	0	0	0	0	0	0
70	M	0	0	0	0	0	0	0
71	Q	0	0	0	0	0	0	0
72	V	0	0	0	0	0	0	0
73	E	0	0	0	0	0	0	0
74	E	0	0	0	0	0	0	0
75	V	0	0	0	0	0	0	0
76	E	0	0	0	0	0	0	0
77	E	0	0	0	0	0	0	0
78	E	0	0	0	0	0	0	0
79	E	0	0	0	0	0	0	0
80	D	0	0	0	0	0	0	0
81	E	0	0	0	0	0	0	0
82	A	0	0	0	0	0	0	0
83	A	0	0	0	0	0	0	0
84	R	0	0	0	0	0	0	0
85	E	0	0	0	0	0	0	0
86	V	0	0	0	0	0	0	0
87	R	0	0	0	0	0	0	0
88	K	Ubiquitinlysine	EAAREVRKQQPNPGN	HHHHHHHHHCCCCCC	Molar-incisor hypomineralization:molar-incisor hypomineralization	95 (7)	0	0
89	Q	0	0	0	0	0	0	0
90	Q	0	0	0	0	0	0	0
91	P	0	0	0	0	0	0	0
92	N	0	0	0	0	0	0	0
93	P	0	0	0	0	0	0	0
94	G	0	0	0	0	0	0	0
95	N	0	0	0	0	0	S	88
96	E	0	0	0	0	0	0	0
97	L	0	0	0	0	0	0	0
98	C	0	0	0	0	0	0	0
99	Y	0	0	0	0	0	0	0
100	K	0	0	0	0	0	0	0
101	V	0	0	0	0	0	0	0
102	I	0	0	0	0	0	0	0
103	V	0	0	0	0	0	0	0
104	T	0	0	0	0	0	0	0
105	R	0	0	0	0	0	0	0
106	E	0	0	0	0	0	0	0
107	S	0	0	0	0	0	0	0
108	G	0	0	0	0	0	0	0
109	L	0	0	0	0	0	0	0
110	Q	0	0	0	0	0	0	0
111	A	0	0	0	0	0	0	0
112	A	0	0	0	0	0	0	0
113	H	0	0	0	0	0	0	0
114	P	0	0	0	0	0	0	0
115	N	0	0	0	0	0	0	0
116	S	0	0	0	0	0	0	0
117	I	0	0	0	0	0	0	0
118	F	0	0	0	0	0	0	0
119	L	0	0	0	0	0	0	0
120	I	0	0	0	0	0	0	0
121	D	0	0	0	0	0	0	0
122	H	0	0	0	0	0	0	0
123	A	0	0	0	0	0	0	0
124	W	0	0	0	0	0	0	0
125	T	0	0	0	0	0	0	0
126	C	0	0	0	0	0	0	0
127	R	0	0	0	0	0	0	0
128	V	0	0	0	0	0	0	0
129	E	0	0	0	0	0	0	0
130	H	0	0	0	0	0	0	0
131	A	0	0	0	0	0	0	0
132	R	0	0	0	0	0	0	0
133	Q	0	0	0	0	0	0	0
134	Q	0	0	0	0	0	0	0
135	L	0	0	0	0	0	0	0
136	Q	0	0	0	0	0	0	0
137	Q	0	0	0	0	0	0	0
138	V	0	0	0	0	0	0	0
139	P	0	0	0	0	0	0	0
140	G	0	0	0	0	0	0	0
141	L	0	0	0	0	0	0	0
142	L	0	0	0	0	0	0	0
143	H	0	0	0	0	0	0	0
144	R	0	0	0	0	0	0	0
145	M	0	0	0	0	0	0	0
146	A	0	0	0	0	0	0	0
147	N	0	0	0	0	0	0	0
148	L	0	0	0	0	0	0	0
149	M	0	0	0	0	0	0	0
150	G	0	0	0	0	0	0	0
151	I	0	0	0	0	0	0	0
152	E	0	0	0	0	0	0	0
153	F	0	0	0	0	0	0	0
154	H	0	0	0	0	0	0	0
155	G	0	0	0	0	0	0	0
156	E	0	0	0	0	0	0	0
157	L	0	0	0	0	0	0	0
158	P	0	0	0	0	0	0	0
159	S	0	0	0	0	0	0	0
160	T	0	0	0	0	0	0	0
161	E	0	0	0	0	0	0	0
162	A	0	0	0	0	0	0	0
163	V	0	0	0	0	0	0	0
164	A	0	0	0	0	0	0	0
165	L	0	0	0	0	0	0	0
166	V	0	0	0	0	0	0	0
167	L	0	0	0	0	0	0	0
168	E	0	0	0	0	0	0	0
169	E	0	0	0	0	0	0	0
170	M	0	0	0	0	0	0	0
171	W	0	0	0	0	0	0	0
172	K	0	0	0	0	0	0	0
173	F	0	0	0	0	0	0	0
174	N	0	0	0	0	0	0	0
175	Q	0	0	0	0	0	0	0
176	T	0	0	0	0	0	0	0
177	Y	0	0	0	0	0	0	0
178	Q	0	0	0	0	0	0	0
179	L	0	0	0	0	0	0	0
180	A	0	0	0	0	0	0	0
181	H	0	0	0	0	0	0	0
182	G	0	0	0	0	0	0	0
183	T	0	0	0	0	0	0	0
184	A	0	0	0	0	0	0	0
185	E	0	0	0	0	0	0	0
186	E	0	0	0	0	0	0	0
187	K	0	0	0	0	0	0	0
188	M	0	0	0	0	0	0	0
189	P	0	0	0	0	0	0	0
190	V	0	0	0	0	0	0	0
191	W	0	0	0	0	0	0	0
192	Y	0	0	0	0	0	0	0
193	I	0	0	0	0	0	0	0
194	M	0	0	0	0	0	0	0
195	D	0	0	0	0	0	0	0
196	E	0	0	0	0	0	0	0
197	F	0	0	0	0	0	0	0
198	G	0	0	0	0	0	0	0
199	S	0	0	0	0	0	0	0
200	R	0	0	0	0	0	0	0
201	I	0	0	0	0	0	0	0
202	Q	0	0	0	0	0	0	0
203	H	0	0	0	0	0	0	0
204	A	0	0	0	0	0	0	0
205	D	0	0	0	0	0	0	0
206	V	0	0	0	0	0	0	0
207	P	0	0	0	0	0	0	0
208	S	0	0	0	0	0	0	0
209	F	0	0	0	0	0	0	0
210	A	0	0	0	0	0	0	0
211	T	0	0	0	0	0	0	0
212	A	0	0	0	0	0	0	0
213	P	0	0	0	0	0	0	0
214	F	0	0	0	0	0	0	0
215	F	0	0	0	0	0	0	0
216	Y	0	0	0	0	0	0	0
217	M	0	0	0	0	0	0	0
218	P	0	0	0	0	0	0	0
219	Q	0	0	0	0	0	0	0
220	Q	0	0	0	0	0	0	0
221	V	0	0	0	0	0	0	0
222	A	0	0	0	0	0	0	0
223	Y	0	0	0	0	0	0	0
224	T	0	0	0	0	0	0	0
225	L	0	0	0	0	0	0	0
226	L	0	0	0	0	0	0	0
227	W	0	0	0	0	0	0	0
228	P	0	0	0	0	0	0	0
229	L	0	0	0	0	0	0	0
230	R	0	0	0	0	0	0	0
231	D	0	0	0	0	0	0	0
232	L	0	0	0	0	0	0	0
233	D	0	0	0	0	0	0	0
234	T	0	0	0	0	0	0	0
235	G	0	0	0	0	0	0	0
236	E	0	0	0	0	0	0	0
237	E	0	0	0	0	0	0	0
238	V	0	0	0	0	0	0	0
239	T	0	0	0	0	0	0	0
240	R	0	0	0	0	0	0	0
241	D	0	0	0	0	0	0	0
242	F	0	0	0	0	0	0	0
243	A	0	0	0	0	0	0	0
244	Y	0	0	0	0	0	0	0
245	G	0	0	0	0	0	0	0
246	E	0	0	0	0	0	0	0
247	T	0	0	0	0	0	0	0
248	D	0	0	0	0	0	0	0
249	P	0	0	0	0	0	0	0
250	L	0	0	0	0	0	0	0
251	I	0	0	0	0	0	0	0
252	R	0	0	0	0	0	0	0
253	K	0	0	0	0	0	0	0
254	C	0	0	0	0	0	0	0
255	M	0	0	0	0	0	0	0
256	L	0	0	0	0	0	0	0
257	L	0	0	0	0	0	0	0
258	P	0	0	0	0	0	0	0
259	W	0	0	0	0	0	0	0
260	A	0	0	0	0	0	0	0
261	P	0	0	0	0	0	0	0
262	T	0	0	0	0	0	0	0
263	D	0	0	0	0	0	0	0
264	M	0	0	0	0	0	0	0
265	L	0	0	0	0	0	0	0
266	D	0	0	0	0	0	0	0
267	L	0	0	0	0	0	0	0
268	S	0	0	0	0	0	0	0
269	S	0	0	0	0	0	0	0
270	C	0	0	0	0	0	0	0
271	T	0	0	0	0	0	0	0
272	P	0	0	0	0	0	0	0
273	E	0	0	0	0	0	0	0
274	P	0	0	0	0	0	0	0
275	P	0	0	0	0	0	0	0
276	A	0	0	0	0	0	0	0
277	E	0	0	0	0	0	0	0
278	H	0	0	0	0	0	0	0
279	Y	0	0	0	0	0	0	0
280	Q	0	0	0	0	0	0	0
281	A	0	0	0	0	0	0	0
282	I	0	0	0	0	0	0	0
283	L	0	0	0	0	0	0	0
284	E	0	0	0	0	0	0	0
285	E	0	0	0	0	0	0	0
286	N	0	0	0	0	0	0	0
287	K	0	0	0	0	0	0	0
288	E	0	0	0	0	0	0	0
289	K	0	0	0	0	0	0	0
290	L	0	0	0	0	0	0	0
291	P	0	0	0	0	0	0	0
292	L	0	0	0	0	0	0	0
293	D	0	0	0	0	0	0	0
294	I	0	0	0	0	0	0	0
295	N	0	0	0	0	0	0	0
296	P	0	0	0	0	0	0	0
297	V	0	0	0	0	0	0	0
298	V	0	0	0	0	0	0	0
299	H	0	0	0	0	0	0	0
300	P	0	0	0	0	0	0	0
301	H	0	0	0	0	0	0	0
302	G	0	0	0	0	0	0	0
303	H	0	0	0	0	0	0	0
304	I	0	0	0	0	0	0	0
305	F	0	0	0	0	0	0	0
306	K	0	0	0	0	0	0	0
307	V	0	0	0	0	0	0	0
308	Y	Phosphotyrosine	HGHIFKVYTDVQQVA	CCCEEEEECCHHHHH	0	0	0	0
309	T	Phosphothreonine	GHIFKVYTDVQQVAS	CCEEEEECCHHHHHH	0	0	0	0
310	D	0	0	0	0	0	0	0
311	V	0	0	0	0	0	0	0
312	Q	0	0	0	0	0	0	0
313	Q	0	0	0	0	0	0	0
314	V	0	0	0	0	0	0	0
315	A	0	0	0	0	0	0	0
316	S	0	0	0	0	0	0	0
317	S	0	0	0	0	0	0	0
318	L	0	0	0	0	0	0	0
319	T	0	0	0	0	0	0	0
320	H	0	0	0	0	0	0	0
321	P	0	0	0	0	0	0	0
322	R	0	0	0	0	0	0	0
323	F	0	0	0	0	0	0	0
324	T	0	0	0	0	0	0	0
325	L	0	0	0	0	0	0	0
326	T	0	0	0	0	0	0	0
327	Q	0	0	0	0	0	0	0
328	S	0	0	0	0	0	0	0
329	E	0	0	0	0	0	0	0
330	A	0	0	0	0	0	0	0
331	D	0	0	0	0	0	0	0
332	A	0	0	0	0	0	0	0
333	D	0	0	0	0	0	0	0
334	I	0	0	0	0	0	0	0
335	L	0	0	0	0	0	0	0
336	F	0	0	0	0	0	0	0
337	N	0	0	0	0	0	0	0
338	F	0	0	0	0	0	0	0
339	S	0	0	0	0	0	0	0
340	H	0	0	0	0	0	0	0
341	F	0	0	0	0	0	0	0
342	K	0	0	0	0	0	0	0
343	D	0	0	0	0	0	0	0
344	Y	0	0	0	0	0	0	0
345	R	0	0	0	0	0	0	0
346	K	0	0	0	0	0	0	0
347	L	0	0	0	0	0	0	0
348	S	Phosphoserine	FKDYRKLSQERPGVL	HHHHHHHHHCCCCEE	0	0	0	0
349	Q	0	0	0	0	0	0	0
350	E	0	0	0	0	0	0	0
351	R	0	0	0	0	0	0	0
352	P	0	0	0	0	0	0	0
353	G	0	0	0	0	0	0	0
354	V	0	0	0	0	0	0	0
355	L	0	0	0	0	0	0	0
356	L	0	0	0	0	0	0	0
357	N	0	0	0	0	0	0	0
358	Q	0	0	0	0	0	0	0
359	F	0	0	0	0	0	0	0
360	P	0	0	0	0	0	0	0
361	C	S-nitrosocysteine	VLLNQFPCENLLTVK	EECCCCCCCCCCCHH	0	0	0	0
362	E	0	0	0	0	0	0	0
363	N	0	0	0	0	0	0	0
364	L	0	0	0	0	0	0	0
365	L	0	0	0	0	0	0	0
366	T	0	0	0	0	0	0	0
367	V	0	0	0	0	0	0	0
368	K	0	0	0	0	0	0	0
369	D	0	0	0	0	0	0	0
370	C	0	0	0	0	0	0	0
371	L	0	0	0	0	0	0	0
372	A	0	0	0	0	0	0	0
373	S	Phosphoserine	TVKDCLASIARRAGG	CHHHHHHHHHHHHCC	0	0	0	0
374	I	0	0	0	0	0	0	0
375	A	0	0	0	0	0	0	0
376	R	0	0	0	0	0	0	0
377	R	0	0	0	0	0	0	0
378	A	0	0	0	0	0	0	0
379	G	0	0	0	0	0	0	0
380	G	0	0	0	0	0	0	0
381	P	0	0	0	0	0	0	0
382	E	0	0	0	0	0	0	0
383	G	0	0	0	0	0	0	0
384	P	0	0	0	0	0	0	0
385	P	0	0	0	0	0	0	0
386	W	0	0	0	0	0	0	0
387	L	0	0	0	0	0	0	0
388	P	0	0	0	0	0	0	0
389	R	0	0	0	0	0	0	0
390	T	0	0	0	0	0	0	0
391	F	0	0	0	0	0	0	0
392	N	0	0	0	0	0	0	0
393	L	0	0	0	0	0	0	0
394	R	0	0	0	0	0	0	0
395	T	Phosphothreonine	PRTFNLRTELPQFVS	CCCCCCCCCHHHHHH	0	0	0	0
396	E	0	0	0	0	0	0	0
397	L	0	0	0	0	0	0	0
398	P	0	0	0	0	0	0	0
399	Q	0	0	0	0	0	0	0
400	F	0	0	0	0	0	0	0
401	V	0	0	0	0	0	0	0
402	S	Phosphoserine	TELPQFVSYFQQRER	CCHHHHHHHHHHHHH	0	0	0	0
403	Y	0	0	0	0	0	0	0
404	F	0	0	0	0	0	0	0
405	Q	0	0	0	0	0	0	0
406	Q	0	0	0	0	0	0	0
407	R	0	0	0	0	0	0	0
408	E	0	0	0	0	0	0	0
409	R	0	0	0	0	0	0	0
410	W	0	0	0	0	0	0	0
411	G	0	0	0	0	0	0	0
412	E	0	0	0	0	0	0	0
413	D	0	0	0	0	0	0	0
414	N	0	0	0	0	0	0	0
415	H	0	0	0	0	0	0	0
416	W	0	0	0	0	0	0	0
417	I	0	0	0	0	0	0	0
418	C	0	0	0	0	0	0	0
419	K	0	0	0	0	0	0	0
420	P	0	0	0	0	0	0	0
421	W	0	0	0	0	0	0	0
422	N	0	0	0	0	0	0	0
423	L	0	0	0	0	0	0	0
424	A	0	0	0	0	0	0	0
425	R	0	0	0	0	0	0	0
426	S	Phosphoserine	KPWNLARSLDTHVTK	CHHHHHHHHCHHHHH	0	0	0	0
427	L	0	0	0	0	0	0	0
428	D	0	0	0	0	0	0	0
429	T	0	0	0	0	0	0	0
430	H	0	0	0	0	0	0	0
431	V	0	0	0	0	0	0	0
432	T	Phosphothreonine	RSLDTHVTKSLHSII	HHHCHHHHHHHHHHH	0	0	0	0
433	K	Ubiquitinlysine	SLDTHVTKSLHSIIR	HHCHHHHHHHHHHHH	0	0	0	0
434	S	Phosphoserine	LDTHVTKSLHSIIRH	HCHHHHHHHHHHHHC	0	0	0	0
435	L	0	0	0	0	0	0	0
436	H	0	0	0	0	0	0	0
437	S	Phosphoserine	HVTKSLHSIIRHRES	HHHHHHHHHHHCCCC	0	0	0	0
438	I	0	0	0	0	0	0	0
439	I	0	0	0	0	0	0	0
440	R	0	0	0	0	0	0	0
441	H	0	0	0	0	0	0	0
442	R	0	0	0	0	0	0	0
443	E	0	0	0	0	0	0	0
444	S	0	0	0	0	0	0	0
445	T	0	0	0	0	0	0	0
446	P	0	0	0	0	0	0	0
447	K	0	0	0	0	0	0	0
448	V	0	0	0	0	0	0	0
449	V	0	0	0	0	0	0	0
450	S	0	0	0	0	0	0	0
451	K	Ubiquitinlysine	STPKVVSKYIESPVL	CCHHHHHHHHCCCEE	0	0	0	0
452	Y	0	0	0	0	0	0	0
453	I	0	0	0	0	0	0	0
454	E	0	0	0	0	0	0	0
455	S	0	0	0	0	0	0	0
456	P	0	0	0	0	0	0	0
457	V	0	0	0	0	0	0	0
458	L	0	0	0	0	0	0	0
459	F	0	0	0	0	0	0	0
460	L	0	0	0	0	0	0	0
461	R	0	0	0	0	0	0	0
462	E	0	0	0	0	0	0	0
463	D	0	0	0	0	0	0	0
464	V	0	0	0	0	0	0	0
465	G	0	0	0	0	0	0	0
466	K	0	0	0	0	0	0	0
467	V	0	0	0	0	0	0	0
468	K	0	0	0	0	0	0	0
469	F	0	0	0	0	0	0	0
470	D	0	0	0	0	0	0	0
471	I	0	0	0	0	0	0	0
472	R	0	0	0	0	0	0	0
473	Y	0	0	0	0	0	0	0
474	I	0	0	0	0	0	0	0
475	V	0	0	0	0	0	0	0
476	L	0	0	0	0	0	0	0
477	L	0	0	0	0	0	0	0
478	R	0	0	0	0	0	0	0
479	S	0	0	0	0	0	0	0
480	V	0	0	0	0	0	0	0
481	R	0	0	0	0	0	0	0
482	P	0	0	0	0	0	0	0
483	L	0	0	0	0	0	0	0
484	R	0	0	0	0	0	0	0
485	L	0	0	0	0	0	0	0
486	F	0	0	0	0	0	0	0
487	V	0	0	0	0	0	0	0
488	Y	0	0	0	0	0	0	0
489	D	0	0	0	0	0	0	0
490	V	0	0	0	0	0	0	0
491	F	0	0	0	0	0	0	0
492	W	0	0	0	0	0	0	0
493	L	0	0	0	0	0	0	0
494	R	0	0	0	0	0	0	0
495	F	0	0	0	0	0	0	0
496	S	0	0	0	0	0	0	0
497	N	0	0	0	0	0	0	0
498	R	0	0	0	0	0	0	0
499	A	0	0	0	0	0	0	0
500	F	0	0	0	0	0	0	0
501	A	0	0	0	0	0	0	0
502	L	0	0	0	0	0	0	0
503	N	0	0	0	0	0	0	0
504	D	0	0	0	0	0	0	0
505	L	0	0	0	0	0	0	0
506	D	0	0	0	0	0	0	0
507	D	0	0	0	0	0	0	0
508	Y	Phosphotyrosine	ALNDLDDYEKHFTVM	ECCCHHHHHHHEEEE	0	0	0	0
509	E	0	0	0	0	0	0	0
510	K	N6-acetyllysine	NDLDDYEKHFTVMNY	CCHHHHHHHEEEEEC	0	0	0	0
511	H	0	0	0	0	0	0	0
512	F	0	0	0	0	0	0	0
513	T	Phosphothreonine	DDYEKHFTVMNYDPD	HHHHHHEEEEECCHH	0	0	0	0
514	V	0	0	0	0	0	0	0
515	M	0	0	0	0	0	0	0
516	N	0	0	0	0	0	0	0
517	Y	Phosphotyrosine	KHFTVMNYDPDVVLK	HHEEEEECCHHHHEE	0	0	0	0
518	D	0	0	0	0	0	0	0
519	P	0	0	0	0	0	0	0
520	D	0	0	0	0	0	0	0
521	V	0	0	0	0	0	0	0
522	V	0	0	0	0	0	0	0
523	L	0	0	0	0	0	0	0
524	K	0	0	0	0	0	0	0
525	Q	0	0	0	0	0	0	0
526	V	0	0	0	0	0	0	0
527	H	0	0	0	0	0	0	0
528	C	0	0	0	0	0	0	0
529	E	0	0	0	0	0	0	0
530	E	0	0	0	0	0	0	0
531	F	0	0	0	0	0	0	0
532	I	0	0	0	0	0	0	0
533	P	0	0	0	0	0	0	0
534	E	0	0	0	0	0	0	0
535	F	0	0	0	0	0	0	0
536	E	0	0	0	0	0	0	0
537	K	0	0	0	0	0	0	0
538	Q	0	0	0	0	0	0	0
539	Y	0	0	0	0	0	0	0
540	P	0	0	0	0	0	0	0
541	E	0	0	0	0	0	0	0
542	F	0	0	0	0	0	0	0
543	P	0	0	0	0	0	0	0
544	W	0	0	0	0	0	0	0
545	T	0	0	0	0	0	0	0
546	D	0	0	0	0	0	0	0
547	V	0	0	0	0	0	0	0
548	Q	0	0	0	0	0	0	0
549	A	0	0	0	0	0	0	0
550	E	0	0	0	0	0	0	0
551	I	0	0	0	0	0	0	0
552	F	0	0	0	0	0	0	0
553	R	0	0	0	0	0	0	0
554	A	0	0	0	0	0	0	0
555	F	0	0	0	0	0	0	0
556	T	0	0	0	0	0	0	0
557	E	0	0	0	0	0	0	0
558	L	0	0	0	0	0	0	0
559	F	0	0	0	0	0	0	0
560	Q	0	0	0	0	0	0	0
561	V	0	0	0	0	0	0	0
562	A	0	0	0	0	0	0	0
563	C	0	0	0	0	0	0	0
564	A	0	0	0	0	0	0	0
565	K	0	0	0	0	0	0	0
566	P	0	0	0	0	0	0	0
567	P	0	0	0	0	0	0	0
568	P	0	0	0	0	0	0	0
569	L	0	0	0	0	0	0	0
570	G	0	0	0	0	0	0	0
571	L	0	0	0	0	0	0	0
572	C	0	0	0	0	0	0	0
573	D	0	0	0	0	0	0	0
574	Y	0	0	0	0	0	0	0
575	P	0	0	0	0	0	0	0
576	S	0	0	0	0	0	0	0
577	S	0	0	0	0	0	0	0
578	R	0	0	0	0	0	0	0
579	A	0	0	0	0	0	0	0
580	M	0	0	0	0	0	0	0
581	Y	0	0	0	0	0	0	0
582	A	0	0	0	0	0	0	0
583	V	0	0	0	0	0	0	0
584	D	0	0	0	0	0	0	0
585	L	0	0	0	0	0	0	0
586	M	0	0	0	0	0	0	0
587	L	0	0	0	0	0	0	0
588	K	0	0	0	0	0	0	0
589	W	0	0	0	0	0	0	0
590	D	0	0	0	0	0	0	0
591	N	0	0	0	0	0	0	0
592	G	0	0	0	0	0	0	0
593	P	0	0	0	0	0	0	0
594	D	0	0	0	0	0	0	0
595	G	0	0	0	0	0	0	0
596	R	0	0	0	0	0	0	0
597	R	0	0	0	0	0	0	0
598	V	0	0	0	0	0	0	0
599	M	0	0	0	0	0	0	0
600	Q	0	0	0	0	0	0	0
601	P	0	0	0	0	0	0	0
602	Q	0	0	0	0	0	0	0
603	I	0	0	0	0	0	0	0
604	L	0	0	0	0	0	0	0
605	E	0	0	0	0	0	0	0
606	V	0	0	0	0	0	0	0
607	N	0	0	0	0	0	0	0
608	F	0	0	0	0	0	0	0
609	N	0	0	0	0	0	0	0
610	P	0	0	0	0	0	0	0
611	D	0	0	0	0	0	0	0
612	C	0	0	0	0	0	0	0
613	E	0	0	0	0	0	0	0
614	R	0	0	0	0	0	0	0
615	A	0	0	0	0	0	0	0
616	C	0	0	0	0	0	0	0
617	R	0	0	0	0	0	0	0
618	Y	0	0	0	0	0	0	0
619	H	0	0	0	0	0	0	0
620	P	0	0	0	0	0	0	0
621	T	0	0	0	0	0	0	0
622	F	0	0	0	0	0	0	0
623	F	0	0	0	0	0	0	0
624	N	0	0	0	0	0	0	0
625	D	0	0	0	0	0	0	0
626	V	0	0	0	0	0	0	0
627	F	0	0	0	0	0	0	0
628	S	0	0	0	0	0	0	0
629	T	0	0	0	0	0	0	0
630	L	0	0	0	0	0	0	0
631	F	0	0	0	0	0	0	0
632	L	0	0	0	0	0	0	0
633	D	0	0	0	0	0	0	0
634	Q	0	0	0	0	0	0	0
635	P	0	0	0	0	0	0	0
636	G	0	0	0	0	0	0	0
637	G	0	0	0	0	0	0	0
638	C	0	0	0	0	0	0	0
639	H	0	0	0	0	0	0	0
640	V	0	0	0	0	0	0	0
641	T	0	0	0	0	0	0	0
642	C	0	0	0	0	0	0	0
643	L	0	0	0	0	0	0	0
644	V	0	0	0	0	0	0	0
