location	residue	Modification	seq	secStruc	RelatedDisease	VariantPosition	ResidueChange	DaPSbySAP
1	M	0	0	0	0	0	0	0
2	A	0	0	0	0	0	0	0
3	G	0	0	0	0	0	0	0
4	I	0	0	0	0	0	0	0
5	I	0	0	0	0	0	0	0
6	K	N-acetyllysine	--MAGIIKKQILKHL	--CCCHHHHHHHHHH	0	0	0	0
7	K	0	0	0	0	0	0	0
8	Q	0	0	0	0	0	0	0
9	I	0	0	0	0	0	0	0
10	L	0	0	0	0	0	0	0
11	K	0	0	0	0	0	0	0
12	H	0	0	0	0	0	0	0
13	L	0	0	0	0	0	0	0
14	S	Phosphoserine	KQILKHLSRFTKNLS	HHHHHHHHHHHCCCC	0	0	0	0
15	R	0	0	0	0	0	0	0
16	F	0	0	0	0	0	0	0
17	T	0	0	0	0	0	0	0
18	K	0	0	0	0	0	0	0
19	N	0	0	0	0	0	0	0
20	L	0	0	0	0	0	0	0
21	S	0	0	0	0	0	0	0
22	P	0	0	0	0	0	0	0
23	D	0	0	0	0	0	0	0
24	K	0	0	0	0	0	0	0
25	I	0	0	0	0	0	0	0
26	N	0	0	0	0	0	0	0
27	L	0	0	0	0	0	0	0
28	S	0	0	0	0	0	0	0
29	T	0	0	0	0	0	0	0
30	L	0	0	0	0	0	0	0
31	K	0	0	0	0	0	0	0
32	G	0	0	0	0	0	0	0
33	E	0	0	0	0	0	0	0
34	G	0	0	0	0	0	0	0
35	Q	0	0	0	0	0	0	0
36	L	0	0	0	0	0	0	0
37	T	0	0	0	0	0	0	0
38	N	0	0	0	0	0	0	0
39	L	0	0	0	0	0	0	0
40	E	0	0	0	0	0	0	0
41	L	0	0	0	0	0	0	0
42	D	0	0	0	0	0	0	0
43	E	0	0	0	0	0	0	0
44	E	0	0	0	0	0	0	0
45	V	0	0	0	0	0	0	0
46	L	0	0	0	0	0	0	0
47	Q	0	0	0	0	0	0	0
48	N	0	0	0	0	0	0	0
49	V	0	0	0	0	0	0	0
50	L	0	0	0	0	0	0	0
51	E	0	0	0	0	0	0	0
52	L	0	0	0	0	0	0	0
53	P	0	0	0	0	0	0	0
54	T	0	0	0	0	0	0	0
55	W	0	0	0	0	0	0	0
56	L	0	0	0	0	0	0	0
57	A	0	0	0	0	0	0	0
58	I	0	0	0	0	0	0	0
59	T	0	0	0	0	0	0	0
60	R	0	0	0	0	0	0	0
61	V	0	0	0	0	0	0	0
62	Y	0	0	0	0	0	0	0
63	C	0	0	0	0	0	0	0
64	N	0	0	0	0	0	0	0
65	R	0	0	0	0	0	0	0
66	A	0	0	0	0	0	0	0
67	S	0	0	0	0	0	0	0
68	I	0	0	0	0	0	0	0
69	R	0	0	0	0	0	0	0
70	I	0	0	0	0	0	0	0
71	Q	0	0	0	0	0	0	0
72	W	0	0	0	0	0	0	0
73	T	0	0	0	0	0	0	0
74	K	0	0	0	0	0	0	0
75	L	0	0	0	0	0	0	0
76	K	0	0	0	0	0	0	0
77	T	0	0	0	0	0	0	0
78	H	0	0	0	0	0	0	0
79	P	0	0	0	0	0	0	0
80	I	0	0	0	0	0	0	0
81	C	0	0	0	0	0	0	0
82	L	0	0	0	0	0	0	0
83	C	0	0	0	0	0	0	0
84	L	0	0	0	0	0	0	0
85	D	0	0	0	0	0	0	0
86	K	0	0	0	0	0	0	0
87	V	0	0	0	0	0	0	0
88	E	0	0	0	0	0	0	0
89	V	0	0	0	0	0	0	0
90	E	0	0	0	0	0	0	0
91	M	0	0	0	0	0	0	0
92	K	0	0	0	0	0	0	0
93	T	0	0	0	0	0	0	0
94	C	0	0	0	0	0	0	0
95	E	0	0	0	0	0	0	0
96	D	0	0	0	0	0	0	0
97	P	0	0	0	0	0	0	0
98	R	0	0	0	0	0	0	0
99	P	0	0	0	0	0	0	0
100	P	0	0	0	0	0	0	0
101	N	0	0	0	0	0	0	0
102	G	0	0	0	0	0	0	0
103	Q	0	0	0	0	0	0	0
104	S	0	0	0	0	0	0	0
105	P	0	0	0	0	0	0	0
106	I	0	0	0	0	0	0	0
107	A	0	0	0	0	0	0	0
108	L	0	0	0	0	0	0	0
109	A	0	0	0	0	0	0	0
110	S	0	0	0	0	0	0	0
111	G	0	0	0	0	0	0	0
112	Q	0	0	0	0	0	0	0
113	S	0	0	0	0	0	0	0
114	E	0	0	0	0	0	0	0
115	Y	0	0	0	0	0	0	0
116	G	0	0	0	0	0	0	0
117	F	0	0	0	0	0	0	0
118	A	0	0	0	0	0	0	0
119	E	0	0	0	0	0	0	0
120	K	0	0	0	0	0	0	0
121	V	0	0	0	0	0	0	0
122	V	0	0	0	0	0	0	0
123	E	0	0	0	0	0	0	0
124	G	0	0	0	0	0	0	0
125	M	0	0	0	0	0	0	0
126	F	0	0	0	0	0	0	0
127	I	0	0	0	0	0	0	0
128	I	0	0	0	0	0	0	0
129	V	0	0	0	0	0	0	0
130	N	0	0	0	0	0	0	0
131	S	0	0	0	0	0	0	0
132	I	0	0	0	0	0	0	0
133	T	0	0	0	0	0	0	0
134	I	0	0	0	0	0	0	0
135	K	0	0	0	0	0	0	0
136	I	0	0	0	0	0	0	0
137	H	0	0	0	0	0	0	0
138	S	0	0	0	0	0	0	0
139	K	0	0	0	0	0	0	0
140	A	0	0	0	0	0	0	0
141	F	0	0	0	0	0	0	0
142	H	0	0	0	0	0	0	0
143	A	0	0	0	0	0	0	0
144	S	0	0	0	0	0	0	0
145	F	0	0	0	0	0	0	0
146	E	0	0	0	0	0	0	0
147	L	0	0	0	0	0	0	0
148	W	0	0	0	0	0	0	0
149	Q	0	0	0	0	0	0	0
150	L	0	0	0	0	0	0	0
151	Q	0	0	0	0	0	0	0
152	G	0	0	0	0	0	0	0
153	Y	0	0	0	0	0	0	0
154	S	0	0	0	0	0	0	0
155	V	0	0	0	0	0	0	0
156	N	0	0	0	0	0	0	0
157	P	0	0	0	0	0	0	0
158	N	0	0	0	0	0	0	0
159	W	0	0	0	0	0	0	0
160	Q	0	0	0	0	0	0	0
161	Q	0	0	0	0	0	0	0
162	S	0	0	0	0	0	0	0
163	D	0	0	0	0	0	0	0
164	L	0	0	0	0	0	0	0
165	R	0	0	0	0	0	0	0
166	L	0	0	0	0	0	0	0
167	T	0	0	0	0	0	0	0
168	R	0	0	0	0	0	0	0
169	I	0	0	0	0	0	0	0
170	T	0	0	0	0	0	0	0
171	D	0	0	0	0	0	0	0
172	P	0	0	0	0	0	0	0
173	C	0	0	0	0	0	0	0
174	R	0	0	0	0	0	0	0
175	G	0	0	0	0	0	0	0
176	E	0	0	0	0	0	0	0
177	V	0	0	0	0	0	0	0
178	L	0	0	0	0	0	0	0
179	T	0	0	0	0	0	0	0
180	F	0	0	0	0	0	0	0
181	K	0	0	0	0	0	0	0
182	E	0	0	0	0	0	0	0
183	I	0	0	0	0	0	0	0
184	T	0	0	0	0	0	0	0
185	W	0	0	0	0	0	0	0
186	Q	0	0	0	0	0	0	0
187	T	0	0	0	0	0	0	0
188	L	0	0	0	0	0	0	0
189	R	0	0	0	0	0	0	0
190	I	0	0	0	0	0	0	0
191	E	0	0	0	0	0	0	0
192	A	0	0	0	0	0	0	0
193	D	0	0	0	0	0	0	0
194	A	0	0	0	0	0	0	0
195	T	0	0	0	0	0	0	0
196	D	0	0	0	0	0	0	0
197	N	0	0	0	0	0	0	0
198	G	0	0	0	0	0	0	0
199	D	0	0	0	0	0	0	0
200	Q	0	0	0	0	0	0	0
201	D	0	0	0	0	0	0	0
202	P	0	0	0	0	0	0	0
203	V	0	0	0	0	0	0	0
204	T	0	0	0	0	0	0	0
205	T	0	0	0	0	0	0	0
206	P	0	0	0	0	0	0	0
207	L	0	0	0	0	0	0	0
208	R	0	0	0	0	0	0	0
209	L	0	0	0	0	0	0	0
210	I	0	0	0	0	0	0	0
211	T	0	0	0	0	0	0	0
212	N	0	0	0	0	0	0	0
213	Q	0	0	0	0	0	0	0
214	G	0	0	0	0	0	0	0
215	R	0	0	0	0	0	0	0
216	I	0	0	0	0	0	0	0
217	Q	0	0	0	0	0	0	0
218	I	0	0	0	0	0	0	0
219	A	0	0	0	0	0	0	0
220	L	0	0	0	0	0	0	0
221	K	0	0	0	0	0	0	0
222	R	0	0	0	0	0	0	0
223	R	0	0	0	0	0	0	0
224	T	0	0	0	0	0	0	0
225	K	0	0	0	0	0	0	0
226	D	0	0	0	0	0	0	0
227	C	0	0	0	0	0	0	0
228	N	0	0	0	0	0	0	0
229	V	0	0	0	0	0	0	0
230	I	0	0	0	0	0	0	0
231	S	0	0	0	0	0	0	0
232	S	0	0	0	0	0	0	0
233	K	0	0	0	0	0	0	0
234	L	0	0	0	0	0	0	0
235	M	0	0	0	0	0	0	0
236	F	0	0	0	0	0	0	0
237	L	0	0	0	0	0	0	0
238	L	0	0	0	0	0	0	0
239	D	0	0	0	0	0	0	0
240	D	0	0	0	0	0	0	0
241	L	0	0	0	0	0	0	0
242	L	0	0	0	0	0	0	0
243	W	0	0	0	0	0	0	0
244	V	0	0	0	0	0	0	0
245	L	0	0	0	0	0	0	0
246	T	0	0	0	0	0	0	0
247	D	0	0	0	0	0	0	0
248	S	0	0	0	0	0	0	0
249	Q	0	0	0	0	0	0	0
250	L	0	0	0	0	0	0	0
251	K	0	0	0	0	0	0	0
252	A	0	0	0	0	0	0	0
253	M	0	0	0	0	0	0	0
254	M	0	0	0	0	0	0	0
255	K	0	0	0	0	0	0	0
256	Y	0	0	0	0	0	0	0
257	A	0	0	0	0	0	0	0
258	E	0	0	0	0	0	0	0
259	S	0	0	0	0	0	0	0
260	L	0	0	0	0	0	0	0
261	S	0	0	0	0	0	0	0
262	E	0	0	0	0	0	0	0
263	A	0	0	0	0	0	0	0
264	M	0	0	0	0	0	0	0
265	E	0	0	0	0	0	0	0
266	K	0	0	0	0	0	0	0
267	S	0	0	0	0	0	0	0
268	A	0	0	0	0	0	0	0
269	H	0	0	0	0	0	0	0
270	Q	0	0	0	0	0	0	0
271	R	0	0	0	0	0	0	0
272	K	0	0	0	0	0	0	0
273	S	0	0	0	0	0	0	0
274	L	0	0	0	0	0	0	0
275	A	0	0	0	0	0	0	0
276	P	0	0	0	0	0	0	0
277	E	0	0	0	0	0	0	0
278	P	0	0	0	0	0	0	0
279	V	0	0	0	0	0	0	0
280	Q	0	0	0	0	0	0	0
281	I	0	0	0	0	0	0	0
282	T	0	0	0	0	0	0	0
283	P	0	0	0	0	0	0	0
284	P	0	0	0	0	0	0	0
285	A	0	0	0	0	0	0	0
286	P	0	0	0	0	0	0	0
287	S	0	0	0	0	0	0	0
288	A	0	0	0	0	0	0	0
289	Q	0	0	0	0	0	0	0
290	Q	0	0	0	0	0	0	0
291	S	0	0	0	0	0	0	0
292	W	0	0	0	0	0	0	0
293	A	0	0	0	0	0	0	0
294	Q	0	0	0	0	0	0	0
295	A	0	0	0	0	0	0	0
296	F	0	0	0	0	0	0	0
297	G	0	0	0	0	0	0	0
298	G	0	0	0	0	0	0	0
299	S	0	0	0	0	0	0	0
300	Q	0	0	0	0	0	0	0
301	G	0	0	0	0	0	0	0
302	N	0	0	0	0	0	0	0
303	S	0	0	0	0	0	0	0
304	N	0	0	0	0	0	0	0
305	S	0	0	0	0	0	0	0
306	S	Phosphoserine	SQGNSNSSSSRLSQY	CCCCCCCCHHHHHHH	0	0	0	0
307	S	Phosphoserine	QGNSNSSSSRLSQYF	CCCCCCCHHHHHHHH	0	0	0	0
308	S	0	0	0	0	0	0	0
309	R	0	0	0	0	0	0	0
310	L	0	0	0	0	0	0	0
311	S	0	0	0	0	0	0	0
312	Q	0	0	0	0	0	0	0
313	Y	0	0	0	0	0	0	0
314	F	0	0	0	0	0	0	0
315	E	0	0	0	0	0	0	0
316	K	0	0	0	0	0	0	0
317	F	0	0	0	0	0	0	0
318	D	0	0	0	0	0	0	0
319	V	0	0	0	0	0	0	0
320	K	0	0	0	0	0	0	0
321	E	0	0	0	0	0	0	0
322	S	0	0	0	0	0	0	0
323	S	0	0	0	0	0	0	0
324	Y	0	0	0	0	0	0	0
325	H	0	0	0	0	0	0	0
326	L	0	0	0	0	0	0	0
327	L	0	0	0	0	0	0	0
328	I	0	0	0	0	0	0	0
329	S	0	0	0	0	0	0	0
330	R	0	0	0	0	0	0	0
331	L	0	0	0	0	0	0	0
332	D	0	0	0	0	0	0	0
333	L	0	0	0	0	0	0	0
334	H	0	0	0	0	0	0	0
335	I	0	0	0	0	0	0	0
336	C	0	0	0	0	0	0	0
337	D	0	0	0	0	0	0	0
338	D	0	0	0	0	0	0	0
339	S	0	0	0	0	0	0	0
340	Q	0	0	0	0	0	0	0
341	S	0	0	0	0	0	0	0
342	R	0	0	0	0	0	0	0
343	E	0	0	0	0	0	0	0
344	P	0	0	0	0	0	0	0
345	G	0	0	0	0	0	0	0
346	V	0	0	0	0	0	0	0
347	S	0	0	0	0	0	0	0
348	A	0	0	0	0	0	0	0
349	N	0	0	0	0	0	0	0
350	R	0	0	0	0	0	0	0
351	L	0	0	0	0	0	0	0
352	M	0	0	0	0	0	0	0
353	G	0	0	0	0	0	0	0
354	G	0	0	0	0	0	0	0
355	A	0	0	0	0	0	0	0
356	M	0	0	0	0	0	0	0
357	Q	0	0	0	0	0	0	0
358	L	0	0	0	0	0	0	0
359	T	0	0	0	0	0	0	0
360	F	0	0	0	0	0	0	0
361	R	0	0	0	0	0	0	0
362	K	0	0	0	0	0	0	0
363	M	0	0	0	0	0	0	0
364	A	0	0	0	0	0	0	0
365	F	0	0	0	0	0	0	0
366	D	0	0	0	0	0	0	0
367	Y	0	0	0	0	0	0	0
368	Y	0	0	0	0	0	0	0
369	P	0	0	0	0	0	0	0
370	F	0	0	0	0	0	0	0
371	H	0	0	0	0	0	0	0
372	W	0	0	0	0	0	0	0
373	A	0	0	0	0	0	0	0
374	G	0	0	0	0	0	0	0
375	D	0	0	0	0	0	0	0
376	S	0	0	0	0	0	0	0
377	C	0	0	0	0	0	0	0
378	K	0	0	0	0	0	0	0
379	H	0	0	0	0	0	0	0
380	W	0	0	0	0	0	0	0
381	V	0	0	0	0	0	0	0
382	R	0	0	0	0	0	0	0
383	H	0	0	0	0	0	0	0
384	C	0	0	0	0	0	0	0
385	E	0	0	0	0	0	0	0
386	A	0	0	0	0	0	0	0
387	M	0	0	0	0	0	0	0
388	E	0	0	0	0	0	0	0
389	T	0	0	0	0	0	0	0
390	R	0	0	0	0	0	0	0
391	G	0	0	0	0	0	0	0
392	Q	0	0	0	0	0	0	0
393	W	0	0	0	0	0	0	0
394	A	0	0	0	0	0	0	0
395	Q	0	0	0	0	0	0	0
396	K	0	0	0	0	0	0	0
397	L	0	0	0	0	0	0	0
398	V	0	0	0	0	0	0	0
399	M	0	0	0	0	0	0	0
400	E	0	0	0	0	0	0	0
401	F	0	0	0	0	0	0	0
402	Q	0	0	0	0	0	0	0
403	S	0	0	0	0	0	0	0
404	K	0	0	0	0	0	0	0
405	M	0	0	0	0	0	0	0
406	E	0	0	0	0	0	0	0
407	K	0	0	0	0	0	0	0
408	W	0	0	0	0	0	0	0
409	H	0	0	0	0	0	0	0
410	E	0	0	0	0	0	0	0
411	E	0	0	0	0	0	0	0
412	T	0	0	0	0	0	0	0
413	G	0	0	0	0	0	0	0
414	L	0	0	0	0	0	0	0
415	K	0	0	0	0	0	0	0
416	P	0	0	0	0	0	0	0
417	P	0	0	0	0	0	0	0
418	W	0	0	0	0	0	0	0
419	H	0	0	0	0	0	0	0
420	L	0	0	0	0	0	0	0
421	G	0	0	0	0	0	0	0
422	V	0	0	0	0	0	0	0
423	D	0	0	0	0	0	0	0
424	S	0	0	0	0	0	0	0
425	L	0	0	0	0	0	0	0
426	F	0	0	0	0	0	0	0
427	R	0	0	0	0	0	0	0
428	R	0	0	0	0	0	0	0
429	K	0	0	0	0	0	0	0
430	A	0	0	0	0	0	0	0
431	D	0	0	0	0	0	0	0
432	S	Phosphoserine	LFRRKADSLSSPRKN	HHHHHHHCCCCCCCC	0	0	0	0
433	L	0	0	0	0	0	0	0
434	S	Phosphoserine	RRKADSLSSPRKNPL	HHHHHCCCCCCCCCC	0	0	0	0
435	S	Phosphoserine	RKADSLSSPRKNPLE	HHHHCCCCCCCCCCC	0	0	0	0
436	P	0	0	0	0	0	0	0
437	R	0	0	0	0	0	0	0
438	K	0	0	0	0	0	0	0
439	N	0	0	0	0	0	0	0
440	P	0	0	0	0	0	0	0
441	L	0	0	0	0	0	0	0
442	E	0	0	0	0	0	0	0
443	R	0	0	0	0	0	0	0
444	S	Phosphoserine	RKNPLERSPSQGRQP	CCCCCCCCCCCCCCC	Systemic lupus erythematosus:systemic lupus erythematosus	454 (10)	0	0
445	P	0	0	0	0	0	0	0
446	S	Phosphoserine	NPLERSPSQGRQPAF	CCCCCCCCCCCCCCC	Systemic lupus erythematosus:systemic lupus erythematosus	454 (8)	0	0
447	Q	0	0	0	0	0	0	0
448	G	0	0	0	0	0	0	0
449	R	0	0	0	0	0	0	0
450	Q	0	0	0	0	0	0	0
451	P	0	0	0	0	0	0	0
452	A	0	0	0	0	0	0	0
453	F	0	0	0	0	0	0	0
454	Q	0	0	0	0	0	R;L	444,446
455	P	0	0	0	0	0	0	0
456	P	0	0	0	0	0	0	0
457	A	0	0	0	0	0	0	0
458	W	0	0	0	0	0	0	0
459	N	0	0	0	0	0	0	0
460	R	0	0	0	0	0	0	0
461	L	0	0	0	0	0	0	0
462	R	0	0	0	0	0	0	0
463	S	0	0	0	0	0	0	0
464	S	0	0	0	0	0	0	0
465	C	0	0	0	0	0	0	0
466	M	0	0	0	0	0	0	0
467	V	0	0	0	0	0	0	0
468	V	0	0	0	0	0	0	0
469	R	0	0	0	0	0	0	0
470	V	0	0	0	0	0	0	0
471	D	0	0	0	0	0	0	0
472	D	0	0	0	0	0	0	0
473	L	0	0	0	0	0	0	0
474	D	0	0	0	0	0	0	0
475	I	0	0	0	0	0	0	0
476	H	0	0	0	0	0	0	0
477	Q	0	0	0	0	0	0	0
478	V	0	0	0	0	0	0	0
479	S	Phosphoserine	DLDIHQVSTAGQPSK	CCEEEEECCCCCCCC	0	0	0	0
480	T	Phosphothreonine	LDIHQVSTAGQPSKK	CEEEEECCCCCCCCC	0	0	0	0
481	A	0	0	0	0	0	0	0
482	G	0	0	0	0	0	0	0
483	Q	0	0	0	0	0	0	0
484	P	0	0	0	0	0	0	0
485	S	Phosphoserine	VSTAGQPSKKPSTLL	ECCCCCCCCCHHHHH	0	0	0	0
486	K	0	0	0	0	0	0	0
487	K	0	0	0	0	0	0	0
488	P	0	0	0	0	0	0	0
489	S	Phosphoserine	GQPSKKPSTLLSCSR	CCCCCCHHHHHHHCH	0	0	0	0
490	T	0	0	0	0	0	0	0
491	L	0	0	0	0	0	0	0
492	L	0	0	0	0	0	0	0
493	S	0	0	0	0	0	0	0
494	C	0	0	0	0	0	0	0
495	S	0	0	0	0	0	0	0
496	R	0	0	0	0	0	0	0
497	K	0	0	0	0	0	0	0
498	L	0	0	0	0	0	0	0
499	H	0	0	0	0	0	0	0
500	N	0	0	0	0	0	0	0
501	L	0	0	0	0	0	0	0
502	P	0	0	0	0	0	0	0
503	T	0	0	0	0	0	0	0
504	Q	0	0	0	0	0	0	0
505	V	0	0	0	0	0	0	0
506	S	0	0	0	0	0	0	0
507	A	0	0	0	0	0	0	0
508	I	0	0	0	0	0	0	0
509	H	0	0	0	0	0	0	0
510	I	0	0	0	0	0	0	0
511	E	0	0	0	0	0	0	0
512	F	0	0	0	0	0	0	0
513	T	0	0	0	0	0	0	0
514	E	0	0	0	0	0	0	0
515	Y	0	0	0	0	0	0	0
516	Y	0	0	0	0	0	0	0
517	F	0	0	0	0	0	0	0
518	P	0	0	0	0	0	0	0
519	D	0	0	0	0	0	0	0
520	N	0	0	0	0	0	0	0
521	Q	0	0	0	0	0	0	0
522	E	0	0	0	0	0	0	0
523	L	0	0	0	0	0	0	0
524	P	0	0	0	0	0	0	0
525	V	0	0	0	0	0	0	0
526	P	0	0	0	0	0	0	0
527	C	0	0	0	0	0	0	0
528	P	0	0	0	0	0	0	0
529	N	0	0	0	0	0	0	0
530	L	0	0	0	0	0	0	0
531	Y	0	0	0	0	0	0	0
532	I	0	0	0	0	0	0	0
533	Q	0	0	0	0	0	0	0
534	L	0	0	0	0	0	0	0
535	N	0	0	0	0	0	0	0
536	G	0	0	0	0	0	0	0
537	L	0	0	0	0	0	0	0
538	T	0	0	0	0	0	0	0
539	F	0	0	0	0	0	0	0
540	T	0	0	0	0	0	0	0
541	M	0	0	0	0	0	0	0
542	D	0	0	0	0	0	0	0
543	P	0	0	0	0	0	0	0
544	V	0	0	0	0	0	0	0
545	S	0	0	0	0	0	0	0
546	L	0	0	0	0	0	0	0
547	L	0	0	0	0	0	0	0
548	W	0	0	0	0	0	0	0
549	G	0	0	0	0	0	0	0
550	N	0	0	0	0	0	0	0
551	L	0	0	0	0	0	0	0
552	F	0	0	0	0	0	0	0
553	C	0	0	0	0	0	0	0
554	L	0	0	0	0	0	0	0
555	D	0	0	0	0	0	0	0
556	L	0	0	0	0	0	0	0
557	Y	0	0	0	0	0	0	0
558	R	0	0	0	0	0	0	0
559	S	0	0	0	0	0	0	0
560	L	0	0	0	0	0	0	0
561	E	0	0	0	0	0	0	0
562	Q	0	0	0	0	0	0	0
563	F	0	0	0	0	0	0	0
564	K	0	0	0	0	0	0	0
565	A	0	0	0	0	0	0	0
566	I	0	0	0	0	0	0	0
567	Y	0	0	0	0	0	0	0
568	K	0	0	0	0	0	0	0
569	L	0	0	0	0	0	0	0
570	E	0	0	0	0	0	0	0
571	D	0	0	0	0	0	0	0
572	S	0	0	0	0	0	0	0
573	S	0	0	0	0	0	0	0
574	Q	0	0	0	0	0	0	0
575	K	0	0	0	0	0	0	0
576	D	0	0	0	0	0	0	0
577	E	0	0	0	0	0	0	0
578	H	0	0	0	0	0	0	0
579	L	0	0	0	0	0	0	0
580	D	0	0	0	0	0	0	0
581	I	0	0	0	0	0	0	0
582	R	0	0	0	0	0	0	0
583	L	0	0	0	0	0	0	0
584	D	0	0	0	0	0	0	0
585	A	0	0	0	0	0	0	0
586	F	0	0	0	0	0	0	0
587	W	0	0	0	0	0	0	0
588	L	0	0	0	0	0	0	0
589	K	0	0	0	0	0	0	0
590	V	0	0	0	0	0	0	0
591	S	0	0	0	0	0	0	0
592	F	0	0	0	0	0	0	0
593	P	0	0	0	0	0	0	0
594	L	0	0	0	0	0	0	0
595	E	0	0	0	0	0	0	0
596	K	0	0	0	0	0	0	0
597	R	0	0	0	0	0	0	0
598	E	0	0	0	0	0	0	0
599	R	0	0	0	0	0	0	0
600	A	0	0	0	0	0	0	0
601	E	0	0	0	0	0	0	0
602	L	0	0	0	0	0	0	0
603	H	0	0	0	0	0	0	0
604	R	0	0	0	0	0	0	0
605	P	0	0	0	0	0	0	0
606	Q	0	0	0	0	0	0	0
607	A	0	0	0	0	0	0	0
608	L	0	0	0	0	0	0	0
609	V	0	0	0	0	0	0	0
610	F	0	0	0	0	0	0	0
611	S	0	0	0	0	0	0	0
612	A	0	0	0	0	0	0	0
613	S	0	0	0	0	0	0	0
614	G	0	0	0	0	0	0	0
615	M	0	0	0	0	0	0	0
616	I	0	0	0	0	0	0	0
617	A	0	0	0	0	0	0	0
618	T	0	0	0	0	0	0	0
619	N	0	0	0	0	0	0	0
620	T	0	0	0	0	0	0	0
621	R	0	0	0	0	0	0	0
622	H	0	0	0	0	0	0	0
623	A	0	0	0	0	0	0	0
624	P	0	0	0	0	0	0	0
625	H	0	0	0	0	0	0	0
626	C	0	0	0	0	0	0	0
627	S	0	0	0	0	0	0	0
628	C	0	0	0	0	0	0	0
629	S	0	0	0	0	0	0	0
630	D	0	0	0	0	0	0	0
631	L	0	0	0	0	0	0	0
632	Q	0	0	0	0	0	0	0
633	S	0	0	0	0	0	0	0
634	L	0	0	0	0	0	0	0
635	F	0	0	0	0	0	0	0
636	R	0	0	0	0	0	0	0
637	G	0	0	0	0	0	0	0
638	F	0	0	0	0	0	0	0
639	A	0	0	0	0	0	0	0
640	A	0	0	0	0	0	0	0
641	A	0	0	0	0	0	0	0
642	E	0	0	0	0	0	0	0
643	F	0	0	0	0	0	0	0
644	F	0	0	0	0	0	0	0
645	H	0	0	0	0	0	0	0
646	S	0	0	0	0	0	0	0
647	N	0	0	0	0	0	0	0
648	Y	0	0	0	0	0	0	0
649	D	0	0	0	0	0	0	0
650	H	0	0	0	0	0	0	0
651	F	0	0	0	0	0	0	0
652	P	0	0	0	0	0	0	0
653	K	0	0	0	0	0	0	0
654	V	0	0	0	0	0	0	0
655	P	0	0	0	0	0	0	0
656	G	0	0	0	0	0	0	0
657	G	0	0	0	0	0	0	0
658	F	0	0	0	0	0	0	0
659	S	0	0	0	0	0	0	0
660	L	0	0	0	0	0	0	0
661	L	0	0	0	0	0	0	0
662	H	0	0	0	0	0	0	0
663	M	0	0	0	0	0	0	0
664	L	0	0	0	0	0	0	0
665	F	0	0	0	0	0	0	0
666	L	0	0	0	0	0	0	0
667	H	0	0	0	0	0	0	0
668	H	0	0	0	0	0	0	0
669	A	0	0	0	0	0	0	0
670	F	0	0	0	0	0	0	0
671	Q	0	0	0	0	0	0	0
672	M	0	0	0	0	0	0	0
673	D	0	0	0	0	0	0	0
674	S	0	0	0	0	0	0	0
675	C	0	0	0	0	0	0	0
676	L	0	0	0	0	0	0	0
677	P	0	0	0	0	0	0	0
678	Q	0	0	0	0	0	0	0
679	P	0	0	0	0	0	0	0
680	N	0	0	0	0	0	0	0
681	T	0	0	0	0	0	0	0
682	L	0	0	0	0	0	0	0
683	P	0	0	0	0	0	0	0
684	P	0	0	0	0	0	0	0
685	Q	0	0	0	0	0	0	0
686	R	0	0	0	0	0	0	0
687	P	0	0	0	0	0	0	0
688	K	0	0	0	0	0	0	0
689	A	0	0	0	0	0	0	0
690	S	0	0	0	0	0	0	0
691	W	0	0	0	0	0	0	0
692	D	0	0	0	0	0	0	0
693	L	0	0	0	0	0	0	0
694	W	0	0	0	0	0	0	0
695	S	0	0	0	0	0	0	0
696	V	0	0	0	0	0	0	0
697	H	0	0	0	0	0	0	0
698	F	0	0	0	0	0	0	0
699	T	0	0	0	0	0	0	0
700	Q	0	0	0	0	0	0	0
701	I	0	0	0	0	0	0	0
702	S	0	0	0	0	0	0	0
703	L	0	0	0	0	0	0	0
704	D	0	0	0	0	0	0	0
705	F	0	0	0	0	0	0	0
706	E	0	0	0	0	0	0	0
707	G	0	0	0	0	0	0	0
708	T	0	0	0	0	0	0	0
709	E	0	0	0	0	0	0	0
710	N	0	0	0	0	0	0	0
711	F	0	0	0	0	0	0	0
712	K	0	0	0	0	0	0	0
713	G	0	0	0	0	0	0	0
714	H	0	0	0	0	0	0	0
715	T	0	0	0	0	0	0	0
716	L	0	0	0	0	0	0	0
717	N	0	0	0	0	0	0	0
718	F	0	0	0	0	0	0	0
719	V	0	0	0	0	0	0	0
720	A	0	0	0	0	0	0	0
721	P	0	0	0	0	0	0	0
722	F	0	0	0	0	0	0	0
723	P	0	0	0	0	0	0	0
724	L	0	0	0	0	0	0	0
725	S	0	0	0	0	0	0	0
726	I	0	0	0	0	0	0	0
727	W	0	0	0	0	0	0	0
728	A	0	0	0	0	0	0	0
729	C	0	0	0	0	0	0	0
730	L	0	0	0	0	0	0	0
731	P	0	0	0	0	0	0	0
732	L	0	0	0	0	0	0	0
733	R	0	0	0	0	0	0	0
734	W	0	0	0	0	0	0	0
735	Q	0	0	0	0	0	0	0
736	Q	0	0	0	0	0	0	0
737	A	0	0	0	0	0	0	0
738	Q	0	0	0	0	0	0	0
739	A	0	0	0	0	0	0	0
740	R	0	0	0	0	0	0	0
741	K	0	0	0	0	0	0	0
742	L	0	0	0	0	0	0	0
743	L	0	0	0	0	0	0	0
744	L	0	0	0	0	0	0	0
745	A	0	0	0	0	0	0	0
746	S	0	0	0	0	0	0	0
747	E	0	0	0	0	0	0	0
748	G	0	0	0	0	0	0	0
749	R	0	0	0	0	0	0	0
750	L	0	0	0	0	0	0	0
751	K	0	0	0	0	0	0	0
752	P	0	0	0	0	0	0	0
753	S	Phosphoserine	SEGRLKPSASFGSPV	CCCCCCCCCCCCCCC	0	0	0	0
754	A	0	0	0	0	0	0	0
755	S	Phosphoserine	GRLKPSASFGSPVQS	CCCCCCCCCCCCCCC	0	0	0	0
756	F	0	0	0	0	0	0	0
757	G	0	0	0	0	0	0	0
758	S	Phosphoserine	KPSASFGSPVQSEAL	CCCCCCCCCCCCCCC	0	0	0	0
759	P	0	0	0	0	0	0	0
760	V	0	0	0	0	0	0	0
761	Q	0	0	0	0	0	0	0
762	S	Phosphoserine	SFGSPVQSEALAPDS	CCCCCCCCCCCCCCC	0	0	0	0
763	E	0	0	0	0	0	0	0
764	A	0	0	0	0	0	0	0
765	L	0	0	0	0	0	0	0
766	A	0	0	0	0	0	0	0
767	P	0	0	0	0	0	0	0
768	D	0	0	0	0	0	0	0
769	S	0	0	0	0	0	0	0
770	M	0	0	0	0	0	0	0
771	S	0	0	0	0	0	0	0
772	H	0	0	0	0	0	0	0
773	P	0	0	0	0	0	0	0
774	R	0	0	0	0	0	0	0
775	S	0	0	0	0	0	0	0
776	K	0	0	0	0	0	0	0
777	T	Phosphothreonine	MSHPRSKTEHDLKSL	CCCCCCCCHHHHHHC	0	0	0	0
778	E	0	0	0	0	0	0	0
779	H	0	0	0	0	0	0	0
780	D	0	0	0	0	0	0	0
781	L	0	0	0	0	0	0	0
782	K	0	0	0	0	0	0	0
783	S	0	0	0	0	0	0	0
784	L	0	0	0	0	0	0	0
785	S	0	0	0	0	0	0	0
786	G	0	0	0	0	0	0	0
787	L	0	0	0	0	0	0	0
788	T	0	0	0	0	0	0	0
789	E	0	0	0	0	0	0	0
790	V	0	0	0	0	0	0	0
791	M	0	0	0	0	0	0	0
792	E	0	0	0	0	0	0	0
793	I	0	0	0	0	0	0	0
794	L	0	0	0	0	0	0	0
795	K	0	0	0	0	0	0	0
796	E	0	0	0	0	0	0	0
797	G	0	0	0	0	0	0	0
798	S	0	0	0	0	0	0	0
799	S	0	0	0	0	0	0	0
800	G	0	0	0	0	0	0	0
801	M	0	0	0	0	0	0	0
802	D	0	0	0	0	0	0	0
803	N	0	0	0	0	0	0	0
804	K	0	0	0	0	0	0	0
805	G	0	0	0	0	0	0	0
806	P	0	0	0	0	0	0	0
807	L	0	0	0	0	0	0	0
808	T	0	0	0	0	0	0	0
809	E	0	0	0	0	0	0	0
810	L	0	0	0	0	0	0	0
811	E	0	0	0	0	0	0	0
812	D	0	0	0	0	0	0	0
813	V	0	0	0	0	0	0	0
814	A	0	0	0	0	0	0	0
815	D	0	0	0	0	0	0	0
816	V	0	0	0	0	0	0	0
817	H	0	0	0	0	0	0	0
818	M	0	0	0	0	0	0	0
819	L	0	0	0	0	0	0	0
820	V	0	0	0	0	0	0	0
821	H	0	0	0	0	0	0	0
822	S	0	0	0	0	0	0	0
823	P	0	0	0	0	0	0	0
824	A	0	0	0	0	0	0	0
825	H	0	0	0	0	0	0	0
826	V	0	0	0	0	0	0	0
827	R	0	0	0	0	0	0	0
828	V	0	0	0	0	0	0	0
829	R	0	0	0	0	0	0	0
830	L	0	0	0	0	0	0	0
831	D	0	0	0	0	0	0	0
832	H	0	0	0	0	0	0	0
833	Y	0	0	0	0	0	0	0
834	Q	0	0	0	0	0	0	0
835	Y	0	0	0	0	0	0	0
836	L	0	0	0	0	0	0	0
837	A	0	0	0	0	0	0	0
838	L	0	0	0	0	0	0	0
839	L	0	0	0	0	0	0	0
840	R	0	0	0	0	0	0	0
841	L	0	0	0	0	0	0	0
842	K	0	0	0	0	0	0	0
843	E	0	0	0	0	0	0	0
844	V	0	0	0	0	0	0	0
845	L	0	0	0	0	0	0	0
846	Q	0	0	0	0	0	0	0
847	R	0	0	0	0	0	0	0
848	L	0	0	0	0	0	0	0
849	Q	0	0	0	0	0	0	0
850	E	0	0	0	0	0	0	0
851	Q	0	0	0	0	0	0	0
852	L	0	0	0	0	0	0	0
853	T	0	0	0	0	0	0	0
854	K	0	0	0	0	0	0	0
855	D	0	0	0	0	0	0	0
856	T	0	0	0	0	0	0	0
857	E	0	0	0	0	0	0	0
858	S	0	0	0	0	0	0	0
859	M	0	0	0	0	0	0	0
860	T	0	0	0	0	0	0	0
861	G	0	0	0	0	0	0	0
862	S	0	0	0	0	0	0	0
863	P	0	0	0	0	0	0	0
864	L	0	0	0	0	0	0	0
865	Q	0	0	0	0	0	0	0
866	N	0	0	0	0	0	0	0
867	Q	0	0	0	0	0	0	0
868	T	0	0	0	0	0	0	0
869	A	0	0	0	0	0	0	0
870	C	0	0	0	0	0	0	0
871	I	0	0	0	0	0	0	0
872	G	0	0	0	0	0	0	0
873	V	0	0	0	0	0	0	0
874	L	0	0	0	0	0	0	0
875	F	0	0	0	0	0	0	0
876	P	0	0	0	0	0	0	0
877	S	0	0	0	0	0	0	0
878	A	0	0	0	0	0	0	0
879	E	0	0	0	0	0	0	0
880	V	0	0	0	0	0	0	0
881	A	0	0	0	0	0	0	0
882	L	0	0	0	0	0	0	0
883	L	0	0	0	0	0	0	0
884	M	0	0	0	0	0	0	0
885	H	0	0	0	0	0	0	0
886	P	0	0	0	0	0	0	0
887	A	0	0	0	0	0	0	0
888	P	0	0	0	0	0	0	0
889	G	0	0	0	0	0	0	0
890	A	0	0	0	0	0	0	0
891	V	0	0	0	0	0	0	0
892	D	0	0	0	0	0	0	0
893	A	0	0	0	0	0	0	0
894	D	0	0	0	0	0	0	0
895	S	0	0	0	0	0	0	0
896	A	0	0	0	0	0	0	0
897	G	0	0	0	0	0	0	0
898	S	0	0	0	0	0	0	0
899	D	0	0	0	0	0	0	0
900	S	0	0	0	0	0	0	0
901	T	0	0	0	0	0	0	0
902	S	0	0	0	0	0	0	0
903	L	0	0	0	0	0	0	0
904	V	0	0	0	0	0	0	0
905	D	0	0	0	0	0	0	0
906	S	0	0	0	0	0	0	0
907	E	0	0	0	0	0	0	0
908	L	0	0	0	0	0	0	0
909	S	Phosphoserine	SLVDSELSPSEDREL	CCCCCCCCCCCCCHH	0	0	0	0
910	P	0	0	0	0	0	0	0
911	S	Phosphoserine	VDSELSPSEDRELKS	CCCCCCCCCCCHHCC	0	0	0	0
912	E	0	0	0	0	0	0	0
913	D	0	0	0	0	0	0	0
914	R	0	0	0	0	0	0	0
915	E	0	0	0	0	0	0	0
916	L	0	0	0	0	0	0	0
917	K	0	0	0	0	0	0	0
918	S	Phosphoserine	SEDRELKSDASSDQG	CCCCHHCCCCCCCCC	0	0	0	0
919	D	0	0	0	0	0	0	0
920	A	0	0	0	0	0	0	0
921	S	Phosphoserine	RELKSDASSDQGPAS	CHHCCCCCCCCCCCC	0	0	0	0
922	S	Phosphoserine	ELKSDASSDQGPASP	HHCCCCCCCCCCCCH	0	0	0	0
923	D	0	0	0	0	0	0	0
924	Q	0	0	0	0	0	0	0
925	G	0	0	0	0	0	0	0
926	P	0	0	0	0	0	0	0
927	A	0	0	0	0	0	0	0
928	S	Phosphoserine	SSDQGPASPEKVLEE	CCCCCCCCHHHHHHH	0	0	0	0
929	P	0	0	0	0	0	0	0
930	E	0	0	0	0	0	0	0
931	K	0	0	0	0	0	0	0
932	V	0	0	0	0	0	0	0
933	L	0	0	0	0	0	0	0
934	E	0	0	0	0	0	0	0
935	E	0	0	0	0	0	0	0
936	S	0	0	0	0	0	0	0
937	S	0	0	0	0	0	0	0
938	I	0	0	0	0	0	0	0
939	E	0	0	0	0	0	0	0
940	N	0	0	0	0	0	0	0
941	Q	0	0	0	0	0	0	0
942	D	0	0	0	0	0	0	0
943	V	0	0	0	0	0	0	0
944	S	Phosphoserine	SIENQDVSQERPHSN	CCCCCCCCCCCCCCC	0	0	0	0
945	Q	0	0	0	0	0	0	0
946	E	0	0	0	0	0	0	0
947	R	0	0	0	0	0	0	0
948	P	0	0	0	0	0	0	0
949	H	0	0	0	0	0	0	0
950	S	Phosphoserine	VSQERPHSNGELQDS	CCCCCCCCCCCCCCC	0	0	0	0
951	N	0	0	0	0	0	0	0
952	G	0	0	0	0	0	0	0
953	E	0	0	0	0	0	0	0
954	L	0	0	0	0	0	0	0
955	Q	0	0	0	0	0	0	0
956	D	0	0	0	0	0	0	0
957	S	0	0	0	0	0	0	0
958	G	0	0	0	0	0	0	0
959	P	0	0	0	0	0	0	0
960	L	0	0	0	0	0	0	0
961	A	0	0	0	0	0	0	0
962	Q	0	0	0	0	0	0	0
963	Q	0	0	0	0	0	0	0
964	L	0	0	0	0	0	0	0
965	A	0	0	0	0	0	0	0
966	G	0	0	0	0	0	0	0
967	K	0	0	0	0	0	0	0
968	G	0	0	0	0	0	0	0
969	H	0	0	0	0	0	0	0
970	E	0	0	0	0	0	0	0
971	A	0	0	0	0	0	0	0
972	V	0	0	0	0	0	0	0
973	E	0	0	0	0	0	0	0
974	S	0	0	0	0	0	0	0
975	L	0	0	0	0	0	0	0
976	Q	0	0	0	0	0	0	0
977	A	0	0	0	0	0	0	0
978	K	0	0	0	0	0	0	0
979	K	0	0	0	0	0	0	0
980	L	0	0	0	0	0	0	0
981	S	0	0	0	0	0	0	0
982	R	0	0	0	0	0	0	0
983	T	0	0	0	0	0	0	0
984	Q	0	0	0	0	0	H	986,987,988
985	A	0	0	0	0	0	0	0
986	S	Phosphoserine	KLSRTQASSSPAALK	HCCCCCCCCCCCCCC	Body mass index:physical activity measurement, body mass index;Body mass index in physically active individuals:physical activity measurement, body mass index;Body mass index (joint analysis main effects and physical activity interaction):physical activity measurement, body mass index	984 (2)	0	0
987	S	Phosphoserine	LSRTQASSSPAALKP	CCCCCCCCCCCCCCC	Body mass index:physical activity measurement, body mass index;Body mass index in physically active individuals:physical activity measurement, body mass index;Body mass index (joint analysis main effects and physical activity interaction):physical activity measurement, body mass index	984 (3)	0	0
988	S	Phosphoserine	SRTQASSSPAALKPP	CCCCCCCCCCCCCCC	Body mass index:physical activity measurement, body mass index;Body mass index in physically active individuals:physical activity measurement, body mass index;Body mass index (joint analysis main effects and physical activity interaction):physical activity measurement, body mass index	984 (4)	0	0
989	P	0	0	0	0	0	0	0
990	A	0	0	0	0	0	0	0
991	A	0	0	0	0	0	0	0
992	L	0	0	0	0	0	0	0
993	K	0	0	0	0	0	0	0
994	P	0	0	0	0	0	0	0
995	P	0	0	0	0	0	0	0
996	A	0	0	0	0	0	0	0
997	G	0	0	0	0	0	0	0
998	R	0	0	0	0	0	0	0
999	E	0	0	0	0	0	0	0
1000	T	0	0	0	0	0	0	0
1001	A	0	0	0	0	0	0	0
1002	V	0	0	0	0	0	0	0
1003	N	0	0	0	0	0	0	0
1004	G	0	0	0	0	0	0	0
1005	Q	0	0	0	0	0	0	0
1006	G	0	0	0	0	0	0	0
1007	E	0	0	0	0	0	0	0
1008	L	0	0	0	0	0	0	0
1009	I	0	0	0	0	0	0	0
1010	P	0	0	0	0	0	0	0
1011	L	0	0	0	0	0	0	0
1012	K	0	0	0	0	0	0	0
1013	N	0	0	0	0	0	0	0
1014	I	0	0	0	0	0	0	0
1015	E	0	0	0	0	0	0	0
1016	G	0	0	0	0	0	0	0
1017	E	0	0	0	0	0	0	0
1018	L	0	0	0	0	0	0	0
1019	S	0	0	0	0	0	0	0
1020	S	Phosphoserine	NIEGELSSAIHMTKD	CCCCCHHHHEECCHH	0	0	0	0
1021	A	0	0	0	0	0	0	0
1022	I	0	0	0	0	0	0	0
1023	H	0	0	0	0	0	0	0
1024	M	0	0	0	0	0	0	0
1025	T	Phosphothreonine	LSSAIHMTKDATKEA	HHHHEECCHHHHHHH	0	0	0	0
1026	K	0	0	0	0	0	0	0
1027	D	0	0	0	0	0	0	0
1028	A	0	0	0	0	0	0	0
1029	T	0	0	0	0	0	0	0
1030	K	0	0	0	0	0	0	0
1031	E	0	0	0	0	0	0	0
1032	A	0	0	0	0	0	0	0
1033	L	0	0	0	0	0	0	0
1034	H	0	0	0	0	0	0	0
1035	A	0	0	0	0	0	0	0
1036	T	0	0	0	0	0	0	0
1037	M	0	0	0	0	0	0	0
1038	D	0	0	0	0	0	0	0
1039	L	0	0	0	0	0	0	0
1040	T	0	0	0	0	0	0	0
1041	K	0	0	0	0	0	0	0
1042	E	0	0	0	0	0	0	0
1043	A	0	0	0	0	0	0	0
1044	V	0	0	0	0	0	0	0
1045	S	0	0	0	0	0	0	0
1046	L	0	0	0	0	0	0	0
1047	T	0	0	0	0	0	0	0
1048	K	0	0	0	0	0	0	0
1049	D	0	0	0	0	0	0	0
1050	A	0	0	0	0	0	0	0
1051	F	0	0	0	0	0	0	0
1052	S	0	0	0	0	0	0	0
1053	L	0	0	0	0	0	0	0
1054	G	0	0	0	0	0	0	0
1055	R	0	0	0	0	0	0	0
1056	D	0	0	0	0	0	0	0
1057	R	0	0	0	0	0	0	0
1058	M	0	0	0	0	0	0	0
1059	T	Phosphothreonine	SLGRDRMTSTMHKML	HCCHHHHHHHHHHHH	0	0	0	0
1060	S	Phosphoserine	LGRDRMTSTMHKMLS	CCHHHHHHHHHHHHC	0	0	0	0
1061	T	0	0	0	0	0	0	0
1062	M	0	0	0	0	0	0	0
1063	H	0	0	0	0	0	0	0
1064	K	0	0	0	0	0	0	0
1065	M	0	0	0	0	0	0	0
1066	L	0	0	0	0	0	0	0
1067	S	Phosphoserine	STMHKMLSLPPAKEP	HHHHHHHCCCCCCCC	0	0	0	0
1068	L	0	0	0	0	0	0	0
1069	P	0	0	0	0	0	0	0
1070	P	0	0	0	0	0	0	0
1071	A	0	0	0	0	0	0	0
1072	K	N6-methyllysine	MLSLPPAKEPMAKTD	HHCCCCCCCCCCCCC	0	0	0	0
1073	E	0	0	0	0	0	0	0
1074	P	0	0	0	0	0	0	0
1075	M	0	0	0	0	0	0	0
1076	A	0	0	0	0	0	0	0
1077	K	0	0	0	0	0	0	0
1078	T	0	0	0	0	0	0	0
1079	D	0	0	0	0	0	0	0
1080	E	0	0	0	0	0	0	0
1081	G	0	0	0	0	0	0	0
1082	V	0	0	0	0	0	0	0
1083	A	0	0	0	0	0	0	0
1084	A	0	0	0	0	0	0	0
1085	P	0	0	0	0	0	0	0
1086	V	0	0	0	0	0	0	0
1087	S	Phosphoserine	EGVAAPVSGGAARLR	CCCCCCCCCHHHHHE	0	0	0	0
1088	G	0	0	0	0	0	0	0
1089	G	0	0	0	0	0	0	0
1090	A	0	0	0	0	0	0	0
1091	A	0	0	0	0	0	0	0
1092	R	0	0	0	0	0	0	0
1093	L	0	0	0	0	0	0	0
1094	R	0	0	0	0	0	0	0
1095	F	0	0	0	0	0	0	0
1096	F	0	0	0	0	0	0	0
1097	S	Phosphoserine	AARLRFFSMKRTVSQ	HHHHEEEEEEECCCC	0	0	0	0
1098	M	0	0	0	0	0	0	0
1099	K	0	0	0	0	0	0	0
1100	R	0	0	0	0	0	0	0
1101	T	Phosphothreonine	RFFSMKRTVSQQSFD	EEEEEEECCCCCCCC	0	0	0	0
1102	V	0	0	0	0	0	0	0
1103	S	Phosphoserine	FSMKRTVSQQSFDGV	EEEEECCCCCCCCCC	0	0	0	0
1104	Q	0	0	0	0	0	0	0
1105	Q	0	0	0	0	0	0	0
1106	S	Phosphoserine	KRTVSQQSFDGVSLD	EECCCCCCCCCCCCC	0	0	0	0
1107	F	0	0	0	0	0	0	0
1108	D	0	0	0	0	0	0	0
1109	G	0	0	0	0	0	0	0
1110	V	0	0	0	0	0	0	0
1111	S	0	0	0	0	0	0	0
1112	L	0	0	0	0	0	0	0
1113	D	0	0	0	0	0	0	0
1114	S	Phosphoserine	FDGVSLDSSGPEDRI	CCCCCCCCCCCCCCE	0	0	0	0
1115	S	Phosphoserine	DGVSLDSSGPEDRIS	CCCCCCCCCCCCCEE	0	0	0	0
1116	G	0	0	0	0	0	0	0
1117	P	0	0	0	0	0	0	0
1118	E	0	0	0	0	0	0	0
1119	D	0	0	0	0	0	0	0
1120	R	0	0	0	0	0	0	0
1121	I	0	0	0	0	0	0	0
1122	S	0	0	0	0	0	0	0
1123	V	0	0	0	0	0	0	0
1124	D	0	0	0	0	0	0	0
1125	S	0	0	0	0	0	0	0
1126	D	0	0	0	0	0	0	0
1127	G	0	0	0	0	0	0	0
1128	S	0	0	0	0	0	0	0
1129	D	0	0	0	0	0	0	0
1130	S	0	0	0	0	0	0	0
1131	F	0	0	0	0	0	0	0
1132	V	0	0	0	0	0	0	0
1133	M	0	0	0	0	0	0	0
1134	L	0	0	0	0	0	0	0
1135	L	0	0	0	0	0	0	0
1136	E	0	0	0	0	0	0	0
1137	S	0	0	0	0	0	0	0
1138	E	0	0	0	0	0	0	0
1139	S	0	0	0	0	0	0	0
1140	G	0	0	0	0	0	0	0
1141	P	0	0	0	0	0	0	0
1142	E	0	0	0	0	0	0	0
1143	S	0	0	0	0	0	0	0
1144	V	0	0	0	0	0	0	0
1145	P	0	0	0	0	0	0	0
1146	P	0	0	0	0	0	0	0
1147	G	0	0	0	0	0	0	0
1148	S	0	0	0	0	0	0	0
1149	L	0	0	0	0	0	0	0
1150	S	0	0	0	0	0	0	0
1151	N	0	0	0	0	0	0	0
1152	V	0	0	0	0	0	0	0
1153	S	0	0	0	0	0	0	0
1154	D	0	0	0	0	0	0	0
1155	N	0	0	0	0	0	0	0
1156	A	0	0	0	0	0	0	0
1157	G	0	0	0	0	0	0	0
1158	V	0	0	0	0	0	0	0
1159	Q	0	0	0	0	0	0	0
1160	G	0	0	0	0	0	0	0
1161	S	0	0	0	0	0	0	0
1162	P	0	0	0	0	0	0	0
1163	L	0	0	0	0	0	0	0
1164	V	0	0	0	0	0	0	0
1165	N	0	0	0	0	0	0	0
1166	N	0	0	0	0	0	0	0
1167	Y	0	0	0	0	0	0	0
1168	G	0	0	0	0	0	0	0
1169	Q	0	0	0	0	0	0	0
1170	G	0	0	0	0	0	0	0
1171	S	0	0	0	0	0	0	0
1172	P	0	0	0	0	0	0	0
1173	A	0	0	0	0	0	0	0
1174	A	0	0	0	0	0	0	0
1175	N	0	0	0	0	0	0	0
1176	S	0	0	0	0	0	0	0
1177	S	0	0	0	0	0	0	0
1178	V	0	0	0	0	0	0	0
1179	S	0	0	0	0	0	0	0
1180	P	0	0	0	0	0	0	0
1181	S	0	0	0	0	0	0	0
1182	G	0	0	0	0	0	0	0
1183	E	0	0	0	0	0	0	0
1184	D	0	0	0	0	0	0	0
1185	L	0	0	0	0	0	0	0
1186	I	0	0	0	0	0	0	0
1187	F	0	0	0	0	0	0	0
1188	H	0	0	0	0	0	0	0
1189	P	0	0	0	0	0	0	0
1190	V	0	0	0	0	0	0	0
1191	S	0	0	0	0	0	0	0
1192	V	0	0	0	0	0	0	0
1193	L	0	0	0	0	0	0	0
1194	V	0	0	0	0	0	0	0
1195	L	0	0	0	0	0	0	0
1196	K	0	0	0	0	0	0	0
1197	V	0	0	0	0	0	0	0
1198	N	0	0	0	0	0	0	0
1199	E	0	0	0	0	0	0	0
1200	V	0	0	0	0	0	0	0
1201	S	0	0	0	0	0	0	0
1202	F	0	0	0	0	0	0	0
1203	G	0	0	0	0	0	0	0
1204	I	0	0	0	0	0	0	0
1205	E	0	0	0	0	0	0	0
1206	V	0	0	0	0	0	0	0
1207	R	0	0	0	0	0	0	0
1208	G	0	0	0	0	0	0	0
1209	E	0	0	0	0	0	0	0
1210	D	0	0	0	0	0	0	0
1211	L	0	0	0	0	0	0	0
1212	T	Phosphothreonine	EVRGEDLTVALQAEE	EECCCEEEEEEEEEE	0	0	0	0
1213	V	0	0	0	0	0	0	0
1214	A	0	0	0	0	0	0	0
1215	L	0	0	0	0	0	0	0
1216	Q	0	0	0	0	0	0	0
1217	A	0	0	0	0	0	0	0
1218	E	0	0	0	0	0	0	0
1219	E	0	0	0	0	0	0	0
1220	L	0	0	0	0	0	0	0
1221	T	Phosphothreonine	ALQAEELTLQQLGTV	EEEEEEEHHHHHCHH	0	0	0	0
1222	L	0	0	0	0	0	0	0
1223	Q	0	0	0	0	0	0	0
1224	Q	0	0	0	0	0	0	0
1225	L	0	0	0	0	0	0	0
1226	G	0	0	0	0	0	0	0
1227	T	0	0	0	0	0	0	0
1228	V	0	0	0	0	0	0	0
1229	G	0	0	0	0	0	0	0
1230	L	0	0	0	0	0	0	0
1231	W	0	0	0	0	0	0	0
1232	Q	0	0	0	0	0	0	0
1233	F	0	0	0	0	0	0	0
1234	L	0	0	0	0	0	0	0
1235	H	0	0	0	0	0	0	0
1236	G	0	0	0	0	0	0	0
1237	Q	0	0	0	0	0	0	0
1238	C	0	0	0	0	0	0	0
1239	P	0	0	0	0	0	0	0
1240	G	0	0	0	0	0	0	0
1241	T	0	0	0	0	0	0	0
1242	C	0	0	0	0	0	0	0
1243	F	0	0	0	0	0	0	0
1244	Q	0	0	0	0	0	0	0
1245	E	0	0	0	0	0	0	0
1246	S	0	0	0	0	0	0	0
1247	S	0	0	0	0	0	0	0
1248	T	0	0	0	0	0	0	0
1249	L	0	0	0	0	0	0	0
1250	K	0	0	0	0	0	0	0
1251	T	0	0	0	0	0	0	0
1252	G	0	0	0	0	0	0	0
1253	H	0	0	0	0	0	0	0
1254	I	0	0	0	0	0	0	0
1255	R	0	0	0	0	0	0	0
1256	P	0	0	0	0	0	0	0
1257	A	0	0	0	0	0	0	0
1258	V	0	0	0	0	0	0	0
1259	G	0	0	0	0	0	0	0
1260	L	0	0	0	0	0	0	0
1261	R	0	0	0	0	0	0	0
1262	F	0	0	0	0	0	0	0
1263	E	0	0	0	0	0	0	0
1264	V	0	0	0	0	0	0	0
1265	G	0	0	0	0	0	0	0
1266	P	0	0	0	0	0	0	0
1267	G	0	0	0	0	0	0	0
1268	A	0	0	0	0	0	0	0
1269	A	0	0	0	0	0	0	0
1270	V	0	0	0	0	0	0	0
1271	H	0	0	0	0	0	0	0
1272	S	0	0	0	0	0	0	0
1273	P	0	0	0	0	0	0	0
1274	L	0	0	0	0	0	0	0
1275	A	0	0	0	0	0	0	0
1276	S	0	0	0	0	0	0	0
1277	Q	0	0	0	0	0	0	0
1278	N	0	0	0	0	0	0	0
1279	G	0	0	0	0	0	0	0
1280	F	0	0	0	0	0	0	0
1281	L	0	0	0	0	0	0	0
1282	H	0	0	0	0	0	0	0
1283	L	0	0	0	0	0	0	0
1284	L	0	0	0	0	0	0	0
1285	L	0	0	0	0	0	0	0
1286	H	0	0	0	0	0	0	0
1287	G	0	0	0	0	0	0	0
1288	C	0	0	0	0	0	0	0
1289	D	0	0	0	0	0	0	0
1290	L	0	0	0	0	0	0	0
1291	E	0	0	0	0	0	0	0
1292	L	0	0	0	0	0	0	0
1293	L	0	0	0	0	0	0	0
1294	T	0	0	0	0	0	0	0
1295	S	0	0	0	0	0	0	0
1296	V	0	0	0	0	0	0	0
1297	L	0	0	0	0	0	0	0
1298	S	0	0	0	0	0	0	0
1299	G	0	0	0	0	0	0	0
1300	L	0	0	0	0	0	0	0
1301	G	0	0	0	0	0	0	0
1302	P	0	0	0	0	0	0	0
1303	F	0	0	0	0	0	0	0
1304	L	0	0	0	0	0	0	0
1305	E	0	0	0	0	0	0	0
1306	D	0	0	0	0	0	0	0
1307	E	0	0	0	0	0	0	0
1308	E	0	0	0	0	0	0	0
1309	I	0	0	0	0	0	0	0
1310	P	0	0	0	0	0	0	0
1311	V	0	0	0	0	0	0	0
1312	V	0	0	0	0	0	0	0
1313	V	0	0	0	0	0	0	0
1314	P	0	0	0	0	0	0	0
1315	M	0	0	0	0	0	0	0
1316	Q	0	0	0	0	0	0	0
1317	I	0	0	0	0	0	0	0
1318	E	0	0	0	0	0	0	0
1319	L	0	0	0	0	0	0	0
1320	L	0	0	0	0	0	0	0
1321	N	0	0	0	0	0	0	0
1322	S	0	0	0	0	0	0	0
1323	S	0	0	0	0	0	0	0
1324	I	0	0	0	0	0	0	0
1325	T	0	0	0	0	0	0	0
1326	L	0	0	0	0	0	0	0
1327	K	0	0	0	0	0	0	0
1328	D	0	0	0	0	0	0	0
1329	D	0	0	0	0	0	0	0
1330	I	0	0	0	0	0	0	0
1331	P	0	0	0	0	0	0	0
1332	P	0	0	0	0	0	0	0
1333	I	0	0	0	0	0	0	0
1334	Y	0	0	0	0	0	0	0
1335	P	0	0	0	0	0	0	0
1336	T	Phosphothreonine	DIPPIYPTSPGPIPI	CCCCCCCCCCCCCCC	0	0	0	0
1337	S	0	0	0	0	0	0	0
1338	P	0	0	0	0	0	0	0
1339	G	0	0	0	0	0	0	0
1340	P	0	0	0	0	0	0	0
1341	I	0	0	0	0	0	0	0
1342	P	0	0	0	0	0	0	0
1343	I	0	0	0	0	0	0	0
1344	T	0	0	0	0	0	0	0
1345	L	0	0	0	0	0	0	0
1346	A	0	0	0	0	0	0	0
1347	M	0	0	0	0	0	0	0
1348	E	0	0	0	0	0	0	0
1349	H	0	0	0	0	0	0	0
1350	V	0	0	0	0	0	0	0
1351	V	0	0	0	0	0	0	0
1352	L	0	0	0	0	0	0	0
1353	K	0	0	0	0	0	0	0
1354	R	0	0	0	0	0	0	0
1355	S	0	0	0	0	0	0	0
1356	D	0	0	0	0	0	0	0
1357	D	0	0	0	0	0	0	0
1358	G	0	0	0	0	0	0	0
1359	V	0	0	0	0	0	0	0
1360	F	0	0	0	0	0	0	0
1361	H	0	0	0	0	0	0	0
1362	I	0	0	0	0	0	0	0
1363	G	0	0	0	0	0	0	0
1364	A	0	0	0	0	0	0	0
1365	A	0	0	0	0	0	0	0
1366	A	0	0	0	0	0	0	0
1367	Q	0	0	0	0	0	0	0
1368	D	0	0	0	0	0	0	0
1369	K	0	0	0	0	0	0	0
1370	P	0	0	0	0	0	0	0
1371	S	0	0	0	0	0	0	0
1372	A	0	0	0	0	0	0	0
1373	E	0	0	0	0	0	0	0
1374	V	0	0	0	0	0	0	0
1375	L	0	0	0	0	0	0	0
1376	K	0	0	0	0	0	0	0
1377	S	0	0	0	0	0	0	0
1378	E	0	0	0	0	0	0	0
1379	K	0	0	0	0	0	0	0
1380	R	0	0	0	0	0	0	0
1381	Q	0	0	0	0	0	0	0
1382	P	0	0	0	0	0	0	0
1383	P	0	0	0	0	0	0	0
1384	K	0	0	0	0	0	0	0
1385	E	0	0	0	0	0	0	0
1386	Q	0	0	0	0	0	0	0
1387	V	0	0	0	0	0	0	0
1388	F	0	0	0	0	0	0	0
1389	L	0	0	0	0	0	0	0
1390	V	0	0	0	0	0	0	0
1391	P	0	0	0	0	0	0	0
1392	T	0	0	0	0	0	0	0
1393	G	0	0	0	0	0	0	0
1394	E	0	0	0	0	0	0	0
1395	V	0	0	0	0	0	0	0
1396	F	0	0	0	0	0	0	0
1397	E	0	0	0	0	0	0	0
1398	Q	0	0	0	0	0	0	0
1399	Q	0	0	0	0	0	0	0
1400	V	0	0	0	0	0	0	0
1401	K	0	0	0	0	0	0	0
1402	E	0	0	0	0	0	0	0
1403	L	0	0	0	0	0	0	0
1404	P	0	0	0	0	0	0	0
1405	I	0	0	0	0	0	0	0
1406	L	0	0	0	0	0	0	0
1407	Q	0	0	0	0	0	0	0
1408	K	0	0	0	0	0	0	0
1409	E	0	0	0	0	0	0	0
1410	L	0	0	0	0	0	0	0
1411	I	0	0	0	0	0	0	0
1412	E	0	0	0	0	0	0	0
1413	T	0	0	0	0	0	0	0
1414	K	0	0	0	0	0	0	0
1415	Q	0	0	0	0	0	0	0
1416	A	0	0	0	0	0	0	0
1417	L	0	0	0	0	0	0	0
1418	A	0	0	0	0	0	0	0
1419	N	0	0	0	0	0	0	0
1420	A	0	0	0	0	0	0	0
1421	N	0	0	0	0	0	0	0
1422	Q	0	0	0	0	0	0	0
1423	D	0	0	0	0	0	0	0
1424	K	0	0	0	0	0	0	0
1425	E	0	0	0	0	0	0	0
1426	K	0	0	0	0	0	0	0
1427	L	0	0	0	0	0	0	0
1428	L	0	0	0	0	0	0	0
1429	Q	0	0	0	0	0	0	0
1430	E	0	0	0	0	0	0	0
1431	I	0	0	0	0	0	0	0
1432	R	0	0	0	0	0	0	0
1433	K	0	0	0	0	0	0	0
1434	Y	0	0	0	0	0	0	0
1435	N	0	0	0	0	0	0	0
1436	P	0	0	0	0	0	0	0
1437	F	0	0	0	0	0	0	0
1438	F	0	0	0	0	0	0	0
1439	E	0	0	0	0	0	0	0
1440	L	0	0	0	0	0	0	0
