location	residue	Modification	seq	secStruc	RelatedDisease	VariantPosition	ResidueChange	DaPSbySAP
1	M	0	0	0	0	0	0	0
2	A	0	0	0	0	0	0	0
3	P	0	0	0	0	0	0	0
4	L	0	0	0	0	0	0	0
5	R	0	0	0	0	0	0	0
6	P	0	0	0	0	0	0	0
7	L	0	0	0	0	0	0	0
8	L	0	0	0	0	0	0	0
9	I	0	0	0	0	0	0	0
10	L	0	0	0	0	0	0	0
11	A	0	0	0	0	0	0	0
12	L	0	0	0	0	0	0	0
13	L	0	0	0	0	0	0	0
14	A	0	0	0	0	0	0	0
15	W	0	0	0	0	0	0	0
16	V	0	0	0	0	0	0	0
17	A	0	0	0	0	0	0	0
18	L	0	0	0	0	0	0	0
19	A	0	0	0	0	0	0	0
20	D	0	0	0	0	0	0	0
21	Q	0	0	0	0	0	0	0
22	E	0	0	0	0	0	0	0
23	S	0	0	0	0	0	0	0
24	C	0	0	0	0	0	0	0
25	K	0	0	0	0	0	0	0
26	G	0	0	0	0	0	0	0
27	R	0	0	0	0	0	0	0
28	C	0	0	0	0	0	0	0
29	T	0	0	0	0	0	0	0
30	E	0	0	0	0	0	0	0
31	G	0	0	0	0	0	0	0
32	F	0	0	0	0	0	0	0
33	N	0	0	0	0	0	0	0
34	V	0	0	0	0	0	0	0
35	D	0	0	0	0	0	0	0
36	K	0	0	0	0	0	0	0
37	K	0	0	0	0	0	0	0
38	C	0	0	0	0	0	0	0
39	Q	0	0	0	0	0	0	0
40	C	0	0	0	0	0	0	0
41	D	0	0	0	0	0	0	0
42	E	0	0	0	0	0	0	0
43	L	0	0	0	0	0	0	0
44	C	0	0	0	0	0	0	0
45	S	0	0	0	0	0	0	0
46	Y	0	0	0	0	0	0	0
47	Y	0	0	0	0	0	0	0
48	Q	0	0	0	0	0	0	0
49	S	0	0	0	0	0	0	0
50	C	0	0	0	0	0	0	0
51	C	0	0	0	0	0	0	0
52	T	0	0	0	0	0	0	0
53	D	0	0	0	0	0	0	0
54	Y	0	0	0	0	0	0	0
55	T	0	0	0	0	0	0	0
56	A	0	0	0	0	0	0	0
57	E	0	0	0	0	0	0	0
58	C	0	0	0	0	0	0	0
59	K	0	0	0	0	0	0	0
60	P	0	0	0	0	0	0	0
61	Q	0	0	0	0	0	0	0
62	V	0	0	0	0	0	0	0
63	T	0	0	0	0	0	0	0
64	R	0	0	0	0	0	0	0
65	G	0	0	0	0	0	0	0
66	D	0	0	0	0	0	0	0
67	V	0	0	0	0	0	0	0
68	F	0	0	0	0	0	0	0
69	T	Phosphothreonine	VTRGDVFTMPEDEYT	CCCCCCEECCCCEEE	0	0	0	0
70	M	0	0	0	0	0	0	0
71	P	0	0	0	0	0	0	0
72	E	0	0	0	0	0	0	0
73	D	0	0	0	0	0	0	0
74	E	0	0	0	0	0	0	0
75	Y	Sulfotyrosine	FTMPEDEYTVYDDGE	EECCCCEEEEECCCC	0	0	0	0
76	T	Phosphothreonine	TMPEDEYTVYDDGEE	ECCCCEEEEECCCCC	0	0	0	0
77	V	0	0	0	0	0	0	0
78	Y	Sulfotyrosine	PEDEYTVYDDGEEKN	CCCEEEEECCCCCCC	0	0	0	0
79	D	0	0	0	0	0	0	0
80	D	0	0	0	0	0	0	0
81	G	0	0	0	0	0	0	0
82	E	0	0	0	0	0	0	0
83	E	0	0	0	0	0	0	0
84	K	0	0	0	0	0	0	0
85	N	0	0	0	0	0	0	0
86	N	N-linked Glycosylation	DDGEEKNNATVHEQV	CCCCCCCCCCCEEEC	0	0	0	0
87	A	0	0	0	0	0	0	0
88	T	0	0	0	0	0	0	0
89	V	0	0	0	0	0	0	0
90	H	0	0	0	0	0	0	0
91	E	0	0	0	0	0	0	0
92	Q	0	0	0	0	0	0	0
93	V	0	0	0	0	0	0	0
94	G	0	0	0	0	0	0	0
95	G	0	0	0	0	0	0	0
96	P	0	0	0	0	0	0	0
97	S	0	0	0	0	0	0	0
98	L	0	0	0	0	0	0	0
99	T	0	0	0	0	0	0	0
100	S	0	0	0	0	0	0	0
101	D	0	0	0	0	0	0	0
102	L	0	0	0	0	0	0	0
103	Q	0	0	0	0	0	0	0
104	A	0	0	0	0	0	0	0
105	Q	0	0	0	0	0	0	0
106	S	Phosphoserine	TSDLQAQSKGNPEQT	HHHHHHHHCCCCCCC	0	0	0	0
107	K	0	0	0	0	0	0	0
108	G	0	0	0	0	0	0	0
109	N	0	0	0	0	0	0	0
110	P	0	0	0	0	0	0	0
111	E	0	0	0	0	0	0	0
112	Q	0	0	0	0	0	0	0
113	T	0	0	0	0	0	0	0
114	P	0	0	0	0	0	0	0
115	V	0	0	0	0	0	0	0
116	L	0	0	0	0	0	0	0
117	K	0	0	0	0	0	0	0
118	P	0	0	0	0	0	0	0
119	E	0	0	0	0	0	0	0
120	E	0	0	0	0	0	0	0
121	E	0	0	0	0	0	0	0
122	A	0	0	0	0	0	0	0
123	P	0	0	0	0	0	0	0
124	A	0	0	0	0	0	0	0
125	P	0	0	0	0	0	0	0
126	E	0	0	0	0	0	0	0
127	V	0	0	0	0	0	0	0
128	G	0	0	0	0	0	0	0
129	A	0	0	0	0	0	0	0
130	S	Phosphoserine	PAPEVGASKPEGIDS	CCCCCCCCCCCCCCC	0	0	0	0
131	K	0	0	0	0	0	0	0
132	P	0	0	0	0	0	0	0
133	E	0	0	0	0	0	0	0
134	G	0	0	0	0	0	0	0
135	I	0	0	0	0	0	0	0
136	D	0	0	0	0	0	0	0
137	S	Phosphoserine	SKPEGIDSRPETLHP	CCCCCCCCCCCCCCC	0	0	0	0
138	R	0	0	0	0	0	0	0
139	P	0	0	0	0	0	0	0
140	E	0	0	0	0	0	0	0
141	T	Phosphothreonine	GIDSRPETLHPGRPQ	CCCCCCCCCCCCCCC	0	0	0	0
142	L	0	0	0	0	0	0	0
143	H	0	0	0	0	0	0	0
144	P	0	0	0	0	0	0	0
145	G	N-linked Glycosylation	RPETLHPGRPQPPAE	CCCCCCCCCCCCCCH	0	0	0	0
146	R	0	0	0	0	0	0	0
147	P	0	0	0	0	0	0	0
148	Q	0	0	0	0	0	0	0
149	P	0	0	0	0	0	0	0
150	P	0	0	0	0	0	0	0
151	A	0	0	0	0	0	0	0
152	E	0	0	0	0	0	0	0
153	E	0	0	0	0	0	0	0
154	E	0	0	0	0	0	0	0
155	L	0	0	0	0	0	0	0
156	C	0	0	0	0	0	0	0
157	S	0	0	0	0	0	0	0
158	G	0	0	0	0	0	0	0
159	K	0	0	0	0	0	0	0
160	P	0	0	0	0	0	0	0
161	F	0	0	0	0	0	0	0
162	D	0	0	0	0	0	0	0
163	A	0	0	0	0	0	0	0
164	F	0	0	0	0	0	0	0
165	T	0	0	0	0	0	0	0
166	D	0	0	0	0	0	0	0
167	L	0	0	0	0	0	0	0
168	K	0	0	0	0	0	0	0
169	N	N-linked (GlcNAc)	DAFTDLKNGSLFAFR	CCCEECCCCCEEEEE	0	0	0	0
170	G	0	0	0	0	0	0	0
171	S	Phosphoserine	FTDLKNGSLFAFRGQ	CEECCCCCEEEEECC	0	0	0	0
172	L	0	0	0	0	0	0	0
173	F	0	0	0	0	0	0	0
174	A	0	0	0	0	0	0	0
175	F	0	0	0	0	0	0	0
176	R	0	0	0	0	0	0	0
177	G	0	0	0	0	0	0	0
178	Q	0	0	0	0	0	0	0
179	Y	Phosphotyrosine	LFAFRGQYCYELDEK	EEEEECCEEEEECHH	0	0	0	0
180	C	0	0	0	0	0	0	0
181	Y	0	0	0	0	0	0	0
182	E	0	0	0	0	0	0	0
183	L	0	0	0	0	0	0	0
184	D	0	0	0	0	0	0	0
185	E	0	0	0	0	0	0	0
186	K	0	0	0	0	0	0	0
187	A	0	0	0	0	0	0	0
188	V	0	0	0	0	0	0	0
189	R	0	0	0	0	0	0	0
190	P	0	0	0	0	0	0	0
191	G	0	0	0	0	0	0	0
192	Y	0	0	0	0	0	0	0
193	P	0	0	0	0	0	0	0
194	K	0	0	0	0	0	0	0
195	L	N-linked Glycosylation	VRPGYPKLIRDVWGI	HCCCCCHHHHHHHCC	0	0	0	0
196	I	0	0	0	0	0	0	0
197	R	0	0	0	0	0	0	0
198	D	0	0	0	0	0	0	0
199	V	0	0	0	0	0	0	0
200	W	0	0	0	0	0	0	0
201	G	0	0	0	0	0	0	0
202	I	0	0	0	0	0	0	0
203	E	0	0	0	0	0	0	0
204	G	0	0	0	0	0	0	0
205	P	0	0	0	0	0	0	0
206	I	0	0	0	0	0	0	0
207	D	0	0	0	0	0	0	0
208	A	0	0	0	0	0	0	0
209	A	0	0	0	0	0	0	0
210	F	0	0	0	0	0	0	0
211	T	0	0	0	0	0	0	0
212	R	0	0	0	0	0	0	0
213	I	0	0	0	0	0	0	0
214	N	0	0	0	0	0	0	0
215	C	0	0	0	0	0	0	0
216	Q	0	0	0	0	0	0	0
217	G	0	0	0	0	0	0	0
218	K	N6-acetyllysine	TRINCQGKTYLFKGS	EEEECCCCEEEECCC	0	0	0	0
219	T	Phosphothreonine	RINCQGKTYLFKGSQ	EEECCCCEEEECCCE	0	0	0	0
220	Y	0	0	0	0	0	0	0
221	L	0	0	0	0	0	0	0
222	F	0	0	0	0	0	0	0
223	K	0	0	0	0	0	0	0
224	G	0	0	0	0	0	0	0
225	S	0	0	0	0	0	0	0
226	Q	0	0	0	0	0	0	0
227	Y	0	0	0	0	0	0	0
228	W	0	0	0	0	0	0	0
229	R	0	0	0	0	0	0	0
230	F	0	0	0	0	0	0	0
231	E	0	0	0	0	0	0	0
232	D	0	0	0	0	0	0	0
233	G	0	0	0	0	0	0	0
234	V	0	0	0	0	0	0	0
235	L	0	0	0	0	0	0	0
236	D	0	0	0	0	0	0	0
237	P	0	0	0	0	0	0	0
238	D	0	0	0	0	0	0	0
239	Y	0	0	0	0	0	0	0
240	P	0	0	0	0	0	0	0
241	R	0	0	0	0	0	0	0
242	N	N-linked (GlcNAc)	LDPDYPRNISDGFDG	CCCCCCCCCCCCCCC	0	0	0	0
243	I	0	0	0	0	0	0	0
244	S	0	0	0	0	0	0	0
245	D	0	0	0	0	0	0	0
246	G	0	0	0	0	0	0	0
247	F	0	0	0	0	0	0	0
248	D	0	0	0	0	0	0	0
249	G	0	0	0	0	0	0	0
250	I	0	0	0	0	0	0	0
251	P	0	0	0	0	0	0	0
252	D	0	0	0	0	0	0	0
253	N	0	0	0	0	0	0	0
254	V	0	0	0	0	0	0	0
255	D	0	0	0	0	0	0	0
256	A	0	0	0	0	0	0	0
257	A	0	0	0	0	0	0	0
258	L	0	0	0	0	0	0	0
259	A	0	0	0	0	0	0	0
260	L	0	0	0	0	0	0	0
261	P	0	0	0	0	0	0	0
262	A	0	0	0	0	0	0	0
263	H	0	0	0	0	0	0	0
264	S	0	0	0	0	0	0	0
265	Y	0	0	0	0	0	0	0
266	S	0	0	0	0	0	0	0
267	G	0	0	0	0	0	0	0
268	R	0	0	0	0	0	0	0
269	E	0	0	0	0	0	0	0
270	R	0	0	0	0	0	0	0
271	V	0	0	0	0	0	0	0
272	Y	0	0	0	0	0	0	0
273	F	0	0	0	0	0	0	0
274	F	0	0	0	0	0	0	0
275	K	N6-acetyllysine	RERVYFFKGKQYWEY	CCEEEEEECCEEEEE	0	0	0	0
276	G	0	0	0	0	0	0	0
277	K	0	0	0	0	0	0	0
278	Q	0	0	0	0	0	0	0
279	Y	0	0	0	0	0	0	0
280	W	0	0	0	0	0	0	0
281	E	0	0	0	0	0	0	0
282	Y	0	0	0	0	0	0	0
283	Q	0	0	0	0	0	0	0
284	F	0	0	0	0	0	0	0
285	Q	0	0	0	0	0	0	0
286	H	0	0	0	0	0	0	0
287	Q	0	0	0	0	0	0	0
288	P	0	0	0	0	0	0	0
289	S	0	0	0	0	0	0	0
290	Q	0	0	0	0	0	0	0
291	E	0	0	0	0	0	0	0
292	E	0	0	0	0	0	0	0
293	C	0	0	0	0	0	0	0
294	E	0	0	0	0	0	0	0
295	G	0	0	0	0	0	0	0
296	S	0	0	0	0	0	0	0
297	S	0	0	0	0	0	0	0
298	L	0	0	0	0	0	0	0
299	S	0	0	0	0	0	0	0
300	A	0	0	0	0	0	0	0
301	V	0	0	0	0	0	0	0
302	F	0	0	0	0	0	0	0
303	E	0	0	0	0	0	0	0
304	H	0	0	0	0	0	0	0
305	F	0	0	0	0	0	0	0
306	A	0	0	0	0	0	0	0
307	M	0	0	0	0	0	0	0
308	M	0	0	0	0	0	0	0
309	Q	0	0	0	0	0	0	0
310	R	0	0	0	0	0	0	0
311	D	0	0	0	0	0	0	0
312	S	Phosphoserine	FAMMQRDSWEDIFEL	HHHHHCCCHHHHHHH	0	0	0	0
313	W	0	0	0	0	0	0	0
314	E	0	0	0	0	0	0	0
315	D	0	0	0	0	0	0	0
316	I	0	0	0	0	0	0	0
317	F	0	0	0	0	0	0	0
318	E	0	0	0	0	0	0	0
319	L	0	0	0	0	0	0	0
320	L	0	0	0	0	0	0	0
321	F	0	0	0	0	0	0	0
322	W	0	0	0	0	0	0	0
323	G	0	0	0	0	0	0	0
324	R	0	0	0	0	0	0	0
325	T	0	0	0	0	0	0	0
326	S	0	0	0	0	0	0	0
327	A	0	0	0	0	0	0	0
328	G	0	0	0	0	0	0	0
329	T	0	0	0	0	0	0	0
330	R	0	0	0	0	0	0	0
331	Q	0	0	0	0	0	0	0
332	P	0	0	0	0	0	0	0
333	Q	0	0	0	0	0	0	0
334	F	0	0	0	0	0	0	0
335	I	0	0	0	0	0	0	0
336	S	0	0	0	0	0	0	0
337	R	0	0	0	0	0	0	0
338	D	0	0	0	0	0	0	0
339	W	0	0	0	0	0	0	0
340	H	0	0	0	0	0	0	0
341	G	0	0	0	0	0	0	0
342	V	0	0	0	0	0	0	0
343	P	0	0	0	0	0	0	0
344	G	0	0	0	0	0	0	0
345	Q	0	0	0	0	0	0	0
346	V	0	0	0	0	0	0	0
347	D	0	0	0	0	0	0	0
348	A	0	0	0	0	0	0	0
349	A	0	0	0	0	0	0	0
350	M	0	0	0	0	0	0	0
351	A	0	0	0	0	0	0	0
352	G	0	0	0	0	0	0	0
353	R	0	0	0	0	0	0	0
354	I	0	0	0	0	0	0	0
355	Y	0	0	0	0	0	0	0
356	I	0	0	0	0	0	0	0
357	S	0	0	0	0	0	0	0
358	G	0	0	0	0	0	0	0
359	M	0	0	0	0	0	0	0
360	A	0	0	0	0	0	0	0
361	P	0	0	0	0	0	0	0
362	R	0	0	0	0	0	0	0
363	P	0	0	0	0	0	0	0
364	S	0	0	0	0	0	0	0
365	L	0	0	0	0	0	0	0
366	A	0	0	0	0	0	0	0
367	K	0	0	0	0	0	0	0
368	K	0	0	0	0	0	0	0
369	Q	0	0	0	0	0	0	0
370	R	0	0	0	0	0	0	0
371	F	0	0	0	0	0	0	0
372	R	0	0	0	0	0	0	0
373	H	0	0	0	0	0	0	0
374	R	0	0	0	0	0	0	0
375	N	0	0	0	0	0	0	0
376	R	0	0	0	0	0	0	0
377	K	0	0	0	0	0	0	0
378	G	0	0	0	0	0	0	0
379	Y	0	0	0	0	0	0	0
380	R	0	0	0	0	0	0	0
381	S	Phosphoserine	RNRKGYRSQRGHSRG	HCCCCCHHHCCCCCC	0	0	0	0
382	Q	0	0	0	0	0	0	0
383	R	0	0	0	0	0	0	0
384	G	0	0	0	0	0	0	0
385	H	0	0	0	0	0	0	0
386	S	Phosphoserine	YRSQRGHSRGRNQNS	CHHHCCCCCCCCCCC	0	0	0	0
387	R	0	0	0	0	0	0	0
388	G	0	0	0	0	0	0	0
389	R	0	0	0	0	0	0	0
390	N	0	0	0	0	0	0	0
391	Q	0	0	0	0	0	0	0
392	N	0	0	0	0	0	0	0
393	S	Phosphoserine	SRGRNQNSRRPSRAT	CCCCCCCCCCCCHHH	Osteoprotegerin levels:osteoprotegerin measurement	400 (7)	0	0
394	R	0	0	0	0	0	0	0
395	R	0	0	0	0	0	0	0
396	P	0	0	0	0	0	0	0
397	S	Phosphoserine	NQNSRRPSRATWLSL	CCCCCCCCHHHHHHH	Osteoprotegerin levels:osteoprotegerin measurement	400 (3)	0	0
398	R	0	0	0	0	0	0	0
399	A	0	0	0	0	0	0	0
400	T	0	0	0	0	0	M	393,397
401	W	0	0	0	0	0	0	0
402	L	0	0	0	0	0	0	0
403	S	0	0	0	0	0	0	0
404	L	0	0	0	0	0	0	0
405	F	0	0	0	0	0	0	0
406	S	0	0	0	0	0	0	0
407	S	0	0	0	0	0	0	0
408	E	0	0	0	0	0	0	0
409	E	0	0	0	0	0	0	0
410	S	0	0	0	0	0	0	0
411	N	0	0	0	0	0	0	0
412	L	0	0	0	0	0	0	0
413	G	0	0	0	0	0	0	0
414	A	0	0	0	0	0	0	0
415	N	0	0	0	0	0	0	0
416	N	0	0	0	0	0	0	0
417	Y	0	0	0	0	0	0	0
418	D	0	0	0	0	0	0	0
419	D	0	0	0	0	0	0	0
420	Y	0	0	0	0	0	0	0
421	R	0	0	0	0	0	0	0
422	M	0	0	0	0	0	0	0
423	D	0	0	0	0	0	0	0
424	W	0	0	0	0	0	0	0
425	L	0	0	0	0	0	0	0
426	V	0	0	0	0	0	0	0
427	P	0	0	0	0	0	0	0
428	A	0	0	0	0	0	0	0
429	T	0	0	0	0	0	0	0
430	C	0	0	0	0	0	0	0
431	E	0	0	0	0	0	0	0
432	P	0	0	0	0	0	0	0
433	I	0	0	0	0	0	0	0
434	Q	0	0	0	0	0	0	0
435	S	0	0	0	0	0	0	0
436	V	0	0	0	0	0	0	0
437	F	0	0	0	0	0	0	0
438	F	0	0	0	0	0	0	0
439	F	0	0	0	0	0	0	0
440	S	0	0	0	0	0	0	0
441	G	0	0	0	0	0	0	0
442	D	0	0	0	0	0	0	0
443	K	0	0	0	0	0	0	0
444	Y	0	0	0	0	0	0	0
445	Y	0	0	0	0	0	0	0
446	R	0	0	0	0	0	0	0
447	V	0	0	0	0	0	0	0
448	N	0	0	0	0	0	0	0
449	L	0	0	0	0	0	0	0
450	R	0	0	0	0	0	0	0
451	T	0	0	0	0	0	0	0
452	R	0	0	0	0	0	0	0
453	R	0	0	0	0	0	0	0
454	V	0	0	0	0	0	0	0
455	D	0	0	0	0	0	0	0
456	T	0	0	0	0	0	0	0
457	V	0	0	0	0	0	0	0
458	D	0	0	0	0	0	0	0
459	P	0	0	0	0	0	0	0
460	P	0	0	0	0	0	0	0
461	Y	0	0	0	0	0	0	0
462	P	0	0	0	0	0	0	0
463	R	0	0	0	0	0	0	0
464	S	0	0	0	0	0	0	0
465	I	0	0	0	0	0	0	0
466	A	0	0	0	0	0	0	0
467	Q	0	0	0	0	0	0	0
468	Y	0	0	0	0	0	0	0
469	W	0	0	0	0	0	0	0
470	L	0	0	0	0	0	0	0
471	G	0	0	0	0	0	0	0
472	C	0	0	0	0	0	0	0
473	P	0	0	0	0	0	0	0
474	A	0	0	0	0	0	0	0
475	P	0	0	0	0	0	0	0
476	G	0	0	0	0	0	0	0
477	H	0	0	0	0	0	0	0
478	L	0	0	0	0	0	0	0
