location	residue	Modification	seq	secStruc	RelatedDisease	VariantPosition	ResidueChange	DaPSbySAP
1	M	0	0	0	0	0	0	0
2	S	N-acetylserine	------MSEKKLETT	------CCHHHHHHH	0	0	0	0
3	E	0	0	0	0	0	0	0
4	K	0	0	0	0	0	0	0
5	K	0	0	0	0	0	0	0
6	L	0	0	0	0	0	0	0
7	E	0	0	0	0	0	0	0
8	T	0	0	0	0	0	0	0
9	T	0	0	0	0	0	0	0
10	A	0	0	0	0	0	0	0
11	Q	0	0	0	0	0	0	0
12	Q	0	0	0	0	0	0	0
13	R	0	0	0	0	0	0	0
14	K	0	0	0	0	0	0	0
15	C	0	0	0	0	0	0	0
16	P	0	0	0	0	0	0	0
17	E	0	0	0	0	0	0	0
18	W	0	0	0	0	0	0	0
19	M	0	0	0	0	0	0	0
20	N	0	0	0	0	0	0	0
21	V	0	0	0	0	0	0	0
22	Q	0	0	0	0	0	0	0
23	N	0	0	0	0	0	0	0
24	K	0	0	0	0	0	0	0
25	R	0	0	0	0	0	0	0
26	C	0	0	0	0	0	0	0
27	A	0	0	0	0	0	0	0
28	V	0	0	0	0	0	0	0
29	E	0	0	0	0	0	0	0
30	E	0	0	0	0	0	0	0
31	R	0	0	0	0	0	0	0
32	K	N-acetyllysine	RCAVEERKACVRKSV	CHHHHHHHHHHHHHH	0	0	0	0
33	A	0	0	0	0	0	0	0
34	C	0	0	0	0	0	0	0
35	V	0	0	0	0	0	0	0
36	R	0	0	0	0	0	0	0
37	K	0	0	0	0	0	0	0
38	S	0	0	0	0	0	0	0
39	V	0	0	0	0	0	0	0
40	F	0	0	0	0	0	0	0
41	E	0	0	0	0	0	0	0
42	D	0	0	0	0	0	0	0
43	D	0	0	0	0	0	0	0
44	L	0	0	0	0	0	0	0
45	P	0	0	0	0	0	0	0
46	F	0	0	0	0	0	0	0
47	L	0	0	0	0	0	0	0
48	E	0	0	0	0	0	0	0
49	F	0	0	0	0	0	0	0
50	T	0	0	0	0	0	0	0
51	G	0	0	0	0	0	0	0
52	S	0	0	0	0	0	0	0
53	I	0	0	0	0	0	0	0
54	V	0	0	0	0	0	0	0
55	Y	0	0	0	0	0	0	0
56	S	0	0	0	0	0	0	0
57	Y	0	0	0	0	0	0	0
58	D	0	0	0	0	0	0	0
59	A	0	0	0	0	0	0	0
60	S	0	0	0	0	0	0	0
61	D	0	0	0	0	0	0	0
62	C	0	0	0	0	0	0	0
63	S	0	0	0	0	0	0	0
64	F	0	0	0	0	0	0	0
65	L	0	0	0	0	0	0	0
66	S	0	0	0	0	0	0	0
67	E	0	0	0	0	0	0	0
68	D	0	0	0	0	0	0	0
69	I	0	0	0	0	0	0	0
70	S	0	0	0	0	0	0	0
71	M	0	0	0	0	0	0	0
72	S	0	0	0	0	0	0	0
73	L	0	0	0	0	0	0	0
74	S	0	0	0	0	0	0	0
75	D	0	0	0	0	0	0	0
76	G	0	0	0	0	0	0	0
77	D	0	0	0	0	0	0	0
78	V	0	0	0	0	0	0	0
79	V	0	0	0	0	0	0	0
80	G	0	0	0	0	0	0	0
81	F	0	0	0	0	0	0	0
82	D	0	0	0	0	0	0	0
83	M	0	0	0	0	0	0	0
84	E	0	0	0	0	0	0	0
85	W	0	0	0	0	0	0	0
86	P	0	0	0	0	0	0	0
87	P	0	0	0	0	0	0	0
88	L	0	0	0	0	0	0	0
89	Y	0	0	0	0	0	0	0
90	N	0	0	0	0	0	0	0
91	R	0	0	0	0	0	0	0
92	G	0	0	0	0	0	0	0
93	K	0	0	0	0	0	0	0
94	L	0	0	0	0	0	0	0
95	G	0	0	0	0	0	0	0
96	K	0	0	0	0	0	0	0
97	V	0	0	0	0	0	0	0
98	A	0	0	0	0	0	0	0
99	L	0	0	0	0	0	0	0
100	I	0	0	0	0	0	0	0
101	Q	0	0	0	0	0	0	0
102	L	0	0	0	0	0	0	0
103	C	0	0	0	0	0	0	0
104	V	0	0	0	0	0	0	0
105	S	0	0	0	0	0	0	0
106	E	0	0	0	0	0	0	0
107	S	0	0	0	0	0	0	0
108	K	0	0	0	0	0	0	0
109	C	0	0	0	0	0	0	0
110	Y	0	0	0	0	0	0	0
111	L	0	0	0	0	0	0	0
112	F	0	0	0	0	0	0	0
113	H	0	0	0	0	0	0	0
114	V	0	0	0	0	0	0	0
115	S	0	0	0	0	0	0	0
116	S	0	0	0	0	0	0	0
117	M	0	0	0	0	0	0	0
118	S	0	0	0	0	0	0	0
119	V	0	0	0	0	0	0	0
120	F	0	0	0	0	0	0	0
121	P	0	0	0	0	0	0	0
122	Q	0	0	0	0	0	0	0
123	G	0	0	0	0	0	0	0
124	L	0	0	0	0	0	0	0
125	K	0	0	0	0	0	0	0
126	M	0	0	0	0	0	0	0
127	L	0	0	0	0	0	0	0
128	L	0	0	0	0	0	0	0
129	E	0	0	0	0	0	0	0
130	N	0	0	0	0	0	0	0
131	K	0	0	0	0	0	0	0
132	A	0	0	0	0	0	0	0
133	V	0	0	0	0	0	0	0
134	K	0	0	0	0	0	0	0
135	K	0	0	0	0	0	0	0
136	A	0	0	0	0	0	0	0
137	G	0	0	0	0	0	0	0
138	V	0	0	0	0	0	0	0
139	G	0	0	0	0	0	0	0
140	I	0	0	0	0	0	0	0
141	E	0	0	0	0	0	0	0
142	G	0	0	0	0	0	0	0
143	D	0	0	0	0	0	0	0
144	Q	0	0	0	0	0	0	0
145	W	0	0	0	0	0	0	0
146	K	0	0	0	0	0	0	0
147	L	0	0	0	0	0	0	0
148	L	0	0	0	0	0	0	0
149	R	0	0	0	0	0	0	0
150	D	0	0	0	0	0	0	0
151	F	0	0	0	0	0	0	0
152	D	0	0	0	0	0	0	0
153	I	0	0	0	0	0	0	0
154	K	Sumoyllysine	LLRDFDIKLKNFVEL	CHHHCCCEECCEEEH	0	0	0	0
155	L	0	0	0	0	0	0	0
156	K	0	0	0	0	0	0	0
157	N	0	0	0	0	0	0	0
158	F	0	0	0	0	0	0	0
159	V	0	0	0	0	0	0	0
160	E	0	0	0	0	0	0	0
161	L	0	0	0	0	0	0	0
162	T	0	0	0	0	0	0	0
163	D	0	0	0	0	0	0	0
164	V	0	0	0	0	0	0	0
165	A	0	0	0	0	0	0	0
166	N	0	0	0	0	0	0	0
167	K	0	0	0	0	0	0	0
168	K	0	0	0	0	0	0	0
169	L	0	0	0	0	0	0	0
170	K	0	0	0	0	0	0	0
171	C	0	0	0	0	0	0	0
172	T	0	0	0	0	0	0	0
173	E	0	0	0	0	0	0	0
174	T	0	0	0	0	0	0	0
175	W	0	0	0	0	0	0	0
176	S	0	0	0	0	0	0	0
177	L	0	0	0	0	0	0	0
178	N	0	0	0	0	0	0	0
179	S	0	0	0	0	0	0	0
180	L	0	0	0	0	0	0	0
181	V	0	0	0	0	0	0	0
182	K	0	0	0	0	0	0	0
183	H	0	0	0	0	0	0	0
184	L	0	0	0	0	0	0	0
185	L	0	0	0	0	0	0	0
186	G	0	0	0	0	0	0	0
187	K	0	0	0	0	0	0	0
188	Q	0	0	0	0	0	0	0
189	L	0	0	0	0	0	0	0
190	L	0	0	0	0	0	0	0
191	K	0	0	0	0	0	0	0
192	D	0	0	0	0	0	0	0
193	K	0	0	0	0	0	0	0
194	S	0	0	0	0	0	0	0
195	I	0	0	0	0	0	0	0
196	R	0	0	0	0	0	0	0
197	C	0	0	0	0	0	0	0
198	S	0	0	0	0	0	0	0
199	N	0	0	0	0	0	0	0
200	W	0	0	0	0	0	0	0
201	S	0	0	0	0	0	0	0
202	K	0	0	0	0	0	0	0
203	F	0	0	0	0	0	0	0
204	P	0	0	0	0	0	0	0
205	L	0	0	0	0	0	0	0
206	T	0	0	0	0	0	0	0
207	E	0	0	0	0	0	0	0
208	D	0	0	0	0	0	0	0
209	Q	0	0	0	0	0	0	0
210	K	0	0	0	0	0	0	0
211	L	0	0	0	0	0	0	0
212	Y	0	0	0	0	0	0	0
213	A	0	0	0	0	0	0	0
214	A	0	0	0	0	0	0	0
215	T	0	0	0	0	0	0	0
216	D	0	0	0	0	0	0	0
217	A	0	0	0	0	0	0	0
218	Y	0	0	0	0	0	0	0
219	A	0	0	0	0	0	0	0
220	G	0	0	0	0	0	0	0
221	F	0	0	0	0	0	0	0
222	I	0	0	0	0	0	0	0
223	I	0	0	0	0	0	0	0
224	Y	0	0	0	0	0	0	0
225	R	0	0	0	0	0	0	0
226	N	0	0	0	0	0	0	0
227	L	0	0	0	0	0	0	0
228	E	0	0	0	0	0	0	0
229	I	0	0	0	0	0	0	0
230	L	0	0	0	0	0	0	0
231	D	0	0	0	0	0	0	0
232	D	0	0	0	0	0	0	0
233	T	0	0	0	0	0	0	0
234	V	0	0	0	0	0	0	0
235	Q	0	0	0	0	0	0	0
236	R	0	0	0	0	0	0	0
237	F	0	0	0	0	0	0	0
238	A	0	0	0	0	0	0	0
239	I	0	0	0	0	0	0	0
240	N	0	0	0	0	0	0	0
241	K	Ubiquitinlysine	VQRFAINKEEEILLS	HHHHCCCHHHHHHHH	0	0	0	0
242	E	0	0	0	0	0	0	0
243	E	0	0	0	0	0	0	0
244	E	0	0	0	0	0	0	0
245	I	0	0	0	0	0	0	0
246	L	0	0	0	0	0	0	0
247	L	0	0	0	0	0	0	0
248	S	Phosphoserine	KEEEILLSDMNKQLT	HHHHHHHHHHHHHHH	0	0	0	0
249	D	0	0	0	0	0	0	0
250	M	0	0	0	0	0	0	0
251	N	0	0	0	0	0	0	0
252	K	Sumoyllysine	ILLSDMNKQLTSISE	HHHHHHHHHHHHHCH	0	0	0	0
253	Q	0	0	0	0	0	0	0
254	L	0	0	0	0	0	0	0
255	T	0	0	0	0	0	0	0
256	S	0	0	0	0	0	0	0
257	I	0	0	0	0	0	0	0
258	S	0	0	0	0	0	0	0
259	E	0	0	0	0	0	0	0
260	E	0	0	0	0	0	0	0
261	V	0	0	0	0	0	0	0
262	M	0	0	0	0	0	0	0
263	D	0	0	0	0	0	0	0
264	L	0	0	0	0	0	0	0
265	A	0	0	0	0	0	0	0
266	K	0	0	0	0	0	0	0
267	H	0	0	0	0	0	0	0
268	L	0	0	0	0	0	0	0
269	P	0	0	0	0	0	0	0
270	H	0	0	0	0	0	0	0
271	A	0	0	0	0	0	0	0
272	F	0	0	0	0	0	0	0
273	S	0	0	0	0	0	0	0
274	K	0	0	0	0	0	0	0
275	L	0	0	0	0	0	0	0
276	E	0	0	0	0	0	0	0
277	N	0	0	0	0	0	0	0
278	P	0	0	0	0	0	0	0
279	R	0	0	0	0	0	0	0
280	R	0	0	0	0	0	0	0
281	V	0	0	0	0	0	0	0
282	S	Phosphoserine	LENPRRVSILLKDIS	CCCHHHHEEEEHHHH	0	0	0	0
283	I	0	0	0	0	0	0	0
284	L	0	0	0	0	0	0	0
285	L	0	0	0	0	0	0	0
286	K	0	0	0	0	0	0	0
287	D	0	0	0	0	0	0	0
288	I	0	0	0	0	0	0	0
289	S	0	0	0	0	0	0	0
290	E	0	0	0	0	0	0	0
291	N	0	0	0	0	0	0	0
292	L	0	0	0	0	0	0	0
293	Y	0	0	0	0	0	0	0
294	S	0	0	0	0	0	0	0
295	L	0	0	0	0	0	0	0
296	R	0	0	0	0	0	0	0
297	R	0	0	0	0	0	0	0
298	M	0	0	0	0	0	0	0
299	I	0	0	0	0	0	0	0
300	I	0	0	0	0	0	0	0
301	G	0	0	0	0	0	0	0
302	S	0	0	0	0	0	0	0
303	T	0	0	0	0	0	0	0
304	N	0	0	0	0	0	0	0
305	I	0	0	0	0	0	0	0
306	E	0	0	0	0	0	0	0
307	T	0	0	0	0	0	0	0
308	E	0	0	0	0	0	0	0
309	L	0	0	0	0	0	0	0
310	R	0	0	0	0	0	0	0
311	P	0	0	0	0	0	0	0
312	S	0	0	0	0	0	0	0
313	N	0	0	0	0	0	0	0
314	N	0	0	0	0	0	0	0
315	L	0	0	0	0	0	0	0
316	N	0	0	0	0	0	0	0
317	L	0	0	0	0	0	0	0
318	L	0	0	0	0	0	0	0
319	S	Phosphoserine	SNNLNLLSFEDSTTG	CCCCCEEEEECCCCC	0	0	0	0
320	F	0	0	0	0	0	0	0
321	E	0	0	0	0	0	0	0
322	D	0	0	0	0	0	0	0
323	S	0	0	0	0	0	0	0
324	T	0	0	0	0	0	0	0
325	T	0	0	0	0	0	0	0
326	G	0	0	0	0	0	0	0
327	G	0	0	0	0	0	0	0
328	V	0	0	0	0	0	0	0
329	Q	0	0	0	0	0	0	0
330	Q	0	0	0	0	0	0	0
331	K	0	0	0	0	0	0	0
332	Q	0	0	0	0	0	0	0
333	I	0	0	0	0	0	0	0
334	R	0	0	0	0	0	0	0
335	E	0	0	0	0	0	0	0
336	H	0	0	0	0	0	0	0
337	E	0	0	0	0	0	0	0
338	V	0	0	0	0	0	0	0
339	L	0	0	0	0	0	0	0
340	I	0	0	0	0	0	0	0
341	H	0	0	0	0	0	0	0
342	V	0	0	0	0	0	0	0
343	E	0	0	0	0	0	0	0
344	D	0	0	0	0	0	0	0
345	E	0	0	0	0	0	0	0
346	T	0	0	0	0	0	0	0
347	W	0	0	0	0	0	0	0
348	D	0	0	0	0	0	0	0
349	P	0	0	0	0	0	0	0
350	T	0	0	0	0	0	0	0
351	L	0	0	0	0	0	0	0
352	D	0	0	0	0	0	0	0
353	H	0	0	0	0	0	0	0
354	L	0	0	0	0	0	0	0
355	A	0	0	0	0	0	0	0
356	K	0	0	0	0	0	0	0
357	H	0	0	0	0	0	0	0
358	D	0	0	0	0	0	0	0
359	G	0	0	0	0	0	0	0
360	E	0	0	0	0	0	0	0
361	D	0	0	0	0	0	0	0
362	V	0	0	0	0	0	0	0
363	L	0	0	0	0	0	0	0
364	G	0	0	0	0	0	0	0
365	N	0	0	0	0	0	0	0
366	K	Ubiquitinlysine	GEDVLGNKVERKEDG	CCCCCCCCCEECCCC	0	0	0	0
367	V	0	0	0	0	0	0	0
368	E	0	0	0	0	0	0	0
369	R	0	0	0	0	0	0	0
370	K	0	0	0	0	0	0	0
371	E	0	0	0	0	0	0	0
372	D	0	0	0	0	0	0	0
373	G	0	0	0	0	0	0	0
374	F	0	0	0	0	0	0	0
375	E	0	0	0	0	0	0	0
376	D	0	0	0	0	0	0	0
377	G	0	0	0	0	0	0	0
378	V	0	0	0	0	0	0	0
379	E	0	0	0	0	0	0	0
380	D	0	0	0	0	0	0	0
381	N	0	0	0	0	0	0	0
382	K	Ubiquitinlysine	EDGVEDNKLKENMER	CCCCCCCHHHHHHHH	0	0	0	0
383	L	0	0	0	0	0	0	0
384	K	0	0	0	0	0	0	0
385	E	0	0	0	0	0	0	0
386	N	0	0	0	0	0	0	0
387	M	0	0	0	0	0	0	0
388	E	0	0	0	0	0	0	0
389	R	0	0	0	0	0	0	0
390	A	0	0	0	0	0	0	0
391	C	0	0	0	0	0	0	0
392	L	0	0	0	0	0	0	0
393	M	0	0	0	0	0	0	0
394	S	0	0	0	0	0	0	0
395	L	0	0	0	0	0	0	0
396	D	0	0	0	0	0	0	0
397	I	0	0	0	0	0	0	0
398	T	0	0	0	0	0	0	0
399	E	0	0	0	0	0	0	0
400	H	0	0	0	0	0	0	0
401	E	0	0	0	0	0	0	0
402	L	0	0	0	0	0	0	0
403	Q	0	0	0	0	0	0	0
404	I	0	0	0	0	0	0	0
405	L	0	0	0	0	0	0	0
406	E	0	0	0	0	0	0	0
407	Q	0	0	0	0	0	0	0
408	Q	0	0	0	0	0	0	0
409	S	Phosphoserine	LQILEQQSQEEYLSD	HHHHHHHCHHHHHHH	0	0	0	0
410	Q	0	0	0	0	0	0	0
411	E	0	0	0	0	0	0	0
412	E	0	0	0	0	0	0	0
413	Y	0	0	0	0	0	0	0
414	L	0	0	0	0	0	0	0
415	S	0	0	0	0	0	0	0
416	D	0	0	0	0	0	0	0
417	I	0	0	0	0	0	0	0
418	A	0	0	0	0	0	0	0
419	Y	0	0	0	0	0	0	0
420	K	0	0	0	0	0	0	0
421	S	Phosphoserine	LSDIAYKSTEHLSPN	HHHHHHHCCCCCCCC	0	0	0	0
422	T	Phosphothreonine	SDIAYKSTEHLSPND	HHHHHHCCCCCCCCC	0	0	0	0
423	E	0	0	0	0	0	0	0
424	H	0	0	0	0	0	0	0
425	L	0	0	0	0	0	0	0
426	S	Phosphoserine	YKSTEHLSPNDNEND	HHCCCCCCCCCCCCC	0	0	0	0
427	P	0	0	0	0	0	0	0
428	N	0	0	0	0	0	0	0
429	D	0	0	0	0	0	0	0
430	N	0	0	0	0	0	0	0
431	E	0	0	0	0	0	0	0
432	N	0	0	0	0	0	0	0
433	D	0	0	0	0	0	0	0
434	T	Phosphothreonine	PNDNENDTSYVIESD	CCCCCCCCCEEEECC	0	0	0	0
435	S	Phosphoserine	NDNENDTSYVIESDE	CCCCCCCCEEEECCH	0	0	0	0
436	Y	Phosphotyrosine	DNENDTSYVIESDED	CCCCCCCEEEECCHH	0	0	0	0
437	V	0	0	0	0	0	0	0
438	I	0	0	0	0	0	0	0
439	E	0	0	0	0	0	0	0
440	S	Phosphoserine	DTSYVIESDEDLEME	CCCEEEECCHHHHHH	0	0	0	0
441	D	0	0	0	0	0	0	0
442	E	0	0	0	0	0	0	0
443	D	0	0	0	0	0	0	0
444	L	0	0	0	0	0	0	0
445	E	0	0	0	0	0	0	0
446	M	0	0	0	0	0	0	0
447	E	0	0	0	0	0	0	0
448	M	0	0	0	0	0	0	0
449	L	0	0	0	0	0	0	0
450	K	0	0	0	0	0	0	0
451	H	0	0	0	0	0	0	0
452	L	0	0	0	0	0	0	0
453	S	Phosphoserine	MEMLKHLSPNDNEND	HHHHHHCCCCCCCCC	0	0	0	0
454	P	0	0	0	0	0	0	0
455	N	0	0	0	0	0	0	0
456	D	0	0	0	0	0	0	0
457	N	0	0	0	0	0	0	0
458	E	0	0	0	0	0	0	0
459	N	0	0	0	0	0	0	0
460	D	0	0	0	0	0	0	0
461	T	0	0	0	0	0	0	0
462	S	0	0	0	0	0	0	0
463	Y	0	0	0	0	0	0	0
464	V	0	0	0	0	0	0	0
465	I	0	0	0	0	0	0	0
466	E	0	0	0	0	0	0	0
467	S	Phosphoserine	DTSYVIESDEDLEME	CCCEEECCCHHHHHH	0	0	0	0
468	D	0	0	0	0	0	0	0
469	E	0	0	0	0	0	0	0
470	D	0	0	0	0	0	0	0
471	L	0	0	0	0	0	0	0
472	E	0	0	0	0	0	0	0
473	M	0	0	0	0	0	0	0
474	E	0	0	0	0	0	0	0
475	M	0	0	0	0	0	0	0
476	L	0	0	0	0	0	0	0
477	K	0	0	0	0	0	0	0
478	S	Phosphoserine	LEMEMLKSLENLNSG	HHHHHHHHHHCCCCC	0	0	0	0
479	L	0	0	0	0	0	0	0
480	E	0	0	0	0	0	0	0
481	N	0	0	0	0	0	0	0
482	L	0	0	0	0	0	0	0
483	N	0	0	0	0	0	0	0
484	S	0	0	0	0	0	0	0
485	G	0	0	0	0	0	0	0
486	T	Phosphothreonine	LENLNSGTVEPTHSK	HHCCCCCCCCCCHHH	0	0	0	0
487	V	0	0	0	0	0	0	0
488	E	0	0	0	0	0	0	0
489	P	0	0	0	0	0	0	0
490	T	Phosphothreonine	NSGTVEPTHSKCLKM	CCCCCCCCHHHHHHH	0	0	0	0
491	H	0	0	0	0	0	0	0
492	S	0	0	0	0	0	0	0
493	K	N6-acetyllysine	TVEPTHSKCLKMERN	CCCCCHHHHHHHHHH	0	0	0	0
494	C	0	0	0	0	0	0	0
495	L	0	0	0	0	0	0	0
496	K	0	0	0	0	0	0	0
497	M	0	0	0	0	0	0	0
498	E	0	0	0	0	0	0	0
499	R	0	0	0	0	0	0	0
500	N	0	0	0	0	0	0	0
501	L	0	0	0	0	0	0	0
502	G	0	0	0	0	0	0	0
503	L	0	0	0	0	0	0	0
504	P	0	0	0	0	0	0	0
505	T	0	0	0	0	0	0	0
506	K	0	0	0	0	0	0	0
507	E	0	0	0	0	0	0	0
508	E	0	0	0	0	0	0	0
509	E	0	0	0	0	0	0	0
510	E	0	0	0	0	0	0	0
511	D	0	0	0	0	0	0	0
512	D	0	0	0	0	0	0	0
513	E	0	0	0	0	0	0	0
514	N	0	0	0	0	0	0	0
515	E	0	0	0	0	0	0	0
516	A	0	0	0	0	0	0	0
517	N	0	0	0	0	0	0	0
518	E	0	0	0	0	0	0	0
519	G	0	0	0	0	0	0	0
520	E	0	0	0	0	0	0	0
521	E	0	0	0	0	0	0	0
522	D	0	0	0	0	0	0	0
523	D	0	0	0	0	0	0	0
524	D	0	0	0	0	0	0	0
525	K	0	0	0	0	0	0	0
526	D	0	0	0	0	0	0	0
527	F	0	0	0	0	0	0	0
528	L	0	0	0	0	0	0	0
529	W	0	0	0	0	0	0	0
530	P	0	0	0	0	0	0	0
531	A	0	0	0	0	0	0	0
532	P	0	0	0	0	0	0	0
533	N	0	0	0	0	0	0	0
534	E	0	0	0	0	0	0	0
535	E	0	0	0	0	0	0	0
536	Q	0	0	0	0	0	0	0
537	V	0	0	0	0	0	0	0
538	T	0	0	0	0	0	0	0
539	C	0	0	0	0	0	0	0
540	L	0	0	0	0	0	0	0
541	K	0	0	0	0	0	0	0
542	M	0	0	0	0	0	0	0
543	Y	0	0	0	0	0	0	0
544	F	0	0	0	0	0	0	0
545	G	0	0	0	0	0	0	0
546	H	0	0	0	0	0	0	0
547	S	0	0	0	0	0	0	0
548	S	0	0	0	0	0	0	0
549	F	0	0	0	0	0	0	0
550	K	0	0	0	0	0	0	0
551	P	0	0	0	0	0	0	0
552	V	0	0	0	0	0	0	0
553	Q	0	0	0	0	0	0	0
554	W	0	0	0	0	0	0	0
555	K	0	0	0	0	0	0	0
556	V	0	0	0	0	0	0	0
557	I	0	0	0	0	0	0	0
558	H	0	0	0	0	0	0	0
559	S	0	0	0	0	0	0	0
560	V	0	0	0	0	0	0	0
561	L	0	0	0	0	0	0	0
562	E	0	0	0	0	0	0	0
563	E	0	0	0	0	0	0	0
564	R	0	0	0	0	0	0	0
565	R	0	0	0	0	0	0	0
566	D	0	0	0	0	0	0	0
567	N	0	0	0	0	0	0	0
568	V	0	0	0	0	0	0	0
569	A	0	0	0	0	0	0	0
570	V	0	0	0	0	0	0	0
571	M	0	0	0	0	0	0	0
572	A	0	0	0	0	0	0	0
573	T	0	0	0	0	0	0	0
574	G	0	0	0	0	0	0	0
575	Y	0	0	0	0	0	0	0
576	G	0	0	0	0	0	0	0
577	K	0	0	0	0	0	0	0
578	S	0	0	0	0	0	0	0
579	L	0	0	0	0	0	0	0
580	C	0	0	0	0	0	0	0
581	F	0	0	0	0	0	0	0
582	Q	0	0	0	0	0	0	0
583	Y	0	0	0	0	0	0	0
584	P	0	0	0	0	0	0	0
585	P	0	0	0	0	0	0	0
586	V	0	0	0	0	0	0	0
587	Y	0	0	0	0	0	0	0
588	V	0	0	0	0	0	0	0
589	G	0	0	0	0	0	0	0
590	K	0	0	0	0	0	0	0
591	I	0	0	0	0	0	0	0
592	G	0	0	0	0	0	0	0
593	L	0	0	0	0	0	0	0
594	V	0	0	0	0	0	0	0
595	I	0	0	0	0	0	0	0
596	S	0	0	0	0	0	0	0
597	P	0	0	0	0	0	0	0
598	L	0	0	0	0	0	0	0
599	I	0	0	0	0	0	0	0
600	S	0	0	0	0	0	0	0
601	L	0	0	0	0	0	0	0
602	M	0	0	0	0	0	0	0
603	E	0	0	0	0	0	0	0
604	D	0	0	0	0	0	0	0
605	Q	0	0	0	0	0	0	0
606	V	0	0	0	0	0	0	0
607	L	0	0	0	0	0	0	0
608	Q	0	0	0	0	0	0	0
609	L	0	0	0	0	0	0	0
610	K	0	0	0	0	0	0	0
611	M	0	0	0	0	0	0	0
612	S	0	0	0	0	0	0	0
613	N	0	0	0	0	0	0	0
614	I	0	0	0	0	0	0	0
615	P	0	0	0	0	0	0	0
616	A	0	0	0	0	0	0	0
617	C	0	0	0	0	0	0	0
618	F	0	0	0	0	0	0	0
619	L	0	0	0	0	0	0	0
620	G	0	0	0	0	0	0	0
621	S	0	0	0	0	0	0	0
622	A	0	0	0	0	0	0	0
623	Q	0	0	0	0	0	0	0
624	S	0	0	0	0	0	0	0
625	E	0	0	0	0	0	0	0
626	N	0	0	0	0	0	0	0
627	V	0	0	0	0	0	0	0
628	L	0	0	0	0	0	0	0
629	T	0	0	0	0	0	0	0
630	D	0	0	0	0	0	0	0
631	I	0	0	0	0	0	0	0
632	K	0	0	0	0	0	0	0
633	L	0	0	0	0	0	0	0
634	G	0	0	0	0	0	0	0
635	K	0	0	0	0	0	0	0
636	Y	0	0	0	0	0	0	0
637	R	0	0	0	0	0	0	0
638	I	0	0	0	0	0	0	0
639	V	0	0	0	0	0	0	0
640	Y	0	0	0	0	0	0	0
641	V	0	0	0	0	0	0	0
642	T	0	0	0	0	0	0	0
643	P	0	0	0	0	0	0	0
644	E	0	0	0	0	0	0	0
645	Y	0	0	0	0	0	0	0
646	C	0	0	0	0	0	0	0
647	S	0	0	0	0	0	0	0
648	G	0	0	0	0	0	0	0
649	N	0	0	0	0	0	0	0
650	M	0	0	0	0	0	0	0
651	G	0	0	0	0	0	0	0
652	L	0	0	0	0	0	0	0
653	L	0	0	0	0	0	0	0
654	Q	0	0	0	0	0	0	0
655	Q	0	0	0	0	0	0	0
656	L	0	0	0	0	0	0	0
657	E	0	0	0	0	0	0	0
658	A	0	0	0	0	0	0	0
659	D	0	0	0	0	0	0	0
660	I	0	0	0	0	0	0	0
661	G	0	0	0	0	0	0	0
662	I	0	0	0	0	0	0	0
663	T	0	0	0	0	0	0	0
664	L	0	0	0	0	0	0	0
665	I	0	0	0	0	0	0	0
666	A	0	0	0	0	0	0	0
667	V	0	0	0	0	0	0	0
668	D	0	0	0	0	0	0	0
669	E	0	0	0	0	0	0	0
670	A	0	0	0	0	0	0	0
671	H	0	0	0	0	0	0	0
672	C	0	0	0	0	0	0	0
673	I	0	0	0	0	0	0	0
674	S	0	0	0	0	0	0	0
675	E	0	0	0	0	0	0	0
676	W	0	0	0	0	0	0	0
677	G	0	0	0	0	0	0	0
678	H	0	0	0	0	0	0	0
679	D	0	0	0	0	0	0	0
680	F	0	0	0	0	0	0	0
681	R	0	0	0	0	0	0	0
682	D	0	0	0	0	0	0	0
683	S	0	0	0	0	0	0	0
684	F	0	0	0	0	0	0	0
685	R	0	0	0	0	0	0	0
686	K	0	0	0	0	0	0	0
687	L	0	0	0	0	0	0	0
688	G	0	0	0	0	0	0	0
689	S	Phosphoserine	DSFRKLGSLKTALPM	HHHHHHCCHHHHCCC	0	0	0	0
690	L	0	0	0	0	0	0	0
691	K	0	0	0	0	0	0	0
692	T	Phosphothreonine	RKLGSLKTALPMVPI	HHHCCHHHHCCCCCE	0	0	0	0
693	A	0	0	0	0	0	0	0
694	L	0	0	0	0	0	0	0
695	P	0	0	0	0	0	0	0
696	M	0	0	0	0	0	0	0
697	V	0	0	0	0	0	0	0
698	P	0	0	0	0	0	0	0
699	I	0	0	0	0	0	0	0
700	V	0	0	0	0	0	0	0
701	A	0	0	0	0	0	0	0
702	L	0	0	0	0	0	0	0
703	T	0	0	0	0	0	0	0
704	A	0	0	0	0	0	0	0
705	T	0	0	0	0	0	0	0
706	A	0	0	0	0	0	0	0
707	S	0	0	0	0	0	0	0
708	S	0	0	0	0	0	0	0
709	S	0	0	0	0	0	0	0
710	I	0	0	0	0	0	0	0
711	R	0	0	0	0	0	0	0
712	E	0	0	0	0	0	0	0
713	D	0	0	0	0	0	0	0
714	I	0	0	0	0	0	0	0
715	V	0	0	0	0	0	0	0
716	R	0	0	0	0	0	0	0
717	C	0	0	0	0	0	0	0
718	L	0	0	0	0	0	0	0
719	N	0	0	0	0	0	0	0
720	L	0	0	0	0	0	0	0
721	R	0	0	0	0	0	0	0
722	N	0	0	0	0	0	0	0
723	P	0	0	0	0	0	0	0
724	Q	0	0	0	0	0	0	0
725	I	0	0	0	0	0	0	0
726	T	0	0	0	0	0	0	0
727	C	0	0	0	0	0	0	0
728	T	0	0	0	0	0	0	0
729	G	0	0	0	0	0	0	0
730	F	0	0	0	0	0	0	0
731	D	0	0	0	0	0	0	0
732	R	0	0	0	0	0	0	0
733	P	0	0	0	0	0	0	0
734	N	0	0	0	0	0	0	0
735	L	0	0	0	0	0	0	0
736	Y	0	0	0	0	0	0	0
737	L	0	0	0	0	0	0	0
738	E	0	0	0	0	0	0	0
739	V	0	0	0	0	0	0	0
740	R	0	0	0	0	0	0	0
741	R	0	0	0	0	0	0	0
742	K	0	0	0	0	0	0	0
743	T	0	0	0	0	0	0	0
744	G	0	0	0	0	0	0	0
745	N	0	0	0	0	0	0	0
746	I	0	0	0	0	0	0	0
747	L	0	0	0	0	0	0	0
748	Q	0	0	0	0	0	0	0
749	D	0	0	0	0	0	0	0
750	L	0	0	0	0	0	0	0
751	Q	0	0	0	0	0	0	0
752	P	0	0	0	0	0	0	0
753	F	0	0	0	0	0	0	0
754	L	0	0	0	0	0	0	0
755	V	0	0	0	0	0	0	0
756	K	0	0	0	0	0	0	0
757	T	0	0	0	0	0	0	0
758	S	0	0	0	0	0	0	0
759	S	0	0	0	0	0	0	0
760	H	0	0	0	0	0	0	0
761	W	0	0	0	0	0	0	0
762	E	0	0	0	0	0	0	0
763	F	0	0	0	0	0	0	0
764	E	0	0	0	0	0	0	0
765	G	0	0	0	0	0	0	0
766	P	0	0	0	0	0	0	0
767	T	0	0	0	0	0	0	0
768	I	0	0	0	0	0	0	0
769	I	0	0	0	0	0	0	0
770	Y	0	0	0	0	0	0	0
771	C	0	0	0	0	0	0	0
772	P	0	0	0	0	0	0	0
773	S	0	0	0	0	0	0	0
774	R	0	0	0	0	0	0	0
775	K	0	0	0	0	0	0	0
776	M	0	0	0	0	0	0	0
777	T	Phosphothreonine	YCPSRKMTQQVTGEL	ECCCCCCHHHHHHHH	0	0	0	0
778	Q	0	0	0	0	0	0	0
779	Q	0	0	0	0	0	0	0
780	V	0	0	0	0	0	0	0
781	T	0	0	0	0	0	0	0
782	G	0	0	0	0	0	0	0
783	E	0	0	0	0	0	0	0
784	L	0	0	0	0	0	0	0
785	R	0	0	0	0	0	0	0
786	K	0	0	0	0	0	0	0
787	L	0	0	0	0	0	0	0
788	N	0	0	0	0	0	0	0
789	L	0	0	0	0	0	0	0
790	S	Phosphoserine	ELRKLNLSCGTYHAG	HHHHCCCCCCCEECC	0	0	0	0
791	C	0	0	0	0	0	0	0
792	G	0	0	0	0	0	0	0
793	T	0	0	0	0	0	0	0
794	Y	0	0	0	0	0	0	0
795	H	0	0	0	0	0	0	0
796	A	0	0	0	0	0	0	0
797	G	0	0	0	0	0	0	0
798	M	0	0	0	0	0	0	0
799	S	0	0	0	0	0	0	0
800	F	0	0	0	0	0	0	0
801	S	Phosphoserine	YHAGMSFSTRKDIHH	EECCCCCCCCCCHHH	0	0	0	0
802	T	0	0	0	0	0	0	0
803	R	0	0	0	0	0	0	0
804	K	0	0	0	0	0	0	0
805	D	0	0	0	0	0	0	0
806	I	0	0	0	0	0	0	0
807	H	0	0	0	0	0	0	0
808	H	0	0	0	0	0	0	0
809	R	0	0	0	0	0	0	0
810	F	0	0	0	0	0	0	0
811	V	0	0	0	0	0	0	0
812	R	0	0	0	0	0	0	0
813	D	0	0	0	0	0	0	0
814	E	0	0	0	0	0	0	0
815	I	0	0	0	0	0	0	0
816	Q	0	0	0	0	0	0	0
817	C	0	0	0	0	0	0	0
818	V	0	0	0	0	0	0	0
819	I	0	0	0	0	0	0	0
820	A	0	0	0	0	0	0	0
821	T	0	0	0	0	0	0	0
822	I	0	0	0	0	0	0	0
823	A	0	0	0	0	0	0	0
824	F	0	0	0	0	0	0	0
825	G	0	0	0	0	0	0	0
826	M	0	0	0	0	0	0	0
827	G	0	0	0	0	0	0	0
828	I	0	0	0	0	0	0	0
829	N	0	0	0	0	0	0	0
830	K	0	0	0	0	0	0	0
831	A	0	0	0	0	0	0	0
832	D	0	0	0	0	0	0	0
833	I	0	0	0	0	0	0	0
834	R	0	0	0	0	0	0	0
835	Q	0	0	0	0	0	0	0
836	V	0	0	0	0	0	0	0
837	I	0	0	0	0	0	0	0
838	H	0	0	0	0	0	0	0
839	Y	0	0	0	0	0	0	0
840	G	0	0	0	0	0	0	0
841	A	0	0	0	0	0	0	0
842	P	0	0	0	0	0	0	0
843	K	0	0	0	0	0	0	0
844	D	0	0	0	0	0	0	0
845	M	0	0	0	0	0	0	0
846	E	0	0	0	0	0	0	0
847	S	0	0	0	0	0	0	0
848	Y	0	0	0	0	0	0	0
849	Y	Phosphotyrosine	PKDMESYYQEIGRAG	CCCHHHHHHHHHHHC	0	0	0	0
850	Q	0	0	0	0	0	0	0
851	E	0	0	0	0	0	0	0
852	I	0	0	0	0	0	0	0
853	G	0	0	0	0	0	0	0
854	R	0	0	0	0	0	0	0
855	A	0	0	0	0	0	0	0
856	G	0	0	0	0	0	0	0
857	R	0	0	0	0	0	0	0
858	D	0	0	0	0	0	0	0
859	G	0	0	0	0	0	0	0
860	L	0	0	0	0	0	0	0
861	Q	0	0	0	0	0	0	0
862	S	Phosphoserine	AGRDGLQSSCHVLWA	HCCCCCCCCCEEEEE	0	0	0	0
863	S	Phosphoserine	GRDGLQSSCHVLWAP	CCCCCCCCCEEEEEC	0	0	0	0
864	C	0	0	0	0	0	0	0
865	H	0	0	0	0	0	0	0
866	V	0	0	0	0	0	0	0
867	L	0	0	0	0	0	0	0
868	W	0	0	0	0	0	0	0
869	A	0	0	0	0	0	0	0
870	P	0	0	0	0	0	0	0
871	A	0	0	0	0	0	0	0
872	D	0	0	0	0	0	0	0
873	I	0	0	0	0	0	0	0
874	N	0	0	0	0	0	0	0
875	L	0	0	0	0	0	0	0
876	N	0	0	0	0	0	0	0
877	R	0	0	0	0	0	0	0
878	H	0	0	0	0	0	0	0
879	L	0	0	0	0	0	0	0
880	L	0	0	0	0	0	0	0
881	T	0	0	0	0	0	0	0
882	E	0	0	0	0	0	0	0
883	I	0	0	0	0	0	0	0
884	R	0	0	0	0	0	0	0
885	N	0	0	0	0	0	0	0
886	E	0	0	0	0	0	0	0
887	K	N6-acetyllysine	LTEIRNEKFRLYKLK	HHHHHHHCHHHHHHH	0	0	0	0
888	F	0	0	0	0	0	0	0
889	R	0	0	0	0	0	0	0
890	L	0	0	0	0	0	0	0
891	Y	0	0	0	0	0	0	0
892	K	0	0	0	0	0	0	0
893	L	0	0	0	0	0	0	0
894	K	0	0	0	0	0	0	0
895	M	0	0	0	0	0	0	0
896	M	0	0	0	0	0	0	0
897	A	0	0	0	0	0	0	0
898	K	0	0	0	0	0	0	0
899	M	0	0	0	0	0	0	0
900	E	0	0	0	0	0	0	0
901	K	0	0	0	0	0	0	0
902	Y	0	0	0	0	0	0	0
903	L	0	0	0	0	0	0	0
904	H	0	0	0	0	0	0	0
905	S	0	0	0	0	0	0	0
906	S	0	0	0	0	0	0	0
907	R	0	0	0	0	0	0	0
908	C	0	0	0	0	0	0	0
909	R	0	0	0	0	0	0	0
910	R	0	0	0	0	0	0	0
911	Q	0	0	0	0	0	0	0
912	I	0	0	0	0	0	0	0
913	I	0	0	0	0	0	0	0
914	L	0	0	0	0	0	0	0
915	S	0	0	0	0	0	0	0
916	H	0	0	0	0	0	0	0
917	F	0	0	0	0	0	0	0
918	E	0	0	0	0	0	0	0
919	D	0	0	0	0	0	0	0
920	K	0	0	0	0	0	0	0
921	Q	0	0	0	0	0	0	0
922	V	0	0	0	0	0	0	0
923	Q	0	0	0	0	0	0	0
924	K	0	0	0	0	0	0	0
925	A	0	0	0	0	0	0	0
926	S	0	0	0	0	0	0	0
927	L	0	0	0	0	0	0	0
928	G	0	0	0	0	0	0	0
929	I	0	0	0	0	0	0	0
930	M	0	0	0	0	0	0	0
931	G	0	0	0	0	0	0	0
932	T	0	0	0	0	0	0	0
933	E	0	0	0	0	0	0	0
934	K	0	0	0	0	0	0	0
935	C	0	0	0	0	0	0	0
936	C	0	0	0	0	0	0	0
937	D	0	0	0	0	0	0	0
938	N	0	0	0	0	0	0	0
939	C	0	0	0	0	0	0	0
940	R	0	0	0	0	0	0	0
941	S	0	0	0	0	0	0	0
942	R	0	0	0	0	0	0	0
943	L	0	0	0	0	0	0	0
944	D	0	0	0	0	0	0	0
945	H	0	0	0	0	0	0	0
946	C	0	0	0	0	0	0	0
947	Y	0	0	0	0	0	0	0
948	S	0	0	0	0	0	0	0
949	M	0	0	0	0	0	0	0
950	D	0	0	0	0	0	0	0
951	D	0	0	0	0	0	0	0
952	S	0	0	0	0	0	0	0
953	E	0	0	0	0	0	0	0
954	D	0	0	0	0	0	0	0
955	T	0	0	0	0	0	0	0
956	S	0	0	0	0	0	0	0
957	W	0	0	0	0	0	0	0
958	D	0	0	0	0	0	0	0
959	F	0	0	0	0	0	0	0
960	G	0	0	0	0	0	0	0
961	P	0	0	0	0	0	0	0
962	Q	0	0	0	0	0	0	0
963	A	0	0	0	0	0	0	0
964	F	0	0	0	0	0	0	0
965	K	0	0	0	0	0	0	0
966	L	0	0	0	0	0	0	0
967	L	0	0	0	0	0	0	0
968	S	Phosphoserine	PQAFKLLSAVDILGE	HHHHHHHHHHHHHHH	0	0	0	0
969	A	0	0	0	0	0	0	0
970	V	0	0	0	0	0	0	0
971	D	0	0	0	0	0	0	0
972	I	0	0	0	0	0	0	0
973	L	0	0	0	0	0	0	0
974	G	0	0	0	0	0	0	0
975	E	0	0	0	0	0	0	0
976	K	0	0	0	0	0	0	0
977	F	0	0	0	0	0	0	0
978	G	0	0	0	0	0	0	0
979	I	0	0	0	0	0	0	0
980	G	0	0	0	0	0	0	0
981	L	0	0	0	0	0	0	0
982	P	0	0	0	0	0	0	0
983	I	0	0	0	0	0	0	0
984	L	0	0	0	0	0	0	0
985	F	0	0	0	0	0	0	0
986	L	0	0	0	0	0	0	0
987	R	0	0	0	0	0	0	0
988	G	0	0	0	0	0	0	0
989	S	0	0	0	0	0	0	0
990	N	0	0	0	0	0	0	0
991	S	0	0	0	0	0	0	0
992	Q	0	0	0	0	0	0	0
993	R	0	0	0	0	0	0	0
994	L	0	0	0	0	0	0	0
995	A	0	0	0	0	0	0	0
996	D	0	0	0	0	0	0	0
997	Q	0	0	0	0	0	0	0
998	Y	0	0	0	0	0	0	0
999	R	0	0	0	0	0	0	0
1000	R	0	0	0	0	0	0	0
1001	H	0	0	0	0	0	0	0
1002	S	0	0	0	0	0	0	0
1003	L	0	0	0	0	0	0	0
1004	F	0	0	0	0	0	0	0
1005	G	0	0	0	0	0	0	0
1006	T	0	0	0	0	0	0	0
1007	G	0	0	0	0	0	0	0
1008	K	0	0	0	0	0	0	0
1009	D	0	0	0	0	0	0	0
1010	Q	0	0	0	0	0	0	0
1011	T	0	0	0	0	0	0	0
1012	E	0	0	0	0	0	0	0
1013	S	0	0	0	0	0	0	0
1014	W	0	0	0	0	0	0	0
1015	W	0	0	0	0	0	0	0
1016	K	0	0	0	0	0	0	0
1017	A	0	0	0	0	0	0	0
1018	F	0	0	0	0	0	0	0
1019	S	0	0	0	0	0	0	0
1020	R	0	0	0	0	0	0	0
1021	Q	0	0	0	0	0	0	0
1022	L	0	0	0	0	0	0	0
1023	I	0	0	0	0	0	0	0
1024	T	0	0	0	0	0	0	0
1025	E	0	0	0	0	0	0	0
1026	G	0	0	0	0	0	0	0
1027	F	0	0	0	0	0	0	0
1028	L	0	0	0	0	0	0	0
1029	V	0	0	0	0	0	0	0
1030	E	0	0	0	0	0	0	0
1031	V	0	0	0	0	0	0	0
1032	S	0	0	0	0	0	0	0
1033	R	0	0	0	0	0	0	0
1034	Y	0	0	0	0	0	0	0
1035	N	0	0	0	0	0	0	0
1036	K	0	0	0	0	0	0	0
1037	F	0	0	0	0	0	0	0
1038	M	0	0	0	0	0	0	0
1039	K	0	0	0	0	0	0	0
1040	I	0	0	0	0	0	0	0
1041	C	0	0	0	0	0	0	0
1042	A	0	0	0	0	0	0	0
1043	L	0	0	0	0	0	0	0
1044	T	0	0	0	0	0	0	0
1045	K	0	0	0	0	0	0	0
1046	K	0	0	0	0	0	0	0
1047	G	0	0	0	0	0	0	0
1048	R	0	0	0	0	0	0	0
1049	N	0	0	0	0	0	0	0
1050	W	0	0	0	0	0	0	0
1051	L	0	0	0	0	0	0	0
1052	H	0	0	0	0	0	0	0
1053	K	0	0	0	0	0	0	0
1054	A	0	0	0	0	0	0	0
1055	N	0	0	0	0	0	0	0
1056	T	0	0	0	0	0	0	0
1057	E	0	0	0	0	0	0	0
1058	S	Phosphoserine	LHKANTESQSLILQA	HHHCCCCCHHHHHHC	0	0	0	0
1059	Q	0	0	0	0	0	0	0
1060	S	0	0	0	0	0	0	0
1061	L	0	0	0	0	0	0	0
1062	I	0	0	0	0	0	0	0
1063	L	0	0	0	0	0	0	0
1064	Q	0	0	0	0	0	0	0
1065	A	0	0	0	0	0	0	0
1066	N	0	0	0	0	0	0	0
1067	E	0	0	0	0	0	0	0
1068	E	0	0	0	0	0	0	0
1069	L	0	0	0	0	0	0	0
1070	C	0	0	0	0	0	0	0
1071	P	0	0	0	0	0	0	0
1072	K	0	0	0	0	0	0	0
1073	K	0	0	0	0	0	0	0
1074	L	0	0	0	0	0	0	0
1075	L	0	0	0	0	0	0	0
1076	L	0	0	0	0	0	0	0
1077	P	0	0	0	0	0	0	0
1078	S	0	0	0	0	0	0	0
1079	S	Phosphoserine	KKLLLPSSKTVSSGT	CCEECCCCCCCCCCC	0	0	0	0
1080	K	0	0	0	0	0	0	0
1081	T	0	0	0	0	0	0	0
1082	V	0	0	0	0	0	0	0
1083	S	0	0	0	0	0	0	0
1084	S	Phosphoserine	PSSKTVSSGTKEHCY	CCCCCCCCCCCCHHC	0	0	0	0
1085	G	0	0	0	0	0	0	0
1086	T	0	0	0	0	0	0	0
1087	K	0	0	0	0	0	0	0
1088	E	0	0	0	0	0	0	0
1089	H	0	0	0	0	0	0	0
1090	C	0	0	0	0	0	0	0
1091	Y	0	0	0	0	0	0	0
1092	N	0	0	0	0	0	0	0
1093	Q	0	0	0	0	0	0	0
1094	V	0	0	0	0	0	0	0
1095	P	0	0	0	0	0	0	0
1096	V	0	0	0	0	0	0	0
1097	E	0	0	0	0	0	0	0
1098	L	0	0	0	0	0	0	0
1099	S	Phosphoserine	NQVPVELSTEKKSNL	CCCCCCCCCCCCCCH	0	0	0	0
1100	T	Phosphothreonine	QVPVELSTEKKSNLE	CCCCCCCCCCCCCHH	0	0	0	0
1101	E	0	0	0	0	0	0	0
1102	K	0	0	0	0	0	0	0
1103	K	0	0	0	0	0	0	0
1104	S	0	0	0	0	0	0	0
1105	N	0	0	0	0	0	0	0
1106	L	0	0	0	0	0	0	0
1107	E	0	0	0	0	0	0	0
1108	K	0	0	0	0	0	0	0
1109	L	0	0	0	0	0	0	0
1110	Y	Phosphotyrosine	KSNLEKLYSYKPCDK	CCCHHHHHCCCCCCC	0	0	0	0
1111	S	Phosphoserine	SNLEKLYSYKPCDKI	CCHHHHHCCCCCCCC	0	0	0	0
1112	Y	Phosphotyrosine	NLEKLYSYKPCDKIS	CHHHHHCCCCCCCCC	0	0	0	0
1113	K	N6-acetyllysine	LEKLYSYKPCDKISS	HHHHHCCCCCCCCCC	0	0	0	0
1114	P	0	0	0	0	0	0	0
1115	C	0	0	0	0	0	0	0
1116	D	0	0	0	0	0	0	0
1117	K	N6-acetyllysine	YSYKPCDKISSGSNI	HCCCCCCCCCCCCCC	0	0	0	0
1118	I	0	0	0	0	0	0	0
1119	S	0	0	0	0	0	0	0
1120	S	Phosphoserine	KPCDKISSGSNISKK	CCCCCCCCCCCCCCC	0	0	0	0
1121	G	0	0	0	0	0	0	0
1122	S	0	0	0	0	0	0	0
1123	N	0	0	0	0	0	0	0
1124	I	0	0	0	0	0	0	0
1125	S	0	0	0	0	0	0	0
1126	K	N6-acetyllysine	SSGSNISKKSIMVQS	CCCCCCCCCEEEECC	Lifespan:longevity	1133 (7)	0	0
1127	K	N6-acetyllysine	SGSNISKKSIMVQSP	CCCCCCCCEEEECCH	Lifespan:longevity	1133 (6)	0	0
1128	S	Phosphoserine	GSNISKKSIMVQSPE	CCCCCCCEEEECCHH	Lifespan:longevity	1133 (5)	0	0
1129	I	0	0	0	0	0	0	0
1130	M	0	0	0	0	0	0	0
1131	V	0	0	0	0	0	0	0
1132	Q	0	0	0	0	0	0	0
1133	S	Phosphoserine	KKSIMVQSPEKAYSS	CCEEEECCHHHHCCC	Lifespan:longevity	1133 (0)	A	1126,1127,1128,1133,1138,1141
1134	P	0	0	0	0	0	0	0
1135	E	0	0	0	0	0	0	0
1136	K	0	0	0	0	0	0	0
1137	A	0	0	0	0	0	0	0
1138	Y	Phosphotyrosine	VQSPEKAYSSSQPVI	ECCHHHHCCCCCCCC	Lifespan:longevity	1133 (5)	0	0
1139	S	0	0	0	0	0	0	0
1140	S	0	0	0	0	0	0	0
1141	S	Phosphoserine	PEKAYSSSQPVISAQ	HHHHCCCCCCCCCHH	Lifespan:longevity	1133 (8)	0	0
1142	Q	0	0	0	0	0	0	0
1143	P	0	0	0	0	0	0	0
1144	V	0	0	0	0	0	0	0
1145	I	0	0	0	0	0	0	0
1146	S	0	0	0	0	0	0	0
1147	A	0	0	0	0	0	0	0
1148	Q	0	0	0	0	0	0	0
1149	E	0	0	0	0	0	0	0
1150	Q	0	0	0	0	0	0	0
1151	E	0	0	0	0	0	0	0
1152	T	0	0	0	0	0	0	0
1153	Q	0	0	0	0	0	0	0
1154	I	0	0	0	0	0	0	0
1155	V	0	0	0	0	0	0	0
1156	L	0	0	0	0	0	0	0
1157	Y	0	0	0	0	0	0	0
1158	G	0	0	0	0	0	0	0
1159	K	0	0	0	0	0	0	0
1160	L	0	0	0	0	0	0	0
1161	V	0	0	0	0	0	0	0
1162	E	0	0	0	0	0	0	0
1163	A	0	0	0	0	0	0	0
1164	R	0	0	0	0	0	0	0
1165	Q	0	0	0	0	0	0	0
1166	K	0	0	0	0	0	0	0
1167	H	0	0	0	0	0	0	0
1168	A	0	0	0	0	0	0	0
1169	N	0	0	0	0	0	0	0
1170	K	0	0	0	0	0	0	0
1171	M	0	0	0	0	0	0	0
1172	D	0	0	0	0	0	0	0
1173	V	0	0	0	0	0	0	0
1174	P	0	0	0	0	0	0	0
1175	P	0	0	0	0	0	0	0
1176	A	0	0	0	0	0	0	0
1177	I	0	0	0	0	0	0	0
1178	L	0	0	0	0	0	0	0
1179	A	0	0	0	0	0	0	0
1180	T	0	0	0	0	0	0	0
1181	N	0	0	0	0	0	0	0
1182	K	0	0	0	0	0	0	0
1183	I	0	0	0	0	0	0	0
1184	L	0	0	0	0	0	0	0
1185	V	0	0	0	0	0	0	0
1186	D	0	0	0	0	0	0	0
1187	M	0	0	0	0	0	0	0
1188	A	0	0	0	0	0	0	0
1189	K	0	0	0	0	0	0	0
1190	M	0	0	0	0	0	0	0
1191	R	0	0	0	0	0	0	0
1192	P	0	0	0	0	0	0	0
1193	T	0	0	0	0	0	0	0
1194	T	0	0	0	0	0	0	0
1195	V	0	0	0	0	0	0	0
1196	E	0	0	0	0	0	0	0
1197	N	0	0	0	0	0	0	0
1198	V	0	0	0	0	0	0	0
1199	K	0	0	0	0	0	0	0
1200	R	0	0	0	0	0	0	0
1201	I	0	0	0	0	0	0	0
1202	D	0	0	0	0	0	0	0
1203	G	0	0	0	0	0	0	0
1204	V	0	0	0	0	0	0	0
1205	S	Phosphoserine	VKRIDGVSEGKAAML	CCCCCCCCHHHHHHH	0	0	0	0
1206	E	0	0	0	0	0	0	0
1207	G	0	0	0	0	0	0	0
1208	K	0	0	0	0	0	0	0
1209	A	0	0	0	0	0	0	0
1210	A	0	0	0	0	0	0	0
1211	M	0	0	0	0	0	0	0
1212	L	0	0	0	0	0	0	0
1213	A	0	0	0	0	0	0	0
1214	P	0	0	0	0	0	0	0
1215	L	0	0	0	0	0	0	0
1216	L	0	0	0	0	0	0	0
1217	E	0	0	0	0	0	0	0
1218	V	0	0	0	0	0	0	0
1219	I	0	0	0	0	0	0	0
1220	K	0	0	0	0	0	0	0
1221	H	0	0	0	0	0	0	0
1222	F	0	0	0	0	0	0	0
1223	C	0	0	0	0	0	0	0
1224	Q	0	0	0	0	0	0	0
1225	T	0	0	0	0	0	0	0
1226	N	0	0	0	0	0	0	0
1227	S	0	0	0	0	0	0	0
1228	V	0	0	0	0	0	0	0
1229	Q	0	0	0	0	0	0	0
1230	T	0	0	0	0	0	0	0
1231	D	0	0	0	0	0	0	0
1232	L	0	0	0	0	0	0	0
1233	F	0	0	0	0	0	0	0
1234	S	0	0	0	0	0	0	0
1235	S	0	0	0	0	0	0	0
1236	T	0	0	0	0	0	0	0
1237	K	0	0	0	0	0	0	0
1238	P	0	0	0	0	0	0	0
1239	Q	0	0	0	0	0	0	0
1240	E	0	0	0	0	0	0	0
1241	E	0	0	0	0	0	0	0
1242	Q	0	0	0	0	0	0	0
1243	K	0	0	0	0	0	0	0
1244	T	0	0	0	0	0	0	0
1245	S	0	0	0	0	0	0	0
1246	L	0	0	0	0	0	0	0
1247	V	0	0	0	0	0	0	0
1248	A	0	0	0	0	0	0	0
1249	K	N6-acetyllysine	QKTSLVAKNKICTLS	HHHCHHHHCCCCHHH	0	0	0	0
1250	N	0	0	0	0	0	0	0
1251	K	0	0	0	0	0	0	0
1252	I	0	0	0	0	0	0	0
1253	C	0	0	0	0	0	0	0
1254	T	0	0	0	0	0	0	0
1255	L	0	0	0	0	0	0	0
1256	S	0	0	0	0	0	0	0
1257	Q	0	0	0	0	0	0	0
1258	S	0	0	0	0	0	0	0
1259	M	0	0	0	0	0	0	0
1260	A	0	0	0	0	0	0	0
1261	I	0	0	0	0	0	0	0
1262	T	0	0	0	0	0	0	0
1263	Y	0	0	0	0	0	0	0
1264	S	0	0	0	0	0	0	0
1265	L	0	0	0	0	0	0	0
1266	F	0	0	0	0	0	0	0
1267	Q	0	0	0	0	0	0	0
1268	E	0	0	0	0	0	0	0
1269	K	0	0	0	0	0	0	0
1270	K	0	0	0	0	0	0	0
1271	M	0	0	0	0	0	0	0
1272	P	0	0	0	0	0	0	0
1273	L	0	0	0	0	0	0	0
1274	K	N-acetyllysine	QEKKMPLKSIAESRI	HCCCCCHHHHHHHCH	0	0	0	0
1275	S	0	0	0	0	0	0	0
1276	I	0	0	0	0	0	0	0
1277	A	0	0	0	0	0	0	0
1278	E	0	0	0	0	0	0	0
1279	S	0	0	0	0	0	0	0
1280	R	0	0	0	0	0	0	0
1281	I	0	0	0	0	0	0	0
1282	L	0	0	0	0	0	0	0
1283	P	0	0	0	0	0	0	0
1284	L	0	0	0	0	0	0	0
1285	M	0	0	0	0	0	0	0
1286	T	0	0	0	0	0	0	0
1287	I	0	0	0	0	0	0	0
1288	G	0	0	0	0	0	0	0
1289	M	0	0	0	0	0	0	0
1290	H	0	0	0	0	0	0	0
1291	L	0	0	0	0	0	0	0
1292	S	Phosphoserine	MTIGMHLSQAVKAGC	HHHHHHHHHHHHCCC	0	0	0	0
1293	Q	0	0	0	0	0	0	0
1294	A	0	0	0	0	0	0	0
1295	V	0	0	0	0	0	0	0
1296	K	0	0	0	0	0	0	0
1297	A	0	0	0	0	0	0	0
1298	G	0	0	0	0	0	0	0
1299	C	0	0	0	0	0	0	0
1300	P	0	0	0	0	0	0	0
1301	L	0	0	0	0	0	0	0
1302	D	0	0	0	0	0	0	0
1303	L	0	0	0	0	0	0	0
1304	E	0	0	0	0	0	0	0
1305	R	0	0	0	0	0	0	0
1306	A	0	0	0	0	0	0	0
1307	G	0	0	0	0	0	0	0
1308	L	0	0	0	0	0	0	0
1309	T	0	0	0	0	0	0	0
1310	P	0	0	0	0	0	0	0
1311	E	0	0	0	0	0	0	0
1312	V	0	0	0	0	0	0	0
1313	Q	0	0	0	0	0	0	0
1314	K	0	0	0	0	0	0	0
1315	I	0	0	0	0	0	0	0
1316	I	0	0	0	0	0	0	0
1317	A	0	0	0	0	0	0	0
1318	D	0	0	0	0	0	0	0
1319	V	0	0	0	0	0	0	0
1320	I	0	0	0	0	0	0	0
1321	R	0	0	0	0	0	0	0
1322	N	0	0	0	0	0	0	0
1323	P	0	0	0	0	0	0	0
1324	P	0	0	0	0	0	0	0
1325	V	0	0	0	0	0	0	0
1326	N	0	0	0	0	0	0	0
1327	S	Phosphoserine	IRNPPVNSDMSKISL	HHCCCCCCCCCHHHH	0	0	0	0
1328	D	0	0	0	0	0	0	0
1329	M	0	0	0	0	0	0	0
1330	S	0	0	0	0	0	0	0
1331	K	0	0	0	0	0	0	0
1332	I	0	0	0	0	0	0	0
1333	S	0	0	0	0	0	0	0
1334	L	0	0	0	0	0	0	0
1335	I	0	0	0	0	0	0	0
1336	R	0	0	0	0	0	0	0
1337	M	0	0	0	0	0	0	0
1338	L	0	0	0	0	0	0	0
1339	V	0	0	0	0	0	0	0
1340	P	0	0	0	0	0	0	0
1341	E	0	0	0	0	0	0	0
1342	N	0	0	0	0	0	0	0
1343	I	0	0	0	0	0	0	0
1344	D	0	0	0	0	0	0	0
1345	T	0	0	0	0	0	0	0
1346	Y	0	0	0	0	0	0	0
1347	L	0	0	0	0	0	0	0
1348	I	0	0	0	0	0	0	0
1349	H	0	0	0	0	0	0	0
1350	M	0	0	0	0	0	0	0
1351	A	0	0	0	0	0	0	0
1352	I	0	0	0	0	0	0	0
1353	E	0	0	0	0	0	0	0
1354	I	0	0	0	0	0	0	0
1355	L	0	0	0	0	0	0	0
1356	K	0	0	0	0	0	0	0
1357	H	0	0	0	0	0	0	0
1358	G	0	0	0	0	0	0	0
1359	P	0	0	0	0	0	0	0
1360	D	0	0	0	0	0	0	0
1361	S	0	0	0	0	0	0	0
1362	G	0	0	0	0	0	0	0
1363	L	0	0	0	0	0	0	0
1364	Q	0	0	0	0	0	0	0
1365	P	0	0	0	0	0	0	0
1366	S	0	0	0	0	0	0	0
1367	C	0	0	0	0	0	0	0
1368	D	0	0	0	0	0	0	0
1369	V	0	0	0	0	0	0	0
1370	N	0	0	0	0	0	0	0
1371	K	N6-acetyllysine	QPSCDVNKRRCFPGS	CCCCCCCCCCCCCCC	0	0	0	0
1372	R	0	0	0	0	0	0	0
1373	R	0	0	0	0	0	0	0
1374	C	0	0	0	0	0	0	0
1375	F	0	0	0	0	0	0	0
1376	P	0	0	0	0	0	0	0
1377	G	0	0	0	0	0	0	0
1378	S	Phosphoserine	KRRCFPGSEEICSSS	CCCCCCCCHHHHCCC	0	0	0	0
1379	E	0	0	0	0	0	0	0
1380	E	0	0	0	0	0	0	0
1381	I	0	0	0	0	0	0	0
1382	C	0	0	0	0	0	0	0
1383	S	0	0	0	0	0	0	0
1384	S	0	0	0	0	0	0	0
1385	S	Phosphoserine	SEEICSSSKRSKEEV	CHHHHCCCCCCHHHH	0	0	0	0
1386	K	0	0	0	0	0	0	0
1387	R	0	0	0	0	0	0	0
1388	S	0	0	0	0	0	0	0
1389	K	N6-acetyllysine	CSSSKRSKEEVGINT	HCCCCCCHHHHCCCC	0	0	0	0
1390	E	0	0	0	0	0	0	0
1391	E	0	0	0	0	0	0	0
1392	V	0	0	0	0	0	0	0
1393	G	0	0	0	0	0	0	0
1394	I	0	0	0	0	0	0	0
1395	N	0	0	0	0	0	0	0
1396	T	0	0	0	0	0	0	0
1397	E	0	0	0	0	0	0	0
1398	T	0	0	0	0	0	0	0
1399	S	Phosphoserine	VGINTETSSAERKRR	HCCCCCCCCHHHHHC	0	0	0	0
1400	S	Phosphoserine	GINTETSSAERKRRL	CCCCCCCCHHHHHCC	0	0	0	0
1401	A	0	0	0	0	0	0	0
1402	E	0	0	0	0	0	0	0
1403	R	0	0	0	0	0	0	0
1404	K	0	0	0	0	0	0	0
1405	R	0	0	0	0	0	0	0
1406	R	0	0	0	0	0	0	0
1407	L	0	0	0	0	0	0	0
1408	P	0	0	0	0	0	0	0
1409	V	0	0	0	0	0	0	0
1410	W	0	0	0	0	0	0	0
1411	F	0	0	0	0	0	0	0
1412	A	0	0	0	0	0	0	0
1413	K	N6-acetyllysine	RLPVWFAKGSDTSKK	CCCEEEECCCHHHHH	0	0	0	0
1414	G	0	0	0	0	0	0	0
1415	S	0	0	0	0	0	0	0
1416	D	0	0	0	0	0	0	0
1417	T	0	0	0	0	0	0	0
1418	S	0	0	0	0	0	0	0
1419	K	0	0	0	0	0	0	0
1420	K	0	0	0	0	0	0	0
1421	L	0	0	0	0	0	0	0
1422	M	0	0	0	0	0	0	0
1423	D	0	0	0	0	0	0	0
1424	K	0	0	0	0	0	0	0
1425	T	0	0	0	0	0	0	0
1426	K	0	0	0	0	0	0	0
1427	R	N6-methyllysine	KLMDKTKRGGLFS--	HHHHHHCCCCCCC--	0	0	0	0
1428	G	0	0	0	0	0	0	0
1429	G	0	0	0	0	0	0	0
1430	L	0	0	0	0	0	0	0
1431	F	0	0	0	0	0	0	0
1432	S	0	0	0	0	0	0	0
