location	residue	Modification	seq	secStruc	RelatedDisease	VariantPosition	ResidueChange	DaPSbySAP
1	M	0	0	0	0	0	0	0
2	L	0	0	0	0	0	0	0
3	V	0	0	0	0	0	0	0
4	M	0	0	0	0	0	0	0
5	A	0	0	0	0	0	0	0
6	P	0	0	0	0	0	0	0
7	R	0	0	0	0	0	0	0
8	T	0	0	0	0	0	0	0
9	V	0	0	0	0	0	0	0
10	L	0	0	0	0	0	0	0
11	L	0	0	0	0	0	0	0
12	L	0	0	0	0	0	0	0
13	L	0	0	0	0	0	0	0
14	S	0	0	0	0	0	0	0
15	A	0	0	0	0	0	0	0
16	A	0	0	0	0	0	0	0
17	L	0	0	0	0	0	0	0
18	A	0	0	0	0	0	0	0
19	L	0	0	0	0	0	0	0
20	T	0	0	0	0	0	0	0
21	E	0	0	0	0	0	0	0
22	T	0	0	0	0	0	0	0
23	W	0	0	0	0	0	0	0
24	A	0	0	0	0	0	0	0
25	G	0	0	0	0	0	0	0
26	S	0	0	0	0	0	0	0
27	H	0	0	0	0	0	0	0
28	S	0	0	0	0	0	0	0
29	M	0	0	0	0	0	0	0
30	R	0	0	0	0	0	0	0
31	Y	0	0	0	0	0	0	0
32	F	0	0	0	0	0	0	0
33	Y	0	0	0	0	0	0	0
34	T	0	0	0	0	0	0	0
35	S	0	0	0	0	0	0	0
36	V	0	0	0	0	0	0	0
37	S	0	0	0	0	0	0	0
38	R	0	0	0	0	0	0	0
39	P	0	0	0	0	0	0	0
40	G	0	0	0	0	0	0	0
41	R	0	0	0	0	0	0	0
42	G	0	0	0	0	0	0	0
43	E	0	0	0	0	0	0	0
44	P	0	0	0	0	0	0	0
45	R	0	0	0	0	0	0	0
46	F	0	0	0	0	0	0	0
47	I	0	0	0	0	0	0	0
48	S	0	0	0	0	0	0	0
49	V	0	0	0	0	0	0	0
50	G	0	0	0	0	0	0	0
51	Y	0	0	0	0	0	0	0
52	V	0	0	0	0	0	0	0
53	D	0	0	0	0	0	0	0
54	D	0	0	0	0	0	0	0
55	T	0	0	0	0	0	0	0
56	Q	0	0	0	0	0	0	0
57	F	0	0	0	0	0	0	0
58	V	0	0	0	0	0	0	0
59	R	0	0	0	0	0	0	0
60	F	0	0	0	0	0	0	0
61	D	0	0	0	0	0	0	0
62	S	0	0	0	0	0	0	0
63	D	0	0	0	0	0	0	0
64	A	0	0	0	0	0	0	0
65	A	0	0	0	0	0	0	0
66	S	0	0	0	0	0	0	0
67	P	0	0	0	0	0	0	0
68	R	0	0	0	0	0	0	0
69	E	0	0	0	0	0	0	0
70	E	0	0	0	0	0	0	0
71	P	0	0	0	0	0	0	0
72	R	0	0	0	0	0	0	0
73	A	0	0	0	0	0	0	0
74	P	0	0	0	0	0	0	0
75	W	0	0	0	0	0	0	0
76	I	0	0	0	0	0	0	0
77	E	0	0	0	0	0	0	0
78	Q	0	0	0	0	0	0	0
79	E	0	0	0	0	0	0	0
80	G	0	0	0	0	0	0	0
81	P	0	0	0	0	0	0	0
82	E	0	0	0	0	0	0	0
83	Y	0	0	0	0	0	0	0
84	W	0	0	0	0	0	0	0
85	D	0	0	0	0	0	0	0
86	R	N6-methyllysine	EGPEYWDRNTQIYKA	CCCCCCCCCCHHHHH	Anti-thyroid drug induced agranulocytosis:drug-induced agranulocytosis, response to anti-thyroid drug	91 (5)	0	0
87	N	0	0	0	0	0	0	0
88	T	0	0	0	0	0	0	0
89	Q	0	0	0	0	0	0	0
90	I	0	0	0	0	0	0	0
91	Y	0	0	0	0	0	S;C;F	86,92
92	K	Ubiquitinlysine	DRNTQIYKAQAQTDR	CCCCHHHHHHHHCCH	Anti-thyroid drug induced agranulocytosis:drug-induced agranulocytosis, response to anti-thyroid drug	91 (1)	0	0
93	A	0	0	0	0	0	0	0
94	Q	0	0	0	0	0	0	0
95	A	0	0	0	0	0	0	0
96	Q	0	0	0	0	0	0	0
97	T	0	0	0	0	0	0	0
98	D	0	0	0	0	0	0	0
99	R	0	0	0	0	0	0	0
100	E	0	0	0	0	0	0	0
101	S	0	0	0	0	0	0	0
102	L	0	0	0	0	0	0	0
103	R	0	0	0	0	0	0	0
104	N	0	0	0	0	0	0	0
105	L	0	0	0	0	0	0	0
106	R	0	0	0	0	0	0	0
107	G	0	0	0	0	0	0	0
108	Y	0	0	0	0	0	0	0
109	Y	0	0	0	0	0	0	0
110	N	N-linked (GlcNAc)	RNLRGYYNQSEAGSH	HHHHHCCCCCCCCCC	0	0	0	0
111	Q	0	0	0	0	0	0	0
112	S	0	0	0	0	0	0	0
113	E	0	0	0	0	0	0	0
114	A	0	0	0	0	0	0	0
115	G	0	0	0	0	0	0	0
116	S	0	0	0	0	0	0	0
117	H	0	0	0	0	0	0	0
118	T	0	0	0	0	0	0	0
119	L	0	0	0	0	0	0	0
120	Q	0	0	0	0	0	0	0
121	S	0	0	0	0	0	0	0
122	M	0	0	0	0	0	0	0
123	Y	Phosphotyrosine	SHTLQSMYGCDVGPD	CCCHHHHHCCCCCCC	0	0	0	0
124	G	0	0	0	0	0	0	0
125	C	0	0	0	0	0	0	0
126	D	0	0	0	0	0	0	0
127	V	0	0	0	0	0	0	0
128	G	0	0	0	0	0	0	0
129	P	0	0	0	0	0	0	0
130	D	0	0	0	0	0	0	0
131	G	0	0	0	0	0	0	0
132	R	0	0	0	0	0	0	0
133	L	0	0	0	0	0	0	0
134	L	0	0	0	0	0	0	0
135	R	0	0	0	0	0	0	0
136	G	0	0	0	0	0	0	0
137	H	0	0	0	0	0	0	0
138	D	0	0	0	0	0	0	0
139	Q	0	0	0	0	0	0	0
140	Y	0	0	0	0	0	0	0
141	A	0	0	0	0	0	0	0
142	Y	0	0	0	0	0	0	0
143	D	0	0	0	0	0	0	0
144	G	0	0	0	0	0	0	0
145	K	Ubiquitinlysine	DQYAYDGKDYIALNE	CCCEECCCEEEEECC	0	0	0	0
146	D	0	0	0	0	0	0	0
147	Y	0	0	0	0	0	0	0
148	I	0	0	0	0	0	0	0
149	A	0	0	0	0	0	0	0
150	L	0	0	0	0	0	0	0
151	N	0	0	0	0	0	0	0
152	E	0	0	0	0	0	0	0
153	D	0	0	0	0	0	0	0
154	L	0	0	0	0	0	0	0
155	R	0	0	0	0	0	0	0
156	S	0	0	0	0	0	0	0
157	W	0	0	0	0	0	0	0
158	T	0	0	0	0	0	0	0
159	A	0	0	0	0	0	0	0
160	A	0	0	0	0	0	0	0
161	D	0	0	0	0	0	0	0
162	T	0	0	0	0	0	0	0
163	A	0	0	0	0	0	0	0
164	A	0	0	0	0	0	0	0
165	Q	0	0	0	0	0	0	0
166	I	0	0	0	0	0	0	0
167	T	0	0	0	0	0	0	0
168	Q	0	0	0	0	0	0	0
169	R	0	0	0	0	0	0	0
170	K	Ubiquitinlysine	AAQITQRKWEAAREA	HHHHHHHHHHHHHHH	0	0	0	0
171	W	0	0	0	0	0	0	0
172	E	0	0	0	0	0	0	0
173	A	0	0	0	0	0	0	0
174	A	0	0	0	0	0	0	0
175	R	0	0	0	0	0	0	0
176	E	0	0	0	0	0	0	0
177	A	0	0	0	0	0	0	0
178	E	0	0	0	0	0	0	0
179	Q	0	0	0	0	0	0	0
180	R	0	0	0	0	0	0	0
181	R	0	0	0	0	0	0	0
182	A	0	0	0	0	0	0	0
183	Y	0	0	0	0	0	0	0
184	L	0	0	0	0	0	0	0
185	E	0	0	0	0	0	0	0
186	G	0	0	0	0	0	0	0
187	E	0	0	0	0	0	0	0
188	C	0	0	0	0	0	0	0
189	V	0	0	0	0	0	0	0
190	E	0	0	0	0	0	0	0
191	W	0	0	0	0	0	0	0
192	L	0	0	0	0	0	0	0
193	R	0	0	0	0	0	0	0
194	R	0	0	0	0	0	0	0
195	Y	0	0	0	0	0	0	0
196	L	0	0	0	0	0	0	0
197	E	0	0	0	0	0	0	0
198	N	0	0	0	0	0	0	0
199	G	0	0	0	0	0	0	0
200	K	Ubiquitinlysine	RRYLENGKDKLERAD	HHHHHCCHHHHHHCC	Autism spectrum disorder or schizophrenia:schizophrenia, autism spectrum disorder	201 (1)	0	0
201	D	0	0	0	0	0	E	200,211
202	K	0	0	0	0	0	0	0
203	L	0	0	0	0	0	0	0
204	E	0	0	0	0	0	0	0
205	R	0	0	0	0	0	0	0
206	A	0	0	0	0	0	0	0
207	D	0	0	0	0	0	0	0
208	P	0	0	0	0	0	0	0
209	P	0	0	0	0	0	0	0
210	K	0	0	0	0	0	0	0
211	T	Phosphothreonine	ERADPPKTHVTHHPI	HHCCCCCCCCCCCCC	Autism spectrum disorder or schizophrenia:schizophrenia, autism spectrum disorder	201 (10)	0	0
212	H	0	0	0	0	0	0	0
213	V	0	0	0	0	0	0	0
214	T	0	0	0	0	0	0	0
215	H	0	0	0	0	0	0	0
216	H	0	0	0	0	0	0	0
217	P	0	0	0	0	0	0	0
218	I	0	0	0	0	0	0	0
219	S	0	0	0	0	0	0	0
220	D	0	0	0	0	0	0	0
221	H	0	0	0	0	0	0	0
222	E	0	0	0	0	0	0	0
223	A	0	0	0	0	0	0	0
224	T	0	0	0	0	0	0	0
225	L	0	0	0	0	0	0	0
226	R	0	0	0	0	0	0	0
227	C	0	0	0	0	0	0	0
228	W	0	0	0	0	0	0	0
229	A	0	0	0	0	0	0	0
230	L	0	0	0	0	0	0	0
231	G	0	0	0	0	0	0	0
232	F	0	0	0	0	0	0	0
233	Y	0	0	0	0	0	0	0
234	P	0	0	0	0	0	0	0
235	A	0	0	0	0	0	0	0
236	E	0	0	0	0	0	0	0
237	I	0	0	0	0	0	0	0
238	T	0	0	0	0	0	0	0
239	L	0	0	0	0	0	0	0
240	T	0	0	0	0	0	0	0
241	W	0	0	0	0	0	0	0
242	Q	0	0	0	0	0	0	0
243	R	0	0	0	0	0	0	0
244	D	0	0	0	0	0	0	0
245	G	0	0	0	0	0	0	0
246	E	0	0	0	0	0	0	0
247	D	0	0	0	0	0	0	0
248	Q	0	0	0	0	0	0	0
249	T	0	0	0	0	0	0	0
250	Q	0	0	0	0	0	0	0
251	D	0	0	0	0	0	0	0
252	T	0	0	0	0	0	0	0
253	E	0	0	0	0	0	0	0
254	L	0	0	0	0	0	0	0
255	V	0	0	0	0	0	0	0
256	E	0	0	0	0	0	0	0
257	T	0	0	0	0	0	0	0
258	R	0	0	0	0	0	0	0
259	P	0	0	0	0	0	0	0
260	A	0	0	0	0	0	0	0
261	G	0	0	0	0	0	0	0
262	D	0	0	0	0	0	0	0
263	R	0	0	0	0	0	0	0
264	T	0	0	0	0	0	0	0
265	F	0	0	0	0	0	0	0
266	Q	0	0	0	0	0	0	0
267	K	Ubiquitinlysine	AGDRTFQKWAAVVVP	CCCCCEEEEEEEEEC	0	0	0	0
268	W	0	0	0	0	0	0	0
269	A	0	0	0	0	0	0	0
270	A	0	0	0	0	0	0	0
271	V	0	0	0	0	0	0	0
272	V	0	0	0	0	0	0	0
273	V	0	0	0	0	0	0	0
274	P	0	0	0	0	0	0	0
275	S	0	0	0	0	0	0	0
276	G	0	0	0	0	0	0	0
277	E	0	0	0	0	0	0	0
278	E	0	0	0	0	0	0	0
279	Q	0	0	0	0	0	0	0
280	R	0	0	0	0	0	0	0
281	Y	0	0	0	0	0	0	0
282	T	0	0	0	0	0	0	0
283	C	0	0	0	0	0	0	0
284	H	0	0	0	0	0	0	0
285	V	0	0	0	0	0	0	0
286	Q	0	0	0	0	0	0	0
287	H	0	0	0	0	0	0	0
288	E	0	0	0	0	0	0	0
289	G	0	0	0	0	0	0	0
290	L	0	0	0	0	0	0	0
291	P	0	0	0	0	0	0	0
292	K	Ubiquitinlysine	VQHEGLPKPLTLRWE	EEECCCCCCEEEEEC	0	0	0	0
293	P	0	0	0	0	0	0	0
294	L	0	0	0	0	0	0	0
295	T	0	0	0	0	0	0	0
296	L	0	0	0	0	0	0	0
297	R	0	0	0	0	0	0	0
298	W	0	0	0	0	0	0	0
299	E	0	0	0	0	0	0	0
300	P	0	0	0	0	0	0	0
301	S	0	0	0	0	0	0	0
302	S	0	0	0	0	0	0	0
303	Q	0	0	0	0	0	0	0
304	S	0	0	0	0	0	0	0
305	T	0	0	0	0	0	0	0
306	V	0	0	0	0	0	0	0
307	P	0	0	0	0	0	0	0
308	I	0	0	0	0	0	0	0
309	V	0	0	0	0	0	0	0
310	G	0	0	0	0	0	0	0
311	I	0	0	0	0	0	0	0
312	V	0	0	0	0	0	0	0
313	A	0	0	0	0	0	0	0
314	G	0	0	0	0	0	0	0
315	L	0	0	0	0	0	0	0
316	A	0	0	0	0	0	0	0
317	V	0	0	0	0	0	0	0
318	L	0	0	0	0	0	0	0
319	A	0	0	0	0	0	0	0
320	V	0	0	0	0	0	0	0
321	V	0	0	0	0	0	0	0
322	V	0	0	0	0	0	0	0
323	I	0	0	0	0	0	0	0
324	G	0	0	0	0	0	0	0
325	A	0	0	0	0	0	0	0
326	V	0	0	0	0	0	0	0
327	V	0	0	0	0	0	0	0
328	A	0	0	0	0	0	0	0
329	A	0	0	0	0	0	0	0
330	V	0	0	0	0	0	0	0
331	M	0	0	0	0	0	0	0
332	C	0	0	0	0	0	0	0
333	R	0	0	0	0	0	0	0
334	R	0	0	0	0	0	0	0
335	K	0	0	0	0	0	0	0
336	S	0	0	0	0	0	0	0
337	S	0	0	0	0	0	0	0
338	G	0	0	0	0	0	0	0
339	G	0	0	0	0	0	0	0
340	K	0	0	0	0	0	0	0
341	G	0	0	0	0	0	0	0
342	G	0	0	0	0	0	0	0
343	S	0	0	0	0	0	0	0
344	Y	Phosphotyrosine	SGGKGGSYSQAACSD	CCCCCCCCCCCCCCC	0	0	0	0
345	S	0	0	0	0	0	0	0
346	Q	0	0	0	0	0	0	0
347	A	0	0	0	0	0	0	0
348	A	0	0	0	0	0	0	0
349	C	0	0	0	0	0	0	0
350	S	Phosphoserine	SYSQAACSDSAQGSD	CCCCCCCCCCCCCCC	0	0	0	0
351	D	0	0	0	0	0	0	0
352	S	Phosphoserine	SQAACSDSAQGSDVS	CCCCCCCCCCCCCCC	0	0	0	0
353	A	0	0	0	0	0	0	0
354	Q	0	0	0	0	0	0	0
355	G	0	0	0	0	0	0	0
356	S	Phosphoserine	CSDSAQGSDVSLTA-	CCCCCCCCCCCCCC-	0	0	0	0
357	D	0	0	0	0	0	0	0
358	V	0	0	0	0	0	0	0
359	S	Phosphoserine	SAQGSDVSLTA----	CCCCCCCCCCC----	0	0	0	0
360	L	0	0	0	0	0	0	0
361	T	Phosphothreonine	QGSDVSLTA------	CCCCCCCCC------	0	0	0	0
362	A	0	0	0	0	0	0	0
