location	residue	Modification	seq	secStruc	RelatedDisease	VariantPosition	ResidueChange	DaPSbySAP
1	M	0	0	0	0	0	0	0
2	V	0	0	0	0	0	0	0
3	C	0	0	0	0	0	0	0
4	L	0	0	0	0	0	0	0
5	R	0	0	0	0	0	0	0
6	L	0	0	0	0	0	0	0
7	P	0	0	0	0	0	0	0
8	G	0	0	0	0	0	0	0
9	G	0	0	0	0	0	0	0
10	S	0	0	0	0	0	0	0
11	C	0	0	0	0	0	0	0
12	M	0	0	0	0	0	0	0
13	A	0	0	0	0	0	0	0
14	V	0	0	0	0	0	0	0
15	L	0	0	0	0	0	0	0
16	T	0	0	0	0	0	0	0
17	V	0	0	0	0	0	0	0
18	T	0	0	0	0	0	0	0
19	L	0	0	0	0	0	0	0
20	M	0	0	0	0	0	0	0
21	V	0	0	0	0	0	0	0
22	L	0	0	0	0	0	0	0
23	S	0	0	0	0	0	0	0
24	S	0	0	0	0	0	0	0
25	P	0	0	0	0	0	0	0
26	L	0	0	0	0	0	0	0
27	A	0	0	0	0	0	0	0
28	L	0	0	0	0	0	0	0
29	A	0	0	0	0	0	0	0
30	G	0	0	0	0	0	0	0
31	D	0	0	0	0	0	0	0
32	T	0	0	0	0	0	0	0
33	R	0	0	0	0	0	0	0
34	P	0	0	0	0	0	0	0
35	R	0	0	0	0	0	0	0
36	F	0	0	0	0	0	0	0
37	L	0	0	0	0	0	0	0
38	E	0	0	0	0	0	0	0
39	Y	0	0	0	0	0	0	0
40	S	0	0	0	0	0	0	0
41	T	0	0	0	0	0	0	0
42	S	0	0	0	0	0	0	0
43	E	0	0	0	0	0	0	0
44	C	0	0	0	0	0	0	0
45	H	0	0	0	0	0	0	0
46	F	0	0	0	0	0	0	0
47	F	0	0	0	0	0	0	0
48	N	N-linked (GlcNAc)	TSECHFFNGTERVRY	CCCCEECCCCHHHHH	Asparaginase hypersensitivity in acute lymphoblastic leukemia:asparaginase hypersensitivity, acute lymphoblastic leukemia	54 (6)	0	0
49	G	0	0	0	0	0	0	0
50	T	0	0	0	0	0	0	0
51	E	0	0	0	0	0	0	0
52	R	0	0	0	0	0	0	0
53	V	0	0	0	0	0	0	0
54	R	0	0	0	0	0	Q	48
55	Y	0	0	0	0	0	0	0
56	L	0	0	0	0	0	0	0
57	D	0	0	0	0	0	0	0
58	R	0	0	0	0	0	0	0
59	Y	0	0	0	0	0	0	0
60	F	0	0	0	0	0	0	0
61	H	0	0	0	0	0	0	0
62	N	0	0	0	0	0	0	0
63	Q	0	0	0	0	0	0	0
64	E	0	0	0	0	0	0	0
65	E	0	0	0	0	0	0	0
66	N	0	0	0	0	0	0	0
67	V	0	0	0	0	0	0	0
68	R	0	0	0	0	0	0	0
69	F	0	0	0	0	0	0	0
70	D	0	0	0	0	0	0	0
71	S	0	0	0	0	0	0	0
72	D	0	0	0	0	0	0	0
73	V	0	0	0	0	0	0	0
74	G	0	0	0	0	0	0	0
75	E	0	0	0	0	0	0	0
76	F	0	0	0	0	0	0	0
77	R	0	0	0	0	0	0	0
78	A	0	0	0	0	0	0	0
79	V	0	0	0	0	0	0	0
80	T	0	0	0	0	0	0	0
81	E	0	0	0	0	0	0	0
82	L	0	0	0	0	0	0	0
83	G	0	0	0	0	0	0	0
84	R	0	0	0	0	0	0	0
85	P	0	0	0	0	0	0	0
86	D	0	0	0	0	0	0	0
87	A	0	0	0	0	0	0	0
88	E	0	0	0	0	0	0	0
89	Y	0	0	0	0	0	0	0
90	W	0	0	0	0	0	0	0
91	N	0	0	0	0	0	0	0
92	S	0	0	0	0	0	0	0
93	Q	0	0	0	0	0	0	0
94	K	0	0	0	0	0	0	0
95	D	0	0	0	0	0	0	0
96	L	0	0	0	0	0	0	0
97	L	0	0	0	0	0	0	0
98	E	0	0	0	0	0	0	0
99	Q	0	0	0	0	0	0	0
100	K	0	0	0	0	0	0	0
101	R	0	0	0	0	0	0	0
102	G	0	0	0	0	0	0	0
103	R	0	0	0	0	0	0	0
104	V	0	0	0	0	0	0	0
105	D	0	0	0	0	0	0	0
106	N	0	0	0	0	0	0	0
107	Y	0	0	0	0	0	0	0
108	C	0	0	0	0	0	0	0
109	R	0	0	0	0	0	0	0
110	H	0	0	0	0	0	0	0
111	N	0	0	0	0	0	0	0
112	Y	0	0	0	0	0	0	0
113	G	0	0	0	0	0	0	0
114	V	0	0	0	0	0	0	0
115	V	0	0	0	0	0	0	0
116	E	0	0	0	0	0	0	0
117	S	0	0	0	0	0	0	0
118	F	0	0	0	0	0	0	0
119	T	0	0	0	0	0	0	0
120	V	0	0	0	0	0	0	0
121	Q	0	0	0	0	0	0	0
122	R	0	0	0	0	0	0	0
123	R	0	0	0	0	0	0	0
124	V	0	0	0	0	0	0	0
125	H	0	0	0	0	0	0	0
126	P	0	0	0	0	0	0	0
127	K	0	0	0	0	0	0	0
128	V	0	0	0	0	0	0	0
129	T	0	0	0	0	0	0	0
130	V	0	0	0	0	0	0	0
131	Y	0	0	0	0	0	0	0
132	P	0	0	0	0	0	0	0
133	S	0	0	0	0	0	0	0
134	K	0	0	0	0	0	0	0
135	T	0	0	0	0	0	0	0
136	Q	0	0	0	0	0	0	0
137	P	0	0	0	0	0	0	0
138	L	0	0	0	0	0	0	0
139	Q	0	0	0	0	0	0	0
140	H	0	0	0	0	0	0	0
141	H	0	0	0	0	0	0	0
142	N	0	0	0	0	0	0	0
143	L	0	0	0	0	0	0	0
144	L	0	0	0	0	0	0	0
145	V	0	0	0	0	0	0	0
146	C	0	0	0	0	0	0	0
147	S	0	0	0	0	0	0	0
148	V	0	0	0	0	0	0	0
149	S	0	0	0	0	0	0	0
150	G	0	0	0	0	0	0	0
151	F	0	0	0	0	0	0	0
152	Y	0	0	0	0	0	0	0
153	P	0	0	0	0	0	0	0
154	G	0	0	0	0	0	0	0
155	S	0	0	0	0	0	0	0
156	I	0	0	0	0	0	0	0
157	E	0	0	0	0	0	0	0
158	V	0	0	0	0	0	0	0
159	R	0	0	0	0	0	0	0
160	W	0	0	0	0	0	0	0
161	F	0	0	0	0	0	0	0
162	R	0	0	0	0	0	0	0
163	N	0	0	0	0	0	0	0
164	G	0	0	0	0	0	0	0
165	Q	0	0	0	0	0	0	0
166	E	0	0	0	0	0	0	0
167	E	0	0	0	0	0	0	0
168	K	0	0	0	0	0	0	0
169	T	0	0	0	0	0	0	0
170	G	0	0	0	0	0	0	0
171	V	0	0	0	0	0	0	0
172	V	0	0	0	0	0	0	0
173	S	0	0	0	0	0	0	0
174	T	0	0	0	0	0	0	0
175	G	0	0	0	0	0	0	0
176	L	0	0	0	0	0	0	0
177	I	0	0	0	0	0	0	0
178	H	0	0	0	0	0	0	0
179	N	0	0	0	0	0	0	0
180	G	0	0	0	0	0	0	0
181	D	0	0	0	0	0	0	0
182	W	0	0	0	0	0	0	0
183	T	0	0	0	0	0	0	0
184	F	0	0	0	0	0	0	0
185	Q	0	0	0	0	0	0	0
186	T	0	0	0	0	0	0	0
187	L	0	0	0	0	0	0	0
188	V	0	0	0	0	0	0	0
189	M	0	0	0	0	0	0	0
190	L	0	0	0	0	0	0	0
191	E	0	0	0	0	0	0	0
192	T	0	0	0	0	0	0	0
193	V	0	0	0	0	0	0	0
194	P	0	0	0	0	0	0	0
195	R	0	0	0	0	0	0	0
196	S	0	0	0	0	0	0	0
197	G	0	0	0	0	0	0	0
198	E	0	0	0	0	0	0	0
199	V	0	0	0	0	0	0	0
200	Y	0	0	0	0	0	0	0
201	T	0	0	0	0	0	0	0
202	C	0	0	0	0	0	0	0
203	Q	0	0	0	0	0	0	0
204	V	0	0	0	0	0	0	0
205	E	0	0	0	0	0	0	0
206	H	0	0	0	0	0	0	0
207	P	0	0	0	0	0	0	0
208	S	0	0	0	0	0	0	0
209	V	0	0	0	0	0	0	0
210	T	0	0	0	0	0	0	0
211	S	0	0	0	0	0	0	0
212	P	0	0	0	0	0	0	0
213	L	0	0	0	0	0	0	0
214	T	0	0	0	0	0	0	0
215	V	0	0	0	0	0	0	0
216	E	0	0	0	0	0	0	0
217	W	0	0	0	0	0	0	0
218	R	0	0	0	0	0	0	0
219	A	0	0	0	0	0	0	0
220	R	0	0	0	0	0	0	0
221	S	0	0	0	0	0	0	0
222	E	0	0	0	0	0	0	0
223	S	0	0	0	0	0	0	0
224	A	0	0	0	0	0	0	0
225	Q	0	0	0	0	0	0	0
226	S	0	0	0	0	0	0	0
227	K	0	0	0	0	0	0	0
228	M	0	0	0	0	0	0	0
229	L	0	0	0	0	0	0	0
230	S	0	0	0	0	0	0	0
231	G	0	0	0	0	0	0	0
232	V	0	0	0	0	0	0	0
233	G	0	0	0	0	0	0	0
234	G	0	0	0	0	0	0	0
235	F	0	0	0	0	0	0	0
236	V	0	0	0	0	0	0	0
237	L	0	0	0	0	0	0	0
238	G	0	0	0	0	0	0	0
239	L	0	0	0	0	0	0	0
240	L	0	0	0	0	0	0	0
241	F	0	0	0	0	0	0	0
242	L	0	0	0	0	0	0	0
243	G	0	0	0	0	0	0	0
244	A	0	0	0	0	0	0	0
245	G	0	0	0	0	0	0	0
246	L	0	0	0	0	0	0	0
247	F	0	0	0	0	0	0	0
248	I	0	0	0	0	0	0	0
249	Y	0	0	0	0	0	0	0
250	F	0	0	0	0	0	0	0
251	R	0	0	0	0	0	0	0
252	N	0	0	0	0	0	0	0
253	Q	0	0	0	0	0	0	0
254	K	0	0	0	0	0	0	0
255	G	0	0	0	0	0	0	0
256	H	0	0	0	0	0	0	0
257	S	0	0	0	0	0	0	0
258	G	0	0	0	0	0	0	0
259	L	0	0	0	0	0	0	0
260	Q	0	0	0	0	0	0	0
261	P	0	0	0	0	0	0	0
262	R	0	0	0	0	0	0	0
263	G	0	0	0	0	0	0	0
264	F	0	0	0	0	0	0	0
265	L	0	0	0	0	0	0	0
266	S	0	0	0	0	0	0	0
