location	residue	Modification	seq	secStruc	RelatedDisease	VariantPosition	ResidueChange	DaPSbySAP
1	M	0	0	0	0	0	0	0
2	A	0	0	0	0	0	0	0
3	E	0	0	0	0	0	0	0
4	L	0	0	0	0	0	0	0
5	Q	0	0	0	0	0	0	0
6	Q	0	0	0	0	0	0	0
7	L	0	0	0	0	0	0	0
8	Q	0	0	0	0	0	0	0
9	E	0	0	0	0	0	0	0
10	F	0	0	0	0	0	0	0
11	E	0	0	0	0	0	0	0
12	I	0	0	0	0	0	0	0
13	P	0	0	0	0	0	0	0
14	T	0	0	0	0	0	0	0
15	G	0	0	0	0	0	0	0
16	R	0	0	0	0	0	0	0
17	E	0	0	0	0	0	0	0
18	A	0	0	0	0	0	0	0
19	L	0	0	0	0	0	0	0
20	R	0	0	0	0	0	0	0
21	G	0	0	0	0	0	0	0
22	N	0	0	0	0	0	0	0
23	H	0	0	0	0	0	0	0
24	S	0	0	0	0	0	0	0
25	A	0	0	0	0	0	0	0
26	L	0	0	0	0	0	0	0
27	L	0	0	0	0	0	0	0
28	R	0	0	0	0	0	0	0
29	V	0	0	0	0	0	0	0
30	A	0	0	0	0	0	0	0
31	D	0	0	0	0	0	0	0
32	Y	0	0	0	0	0	0	0
33	C	0	0	0	0	0	0	0
34	E	0	0	0	0	0	0	0
35	D	0	0	0	0	0	0	0
36	N	0	0	0	0	0	0	0
37	Y	0	0	0	0	0	0	0
38	V	0	0	0	0	0	0	0
39	Q	0	0	0	0	0	0	0
40	A	0	0	0	0	0	0	0
41	T	0	0	0	0	0	0	0
42	D	0	0	0	0	0	0	0
43	K	0	0	0	0	0	0	0
44	R	0	0	0	0	0	0	0
45	K	0	0	0	0	0	0	0
46	A	0	0	0	0	0	0	0
47	L	0	0	0	0	0	0	0
48	E	0	0	0	0	0	0	0
49	E	0	0	0	0	0	0	0
50	T	0	0	0	0	0	0	0
51	M	0	0	0	0	0	0	0
52	A	0	0	0	0	0	0	0
53	F	0	0	0	0	0	0	0
54	T	0	0	0	0	0	0	0
55	T	0	0	0	0	0	0	0
56	Q	0	0	0	0	0	0	0
57	A	0	0	0	0	0	0	0
58	L	0	0	0	0	0	0	0
59	A	0	0	0	0	0	0	0
60	S	0	0	0	0	0	0	0
61	V	0	0	0	0	0	0	0
62	A	0	0	0	0	0	0	0
63	Y	0	0	0	0	0	0	0
64	Q	0	0	0	0	0	0	0
65	V	0	0	0	0	0	0	0
66	G	0	0	0	0	0	0	0
67	N	0	0	0	0	0	0	0
68	L	0	0	0	0	0	0	0
69	A	0	0	0	0	0	0	0
70	G	0	0	0	0	0	0	0
71	H	0	0	0	0	0	0	0
72	T	0	0	0	0	0	0	0
73	L	0	0	0	0	0	0	0
74	R	0	0	0	0	0	0	0
75	M	0	0	0	0	0	0	0
76	L	0	0	0	0	0	0	0
77	D	0	0	0	0	0	0	0
78	L	0	0	0	0	0	0	0
79	Q	0	0	0	0	0	0	0
80	G	0	0	0	0	0	0	0
81	A	0	0	0	0	0	0	0
82	A	0	0	0	0	0	0	0
83	L	0	0	0	0	0	0	0
84	R	0	0	0	0	0	0	0
85	Q	0	0	0	0	0	0	0
86	V	0	0	0	0	0	0	0
87	E	0	0	0	0	0	0	0
88	A	0	0	0	0	0	0	0
89	R	0	0	0	0	0	0	0
90	V	0	0	0	0	0	0	0
91	S	0	0	0	0	0	0	0
92	T	0	0	0	0	0	0	0
93	L	0	0	0	0	0	0	0
94	G	0	0	0	0	0	0	0
95	Q	0	0	0	0	0	0	0
96	M	0	0	0	0	0	0	0
97	V	0	0	0	0	0	0	0
98	N	0	0	0	0	0	0	0
99	M	0	0	0	0	0	0	0
100	H	0	0	0	0	0	0	0
101	M	0	0	0	0	0	0	0
102	E	0	0	0	0	0	0	0
103	K	0	0	0	0	0	0	0
104	V	0	0	0	0	0	0	0
105	A	0	0	0	0	0	0	0
106	R	0	0	0	0	0	0	0
107	R	0	0	0	0	0	0	0
108	E	0	0	0	0	0	0	0
109	I	0	0	0	0	0	0	0
110	G	0	0	0	0	0	0	0
111	T	0	0	0	0	0	0	0
112	L	0	0	0	0	0	0	0
113	A	0	0	0	0	0	0	0
114	T	0	0	0	0	0	0	0
115	V	0	0	0	0	0	0	0
116	Q	0	0	0	0	0	0	0
117	R	0	0	0	0	0	0	0
118	L	0	0	0	0	0	0	0
119	P	0	0	0	0	0	0	0
120	P	0	0	0	0	0	0	0
121	G	0	0	0	0	0	0	0
122	Q	0	0	0	0	0	0	0
123	K	0	0	0	0	0	0	0
124	V	0	0	0	0	0	0	0
125	I	0	0	0	0	0	0	0
126	A	0	0	0	0	0	0	0
127	P	0	0	0	0	0	0	0
128	E	0	0	0	0	0	0	0
129	N	0	0	0	0	0	0	0
130	L	0	0	0	0	0	0	0
131	P	0	0	0	0	0	0	0
132	P	0	0	0	0	0	0	0
133	L	0	0	0	0	0	0	0
134	T	Phosphothreonine	PENLPPLTPYCRRPL	CCCCCCCCCCCCCCC	0	0	0	0
135	P	0	0	0	0	0	0	0
136	Y	0	0	0	0	0	0	0
137	C	0	0	0	0	0	0	0
138	R	0	0	0	0	0	0	0
139	R	0	0	0	0	0	0	0
140	P	0	0	0	0	0	0	0
141	L	0	0	0	0	0	0	0
142	N	0	0	0	0	0	0	0
143	F	0	0	0	0	0	0	0
144	G	0	0	0	0	0	0	0
145	C	0	0	0	0	0	0	0
146	L	0	0	0	0	0	0	0
147	D	0	0	0	0	0	0	0
148	D	0	0	0	0	0	0	0
149	I	0	0	0	0	0	0	0
150	G	0	0	0	0	0	0	0
151	H	0	0	0	0	0	0	0
152	G	0	0	0	0	0	0	0
153	I	0	0	0	0	0	0	0
154	K	0	0	0	0	0	0	0
155	D	0	0	0	0	0	0	0
156	L	0	0	0	0	0	0	0
157	S	0	0	0	0	0	0	0
158	T	0	0	0	0	0	0	0
159	Q	0	0	0	0	0	0	0
160	L	0	0	0	0	0	0	0
161	S	Phosphoserine	KDLSTQLSRTGTLSR	HHHHHHHHHCCCCCH	0	0	0	0
162	R	0	0	0	0	0	0	0
163	T	Phosphothreonine	LSTQLSRTGTLSRKS	HHHHHHHCCCCCHHH	0	0	0	0
164	G	0	0	0	0	0	0	0
165	T	Phosphothreonine	TQLSRTGTLSRKSIK	HHHHHCCCCCHHHCC	0	0	0	0
166	L	0	0	0	0	0	0	0
167	S	0	0	0	0	0	0	0
168	R	0	0	0	0	0	0	0
169	K	0	0	0	0	0	0	0
170	S	Phosphoserine	TGTLSRKSIKAPATP	CCCCCHHHCCCCCCC	0	0	0	0
171	I	0	0	0	0	0	0	0
172	K	0	0	0	0	0	0	0
173	A	0	0	0	0	0	0	0
174	P	0	0	0	0	0	0	0
175	A	0	0	0	0	0	0	0
176	T	0	0	0	0	0	0	0
177	P	0	0	0	0	0	0	0
178	A	0	0	0	0	0	0	0
179	S	0	0	0	0	0	0	0
180	A	0	0	0	0	0	0	0
181	T	0	0	0	0	0	0	0
182	L	0	0	0	0	0	0	0
183	G	0	0	0	0	0	0	0
184	R	0	0	0	0	0	0	0
185	P	0	0	0	0	0	0	0
186	P	0	0	0	0	0	0	0
187	R	0	0	0	0	0	0	0
188	I	0	0	0	0	0	0	0
189	P	0	0	0	0	0	0	0
190	E	0	0	0	0	0	0	0
191	P	0	0	0	0	0	0	0
192	V	0	0	0	0	0	0	0
193	H	0	0	0	0	0	0	0
194	L	0	0	0	0	0	0	0
195	P	0	0	0	0	0	0	0
196	V	0	0	0	0	0	0	0
197	V	0	0	0	0	0	0	0
198	P	0	0	0	0	0	0	0
199	D	0	0	0	0	0	0	0
200	G	0	0	0	0	0	0	0
201	R	0	0	0	0	0	0	0
202	L	0	0	0	0	0	0	0
203	S	0	0	0	0	0	F	210,213
204	A	0	0	0	0	0	0	0
205	A	0	0	0	0	0	0	0
206	S	0	0	0	0	0	0	0
207	S	0	0	0	0	0	0	0
208	A	0	0	0	0	0	0	0
209	F	0	0	0	0	0	F	210,213,216
210	S	Phosphoserine	SAASSAFSLASAGSA	HHHHHHHHHHHCCCC	Alzheimer's disease (late onset):late-onset Alzheimers disease	203;209 (7;1)	0	0
211	L	0	0	0	0	0	0	0
212	A	0	0	0	0	0	0	0
213	S	Phosphoserine	SSAFSLASAGSAEGV	HHHHHHHHCCCCCCC	Alzheimer's disease (late onset):late-onset Alzheimers disease	203;209 (10;4)	0	0
214	A	0	0	0	0	0	0	0
215	G	0	0	0	0	0	0	0
216	S	Phosphoserine	FSLASAGSAEGVGGA	HHHHHCCCCCCCCCC	Alzheimer's disease (late onset):late-onset Alzheimers disease	209 (7)	0	0
217	A	0	0	0	0	0	0	0
218	E	0	0	0	0	0	0	0
219	G	0	0	0	0	0	0	0
220	V	0	0	0	0	0	0	0
221	G	0	0	0	0	0	0	0
222	G	0	0	0	0	0	0	0
223	A	0	0	0	0	0	0	0
224	P	0	0	0	0	0	0	0
225	T	0	0	0	0	0	0	0
226	P	0	0	0	0	0	0	0
227	K	0	0	0	0	0	0	0
228	G	0	0	0	0	0	0	0
229	Q	0	0	0	0	0	0	0
230	A	0	0	0	0	0	0	0
231	A	0	0	0	0	0	0	0
232	P	0	0	0	0	0	0	0
233	P	0	0	0	0	0	0	0
234	A	0	0	0	0	0	0	0
235	P	0	0	0	0	0	0	0
236	P	0	0	0	0	0	0	0
237	L	0	0	0	0	0	0	0
238	P	0	0	0	0	0	0	0
239	S	0	0	0	0	0	0	0
240	S	0	0	0	0	0	0	0
241	L	0	0	0	0	0	0	0
242	D	0	0	0	0	0	0	0
243	P	0	0	0	0	0	0	0
244	P	0	0	0	0	0	0	0
245	P	0	0	0	0	0	0	0
246	P	0	0	0	0	0	0	0
247	P	0	0	0	0	0	0	0
248	A	0	0	0	0	0	0	0
249	A	0	0	0	0	0	0	0
250	V	0	0	0	0	0	0	0
251	E	0	0	0	0	0	0	0
252	V	0	0	0	0	0	0	0
253	F	0	0	0	0	0	0	0
254	Q	0	0	0	0	0	0	0
255	R	0	0	0	0	0	0	0
256	P	0	0	0	0	0	0	0
257	P	0	0	0	0	0	0	0
258	T	Phosphothreonine	EVFQRPPTLEELSPP	HHCCCCCCHHHHCCC	0	0	0	0
259	L	0	0	0	0	0	0	0
260	E	0	0	0	0	0	0	0
261	E	0	0	0	0	0	0	0
262	L	0	0	0	0	0	0	0
263	S	Phosphoserine	PPTLEELSPPPPDEE	CCCHHHHCCCCCCCC	0	0	0	0
264	P	0	0	0	0	0	0	0
265	P	0	0	0	0	0	0	0
266	P	0	0	0	0	0	0	0
267	P	0	0	0	0	0	0	0
268	D	0	0	0	0	0	0	0
269	E	0	0	0	0	0	0	0
270	E	0	0	0	0	0	0	0
271	L	0	0	0	0	0	0	0
272	P	0	0	0	0	0	0	0
273	L	0	0	0	0	0	0	0
274	P	0	0	0	0	0	0	0
275	L	0	0	0	0	0	0	0
276	D	0	0	0	0	0	0	0
277	L	0	0	0	0	0	0	0
278	P	0	0	0	0	0	0	0
279	P	0	0	0	0	0	0	0
280	P	0	0	0	0	0	0	0
281	P	0	0	0	0	0	0	0
282	P	0	0	0	0	0	0	0
283	L	0	0	0	0	0	0	0
284	D	0	0	0	0	0	0	0
285	G	0	0	0	0	0	0	0
286	D	0	0	0	0	0	0	0
287	E	0	0	0	0	0	0	0
288	L	0	0	0	0	0	0	0
289	G	0	0	0	0	0	0	0
290	L	0	0	0	0	0	0	0
291	P	0	0	0	0	0	0	0
292	P	0	0	0	0	0	0	0
293	P	0	0	0	0	0	0	0
294	P	0	0	0	0	0	0	0
295	P	0	0	0	0	0	0	0
296	G	0	0	0	0	0	0	0
297	F	0	0	0	0	0	0	0
298	G	0	0	0	0	0	0	0
299	P	0	0	0	0	0	0	0
300	D	0	0	0	0	0	0	0
301	E	0	0	0	0	0	0	0
302	P	0	0	0	0	0	0	0
303	S	0	0	0	0	0	0	0
304	W	0	0	0	0	0	0	0
305	V	0	0	0	0	0	0	0
306	P	0	0	0	0	0	0	0
307	A	0	0	0	0	0	0	0
308	S	0	0	0	0	0	0	0
309	Y	0	0	0	0	0	0	0
310	L	0	0	0	0	0	0	0
311	E	0	0	0	0	0	0	0
312	K	0	0	0	0	0	0	0
313	V	0	0	0	0	0	0	0
314	V	0	0	0	0	0	0	0
315	T	0	0	0	0	0	0	0
316	L	0	0	0	0	0	0	0
317	Y	0	0	0	0	0	0	0
318	P	0	0	0	0	0	0	0
319	Y	0	0	0	0	0	0	0
320	T	0	0	0	0	0	0	0
321	S	0	0	0	0	0	0	0
322	Q	0	0	0	0	0	0	0
323	K	0	0	0	0	0	0	0
324	D	0	0	0	0	0	0	0
325	N	0	0	0	0	0	0	0
326	E	0	0	0	0	0	0	0
327	L	0	0	0	0	0	0	0
328	S	0	0	0	0	0	0	0
329	F	0	0	0	0	0	0	0
330	S	0	0	0	0	0	0	0
331	E	0	0	0	0	0	0	0
332	G	0	0	0	0	0	0	0
333	T	0	0	0	0	0	0	0
334	V	0	0	0	0	0	0	0
335	I	0	0	0	0	0	0	0
336	C	0	0	0	0	0	0	0
337	V	0	0	0	0	0	0	0
338	T	Phosphothreonine	EGTVICVTRRYSDGW	CCEEEEEEEECCCCC	0	0	0	0
339	R	0	0	0	0	0	0	0
340	R	0	0	0	0	0	0	0
341	Y	Phosphotyrosine	VICVTRRYSDGWCEG	EEEEEEECCCCCEEC	0	0	0	0
342	S	Phosphoserine	ICVTRRYSDGWCEGV	EEEEEECCCCCEECC	0	0	0	0
343	D	0	0	0	0	0	0	0
344	G	0	0	0	0	0	0	0
345	W	0	0	0	0	0	0	0
346	C	0	0	0	0	0	0	0
347	E	0	0	0	0	0	0	0
348	G	0	0	0	0	0	0	0
349	V	0	0	0	0	0	0	0
350	S	0	0	0	0	0	0	0
351	S	0	0	0	0	0	0	0
352	E	0	0	0	0	0	0	0
353	G	0	0	0	0	0	0	0
354	T	0	0	0	0	0	0	0
355	G	0	0	0	0	0	0	0
356	F	0	0	0	0	0	0	0
357	F	0	0	0	0	0	0	0
358	P	0	0	0	0	0	0	0
359	G	0	0	0	0	0	0	0
360	N	0	0	0	0	0	0	0
361	Y	0	0	0	0	0	0	0
362	V	0	0	0	0	0	0	0
363	E	0	0	0	0	0	0	0
364	P	0	0	0	0	0	0	0
365	S	Phosphoserine	PGNYVEPSC------	CCCCCCCCC------	0	0	0	0
366	C	0	0	0	0	0	0	0
