location	residue	Modification	seq	secStruc	RelatedDisease	VariantPosition	ResidueChange	DaPSbySAP
1	M	0	0	0	0	0	0	0
2	P	0	0	0	0	0	0	0
3	A	0	0	0	0	0	0	0
4	K	0	0	0	0	0	0	0
5	G	0	0	0	0	0	0	0
6	R	0	0	0	0	0	0	0
7	Y	0	0	0	0	0	0	0
8	F	0	0	0	0	0	0	0
9	L	0	0	0	0	0	0	0
10	N	0	0	0	0	0	0	0
11	E	0	0	0	0	0	0	0
12	G	0	0	0	0	0	0	0
13	E	0	0	0	0	0	0	0
14	E	0	0	0	0	0	0	0
15	G	0	0	0	0	0	0	0
16	P	0	0	0	0	0	0	0
17	D	0	0	0	0	0	0	0
18	Q	0	0	0	0	0	0	0
19	D	0	0	0	0	0	0	0
20	A	0	0	0	0	0	0	0
21	L	0	0	0	0	0	0	0
22	Y	0	0	0	0	0	0	0
23	E	0	0	0	0	0	0	0
24	K	0	0	0	0	0	0	0
25	Y	0	0	0	0	0	0	0
26	Q	0	0	0	0	0	0	0
27	L	0	0	0	0	0	0	0
28	T	0	0	0	0	0	0	0
29	S	0	0	0	0	0	0	0
30	Q	0	0	0	0	0	0	0
31	H	0	0	0	0	0	0	0
32	G	0	0	0	0	0	0	0
33	P	0	0	0	0	0	0	0
34	L	0	0	0	0	0	0	0
35	L	0	0	0	0	0	0	0
36	L	0	0	0	0	0	0	0
37	T	0	0	0	0	0	0	0
38	L	0	0	0	0	0	0	0
39	L	0	0	0	0	0	0	0
40	L	0	0	0	0	0	0	0
41	V	0	0	0	0	0	0	0
42	A	0	0	0	0	0	0	0
43	A	0	0	0	0	0	0	0
44	T	0	0	0	0	0	0	0
45	A	0	0	0	0	0	0	0
46	C	0	0	0	0	0	0	0
47	V	0	0	0	0	0	0	0
48	A	0	0	0	0	0	0	0
49	L	0	0	0	0	0	0	0
50	I	0	0	0	0	0	0	0
51	I	0	0	0	0	0	0	0
52	I	0	0	0	0	0	0	0
53	A	0	0	0	0	0	0	0
54	F	0	0	0	0	0	0	0
55	S	0	0	0	0	0	0	0
56	Q	0	0	0	0	0	0	0
57	G	0	0	0	0	0	0	0
58	D	0	0	0	0	0	0	0
59	P	0	0	0	0	0	0	0
60	S	0	0	0	0	0	0	0
61	R	0	0	0	0	0	0	0
62	H	0	0	0	0	0	0	0
63	Q	0	0	0	0	0	0	0
64	A	0	0	0	0	0	0	0
65	I	0	0	0	0	0	0	0
66	L	0	0	0	0	0	0	0
67	G	0	0	0	0	0	0	0
68	M	0	0	0	0	0	0	0
69	A	0	0	0	0	0	0	0
70	F	0	0	0	0	0	0	0
71	L	0	0	0	0	0	0	0
72	V	0	0	0	0	0	0	0
73	L	0	0	0	0	0	0	0
74	A	0	0	0	0	0	0	0
75	V	0	0	0	0	0	0	0
76	F	0	0	0	0	0	0	0
77	A	0	0	0	0	0	0	0
78	A	0	0	0	0	0	0	0
79	L	0	0	0	0	0	0	0
80	S	0	0	0	0	0	0	0
81	V	0	0	0	0	0	0	0
82	L	0	0	0	0	0	0	0
83	M	0	0	0	0	0	0	0
84	Y	0	0	0	0	0	0	0
85	V	0	0	0	0	0	0	0
86	E	0	0	0	0	0	0	0
87	C	0	0	0	0	0	0	0
88	L	0	0	0	0	0	0	0
89	L	0	0	0	0	0	0	0
90	R	0	0	0	0	0	0	0
91	R	0	0	0	0	0	0	0
92	W	0	0	0	0	0	0	0
93	L	0	0	0	0	0	0	0
94	R	0	0	0	0	0	0	0
95	A	0	0	0	0	0	0	0
96	L	0	0	0	0	0	0	0
97	A	0	0	0	0	0	0	0
98	L	0	0	0	0	0	0	0
99	L	0	0	0	0	0	0	0
100	T	0	0	0	0	0	0	0
101	W	0	0	0	0	0	0	0
102	A	0	0	0	0	0	0	0
103	C	0	0	0	0	0	0	0
104	L	0	0	0	0	0	0	0
105	V	0	0	0	0	0	0	0
106	A	0	0	0	0	0	0	0
107	L	0	0	0	0	0	0	0
108	G	0	0	0	0	0	0	0
109	Y	0	0	0	0	0	0	0
110	V	0	0	0	0	0	0	0
111	L	0	0	0	0	0	0	0
112	V	0	0	0	0	0	0	0
113	F	0	0	0	0	0	0	0
114	D	0	0	0	0	0	0	0
115	A	0	0	0	0	0	0	0
116	W	0	0	0	0	0	0	0
117	T	0	0	0	0	0	0	0
118	K	0	0	0	0	0	0	0
119	A	0	0	0	0	0	0	0
120	A	0	0	0	0	0	0	0
121	C	0	0	0	0	0	0	0
122	A	0	0	0	0	0	0	0
123	W	0	0	0	0	0	0	0
124	E	0	0	0	0	0	0	0
125	Q	0	0	0	0	0	0	0
126	V	0	0	0	0	0	0	0
127	P	0	0	0	0	0	0	0
128	F	0	0	0	0	0	0	0
129	F	0	0	0	0	0	0	0
130	L	0	0	0	0	0	0	0
131	F	0	0	0	0	0	0	0
132	I	0	0	0	0	0	0	0
133	V	0	0	0	0	0	0	0
134	F	0	0	0	0	0	0	0
135	V	0	0	0	0	0	0	0
136	V	0	0	0	0	0	0	0
137	Y	0	0	0	0	0	0	0
138	T	0	0	0	0	0	0	0
139	L	0	0	0	0	0	0	0
140	L	0	0	0	0	0	0	0
141	P	0	0	0	0	0	0	0
142	F	0	0	0	0	0	0	0
143	S	0	0	0	0	0	0	0
144	M	0	0	0	0	0	0	0
145	R	0	0	0	0	0	0	0
146	G	0	0	0	0	0	0	0
147	A	0	0	0	0	0	0	0
148	V	0	0	0	0	0	0	0
149	A	0	0	0	0	0	0	0
150	V	0	0	0	0	0	0	0
151	G	0	0	0	0	0	0	0
152	A	0	0	0	0	0	0	0
153	V	0	0	0	0	0	0	0
154	S	Phosphoserine	AVAVGAVSTASHLLV	CHHHHCCHHHHHHHH	0	0	0	0
155	T	Phosphothreonine	VAVGAVSTASHLLVL	HHHHCCHHHHHHHHH	0	0	0	0
156	A	0	0	0	0	0	0	0
157	S	Phosphoserine	VGAVSTASHLLVLGS	HHCCHHHHHHHHHHH	0	0	0	0
158	H	0	0	0	0	0	0	0
159	L	0	0	0	0	0	0	0
160	L	0	0	0	0	0	0	0
161	V	0	0	0	0	0	0	0
162	L	0	0	0	0	0	0	0
163	G	0	0	0	0	0	0	0
164	S	0	0	0	0	0	0	0
165	L	0	0	0	0	0	0	0
166	M	0	0	0	0	0	0	0
167	G	0	0	0	0	0	0	0
168	G	0	0	0	0	0	0	0
169	F	0	0	0	0	0	0	0
170	T	0	0	0	0	0	0	0
171	T	0	0	0	0	0	0	0
172	P	0	0	0	0	0	0	0
173	S	0	0	0	0	0	0	0
174	V	0	0	0	0	0	0	0
175	R	0	0	0	0	0	0	0
176	V	0	0	0	0	0	0	0
177	G	0	0	0	0	0	0	0
178	L	0	0	0	0	0	0	0
179	Q	0	0	0	0	0	0	0
180	L	0	0	0	0	0	0	0
181	L	0	0	0	0	0	0	0
182	A	0	0	0	0	0	0	0
183	N	0	0	0	0	0	0	0
184	A	0	0	0	0	0	0	0
185	V	0	0	0	0	0	0	0
186	I	0	0	0	0	0	0	0
187	F	0	0	0	0	0	0	0
188	L	0	0	0	0	0	0	0
189	C	0	0	0	0	0	0	0
190	G	0	0	0	0	0	0	0
191	N	0	0	0	0	0	0	0
192	L	0	0	0	0	0	0	0
193	T	0	0	0	0	0	0	0
194	G	0	0	0	0	0	0	0
195	A	0	0	0	0	0	0	0
196	F	0	0	0	0	0	0	0
197	H	0	0	0	0	0	0	0
198	K	0	0	0	0	0	0	0
199	H	0	0	0	0	0	0	0
200	Q	0	0	0	0	0	0	0
201	M	0	0	0	0	0	0	0
202	Q	0	0	0	0	0	0	0
203	D	0	0	0	0	0	0	0
204	A	0	0	0	0	0	0	0
205	S	0	0	0	0	0	0	0
206	R	0	0	0	0	0	0	0
207	D	0	0	0	0	0	0	0
208	L	0	0	0	0	0	0	0
209	F	0	0	0	0	0	0	0
210	T	0	0	0	0	0	0	0
211	Y	0	0	0	0	0	0	0
212	T	0	0	0	0	0	0	0
213	V	0	0	0	0	0	0	0
214	K	0	0	0	0	0	0	0
215	C	0	0	0	0	0	0	0
216	I	0	0	0	0	0	0	0
217	Q	0	0	0	0	0	0	0
218	I	0	0	0	0	0	0	0
219	R	0	0	0	0	0	0	0
220	R	0	0	0	0	0	0	0
221	K	0	0	0	0	0	0	0
222	L	0	0	0	0	0	0	0
223	R	0	0	0	0	0	0	0
224	I	0	0	0	0	0	0	0
225	E	0	0	0	0	0	0	0
226	K	0	0	0	0	0	0	0
227	R	0	0	0	0	0	0	0
228	Q	0	0	0	0	0	0	0
229	Q	0	0	0	0	0	0	0
230	E	0	0	0	0	0	0	0
231	N	0	0	0	0	0	0	0
232	L	0	0	0	0	0	0	0
233	L	0	0	0	0	0	0	0
234	L	0	0	0	0	0	0	0
235	S	0	0	0	0	0	0	0
236	V	0	0	0	0	0	0	0
237	L	0	0	0	0	0	0	0
238	P	0	0	0	0	0	0	0
239	A	0	0	0	0	0	0	0
240	H	0	0	0	0	0	0	0
241	I	0	0	0	0	0	0	0
242	S	0	0	0	0	0	0	0
243	M	0	0	0	0	0	0	0
244	G	0	0	0	0	0	0	0
245	M	0	0	0	0	0	0	0
246	K	0	0	0	0	0	0	0
247	L	0	0	0	0	0	0	0
248	A	0	0	0	0	0	0	0
249	I	0	0	0	0	0	0	0
250	I	0	0	0	0	0	0	0
251	E	0	0	0	0	0	0	0
252	R	0	0	0	0	0	0	0
253	L	0	0	0	0	0	0	0
254	K	0	0	0	0	0	0	0
255	E	0	0	0	0	0	0	0
256	H	0	0	0	0	0	0	0
257	G	0	0	0	0	0	0	0
258	D	0	0	0	0	0	0	0
259	R	0	0	0	0	0	0	0
260	R	0	0	0	0	0	0	0
261	C	0	0	0	0	0	0	0
262	M	0	0	0	0	0	0	0
263	P	0	0	0	0	0	0	0
264	D	0	0	0	0	0	0	0
265	N	0	0	0	0	0	0	0
266	N	0	0	0	0	0	0	0
267	F	0	0	0	0	0	0	0
268	H	0	0	0	0	0	0	0
269	S	0	0	0	0	0	0	0
270	L	0	0	0	0	0	0	0
271	Y	0	0	0	0	0	0	0
272	V	0	0	0	0	0	0	0
273	K	0	0	0	0	0	0	0
274	R	0	0	0	0	0	0	0
275	H	0	0	0	0	0	0	0
276	Q	0	0	0	0	0	0	0
277	N	0	0	0	0	0	0	0
278	V	0	0	0	0	0	0	0
279	S	0	0	0	0	0	0	0
280	I	0	0	0	0	0	0	0
281	L	0	0	0	0	0	0	0
282	Y	0	0	0	0	0	0	0
283	A	0	0	0	0	0	0	0
284	D	0	0	0	0	0	0	0
285	I	0	0	0	0	0	0	0
286	V	0	0	0	0	0	0	0
287	G	0	0	0	0	0	0	0
288	F	0	0	0	0	0	0	0
289	T	0	0	0	0	0	0	0
290	Q	0	0	0	0	0	0	0
291	L	0	0	0	0	0	0	0
292	A	0	0	0	0	0	0	0
293	S	0	0	0	0	0	0	0
294	D	0	0	0	0	0	0	0
295	C	0	0	0	0	0	0	0
296	S	0	0	0	0	0	0	0
297	P	0	0	0	0	0	0	0
298	K	0	0	0	0	0	0	0
299	E	0	0	0	0	0	0	0
300	L	0	0	0	0	0	0	0
301	V	0	0	0	0	0	0	0
302	V	0	0	0	0	0	0	0
303	V	0	0	0	0	0	0	0
304	L	0	0	0	0	0	0	0
305	N	0	0	0	0	0	0	0
306	E	0	0	0	0	0	0	0
307	L	0	0	0	0	0	0	0
308	F	0	0	0	0	0	0	0
309	G	0	0	0	0	0	0	0
310	K	0	0	0	0	0	0	0
311	F	0	0	0	0	0	0	0
312	D	0	0	0	0	0	0	0
313	Q	0	0	0	0	0	0	0
314	I	0	0	0	0	0	0	0
315	A	0	0	0	0	0	0	0
316	K	0	0	0	0	0	0	0
317	A	0	0	0	0	0	0	0
318	N	0	0	0	0	0	0	0
319	E	0	0	0	0	0	0	0
320	C	0	0	0	0	0	0	0
321	M	0	0	0	0	0	0	0
322	R	0	0	0	0	0	0	0
323	I	0	0	0	0	0	0	0
324	K	0	0	0	0	0	0	0
325	I	0	0	0	0	0	0	0
326	L	0	0	0	0	0	0	0
327	G	0	0	0	0	0	0	0
328	D	0	0	0	0	0	0	0
329	C	0	0	0	0	0	0	0
330	Y	0	0	0	0	0	0	0
331	Y	0	0	0	0	0	0	0
332	C	0	0	0	0	0	0	0
333	V	0	0	0	0	0	0	0
334	S	0	0	0	0	0	0	0
335	G	0	0	0	0	0	0	0
336	L	0	0	0	0	0	0	0
337	P	0	0	0	0	0	0	0
338	V	0	0	0	0	0	0	0
339	S	0	0	0	0	0	0	0
340	L	0	0	0	0	0	0	0
341	P	0	0	0	0	0	0	0
342	T	0	0	0	0	0	0	0
343	H	0	0	0	0	0	0	0
344	A	0	0	0	0	0	0	0
345	R	0	0	0	0	0	0	0
346	N	0	0	0	0	0	0	0
347	C	0	0	0	0	0	0	0
348	V	0	0	0	0	0	0	0
349	K	0	0	0	0	0	0	0
350	M	0	0	0	0	0	0	0
351	G	0	0	0	0	0	0	0
352	L	0	0	0	0	0	0	0
353	D	0	0	0	0	0	0	0
354	M	0	0	0	0	0	0	0
355	C	0	0	0	0	0	0	0
356	Q	0	0	0	0	0	0	0
357	A	0	0	0	0	0	0	0
358	I	0	0	0	0	0	0	0
359	K	0	0	0	0	0	0	0
360	Q	0	0	0	0	0	0	0
361	V	0	0	0	0	0	0	0
362	R	0	0	0	0	0	0	0
363	E	0	0	0	0	0	0	0
364	A	0	0	0	0	0	0	0
365	T	Phosphothreonine	IKQVREATGVDINMR	HHHHHHHHCCCCEEE	0	0	0	0
366	G	0	0	0	0	0	0	0
367	V	0	0	0	0	0	0	0
368	D	0	0	0	0	0	0	0
369	I	0	0	0	0	0	0	0
370	N	0	0	0	0	0	0	0
371	M	0	0	0	0	0	0	0
372	R	0	0	0	0	0	0	0
373	V	0	0	0	0	0	0	0
374	G	0	0	0	0	0	0	0
375	I	0	0	0	0	0	0	0
376	H	0	0	0	0	0	0	0
377	S	0	0	0	0	0	0	0
378	G	0	0	0	0	0	0	0
379	N	0	0	0	0	0	0	0
380	V	0	0	0	0	0	0	0
381	L	0	0	0	0	0	0	0
382	C	0	0	0	0	0	0	0
383	G	0	0	0	0	0	0	0
384	V	0	0	0	0	0	0	0
385	I	0	0	0	0	0	0	0
386	G	0	0	0	0	0	0	0
387	L	0	0	0	0	0	0	0
388	R	0	0	0	0	0	0	0
389	K	0	0	0	0	0	0	0
390	W	0	0	0	0	0	0	0
391	Q	0	0	0	0	0	0	0
392	Y	0	0	0	0	0	0	0
393	D	0	0	0	0	0	0	0
394	V	0	0	0	0	0	0	0
395	W	0	0	0	0	0	0	0
396	S	0	0	0	0	0	0	0
397	H	0	0	0	0	0	0	0
398	D	0	0	0	0	0	0	0
399	V	0	0	0	0	0	0	0
400	S	0	0	0	0	0	0	0
401	L	0	0	0	0	0	0	0
402	A	0	0	0	0	0	0	0
403	N	0	0	0	0	0	0	0
404	R	0	0	0	0	0	0	0
405	M	0	0	0	0	0	0	0
406	E	0	0	0	0	0	0	0
407	A	0	0	0	0	0	0	0
408	A	0	0	0	0	0	0	0
409	G	0	0	0	0	0	0	0
410	V	0	0	0	0	0	0	0
411	P	0	0	0	0	0	0	0
412	G	0	0	0	0	0	0	0
413	R	0	0	0	0	0	0	0
414	V	0	0	0	0	0	0	0
415	H	0	0	0	0	0	0	0
416	I	0	0	0	0	0	0	0
417	T	0	0	0	0	0	0	0
418	E	0	0	0	0	0	0	0
419	A	0	0	0	0	0	0	0
420	T	0	0	0	0	0	0	0
421	L	0	0	0	0	0	0	0
422	K	N6-acetyllysine	HITEATLKHLDKAYE	EEEHHHHHHHHHHEE	0	0	0	0
423	H	0	0	0	0	0	0	0
424	L	0	0	0	0	0	0	0
425	D	0	0	0	0	0	0	0
426	K	N6-acetyllysine	ATLKHLDKAYEVEDG	HHHHHHHHHEECCCC	0	0	0	0
427	A	0	0	0	0	0	0	0
428	Y	0	0	0	0	0	0	0
429	E	0	0	0	0	0	0	0
430	V	0	0	0	0	0	0	0
431	E	0	0	0	0	0	0	0
432	D	0	0	0	0	0	0	0
433	G	0	0	0	0	0	0	0
434	H	0	0	0	0	0	0	0
435	G	0	0	0	0	0	0	0
436	Q	0	0	0	0	0	0	0
437	Q	0	0	0	0	0	0	0
438	R	0	0	0	0	0	0	0
439	D	0	0	0	0	0	E	443
440	P	0	0	0	0	0	0	0
441	Y	0	0	0	0	0	0	0
442	L	0	0	0	0	0	0	0
443	K	Ubiquitinlysine	QQRDPYLKEMNIRTY	CCCCHHHHHCCCCEE	Ulcerative colitis:ulcerative colitis	439 (4)	0	0
444	E	0	0	0	0	0	0	0
445	M	0	0	0	0	0	0	0
446	N	0	0	0	0	0	0	0
447	I	0	0	0	0	0	0	0
448	R	0	0	0	0	0	0	0
449	T	0	0	0	0	0	0	0
450	Y	0	0	0	0	0	0	0
451	L	0	0	0	0	0	0	0
452	V	0	0	0	0	0	0	0
453	I	0	0	0	0	0	0	0
454	D	0	0	0	0	0	0	0
455	P	0	0	0	0	0	0	0
456	R	0	0	0	0	0	0	0
457	S	0	0	0	0	0	0	0
458	Q	0	0	0	0	0	0	0
459	Q	0	0	0	0	0	0	0
460	P	0	0	0	0	0	0	0
461	P	0	0	0	0	0	0	0
462	P	0	0	0	0	0	0	0
463	P	0	0	0	0	0	0	0
464	S	0	0	0	0	0	0	0
465	Q	0	0	0	0	0	0	0
466	H	0	0	0	0	0	0	0
467	L	0	0	0	0	0	0	0
468	P	0	0	0	0	0	0	0
469	R	0	0	0	0	0	0	0
470	P	0	0	0	0	0	0	0
471	K	0	0	0	0	0	0	0
472	G	0	0	0	0	0	0	0
473	D	0	0	0	0	0	0	0
474	A	0	0	0	0	0	0	0
475	A	0	0	0	0	0	0	0
476	L	0	0	0	0	0	0	0
477	K	0	0	0	0	0	0	0
478	M	0	0	0	0	0	0	0
479	R	0	0	0	0	0	0	0
480	A	0	0	0	0	0	0	0
481	S	0	0	0	0	0	0	0
482	V	0	0	0	0	0	0	0
483	R	0	0	0	0	0	0	0
484	M	0	0	0	0	0	0	0
485	T	0	0	0	0	0	0	0
486	R	0	0	0	0	0	0	0
487	Y	0	0	0	0	0	0	0
488	L	0	0	0	0	0	0	0
489	E	0	0	0	0	0	0	0
490	S	Phosphoserine	RMTRYLESWGAARPF	HHHHHHHHCCCCCCC	0	0	0	0
491	W	0	0	0	0	0	0	0
492	G	0	0	0	0	0	0	0
493	A	0	0	0	0	0	0	0
494	A	0	0	0	0	0	0	0
495	R	0	0	0	0	0	0	0
496	P	0	0	0	0	0	0	0
497	F	0	0	0	0	0	0	0
498	A	0	0	0	0	0	0	0
499	H	0	0	0	0	0	0	0
500	L	0	0	0	0	0	0	0
501	N	0	0	0	0	0	0	0
502	H	0	0	0	0	0	0	0
503	R	0	0	0	0	0	0	0
504	E	0	0	0	0	0	0	0
505	S	Phosphoserine	AHLNHRESVSSGETH	CCCCCCCCCCCCCCC	0	0	0	0
506	V	0	0	0	0	0	0	0
507	S	0	0	0	0	0	0	0
508	S	0	0	0	0	0	0	0
509	G	0	0	0	0	0	0	0
510	E	0	0	0	0	0	0	0
511	T	0	0	0	0	0	0	0
512	H	0	0	0	0	0	0	0
513	V	0	0	0	0	0	0	0
514	P	0	0	0	0	0	0	0
515	N	0	0	0	0	0	0	0
516	G	0	0	0	0	0	0	0
517	R	0	0	0	0	0	0	0
518	R	0	0	0	0	0	0	0
519	P	0	0	0	0	0	0	0
520	K	0	0	0	0	0	0	0
521	S	0	0	0	0	0	0	0
522	V	0	0	0	0	0	0	0
523	P	0	0	0	0	0	0	0
524	Q	0	0	0	0	0	0	0
525	R	0	0	0	0	0	0	0
526	H	0	0	0	0	0	0	0
527	R	0	0	0	0	0	0	0
528	R	0	0	0	0	0	0	0
529	T	0	0	0	0	0	0	0
530	P	0	0	0	0	0	0	0
531	D	0	0	0	0	0	0	0
532	R	0	0	0	0	0	0	0
533	S	0	0	0	0	0	0	0
534	M	0	0	0	0	0	0	0
535	S	Phosphoserine	RTPDRSMSPKGRSED	CCCCCCCCCCCCCCC	0	0	0	0
536	P	0	0	0	0	0	0	0
537	K	0	0	0	0	0	0	0
538	G	0	0	0	0	0	0	0
539	R	0	0	0	0	0	0	0
540	S	0	0	0	0	0	0	0
541	E	0	0	0	0	0	0	0
542	D	0	0	0	0	0	0	0
543	D	0	0	0	0	0	0	0
544	S	0	0	0	0	0	0	0
545	Y	0	0	0	0	0	0	0
546	D	0	0	0	0	0	0	0
547	D	0	0	0	0	0	0	0
548	E	0	0	0	0	0	0	0
549	M	0	0	0	0	0	0	0
550	L	0	0	0	0	0	0	0
551	S	0	0	0	0	0	0	0
552	A	0	0	0	0	0	0	0
553	I	0	0	0	0	0	0	0
554	E	0	0	0	0	0	0	0
555	G	0	0	0	0	0	0	0
556	L	0	0	0	0	0	0	0
557	S	0	0	0	0	0	0	0
558	S	0	0	0	0	0	0	0
559	T	0	0	0	0	0	0	0
560	R	0	0	0	0	0	0	0
561	P	0	0	0	0	0	0	0
562	C	0	0	0	0	0	0	0
563	C	0	0	0	0	0	0	0
564	S	0	0	0	0	0	0	0
565	K	0	0	0	0	0	0	0
566	S	0	0	0	0	0	0	0
567	D	0	0	0	0	0	0	0
568	D	0	0	0	0	0	0	0
569	F	0	0	0	0	0	0	0
570	Y	0	0	0	0	0	0	0
571	T	0	0	0	0	0	0	0
572	F	0	0	0	0	0	0	0
573	G	0	0	0	0	0	0	0
574	S	0	0	0	0	0	0	0
575	I	0	0	0	0	0	0	0
576	F	0	0	0	0	0	0	0
577	L	0	0	0	0	0	0	0
578	E	0	0	0	0	0	0	0
579	K	0	0	0	0	0	0	0
580	G	0	0	0	0	0	0	0
581	F	0	0	0	0	0	0	0
582	E	0	0	0	0	0	0	0
583	R	0	0	0	0	0	0	0
584	E	0	0	0	0	0	0	0
585	Y	0	0	0	0	0	0	0
586	R	0	0	0	0	0	0	0
587	L	0	0	0	0	0	0	0
588	A	0	0	0	0	0	0	0
589	P	0	0	0	0	0	0	0
590	I	0	0	0	0	0	0	0
591	P	0	0	0	0	0	0	0
592	R	0	0	0	0	0	0	0
593	A	0	0	0	0	0	0	0
594	R	0	0	0	0	0	0	0
595	H	0	0	0	0	0	0	0
596	D	0	0	0	0	0	0	0
597	F	0	0	0	0	0	0	0
598	A	0	0	0	0	0	0	0
599	C	0	0	0	0	0	0	0
600	A	0	0	0	0	0	0	0
601	S	0	0	0	0	0	0	0
602	L	0	0	0	0	0	0	0
603	I	0	0	0	0	0	0	0
604	F	0	0	0	0	0	0	0
605	V	0	0	0	0	0	0	0
606	C	0	0	0	0	0	0	0
607	I	0	0	0	0	0	0	0
608	L	0	0	0	0	0	0	0
609	L	0	0	0	0	0	0	0
610	V	0	0	0	0	0	0	0
611	H	0	0	0	0	0	0	0
612	V	0	0	0	0	0	0	0
613	L	0	0	0	0	0	0	0
614	L	0	0	0	0	0	0	0
615	M	0	0	0	0	0	0	0
616	P	0	0	0	0	0	0	0
617	R	0	0	0	0	0	0	0
618	T	0	0	0	0	0	0	0
619	A	0	0	0	0	0	0	0
620	A	0	0	0	0	0	0	0
621	L	0	0	0	0	0	0	0
622	G	0	0	0	0	0	0	0
623	V	0	0	0	0	0	0	0
624	S	0	0	0	0	0	0	0
625	F	0	0	0	0	0	0	0
626	G	0	0	0	0	0	0	0
627	L	0	0	0	0	0	0	0
628	V	0	0	0	0	0	0	0
629	A	0	0	0	0	0	0	0
630	C	0	0	0	0	0	0	0
631	V	0	0	0	0	0	0	0
632	L	0	0	0	0	0	0	0
633	G	0	0	0	0	0	0	0
634	L	0	0	0	0	0	0	0
635	V	0	0	0	0	0	0	0
636	L	0	0	0	0	0	0	0
637	G	0	0	0	0	0	0	0
638	L	0	0	0	0	0	0	0
639	C	0	0	0	0	0	0	0
640	F	0	0	0	0	0	0	0
641	A	0	0	0	0	0	0	0
642	T	0	0	0	0	0	0	0
643	K	0	0	0	0	0	0	0
644	F	0	0	0	0	0	0	0
645	S	0	0	0	0	0	0	0
646	R	0	0	0	0	0	0	0
647	C	0	0	0	0	0	0	0
648	C	0	0	0	0	0	0	0
649	P	0	0	0	0	0	0	0
650	A	0	0	0	0	0	0	0
651	R	0	0	0	0	0	0	0
652	G	0	0	0	0	0	0	0
653	T	0	0	0	0	0	0	0
654	L	0	0	0	0	0	0	0
655	C	0	0	0	0	0	0	0
656	T	0	0	0	0	0	0	0
657	I	0	0	0	0	0	0	0
658	S	0	0	0	0	0	0	0
659	E	0	0	0	0	0	0	0
660	R	0	0	0	0	0	0	0
661	V	0	0	0	0	0	0	0
662	E	0	0	0	0	0	0	0
663	T	0	0	0	0	0	0	0
664	Q	0	0	0	0	0	0	0
665	P	0	0	0	0	0	0	0
666	L	0	0	0	0	0	0	0
667	L	0	0	0	0	0	0	0
668	R	0	0	0	0	0	0	0
669	L	0	0	0	0	0	0	0
670	T	0	0	0	0	0	0	0
671	L	0	0	0	0	0	0	0
672	A	0	0	0	0	0	0	0
673	V	0	0	0	0	0	0	0
674	L	0	0	0	0	0	0	0
675	T	0	0	0	0	0	0	0
676	I	0	0	0	0	0	0	0
677	G	0	0	0	0	0	0	0
678	S	0	0	0	0	0	0	0
679	L	0	0	0	0	0	0	0
680	L	0	0	0	0	0	0	0
681	T	0	0	0	0	0	0	0
682	V	0	0	0	0	0	0	0
683	A	0	0	0	0	0	0	0
684	I	0	0	0	0	0	0	0
685	I	0	0	0	0	0	0	0
686	N	0	0	0	0	0	0	0
687	L	0	0	0	0	0	0	0
688	P	0	0	0	0	0	0	0
689	L	0	0	0	0	0	0	0
690	M	0	0	0	0	0	0	0
691	P	0	0	0	0	0	0	0
692	F	0	0	0	0	0	0	0
693	Q	0	0	0	0	0	0	0
694	V	0	0	0	0	0	0	0
695	P	0	0	0	0	0	0	0
696	E	0	0	0	0	0	0	0
697	L	0	0	0	0	0	0	0
698	P	0	0	0	0	0	0	0
699	V	0	0	0	0	0	0	0
700	G	0	0	0	0	0	0	0
701	N	0	0	0	0	0	0	0
702	E	0	0	0	0	0	0	0
703	T	0	0	0	0	0	0	0
704	G	0	0	0	0	0	0	0
705	L	0	0	0	0	0	0	0
706	L	0	0	0	0	0	0	0
707	A	0	0	0	0	0	0	0
708	A	0	0	0	0	0	0	0
709	S	0	0	0	0	0	0	0
710	S	0	0	0	0	0	0	0
711	K	0	0	0	0	0	0	0
712	T	0	0	0	0	0	0	0
713	R	0	0	0	0	0	0	0
714	A	0	0	0	0	0	0	0
715	L	0	0	0	0	0	0	0
716	C	0	0	0	0	0	0	0
717	E	0	0	0	0	0	0	0
718	P	0	0	0	0	0	0	0
719	L	0	0	0	0	0	0	0
720	P	0	0	0	0	0	0	0
721	Y	0	0	0	0	0	0	0
722	Y	0	0	0	0	0	0	0
723	T	0	0	0	0	0	0	0
724	C	0	0	0	0	0	0	0
725	S	0	0	0	0	0	0	0
726	C	0	0	0	0	0	0	0
727	V	0	0	0	0	0	0	0
728	L	0	0	0	0	0	0	0
729	G	0	0	0	0	0	0	0
730	F	0	0	0	0	0	0	0
731	I	0	0	0	0	0	0	0
732	A	0	0	0	0	0	0	0
733	C	0	0	0	0	0	0	0
734	S	0	0	0	0	0	0	0
735	V	0	0	0	0	0	0	0
736	F	0	0	0	0	0	0	0
737	L	0	0	0	0	0	0	0
738	R	0	0	0	0	0	0	0
739	M	0	0	0	0	0	0	0
740	S	0	0	0	0	0	0	0
741	L	0	0	0	0	0	0	0
742	E	0	0	0	0	0	0	0
743	P	0	0	0	0	0	0	0
744	K	0	0	0	0	0	0	0
745	V	0	0	0	0	0	0	0
746	V	0	0	0	0	0	0	0
747	L	0	0	0	0	0	0	0
748	L	0	0	0	0	0	0	0
749	T	0	0	0	0	0	0	0
750	V	0	0	0	0	0	0	0
751	A	0	0	0	0	0	0	0
752	L	0	0	0	0	0	0	0
753	V	0	0	0	0	0	0	0
754	A	0	0	0	0	0	0	0
755	Y	0	0	0	0	0	0	0
756	L	0	0	0	0	0	0	0
757	V	0	0	0	0	0	0	0
758	L	0	0	0	0	0	0	0
759	F	0	0	0	0	0	0	0
760	N	0	0	0	0	0	0	0
761	L	0	0	0	0	0	0	0
762	S	0	0	0	0	0	0	0
763	P	0	0	0	0	0	0	0
764	C	0	0	0	0	0	0	0
765	W	0	0	0	0	0	0	0
766	Q	0	0	0	0	0	0	0
767	W	0	0	0	0	0	0	0
768	D	0	0	0	0	0	0	0
769	C	0	0	0	0	0	0	0
770	C	0	0	0	0	0	0	0
771	G	0	0	0	0	0	0	0
772	Q	0	0	0	0	0	0	0
773	G	0	0	0	0	0	0	0
774	L	0	0	0	0	0	0	0
775	G	0	0	0	0	0	0	0
776	N	0	0	0	0	0	0	0
777	L	0	0	0	0	0	0	0
778	T	0	0	0	0	0	0	0
779	K	0	0	0	0	0	0	0
780	P	0	0	0	0	0	0	0
781	N	0	0	0	0	0	0	0
782	G	0	0	0	0	0	0	0
783	T	0	0	0	0	0	0	0
784	T	0	0	0	0	0	0	0
785	S	0	0	0	0	0	0	0
786	G	0	0	0	0	0	0	0
787	T	0	0	0	0	0	0	0
788	P	0	0	0	0	0	0	0
789	S	0	0	0	0	0	0	0
790	C	0	0	0	0	0	0	0
791	S	0	0	0	0	0	0	0
792	W	0	0	0	0	0	0	0
793	K	0	0	0	0	0	0	0
794	D	0	0	0	0	0	0	0
795	L	0	0	0	0	0	0	0
796	K	0	0	0	0	0	0	0
797	T	0	0	0	0	0	0	0
798	M	0	0	0	0	0	0	0
799	T	0	0	0	0	0	0	0
800	N	0	0	0	0	0	0	0
801	F	0	0	0	0	0	0	0
802	Y	0	0	0	0	0	0	0
803	L	0	0	0	0	0	0	0
804	V	0	0	0	0	0	0	0
805	L	0	0	0	0	0	0	0
806	F	0	0	0	0	0	0	0
807	Y	Phosphotyrosine	NFYLVLFYITLLTLS	HHHHHHHHHHHHHHH	0	0	0	0
808	I	0	0	0	0	0	0	0
809	T	Phosphothreonine	YLVLFYITLLTLSRQ	HHHHHHHHHHHHHHH	0	0	0	0
810	L	0	0	0	0	0	0	0
811	L	0	0	0	0	0	0	0
812	T	Phosphothreonine	LFYITLLTLSRQIDY	HHHHHHHHHHHHHHH	0	0	0	0
813	L	0	0	0	0	0	0	0
814	S	Phosphoserine	YITLLTLSRQIDYYC	HHHHHHHHHHHHHHH	0	0	0	0
815	R	0	0	0	0	0	0	0
816	Q	0	0	0	0	0	0	0
817	I	0	0	0	0	0	0	0
818	D	0	0	0	0	0	0	0
819	Y	0	0	0	0	0	0	0
820	Y	0	0	0	0	0	0	0
821	C	0	0	0	0	0	0	0
822	R	0	0	0	0	0	0	0
823	L	0	0	0	0	0	0	0
824	D	0	0	0	0	0	0	0
825	C	0	0	0	0	0	0	0
826	L	0	0	0	0	0	0	0
827	W	0	0	0	0	0	0	0
828	K	0	0	0	0	0	0	0
829	K	0	0	0	0	0	0	0
830	K	0	0	0	0	0	0	0
831	F	0	0	0	0	0	0	0
832	K	0	0	0	0	0	0	0
833	K	0	0	0	0	0	0	0
834	E	0	0	0	0	0	0	0
835	H	0	0	0	0	0	0	0
836	E	0	0	0	0	0	0	0
837	E	0	0	0	0	0	0	0
838	F	0	0	0	0	0	0	0
839	E	0	0	0	0	0	0	0
840	T	0	0	0	0	0	0	0
841	M	0	0	0	0	0	0	0
842	E	0	0	0	0	0	0	0
843	N	0	0	0	0	0	0	0
844	V	0	0	0	0	0	0	0
845	N	0	0	0	0	0	0	0
846	R	0	0	0	0	0	0	0
847	L	0	0	0	0	0	0	0
848	L	0	0	0	0	0	0	0
849	L	0	0	0	0	0	0	0
850	E	0	0	0	0	0	0	0
851	N	0	0	0	0	0	0	0
852	V	0	0	0	0	0	0	0
853	L	0	0	0	0	0	0	0
854	P	0	0	0	0	0	0	0
855	A	0	0	0	0	0	0	0
856	H	0	0	0	0	0	0	0
857	V	0	0	0	0	0	0	0
858	A	0	0	0	0	0	0	0
859	A	0	0	0	0	0	0	0
860	H	0	0	0	0	0	0	0
861	F	0	0	0	0	0	0	0
862	I	0	0	0	0	0	0	0
863	G	0	0	0	0	0	0	0
864	D	0	0	0	0	0	0	0
865	K	0	0	0	0	0	0	0
866	L	0	0	0	0	0	0	0
867	N	0	0	0	0	0	0	0
868	E	0	0	0	0	0	0	0
869	D	0	0	0	0	0	0	0
870	W	0	0	0	0	0	0	0
871	Y	0	0	0	0	0	0	0
872	H	0	0	0	0	0	0	0
873	Q	0	0	0	0	0	0	0
874	S	0	0	0	0	0	0	0
875	Y	0	0	0	0	0	0	0
876	D	0	0	0	0	0	0	0
877	C	0	0	0	0	0	0	0
878	V	0	0	0	0	0	0	0
879	C	0	0	0	0	0	0	0
880	V	0	0	0	0	0	0	0
881	M	0	0	0	0	0	0	0
882	F	0	0	0	0	0	0	0
883	A	0	0	0	0	0	0	0
884	S	0	0	0	0	0	0	0
885	V	0	0	0	0	0	0	0
886	P	0	0	0	0	0	0	0
887	D	0	0	0	0	0	0	0
888	F	0	0	0	0	0	0	0
889	K	0	0	0	0	0	0	0
890	V	0	0	0	0	0	0	0
891	F	0	0	0	0	0	0	0
892	Y	Phosphotyrosine	VPDFKVFYTECDVNK	CCCEEEEEEECCCCH	0	0	0	0
893	T	0	0	0	0	0	0	0
894	E	0	0	0	0	0	0	0
895	C	0	0	0	0	0	0	0
896	D	0	0	0	0	0	0	0
897	V	0	0	0	0	0	0	0
898	N	0	0	0	0	0	0	0
899	K	0	0	0	0	0	0	0
900	E	0	0	0	0	0	0	0
901	G	0	0	0	0	0	0	0
902	L	0	0	0	0	0	0	0
903	E	0	0	0	0	0	0	0
904	C	0	0	0	0	0	0	0
905	L	0	0	0	0	0	0	0
906	R	0	0	0	0	0	0	0
907	L	0	0	0	0	0	0	0
908	L	0	0	0	0	0	0	0
909	N	0	0	0	0	0	0	0
910	E	0	0	0	0	0	0	0
911	I	0	0	0	0	0	0	0
912	I	0	0	0	0	0	0	0
913	A	0	0	0	0	0	0	0
914	D	0	0	0	0	0	0	0
915	F	0	0	0	0	0	0	0
916	D	0	0	0	0	0	0	0
917	E	0	0	0	0	0	0	0
918	L	0	0	0	0	0	0	0
919	L	0	0	0	0	0	0	0
920	L	0	0	0	0	0	0	0
921	K	0	0	0	0	0	0	0
922	P	0	0	0	0	0	0	0
923	K	0	0	0	0	0	0	0
924	F	0	0	0	0	0	0	0
925	S	Phosphoserine	LLLKPKFSGVEKIKT	HHHCCCCCCCCCCEE	0	0	0	0
926	G	0	0	0	0	0	0	0
927	V	0	0	0	0	0	0	0
928	E	0	0	0	0	0	0	0
929	K	0	0	0	0	0	0	0
930	I	0	0	0	0	0	0	0
931	K	0	0	0	0	0	0	0
932	T	0	0	0	0	0	0	0
933	I	0	0	0	0	0	0	0
934	G	0	0	0	0	0	0	0
935	S	0	0	0	0	0	0	0
936	T	0	0	0	0	0	0	0
937	Y	0	0	0	0	0	0	0
938	M	0	0	0	0	0	0	0
939	A	0	0	0	0	0	0	0
940	A	0	0	0	0	0	0	0
941	A	0	0	0	0	0	0	0
942	G	0	0	0	0	0	0	0
943	L	0	0	0	0	0	0	0
944	S	0	0	0	0	0	0	0
945	V	0	0	0	0	0	0	0
946	A	0	0	0	0	0	0	0
947	S	0	0	0	0	0	0	0
948	G	0	0	0	0	0	0	0
949	H	0	0	0	0	0	0	0
950	E	0	0	0	0	0	0	0
951	N	0	0	0	0	0	0	0
952	Q	0	0	0	0	0	0	0
953	E	0	0	0	0	0	0	0
954	L	0	0	0	0	0	0	0
955	E	0	0	0	0	0	0	0
956	R	0	0	0	0	0	0	0
957	Q	0	0	0	0	0	0	0
958	H	0	0	0	0	0	0	0
959	A	0	0	0	0	0	0	0
960	H	0	0	0	0	0	0	0
961	I	0	0	0	0	0	0	0
962	G	0	0	0	0	0	0	0
963	V	0	0	0	0	0	0	0
964	M	0	0	0	0	0	0	0
965	V	0	0	0	0	0	0	0
966	E	0	0	0	0	0	0	0
967	F	0	0	0	0	0	0	0
968	S	0	0	0	0	0	0	0
969	I	0	0	0	0	0	0	0
970	A	0	0	0	0	0	0	0
971	L	0	0	0	0	0	0	0
972	M	0	0	0	0	0	0	0
973	S	0	0	0	0	0	0	0
974	K	0	0	0	0	0	0	0
975	L	0	0	0	0	0	0	0
976	D	0	0	0	0	0	0	0
977	G	0	0	0	0	0	0	0
978	I	0	0	0	0	0	0	0
979	N	0	0	0	0	0	0	0
980	R	0	0	0	0	0	0	0
981	H	0	0	0	0	0	0	0
982	S	0	0	0	0	0	0	0
983	F	0	0	0	0	0	0	0
984	N	0	0	0	0	0	0	0
985	S	0	0	0	0	0	0	0
986	F	0	0	0	0	0	0	0
987	R	0	0	0	0	0	0	0
988	L	0	0	0	0	0	0	0
989	R	0	0	0	0	0	0	0
990	V	0	0	0	0	0	0	0
991	G	0	0	0	0	0	0	0
992	I	0	0	0	0	0	0	0
993	N	0	0	0	0	0	0	0
994	H	0	0	0	0	0	0	0
995	G	0	0	0	0	0	0	0
996	P	0	0	0	0	0	0	0
997	V	0	0	0	0	0	0	0
998	I	0	0	0	0	0	0	0
999	A	0	0	0	0	0	0	0
1000	G	0	0	0	0	0	0	0
1001	V	0	0	0	0	0	0	0
1002	I	0	0	0	0	0	0	0
1003	G	0	0	0	0	0	0	0
1004	A	0	0	0	0	0	0	0
1005	R	0	0	0	0	0	0	0
1006	K	Ubiquitinlysine	AGVIGARKPQYDIWG	EEEECCCCCCCCCCC	0	0	0	0
1007	P	0	0	0	0	0	0	0
1008	Q	0	0	0	0	0	0	0
1009	Y	0	0	0	0	0	0	0
1010	D	0	0	0	0	0	0	0
1011	I	0	0	0	0	0	0	0
1012	W	0	0	0	0	0	0	0
1013	G	0	0	0	0	0	0	0
1014	N	0	0	0	0	0	0	0
1015	T	0	0	0	0	0	0	0
1016	V	0	0	0	0	0	0	0
1017	N	0	0	0	0	0	0	0
1018	V	0	0	0	0	0	0	0
1019	A	0	0	0	0	0	0	0
1020	S	0	0	0	0	0	0	0
1021	R	0	0	0	0	0	0	0
1022	M	0	0	0	0	0	0	0
1023	E	0	0	0	0	0	0	0
1024	S	0	0	0	0	0	0	0
1025	T	0	0	0	0	0	0	0
1026	G	0	0	0	0	0	0	0
1027	E	0	0	0	0	0	0	0
1028	L	0	0	0	0	0	0	0
1029	G	0	0	0	0	0	0	0
1030	K	0	0	0	0	0	0	0
1031	I	0	0	0	0	0	0	0
1032	Q	0	0	0	0	0	0	0
1033	V	0	0	0	0	0	0	0
1034	T	0	0	0	0	0	0	0
1035	E	0	0	0	0	0	0	0
1036	E	0	0	0	0	0	0	0
1037	T	0	0	0	0	0	0	0
1038	C	0	0	0	0	0	0	0
1039	T	0	0	0	0	0	0	0
1040	I	0	0	0	0	0	0	0
1041	L	0	0	0	0	0	0	0
1042	Q	0	0	0	0	0	0	0
1043	G	0	0	0	0	0	0	0
1044	L	0	0	0	0	0	0	0
1045	G	0	0	0	0	0	0	0
1046	Y	0	0	0	0	0	0	0
1047	S	0	0	0	0	0	0	0
1048	C	0	0	0	0	0	0	0
1049	E	0	0	0	0	0	0	0
1050	C	0	0	0	0	0	0	0
1051	R	0	0	0	0	0	0	0
1052	G	0	0	0	0	0	0	0
1053	L	0	0	0	0	0	0	0
1054	I	0	0	0	0	0	0	0
1055	N	0	0	0	0	0	0	0
1056	V	0	0	0	0	0	0	0
1057	K	0	0	0	0	0	0	0
1058	G	0	0	0	0	0	0	0
1059	K	0	0	0	0	0	0	0
1060	G	0	0	0	0	0	0	0
1061	E	0	0	0	0	0	0	0
1062	L	0	0	0	0	0	0	0
1063	R	0	0	0	0	0	0	0
1064	T	0	0	0	0	0	0	0
1065	Y	0	0	0	0	0	0	0
1066	F	0	0	0	0	0	0	0
1067	V	0	0	0	0	0	0	0
1068	C	0	0	0	0	0	0	0
1069	T	0	0	0	0	0	0	0
1070	D	0	0	0	0	0	0	0
1071	T	0	0	0	0	0	0	0
1072	A	0	0	0	0	0	0	0
1073	K	0	0	0	0	0	0	0
1074	F	0	0	0	0	0	0	0
1075	Q	0	0	0	0	0	0	0
1076	G	0	0	0	0	0	0	0
1077	L	0	0	0	0	0	0	0
1078	G	0	0	0	0	0	0	0
1079	L	0	0	0	0	0	0	0
1080	N	0	0	0	0	0	0	0
