location	residue	Modification	seq	secStruc	RelatedDisease	VariantPosition	ResidueChange	DaPSbySAP
1	M	0	0	0	0	0	0	0
2	L	0	0	0	0	0	0	0
3	R	0	0	0	0	0	0	0
4	F	0	0	0	0	0	0	0
5	P	0	0	0	0	0	0	0
6	T	0	0	0	0	0	0	0
7	C	0	0	0	0	0	0	0
8	F	0	0	0	0	0	0	0
9	P	0	0	0	0	0	0	0
10	S	0	0	0	0	0	0	0
11	F	0	0	0	0	0	0	0
12	R	0	0	0	0	0	0	0
13	V	0	0	0	0	0	0	0
14	V	0	0	0	0	0	0	0
15	G	0	0	0	0	0	0	0
16	E	0	0	0	0	0	0	0
17	K	0	0	0	0	0	0	0
18	Q	0	0	0	0	0	0	0
19	L	0	0	0	0	0	0	0
20	P	0	0	0	0	0	0	0
21	Q	0	0	0	0	0	0	0
22	E	0	0	0	0	0	0	0
23	I	0	0	0	0	0	0	0
24	I	0	0	0	0	0	0	0
25	F	0	0	0	0	0	0	0
26	L	0	0	0	0	0	0	0
27	V	0	0	0	0	0	0	0
28	W	0	0	0	0	0	0	0
29	S	0	0	0	0	0	0	0
30	P	0	0	0	0	0	0	0
31	K	0	0	0	0	0	0	0
32	R	0	0	0	0	0	0	0
33	D	Ubiquitinaspartate	LVWSPKRDLIALANT	EEECCHHHHHHHHHC	0	0	0	0
34	L	0	0	0	0	0	0	0
35	I	0	0	0	0	0	0	0
36	A	0	0	0	0	0	0	0
37	L	0	0	0	0	0	0	0
38	A	0	0	0	0	0	0	0
39	N	0	0	0	0	0	0	0
40	T	0	0	0	0	0	0	0
41	A	0	0	0	0	0	0	0
42	G	0	0	0	0	0	0	0
43	E	0	0	0	0	0	0	0
44	V	0	0	0	0	0	0	0
45	L	0	0	0	0	0	0	0
46	L	0	0	0	0	0	0	0
47	H	0	0	0	0	0	0	0
48	R	0	0	0	0	0	0	0
49	L	0	0	0	0	0	0	0
50	A	0	0	0	0	0	0	0
51	S	0	0	0	0	0	0	0
52	F	0	0	0	0	0	0	0
53	H	0	0	0	0	0	0	0
54	R	0	0	0	0	0	0	0
55	V	0	0	0	0	0	0	0
56	W	0	0	0	0	0	0	0
57	S	0	0	0	0	0	0	0
58	F	0	0	0	0	0	0	0
59	P	0	0	0	0	0	0	0
60	P	0	0	0	0	0	0	0
61	N	0	0	0	0	0	0	0
62	E	0	0	0	0	0	0	0
63	N	0	0	0	0	0	0	0
64	T	0	0	0	0	0	0	0
65	G	0	0	0	0	0	0	0
66	K	0	0	0	0	0	0	0
67	E	0	0	0	0	0	0	0
68	V	0	0	0	0	0	0	0
69	T	0	0	0	0	0	0	0
70	C	0	0	0	0	0	0	0
71	L	0	0	0	0	0	0	0
72	A	0	0	0	0	0	0	0
73	W	0	0	0	0	0	0	0
74	R	0	0	0	0	0	0	0
75	P	0	0	0	0	0	0	0
76	D	0	0	0	0	0	0	0
77	G	0	0	0	0	0	0	0
78	K	0	0	0	0	0	0	0
79	L	0	0	0	0	0	0	0
80	L	0	0	0	0	0	0	0
81	A	0	0	0	0	0	0	0
82	F	0	0	0	0	0	0	0
83	A	0	0	0	0	0	0	0
84	L	0	0	0	0	0	0	0
85	A	0	0	0	0	0	0	0
86	D	0	0	0	0	0	0	0
87	T	Phosphothreonine	LAFALADTKKIVLCD	EEEEEECCCEEEEEE	0	0	0	0
88	K	0	0	0	0	0	0	0
89	K	0	0	0	0	0	0	0
90	I	0	0	0	0	0	0	0
91	V	0	0	0	0	0	0	0
92	L	0	0	0	0	0	0	0
93	C	0	0	0	0	0	0	0
94	D	0	0	0	0	0	0	0
95	V	0	0	0	0	0	0	0
96	E	0	0	0	0	0	0	0
97	K	0	0	0	0	0	0	0
98	P	0	0	0	0	0	0	0
99	E	0	0	0	0	0	0	0
100	S	0	0	0	0	0	0	0
101	L	0	0	0	0	0	0	0
102	H	0	0	0	0	0	0	0
103	S	0	0	0	0	0	0	0
104	F	0	0	0	0	0	0	0
105	S	0	0	0	0	0	0	0
106	V	0	0	0	0	0	0	0
107	E	0	0	0	0	0	0	0
108	A	0	0	0	0	0	0	0
109	P	0	0	0	0	0	0	0
110	V	0	0	0	0	0	0	0
111	S	0	0	0	0	0	0	0
112	C	0	0	0	0	0	0	0
113	M	0	0	0	0	0	0	0
114	H	0	0	0	0	0	0	0
115	W	0	0	0	0	0	0	0
116	M	0	0	0	0	0	0	0
117	E	0	0	0	0	0	0	0
118	V	0	0	0	0	0	0	0
119	T	0	0	0	0	0	0	0
120	V	0	0	0	0	0	0	0
121	E	0	0	0	0	0	0	0
122	S	0	0	0	0	0	0	0
123	S	0	0	0	0	0	0	0
124	V	0	0	0	0	0	0	0
125	L	0	0	0	0	0	0	0
126	T	0	0	0	0	0	0	0
127	S	0	0	0	0	0	0	0
128	F	0	0	0	0	0	0	0
129	Y	0	0	0	0	0	0	0
130	N	0	0	0	0	0	0	0
131	A	0	0	0	0	0	0	0
132	E	0	0	0	0	0	0	0
133	D	0	0	0	0	0	0	0
134	E	0	0	0	0	0	0	0
135	S	0	0	0	0	0	0	0
136	N	0	0	0	0	0	0	0
137	L	0	0	0	0	0	0	0
138	L	0	0	0	0	0	0	0
139	L	0	0	0	0	0	0	0
140	P	0	0	0	0	0	0	0
141	K	0	0	0	0	0	0	0
142	L	0	0	0	0	0	0	0
143	P	0	0	0	0	0	0	0
144	T	0	0	0	0	0	0	0
145	L	0	0	0	0	0	0	0
146	P	0	0	0	0	0	0	0
147	K	0	0	0	0	0	0	0
148	N	0	0	0	0	0	0	0
149	Y	0	0	0	0	0	0	0
150	S	0	0	0	0	0	0	0
151	N	0	0	0	0	0	0	0
152	T	0	0	0	0	0	0	0
153	S	0	0	0	0	0	0	0
154	K	0	0	0	0	0	0	0
155	I	0	0	0	0	0	0	0
156	F	0	0	0	0	0	0	0
157	S	0	0	0	0	0	0	0
158	E	0	0	0	0	0	0	0
159	E	0	0	0	0	0	0	0
160	N	0	0	0	0	0	0	0
161	S	0	0	0	0	0	0	0
162	D	0	0	0	0	0	0	0
163	E	0	0	0	0	0	0	0
164	I	0	0	0	0	0	0	0
165	I	0	0	0	0	0	0	0
166	K	0	0	0	0	0	0	0
167	L	0	0	0	0	0	0	0
168	L	0	0	0	0	0	0	0
169	G	0	0	0	0	0	0	0
170	D	0	0	0	0	0	0	0
171	V	0	0	0	0	0	0	0
172	R	0	0	0	0	0	0	0
173	L	0	0	0	0	0	0	0
174	N	0	0	0	0	0	0	0
175	I	0	0	0	0	0	0	0
176	L	0	0	0	0	0	0	0
177	V	0	0	0	0	0	0	0
178	L	0	0	0	0	0	0	0
179	G	0	0	0	0	0	0	0
180	G	0	0	0	0	0	0	0
181	S	0	0	0	0	0	0	0
182	S	0	0	0	0	0	0	0
183	G	0	0	0	0	0	0	0
184	F	0	0	0	0	0	0	0
185	I	0	0	0	0	0	0	0
186	E	0	0	0	0	0	0	0
187	L	0	0	0	0	0	0	0
188	Y	0	0	0	0	0	0	0
189	A	0	0	0	0	0	0	0
190	Y	0	0	0	0	0	0	0
191	G	0	0	0	0	0	0	0
192	M	0	0	0	0	0	0	0
193	F	0	0	0	0	0	0	0
194	K	0	0	0	0	0	0	0
195	I	0	0	0	0	0	0	0
196	A	0	0	0	0	0	0	0
197	R	0	0	0	0	0	0	0
198	V	0	0	0	0	0	0	0
199	T	Phosphothreonine	MFKIARVTGIAGTCL	HHHHHHHHCCHHHHH	0	0	0	0
200	G	0	0	0	0	0	0	0
201	I	0	0	0	0	0	0	0
202	A	0	0	0	0	0	0	0
203	G	0	0	0	0	0	0	0
204	T	Phosphothreonine	RVTGIAGTCLALCLS	HHHCCHHHHHHHHHC	0	0	0	0
205	C	0	0	0	0	0	0	0
206	L	0	0	0	0	0	0	0
207	A	0	0	0	0	0	0	0
208	L	0	0	0	0	0	0	0
209	C	0	0	0	0	0	0	0
210	L	0	0	0	0	0	0	0
211	S	Phosphoserine	TCLALCLSSDLKSLS	HHHHHHHCCCCCCCE	0	0	0	0
212	S	Phosphoserine	CLALCLSSDLKSLSV	HHHHHHCCCCCCCEE	0	0	0	0
213	D	0	0	0	0	0	0	0
214	L	0	0	0	0	0	0	0
215	K	0	0	0	0	0	0	0
216	S	0	0	0	0	0	0	0
217	L	0	0	0	0	0	0	0
218	S	0	0	0	0	0	0	0
219	V	0	0	0	0	0	0	0
220	V	0	0	0	0	0	0	0
221	T	0	0	0	0	0	0	0
222	E	0	0	0	0	0	0	0
223	V	0	0	0	0	0	0	0
224	S	0	0	0	0	0	0	0
225	T	0	0	0	0	0	0	0
226	N	0	0	0	0	0	0	0
227	G	0	0	0	0	0	0	0
228	A	0	0	0	0	0	0	0
229	S	0	0	0	0	0	0	0
230	E	0	0	0	0	0	0	0
231	V	0	0	0	0	0	0	0
232	S	0	0	0	0	0	0	0
233	Y	0	0	0	0	0	0	0
234	F	0	0	0	0	0	0	0
235	Q	0	0	0	0	0	0	0
236	L	0	0	0	0	0	0	0
237	E	0	0	0	0	0	0	0
238	T	0	0	0	0	0	0	0
239	N	0	0	0	0	0	0	0
240	L	0	0	0	0	0	0	0
241	L	0	0	0	0	0	0	0
242	Y	0	0	0	0	0	0	0
243	S	0	0	0	0	0	0	0
244	F	0	0	0	0	0	0	0
245	L	0	0	0	0	0	0	0
246	P	0	0	0	0	0	0	0
247	E	0	0	0	0	0	0	0
248	V	0	0	0	0	0	0	0
249	T	0	0	0	0	0	0	0
250	R	0	0	0	0	0	0	0
251	M	0	0	0	0	0	0	0
252	A	0	0	0	0	0	0	0
253	R	0	0	0	0	0	0	0
254	K	0	0	0	0	0	0	0
255	F	0	0	0	0	0	0	0
256	T	0	0	0	0	0	0	0
257	H	0	0	0	0	0	0	0
258	I	0	0	0	0	0	0	0
259	S	0	0	0	0	0	0	0
260	A	0	0	0	0	0	0	0
261	L	0	0	0	0	0	0	0
262	L	0	0	0	0	0	0	0
263	Q	0	0	0	0	0	0	0
264	Y	0	0	0	0	0	0	0
265	I	0	0	0	0	0	0	0
266	N	0	0	0	0	0	0	0
267	L	0	0	0	0	0	0	0
268	S	0	0	0	0	0	0	0
269	L	0	0	0	0	0	0	0
270	T	0	0	0	0	0	0	0
271	C	0	0	0	0	0	0	0
272	M	0	0	0	0	0	0	0
273	C	0	0	0	0	0	0	0
274	E	0	0	0	0	0	0	0
275	A	0	0	0	0	0	0	0
276	W	0	0	0	0	0	0	0
277	E	0	0	0	0	0	0	0
278	E	0	0	0	0	0	0	0
279	I	0	0	0	0	0	0	0
280	L	0	0	0	0	0	0	0
281	M	0	0	0	0	0	0	0
282	Q	0	0	0	0	0	0	0
283	M	0	0	0	0	0	0	0
284	D	0	0	0	0	0	0	0
285	S	0	0	0	0	0	0	0
286	R	0	0	0	0	0	0	0
287	L	0	0	0	0	0	0	0
288	T	0	0	0	0	0	0	0
289	K	0	0	0	0	0	0	0
290	F	0	0	0	0	0	0	0
291	V	0	0	0	0	0	0	0
292	Q	0	0	0	0	0	0	0
293	E	0	0	0	0	0	0	0
294	K	0	0	0	0	0	0	0
295	N	0	0	0	0	0	0	0
296	T	0	0	0	0	0	0	0
297	T	0	0	0	0	0	0	0
298	T	0	0	0	0	0	0	0
299	S	0	0	0	0	0	0	0
300	V	0	0	0	0	0	0	0
301	Q	0	0	0	0	0	0	0
302	D	0	0	0	0	0	0	0
303	E	0	0	0	0	0	0	0
304	F	0	0	0	0	0	0	0
305	M	0	0	0	0	0	0	0
306	H	0	0	0	0	0	0	0
307	L	0	0	0	0	0	0	0
308	L	0	0	0	0	0	0	0
309	L	0	0	0	0	0	0	0
310	W	0	0	0	0	0	0	0
311	G	0	0	0	0	0	0	0
312	K	0	0	0	0	0	0	0
313	A	0	0	0	0	0	0	0
314	S	0	0	0	0	0	0	0
315	A	0	0	0	0	0	0	0
316	E	0	0	0	0	0	0	0
317	L	0	0	0	0	0	0	0
318	Q	0	0	0	0	0	0	0
319	T	0	0	0	0	0	0	0
320	L	0	0	0	0	0	0	0
321	L	0	0	0	0	0	0	0
322	M	0	0	0	0	0	0	0
323	N	0	0	0	0	0	0	0
324	Q	0	0	0	0	0	0	0
325	L	0	0	0	0	0	0	0
326	T	0	0	0	0	0	0	0
327	V	0	0	0	0	0	0	0
328	K	0	0	0	0	0	0	0
329	G	0	0	0	0	0	0	0
330	L	0	0	0	0	0	0	0
331	K	0	0	0	0	0	0	0
332	K	0	0	0	0	0	0	0
333	L	0	0	0	0	0	0	0
334	G	0	0	0	0	0	0	0
335	Q	0	0	0	0	0	0	0
336	S	0	0	0	0	0	0	0
337	I	0	0	0	0	0	0	0
338	E	0	0	0	0	0	0	0
339	S	0	0	0	0	0	0	0
340	S	0	0	0	0	0	0	0
341	Y	0	0	0	0	0	0	0
342	S	0	0	0	0	0	0	0
343	S	0	0	0	0	0	0	0
344	I	0	0	0	0	0	0	0
345	Q	0	0	0	0	0	0	0
346	K	0	0	0	0	0	0	0
347	L	0	0	0	0	0	0	0
348	V	0	0	0	0	0	0	0
349	I	0	0	0	0	0	0	0
350	S	0	0	0	0	0	0	0
351	H	0	0	0	0	0	0	0
352	L	0	0	0	0	0	0	0
353	Q	0	0	0	0	0	0	0
354	S	0	0	0	0	0	0	0
355	G	0	0	0	0	0	0	0
356	S	0	0	0	0	0	0	0
357	E	0	0	0	0	0	0	0
358	S	0	0	0	0	0	0	0
359	L	0	0	0	0	0	0	0
360	L	0	0	0	0	0	0	0
361	Y	0	0	0	0	0	0	0
362	H	0	0	0	0	0	0	0
363	L	0	0	0	0	0	0	0
364	S	0	0	0	0	0	0	0
365	E	0	0	0	0	0	0	0
366	L	0	0	0	0	0	0	0
367	K	0	0	0	0	0	0	0
368	G	0	0	0	0	0	0	0
369	M	0	0	0	0	0	0	0
370	A	0	0	0	0	0	0	0
371	S	0	0	0	0	0	0	0
372	W	0	0	0	0	0	0	0
373	K	0	0	0	0	0	0	0
374	Q	0	0	0	0	0	0	0
375	K	0	0	0	0	0	0	0
376	Y	0	0	0	0	0	0	0
377	E	0	0	0	0	0	0	0
378	P	0	0	0	0	0	0	0
379	L	0	0	0	0	0	0	0
380	G	0	0	0	0	0	0	0
381	L	0	0	0	0	0	0	0
382	D	0	0	0	0	0	0	0
383	A	0	0	0	0	0	0	0
384	A	0	0	0	0	0	0	0
385	G	0	0	0	0	0	0	0
386	I	0	0	0	0	0	0	0
387	E	0	0	0	0	0	0	0
388	E	0	0	0	0	0	0	0
389	A	0	0	0	0	0	0	0
390	I	0	0	0	0	0	0	0
391	T	0	0	0	0	0	0	0
392	A	0	0	0	0	0	0	0
393	V	0	0	0	0	0	0	0
394	G	0	0	0	0	0	0	0
395	S	0	0	0	0	0	0	0
396	F	0	0	0	0	0	0	0
397	I	0	0	0	0	0	0	0
398	L	0	0	0	0	0	0	0
399	K	0	0	0	0	0	0	0
400	A	0	0	0	0	0	0	0
401	N	0	0	0	0	0	0	0
402	E	0	0	0	0	0	0	0
403	L	0	0	0	0	0	0	0
404	L	0	0	0	0	0	0	0
405	Q	0	0	0	0	0	0	0
406	V	0	0	0	0	0	0	0
407	I	0	0	0	0	0	0	0
408	D	0	0	0	0	0	0	0
409	S	0	0	0	0	0	0	0
410	S	0	0	0	0	0	0	0
411	M	0	0	0	0	0	0	0
412	K	0	0	0	0	0	0	0
413	N	0	0	0	0	0	0	0
414	F	0	0	0	0	0	0	0
415	K	0	0	0	0	0	0	0
416	A	0	0	0	0	0	0	0
417	F	0	0	0	0	0	0	0
418	F	0	0	0	0	0	0	0
419	R	0	0	0	0	0	0	0
420	W	0	0	0	0	0	0	0
421	L	0	0	0	0	0	0	0
422	Y	0	0	0	0	0	0	0
423	V	0	0	0	0	0	0	0
424	A	0	0	0	0	0	0	0
425	M	0	0	0	0	0	0	0
426	L	0	0	0	0	0	0	0
427	R	0	0	0	0	0	0	0
428	M	0	0	0	0	0	0	0
429	T	Phosphothreonine	YVAMLRMTEDHVLPE	HHHHHHHCCCCCHHH	0	0	0	0
430	E	0	0	0	0	0	0	0
431	D	0	0	0	0	0	0	0
432	H	0	0	0	0	0	0	0
433	V	0	0	0	0	0	0	0
434	L	0	0	0	0	0	0	0
435	P	0	0	0	0	0	0	0
436	E	0	0	0	0	0	0	0
437	L	0	0	0	0	0	0	0
438	N	0	0	0	0	0	0	0
439	K	0	0	0	0	0	0	0
440	M	0	0	0	0	0	0	0
441	T	0	0	0	0	0	0	0
442	Q	0	0	0	0	0	0	0
443	K	0	0	0	0	0	0	0
444	D	0	0	0	0	0	0	0
445	I	0	0	0	0	0	0	0
446	T	0	0	0	0	0	0	0
447	F	0	0	0	0	0	0	0
448	V	0	0	0	0	0	0	0
449	A	0	0	0	0	0	0	0
450	E	0	0	0	0	0	0	0
451	F	0	0	0	0	0	0	0
452	L	0	0	0	0	0	0	0
453	T	0	0	0	0	0	0	0
454	E	0	0	0	0	0	0	0
455	H	0	0	0	0	0	0	0
456	F	0	0	0	0	0	0	0
457	N	0	0	0	0	0	0	0
458	E	0	0	0	0	0	0	0
459	A	0	0	0	0	0	0	0
460	P	0	0	0	0	0	0	0
461	D	0	0	0	0	0	0	0
462	L	0	0	0	0	0	0	0
463	Y	0	0	0	0	0	0	0
464	N	0	0	0	0	0	0	0
465	R	0	0	0	0	0	Q;L	468
466	K	0	0	0	0	0	0	0
467	G	0	0	0	0	0	0	0
468	K	Ubiquitinlysine	DLYNRKGKYFNVERV	CHHHCCCCCCCHHHH	Intelligence (MTAG):intelligence, self reported educational attainment	465 (3)	0	0
469	Y	Phosphotyrosine	LYNRKGKYFNVERVG	HHHCCCCCCCHHHHC	0	0	0	0
470	F	0	0	0	0	0	0	0
471	N	0	0	0	0	0	0	0
472	V	0	0	0	0	0	0	0
473	E	0	0	0	0	0	0	0
474	R	0	0	0	0	0	0	0
475	V	0	0	0	0	0	0	0
476	G	0	0	0	0	0	0	0
477	Q	0	0	0	0	0	0	0
478	Y	0	0	0	0	0	0	0
479	L	0	0	0	0	0	0	0
480	K	0	0	0	0	0	0	0
481	D	0	0	0	0	0	0	0
482	E	0	0	0	0	0	0	0
483	D	0	0	0	0	0	0	0
484	D	0	0	0	0	0	0	0
485	D	0	0	0	0	0	0	0
486	L	0	0	0	0	0	0	0
487	V	0	0	0	0	0	0	0
488	S	Phosphoserine	DEDDDLVSPPNTEGN	CCCCCCCCCCCCCCC	0	0	0	0
489	P	0	0	0	0	0	0	0
490	P	0	0	0	0	0	0	0
491	N	0	0	0	0	0	0	0
492	T	0	0	0	0	0	0	0
493	E	0	0	0	0	0	0	0
494	G	0	0	0	0	0	0	0
495	N	0	0	0	0	0	0	0
496	Q	0	0	0	0	0	0	0
497	W	0	0	0	0	0	0	0
498	Y	0	0	0	0	0	0	0
499	D	0	0	0	0	0	0	0
500	F	0	0	0	0	0	0	0
501	L	0	0	0	0	0	0	0
502	Q	0	0	0	0	0	0	0
503	N	0	0	0	0	0	0	0
504	S	0	0	0	0	0	0	0
505	S	0	0	0	0	0	0	0
506	H	0	0	0	0	0	0	0
507	L	0	0	0	0	0	0	0
508	K	0	0	0	0	0	0	0
509	E	0	0	0	0	0	0	0
510	S	0	0	0	0	0	0	0
511	P	0	0	0	0	0	0	0
512	L	0	0	0	0	0	0	0
513	L	0	0	0	0	0	0	0
514	F	0	0	0	0	0	0	0
515	P	0	0	0	0	0	0	0
516	Y	Phosphotyrosine	ESPLLFPYYPRKSLH	CCCCCCCCCCHHHHH	0	0	0	0
517	Y	0	0	0	0	0	0	0
518	P	0	0	0	0	0	0	0
519	R	0	0	0	0	0	0	0
520	K	0	0	0	0	0	0	0
521	S	0	0	0	0	0	0	0
522	L	0	0	0	0	0	0	0
523	H	0	0	0	0	0	0	0
524	F	0	0	0	0	0	0	0
525	V	0	0	0	0	0	0	0
526	K	0	0	0	0	0	0	0
527	R	0	0	0	0	0	0	0
528	R	0	0	0	0	0	0	0
529	M	0	0	0	0	0	0	0
530	E	0	0	0	0	0	0	0
531	N	0	0	0	0	0	0	0
532	I	0	0	0	0	0	0	0
533	I	0	0	0	0	0	0	0
534	D	0	0	0	0	0	0	0
535	Q	0	0	0	0	0	0	0
536	C	0	0	0	0	0	0	0
537	L	0	0	0	0	0	0	0
538	Q	0	0	0	0	0	0	0
539	K	0	0	0	0	0	0	0
540	P	0	0	0	0	0	0	0
541	A	0	0	0	0	0	0	0
542	D	0	0	0	0	0	0	0
543	V	0	0	0	0	0	0	0
544	I	0	0	0	0	0	0	0
545	G	0	0	0	0	0	0	0
546	K	0	0	0	0	0	0	0
547	S	0	0	0	0	0	0	0
548	M	0	0	0	0	0	0	0
549	N	0	0	0	0	0	0	0
550	Q	0	0	0	0	0	0	0
551	A	0	0	0	0	0	0	0
552	I	0	0	0	0	0	0	0
553	C	0	0	0	0	0	0	0
554	I	0	0	0	0	0	0	0
555	P	0	0	0	0	0	0	0
556	L	0	0	0	0	0	0	0
557	Y	0	0	0	0	0	0	0
558	R	0	0	0	0	0	0	0
559	D	0	0	0	0	0	0	0
560	T	0	0	0	0	0	0	0
561	R	0	0	0	0	0	0	0
562	S	0	0	0	0	0	0	0
563	E	0	0	0	0	0	0	0
564	D	0	0	0	0	0	0	0
565	S	0	0	0	0	0	0	0
566	T	0	0	0	0	0	0	0
567	R	0	0	0	0	0	0	0
568	R	0	0	0	0	0	0	0
569	L	0	0	0	0	0	0	0
570	F	0	0	0	0	0	0	0
571	K	0	0	0	0	0	0	0
572	F	0	0	0	0	0	0	0
573	P	0	0	0	0	0	0	0
574	F	0	0	0	0	0	0	0
575	L	0	0	0	0	0	0	0
576	W	0	0	0	0	0	0	0
577	N	0	0	0	0	0	0	0
578	N	0	0	0	0	0	0	0
579	K	0	0	0	0	0	0	0
580	T	0	0	0	0	0	0	0
581	S	0	0	0	0	0	0	0
582	N	0	0	0	0	0	0	0
583	L	0	0	0	0	0	0	0
584	H	0	0	0	0	0	0	0
585	Y	0	0	0	0	0	0	0
586	L	0	0	0	0	0	0	0
587	L	0	0	0	0	0	0	0
588	F	0	0	0	0	0	0	0
589	T	0	0	0	0	0	0	0
590	I	0	0	0	0	0	0	0
591	L	0	0	0	0	0	0	0
592	E	0	0	0	0	0	0	0
593	D	0	0	0	0	0	0	0
594	S	0	0	0	0	0	0	0
595	L	0	0	0	0	0	0	0
596	Y	0	0	0	0	0	0	0
597	K	0	0	0	0	0	0	0
598	M	0	0	0	0	0	0	0
599	C	0	0	0	0	0	0	0
600	I	0	0	0	0	0	0	0
601	L	0	0	0	0	0	0	0
602	R	0	0	0	0	0	0	0
603	R	0	0	0	0	0	0	0
604	H	0	0	0	0	0	0	0
605	T	0	0	0	0	0	0	0
606	D	0	0	0	0	0	0	0
607	I	0	0	0	0	0	0	0
608	S	0	0	0	0	0	0	0
609	Q	0	0	0	0	0	0	0
610	S	0	0	0	0	0	0	0
611	V	0	0	0	0	0	0	0
612	S	0	0	0	0	0	0	0
613	N	0	0	0	0	0	0	0
614	G	0	0	0	0	0	0	0
615	L	0	0	0	0	0	0	0
616	I	0	0	0	0	0	0	0
617	A	0	0	0	0	0	0	0
618	I	0	0	0	0	0	0	0
619	K	0	0	0	0	0	0	0
620	F	0	0	0	0	0	0	0
621	G	0	0	0	0	0	0	0
622	S	0	0	0	0	0	0	0
623	F	0	0	0	0	0	0	0
624	T	0	0	0	0	0	0	0
625	Y	Phosphotyrosine	IKFGSFTYATTEKVR	EEECCEEEECCHHHH	0	0	0	0
626	A	0	0	0	0	0	0	0
627	T	Phosphothreonine	FGSFTYATTEKVRRS	ECCEEEECCHHHHHH	0	0	0	0
628	T	Phosphothreonine	GSFTYATTEKVRRSI	CCEEEECCHHHHHHH	0	0	0	0
629	E	0	0	0	0	0	0	0
630	K	N-acetyllysine	FTYATTEKVRRSIYS	EEEECCHHHHHHHHH	0	0	0	0
631	V	0	0	0	0	0	0	0
632	R	0	0	0	0	0	0	0
633	R	0	0	0	0	0	0	0
634	S	0	0	0	0	0	0	0
635	I	0	0	0	0	0	0	0
636	Y	0	0	0	0	0	0	0
637	S	0	0	0	0	0	0	0
638	C	0	0	0	0	0	0	0
639	L	0	0	0	0	0	0	0
640	D	0	0	0	0	0	0	0
641	A	0	0	0	0	0	0	0
642	Q	0	0	0	0	0	0	0
643	F	0	0	0	0	0	0	0
644	Y	0	0	0	0	0	0	0
645	D	0	0	0	0	0	0	0
646	D	0	0	0	0	0	0	0
647	E	0	0	0	0	0	0	0
648	T	0	0	0	0	0	0	0
649	V	0	0	0	0	0	0	0
650	T	0	0	0	0	0	0	0
651	V	0	0	0	0	0	0	0
652	V	0	0	0	0	0	0	0
653	L	0	0	0	0	0	0	0
654	K	0	0	0	0	0	0	0
655	D	0	0	0	0	0	0	0
656	T	0	0	0	0	0	0	0
657	V	0	0	0	0	0	0	0
658	G	0	0	0	0	0	0	0
659	R	0	0	0	0	0	0	0
660	E	0	0	0	0	0	0	0
661	G	0	0	0	0	0	0	0
662	R	0	0	0	0	0	0	0
663	D	0	0	0	0	0	0	0
664	R	0	0	0	0	0	0	0
665	L	0	0	0	0	0	0	0
666	L	0	0	0	0	0	0	0
667	V	0	0	0	0	0	0	0
668	Q	0	0	0	0	0	0	0
669	L	0	0	0	0	0	0	0
670	P	0	0	0	0	0	0	0
671	L	0	0	0	0	0	0	0
672	S	0	0	0	0	0	0	0
673	L	0	0	0	0	0	0	0
674	V	0	0	0	0	0	0	0
675	Y	0	0	0	0	0	0	0
676	N	0	0	0	0	0	0	0
677	S	0	0	0	0	0	0	0
678	E	0	0	0	0	0	0	0
679	D	0	0	0	0	0	0	0
680	S	0	0	0	0	0	0	0
681	A	0	0	0	0	0	0	0
682	E	0	0	0	0	0	0	0
683	Y	0	0	0	0	0	0	0
684	Q	0	0	0	0	0	0	0
685	F	0	0	0	0	0	0	0
686	T	0	0	0	0	0	0	0
687	G	0	0	0	0	0	0	0
688	T	0	0	0	0	0	0	0
689	Y	0	0	0	0	0	0	0
690	S	0	0	0	0	0	0	0
691	T	0	0	0	0	0	0	0
692	R	0	0	0	0	0	0	0
693	L	0	0	0	0	0	0	0
694	D	0	0	0	0	0	0	0
695	E	0	0	0	0	0	0	0
696	Q	0	0	0	0	0	0	0
697	C	0	0	0	0	0	0	0
698	S	0	0	0	0	0	0	0
699	A	0	0	0	0	0	0	0
700	I	0	0	0	0	0	0	0
701	P	0	0	0	0	0	0	0
702	T	0	0	0	0	0	0	0
703	R	0	0	0	0	0	0	0
704	T	0	0	0	0	0	0	0
705	M	0	0	0	0	0	0	0
706	H	0	0	0	0	0	0	0
707	F	0	0	0	0	0	0	0
708	E	0	0	0	0	0	0	0
709	K	0	0	0	0	0	0	0
710	H	0	0	0	0	0	0	0
711	W	0	0	0	0	0	0	0
712	R	0	0	0	0	0	0	0
713	L	0	0	0	0	0	0	0
714	L	0	0	0	0	0	0	0
715	E	0	0	0	0	0	0	0
716	S	0	0	0	0	0	0	0
717	M	0	0	0	0	0	0	0
718	K	0	0	0	0	0	0	0
719	A	0	0	0	0	0	0	0
720	Q	0	0	0	0	0	0	0
721	Y	0	0	0	0	0	0	0
722	V	0	0	0	0	0	0	0
723	A	0	0	0	0	0	0	0
724	G	0	0	0	0	0	0	0
725	N	0	0	0	0	0	0	0
726	G	0	0	0	0	0	0	0
727	F	0	0	0	0	0	0	0
728	R	0	0	0	0	0	0	0
729	K	0	0	0	0	0	0	0
730	V	0	0	0	0	0	0	0
731	S	0	0	0	0	0	0	0
732	C	0	0	0	0	0	0	0
733	V	0	0	0	0	0	0	0
734	L	0	0	0	0	0	0	0
735	S	0	0	0	0	0	0	0
736	S	Phosphoserine	KVSCVLSSNLRHVRV	EEEEEEECCCCEEEE	0	0	0	0
737	N	0	0	0	0	0	0	0
738	L	0	0	0	0	0	0	0
739	R	0	0	0	0	0	0	0
740	H	0	0	0	0	0	0	0
741	V	0	0	0	0	0	0	0
742	R	0	0	0	0	0	0	0
743	V	0	0	0	0	0	0	0
744	F	0	0	0	0	0	0	0
745	E	0	0	0	0	0	0	0
746	M	0	0	0	0	0	0	0
747	D	0	0	0	0	0	0	0
748	I	0	0	0	0	0	0	0
749	D	0	0	0	0	0	0	0
750	D	0	0	0	0	0	0	0
751	E	0	0	0	0	0	0	0
752	W	0	0	0	0	0	0	0
753	E	0	0	0	0	0	0	0
754	L	0	0	0	0	0	0	0
755	D	0	0	0	0	0	0	0
756	E	0	0	0	0	0	0	0
757	S	Phosphoserine	DEWELDESSDEEEEA	CCCCCCCCCCHHHHH	0	0	0	0
758	S	Phosphoserine	EWELDESSDEEEEAS	CCCCCCCCCHHHHHH	0	0	0	0
759	D	0	0	0	0	0	0	0
760	E	0	0	0	0	0	0	0
761	E	0	0	0	0	0	0	0
762	E	0	0	0	0	0	0	0
763	E	0	0	0	0	0	0	0
764	A	0	0	0	0	0	0	0
765	S	0	0	0	0	0	0	0
766	N	0	0	0	0	0	0	0
767	K	0	0	0	0	0	0	0
768	P	0	0	0	0	0	0	0
769	V	0	0	0	0	0	0	0
770	K	0	0	0	0	0	0	0
771	I	0	0	0	0	0	0	0
772	K	Sumoyllysine	SNKPVKIKEEVLSES	HCCCCCCHHHHHCHH	0	0	0	0
773	E	0	0	0	0	0	0	0
774	E	0	0	0	0	0	0	0
775	V	0	0	0	0	0	0	0
776	L	0	0	0	0	0	0	0
777	S	Phosphoserine	KIKEEVLSESEAENQ	CCHHHHHCHHHHHHH	0	0	0	0
778	E	0	0	0	0	0	0	0
779	S	Phosphoserine	KEEVLSESEAENQQA	HHHHHCHHHHHHHHH	0	0	0	0
780	E	0	0	0	0	0	0	0
781	A	0	0	0	0	0	0	0
782	E	0	0	0	0	0	0	0
783	N	0	0	0	0	0	0	0
784	Q	0	0	0	0	0	0	0
785	Q	0	0	0	0	0	0	0
786	A	0	0	0	0	0	0	0
787	G	0	0	0	0	0	0	0
788	A	0	0	0	0	0	0	0
789	A	0	0	0	0	0	0	0
790	A	0	0	0	0	0	0	0
791	L	0	0	0	0	0	0	0
792	A	0	0	0	0	0	0	0
793	P	0	0	0	0	0	0	0
794	E	0	0	0	0	0	0	0
795	I	0	0	0	0	0	0	0
796	V	0	0	0	0	0	0	0
797	I	0	0	0	0	0	0	0
798	K	Sumoyllysine	LAPEIVIKVEKLDPE	HCCEEEEEEEECCCC	0	0	0	0
799	V	0	0	0	0	0	0	0
800	E	0	0	0	0	0	0	0
801	K	0	0	0	0	0	0	0
802	L	0	0	0	0	0	0	0
803	D	0	0	0	0	0	0	0
804	P	0	0	0	0	0	0	0
805	E	0	0	0	0	0	0	0
806	L	0	0	0	0	0	0	0
807	D	0	0	0	0	0	0	0
808	S	0	0	0	0	0	0	0
