location	residue	Modification	seq	secStruc	RelatedDisease	VariantPosition	ResidueChange	DaPSbySAP
1	M	0	0	0	0	0	0	0
2	L	0	0	0	0	0	0	0
3	P	0	0	0	0	0	0	0
4	A	0	0	0	0	0	0	0
5	A	0	0	0	0	0	0	0
6	P	0	0	0	0	0	0	0
7	G	0	0	0	0	0	0	0
8	K	0	0	0	0	0	0	0
9	G	0	0	0	0	0	0	0
10	L	0	0	0	0	0	0	0
11	G	0	0	0	0	0	0	0
12	S	0	0	0	0	0	0	0
13	P	0	0	0	0	0	0	0
14	D	0	0	0	0	0	0	0
15	P	0	0	0	0	0	0	0
16	A	0	0	0	0	0	0	0
17	P	0	0	0	0	0	0	0
18	C	0	0	0	0	0	0	0
19	G	0	0	0	0	0	0	0
20	P	0	0	0	0	0	0	0
21	A	0	0	0	0	0	0	0
22	P	0	0	0	0	0	0	0
23	P	0	0	0	0	0	0	0
24	G	0	0	0	0	0	0	0
25	N	0	0	0	0	0	0	0
26	T	0	0	0	0	0	0	0
27	K	0	0	0	0	0	0	0
28	D	0	0	0	0	0	0	0
29	I	0	0	0	0	0	0	0
30	I	0	0	0	0	0	0	0
31	M	0	0	0	0	0	0	0
32	I	0	0	0	0	0	0	0
33	Y	0	0	0	0	0	0	0
34	E	0	0	0	0	0	0	0
35	E	0	0	0	0	0	0	0
36	D	0	0	0	0	0	0	0
37	A	0	0	0	0	0	0	0
38	E	0	0	0	0	0	0	0
39	E	0	0	0	0	0	0	0
40	W	0	0	0	0	0	0	0
41	A	0	0	0	0	0	0	0
42	L	0	0	0	0	0	0	0
43	Y	0	0	0	0	0	0	0
44	L	0	0	0	0	0	0	0
45	T	0	0	0	0	0	0	0
46	E	0	0	0	0	0	0	0
47	V	0	0	0	0	0	0	0
48	F	0	0	0	0	0	0	0
49	L	0	0	0	0	0	0	0
50	H	0	0	0	0	0	0	0
51	V	0	0	0	0	0	0	0
52	V	0	0	0	0	0	0	0
53	K	0	0	0	0	0	0	0
54	R	0	0	0	0	0	0	0
55	E	0	0	0	0	0	0	0
56	A	0	0	0	0	0	0	0
57	I	0	0	0	0	0	0	0
58	L	0	0	0	0	0	0	0
59	L	0	0	0	0	0	0	0
60	Y	0	0	0	0	0	0	0
61	R	0	0	0	0	0	H;L	66
62	L	0	0	0	0	0	0	0
63	E	0	0	0	0	0	0	0
64	N	0	0	0	0	0	0	0
65	F	0	0	0	0	0	0	0
66	S	Phosphoserine	LYRLENFSFRHLELL	HHCCCCCCCCHHHHH	Systemic lupus erythematosus:systemic lupus erythematosus	61 (5)	0	0
67	F	0	0	0	0	0	0	0
68	R	0	0	0	0	0	0	0
69	H	0	0	0	0	0	0	0
70	L	0	0	0	0	0	0	0
71	E	0	0	0	0	0	0	0
72	L	0	0	0	0	0	0	0
73	L	0	0	0	0	0	0	0
74	N	0	0	0	0	0	0	0
75	L	0	0	0	0	0	0	0
76	T	0	0	0	0	0	0	0
77	S	0	0	0	0	0	0	0
78	Y	0	0	0	0	0	0	0
79	K	0	0	0	0	0	0	0
80	C	0	0	0	0	0	0	0
81	K	0	0	0	0	0	0	0
82	L	0	0	0	0	0	0	0
83	L	0	0	0	0	0	0	0
84	I	0	0	0	0	0	0	0
85	L	0	0	0	0	0	0	0
86	S	0	0	0	0	0	0	0
87	N	0	0	0	0	0	0	0
88	S	0	0	0	0	0	0	0
89	L	0	0	0	0	0	0	0
90	L	0	0	0	0	0	0	0
91	R	0	0	0	0	0	0	0
92	D	0	0	0	0	0	0	0
93	L	0	0	0	0	0	0	0
94	T	0	0	0	0	0	0	0
95	P	0	0	0	0	0	0	0
96	K	0	0	0	0	0	0	0
97	K	0	0	0	0	0	0	0
98	C	0	0	0	0	0	0	0
99	Q	0	0	0	0	0	0	0
100	F	0	0	0	0	0	0	0
101	L	0	0	0	0	0	0	0
102	E	0	0	0	0	0	0	0
103	K	0	0	0	0	0	0	0
104	I	0	0	0	0	0	0	0
105	L	0	0	0	0	0	0	0
106	H	0	0	0	0	0	0	0
107	S	0	0	0	0	0	0	0
108	P	0	0	0	0	0	0	0
109	K	0	0	0	0	0	0	0
110	S	0	0	0	0	0	0	0
111	V	0	0	0	0	0	0	0
112	V	0	0	0	0	0	0	0
113	T	0	0	0	0	0	0	0
114	L	0	0	0	0	0	0	0
115	L	0	0	0	0	0	0	0
116	C	0	0	0	0	0	0	0
117	G	0	0	0	0	0	0	0
118	V	0	0	0	0	0	0	0
119	K	0	0	0	0	0	0	0
120	S	0	0	0	0	0	0	0
121	S	0	0	0	0	0	0	0
122	D	0	0	0	0	0	0	0
123	Q	0	0	0	0	0	0	0
124	L	0	0	0	0	0	0	0
125	Y	0	0	0	0	0	0	0
126	E	0	0	0	0	0	0	0
127	L	0	0	0	0	0	0	0
128	L	0	0	0	0	0	0	0
129	N	0	0	0	0	0	0	0
130	I	0	0	0	0	0	0	0
131	S	0	0	0	0	0	0	0
132	Q	0	0	0	0	0	0	0
133	S	0	0	0	0	0	0	0
134	R	0	0	0	0	0	0	0
135	W	0	0	0	0	0	0	0
136	E	0	0	0	0	0	0	0
137	I	0	0	0	0	0	0	0
138	S	0	0	0	0	0	0	0
139	T	0	0	0	0	0	0	0
140	E	0	0	0	0	0	0	0
141	Q	0	0	0	0	0	0	0
142	E	0	0	0	0	0	0	0
143	P	0	0	0	0	0	0	0
144	E	0	0	0	0	0	0	0
145	D	0	0	0	0	0	0	0
146	Y	0	0	0	0	0	0	0
147	I	0	0	0	0	0	0	0
148	S	Phosphoserine	QEPEDYISVIQSIIF	CCCCHHHHHHHHHHC	0	0	0	0
149	V	0	0	0	0	0	0	0
150	I	0	0	0	0	0	0	0
151	Q	0	0	0	0	0	0	0
152	S	0	0	0	0	0	0	0
153	I	0	0	0	0	0	0	0
154	I	0	0	0	0	0	0	0
155	F	0	0	0	0	0	0	0
156	K	0	0	0	0	0	0	0
157	D	0	0	0	0	0	0	0
158	S	0	0	0	0	0	0	0
159	E	0	0	0	0	0	0	0
160	D	0	0	0	0	0	0	0
161	Y	0	0	0	0	0	0	0
162	F	0	0	0	0	0	0	0
163	E	0	0	0	0	0	0	0
164	V	0	0	0	0	0	0	0
165	N	0	0	0	0	0	0	0
166	I	0	0	0	0	0	0	0
167	P	0	0	0	0	0	0	0
168	T	0	0	0	0	0	0	0
169	D	0	0	0	0	0	0	0
170	L	0	0	0	0	0	0	0
171	R	0	0	0	0	0	0	0
172	A	0	0	0	0	0	0	0
173	K	0	0	0	0	0	0	0
174	H	0	0	0	0	0	0	0
175	S	0	0	0	0	0	0	0
176	G	0	0	0	0	0	0	0
177	E	0	0	0	0	0	0	0
178	I	0	0	0	0	0	0	0
179	S	0	0	0	0	0	0	0
180	E	0	0	0	0	0	0	0
181	R	0	0	0	0	0	0	0
182	K	0	0	0	0	0	0	0
183	E	0	0	0	0	0	0	0
184	I	0	0	0	0	0	0	0
185	E	0	0	0	0	0	0	0
186	E	0	0	0	0	0	0	0
187	L	0	0	0	0	0	0	0
188	S	0	0	0	0	0	0	0
189	E	0	0	0	0	0	0	0
190	A	0	0	0	0	0	0	0
191	S	0	0	0	0	0	0	0
192	R	0	0	0	0	0	0	0
193	N	0	0	0	0	0	0	0
194	T	0	0	0	0	0	0	0
195	I	0	0	0	0	0	0	0
196	P	0	0	0	0	0	0	0
197	L	0	0	0	0	0	0	0
198	A	0	0	0	0	0	0	0
199	V	0	0	0	0	0	0	0
200	V	0	0	0	0	0	0	0
201	L	0	0	0	0	0	0	0
202	P	0	0	0	0	0	0	0
203	T	0	0	0	0	0	0	0
204	E	0	0	0	0	0	0	0
205	I	0	0	0	0	0	0	0
206	P	0	0	0	0	0	0	0
207	C	0	0	0	0	0	0	0
208	E	0	0	0	0	0	0	0
209	N	0	0	0	0	0	0	0
210	P	0	0	0	0	0	0	0
211	G	0	0	0	0	0	0	0
212	E	0	0	0	0	0	0	0
213	I	0	0	0	0	0	0	0
214	F	0	0	0	0	0	0	0
215	I	0	0	0	0	0	0	0
216	I	0	0	0	0	0	0	0
217	L	0	0	0	0	0	0	0
218	R	0	0	0	0	0	0	0
219	D	0	0	0	0	0	0	0
220	E	0	0	0	0	0	0	0
221	V	0	0	0	0	0	0	0
222	I	0	0	0	0	0	0	0
223	G	0	0	0	0	0	0	0
224	D	0	0	0	0	0	0	0
225	T	0	0	0	0	0	0	0
226	V	0	0	0	0	0	0	0
227	E	0	0	0	0	0	0	0
228	V	0	0	0	0	0	0	0
229	E	0	0	0	0	0	0	0
230	F	0	0	0	0	0	0	0
231	T	0	0	0	0	0	0	0
232	S	0	0	0	0	0	0	0
233	S	0	0	0	0	0	0	0
234	N	0	0	0	0	0	0	0
235	K	0	0	0	0	0	0	0
236	R	0	0	0	0	0	0	0
237	I	0	0	0	0	0	0	0
238	R	0	0	0	0	0	0	0
239	T	0	0	0	0	0	0	0
240	R	0	0	0	0	0	0	0
241	P	0	0	0	0	0	0	0
242	A	0	0	0	0	0	0	0
243	L	0	0	0	0	0	0	0
244	W	0	0	0	0	0	0	0
245	N	0	0	0	0	0	0	0
246	K	0	0	0	0	0	0	0
247	K	0	0	0	0	0	0	0
248	V	0	0	0	0	0	0	0
249	W	0	0	0	0	0	0	0
250	C	0	0	0	0	0	0	0
251	M	0	0	0	0	0	0	0
252	K	0	0	0	0	0	0	0
253	A	0	0	0	0	0	0	0
254	L	0	0	0	0	0	0	0
255	E	0	0	0	0	0	0	0
256	F	0	0	0	0	0	0	0
257	P	0	0	0	0	0	0	0
258	A	0	0	0	0	0	0	0
259	G	0	0	0	0	0	0	0
260	S	0	0	0	0	0	0	0
261	V	0	0	0	0	0	0	0
262	H	0	0	0	0	0	0	0
263	V	0	0	0	0	0	0	0
264	N	0	0	0	0	0	0	0
265	V	0	0	0	0	0	0	0
266	Y	0	0	0	0	0	0	0
267	C	0	0	0	0	0	0	0
268	D	0	0	0	0	0	0	0
269	G	0	0	0	0	0	0	0
270	I	0	0	0	0	0	0	0
271	V	0	0	0	0	0	0	0
272	K	0	0	0	0	0	0	0
273	A	0	0	0	0	0	0	0
274	T	0	0	0	0	0	0	0
275	T	0	0	0	0	0	0	0
276	K	0	0	0	0	0	0	0
277	I	0	0	0	0	0	0	0
278	K	0	0	0	0	0	0	0
279	Y	0	0	0	0	0	0	0
280	Y	0	0	0	0	0	0	0
281	P	0	0	0	0	0	0	0
282	T	0	0	0	0	0	0	0
283	A	0	0	0	0	0	0	0
284	K	0	0	0	0	0	0	0
285	A	0	0	0	0	0	0	0
286	K	0	0	0	0	0	0	0
287	E	0	0	0	0	0	0	0
288	C	0	0	0	0	0	0	0
289	L	0	0	0	0	0	0	0
290	F	0	0	0	0	0	0	0
291	R	0	0	0	0	0	0	0
292	M	0	0	0	0	0	0	0
293	A	0	0	0	0	0	0	0
294	D	0	0	0	0	0	0	0
295	S	0	0	0	0	0	0	0
296	G	0	0	0	0	0	0	0
297	E	0	0	0	0	0	0	0
298	S	0	0	0	0	0	0	0
299	L	0	0	0	0	0	0	0
300	C	0	0	0	0	0	0	0
301	Q	0	0	0	0	0	0	0
302	N	0	0	0	0	0	0	0
303	S	0	0	0	0	0	0	0
304	I	0	0	0	0	0	0	0
305	E	0	0	0	0	0	0	0
306	E	0	0	0	0	0	0	0
307	L	0	0	0	0	0	0	0
308	D	0	0	0	0	0	0	0
309	G	0	0	0	0	0	0	0
310	V	0	0	0	0	0	0	0
311	L	0	0	0	0	0	0	0
312	T	0	0	0	0	0	0	0
313	S	0	0	0	0	0	0	0
314	I	0	0	0	0	0	0	0
315	F	0	0	0	0	0	0	0
316	K	0	0	0	0	0	0	0
317	H	0	0	0	0	0	0	0
318	E	0	0	0	0	0	0	0
319	I	0	0	0	0	0	0	0
320	P	0	0	0	0	0	0	0
321	Y	0	0	0	0	0	0	0
322	Y	0	0	0	0	0	0	0
323	E	0	0	0	0	0	0	0
324	F	0	0	0	0	0	0	0
325	Q	0	0	0	0	0	0	0
326	S	0	0	0	0	0	0	0
327	L	0	0	0	0	0	0	0
328	Q	0	0	0	0	0	0	0
329	T	0	0	0	0	0	0	0
330	E	0	0	0	0	0	0	0
331	I	0	0	0	0	0	0	0
332	C	0	0	0	0	0	0	0
333	S	0	0	0	0	0	0	0
334	Q	0	0	0	0	0	0	0
335	N	0	0	0	0	0	0	0
336	K	0	0	0	0	0	0	0
337	Y	0	0	0	0	0	0	0
338	T	0	0	0	0	0	0	0
339	H	0	0	0	0	0	0	0
340	F	0	0	0	0	0	0	0
341	K	0	0	0	0	0	0	0
342	E	0	0	0	0	0	0	0
343	L	0	0	0	0	0	0	0
344	P	0	0	0	0	0	0	0
345	T	0	0	0	0	0	0	0
346	L	0	0	0	0	0	0	0
347	L	0	0	0	0	0	0	0
348	H	0	0	0	0	0	0	0
349	C	0	0	0	0	0	0	0
350	A	0	0	0	0	0	0	0
351	A	0	0	0	0	0	0	0
352	K	0	0	0	0	0	0	0
353	F	0	0	0	0	0	0	0
354	G	0	0	0	0	0	0	0
355	L	0	0	0	0	0	0	0
356	K	0	0	0	0	0	0	0
357	N	0	0	0	0	0	0	0
358	L	0	0	0	0	0	0	0
359	A	0	0	0	0	0	0	0
360	I	0	0	0	0	0	0	0
361	H	0	0	0	0	0	0	0
362	L	0	0	0	0	0	0	0
363	L	0	0	0	0	0	0	0
364	Q	0	0	0	0	0	0	0
365	C	0	0	0	0	0	0	0
366	S	0	0	0	0	0	0	0
367	G	0	0	0	0	0	0	0
368	A	0	0	0	0	0	0	0
369	T	0	0	0	0	0	0	0
370	W	0	0	0	0	0	0	0
371	A	0	0	0	0	0	0	0
372	S	0	0	0	0	0	0	0
373	K	0	0	0	0	0	0	0
374	M	0	0	0	0	0	0	0
375	K	0	0	0	0	0	0	0
376	N	0	0	0	0	0	0	0
377	M	0	0	0	0	0	0	0
378	E	0	0	0	0	0	0	0
379	G	0	0	0	0	0	0	0
380	S	0	0	0	0	0	0	0
381	D	0	0	0	0	0	0	0
382	P	0	0	0	0	0	0	0
383	A	0	0	0	0	0	0	0
384	H	0	0	0	0	0	0	0
385	I	0	0	0	0	0	0	0
386	A	0	0	0	0	0	0	0
387	E	0	0	0	0	0	0	0
388	R	0	0	0	0	0	0	0
389	H	0	0	0	0	0	0	0
390	G	0	0	0	0	0	0	0
391	H	0	0	0	0	0	0	0
392	K	0	0	0	0	0	0	0
393	E	0	0	0	0	0	0	0
394	L	0	0	0	0	0	0	0
395	K	0	0	0	0	0	0	0
396	K	0	0	0	0	0	0	0
397	I	0	0	0	0	0	0	0
398	F	0	0	0	0	0	0	0
399	E	0	0	0	0	0	0	0
400	D	0	0	0	0	0	0	0
401	F	0	0	0	0	0	0	0
402	S	0	0	0	0	0	0	0
403	I	0	0	0	0	0	0	0
404	Q	0	0	0	0	0	0	0
405	E	0	0	0	0	0	0	0
406	I	0	0	0	0	0	0	0
407	D	0	0	0	0	0	0	0
408	I	0	0	0	0	0	0	0
409	N	0	0	0	0	0	0	0
410	N	0	0	0	0	0	0	0
411	E	0	0	0	0	0	0	0
412	Q	0	0	0	0	0	0	0
413	E	0	0	0	0	0	0	0
414	N	0	0	0	0	0	0	0
415	D	0	0	0	0	0	0	0
416	Y	0	0	0	0	0	0	0
417	E	0	0	0	0	0	0	0
418	E	0	0	0	0	0	0	0
419	D	0	0	0	0	0	0	0
420	I	0	0	0	0	0	0	0
421	A	0	0	0	0	0	0	0
422	S	0	0	0	0	0	0	0
423	F	0	0	0	0	0	0	0
424	S	0	0	0	0	0	0	0
425	T	0	0	0	0	0	0	0
426	Y	0	0	0	0	0	0	0
427	I	0	0	0	0	0	0	0
428	P	0	0	0	0	0	0	0
429	S	0	0	0	0	0	0	0
430	T	0	0	0	0	0	0	0
431	Q	0	0	0	0	0	0	0
432	N	0	0	0	0	0	0	0
433	P	0	0	0	0	0	0	0
434	A	0	0	0	0	0	0	0
435	F	0	0	0	0	0	0	0
436	H	0	0	0	0	0	0	0
437	H	0	0	0	0	0	0	0
438	E	0	0	0	0	0	0	0
439	S	0	0	0	0	0	0	0
440	R	0	0	0	0	0	0	0
441	K	0	0	0	0	0	0	0
442	T	0	0	0	0	0	0	0
443	Y	0	0	0	0	0	0	0
444	G	0	0	0	0	0	0	0
445	Q	0	0	0	0	0	0	0
446	S	0	0	0	0	0	0	0
447	A	0	0	0	0	0	0	0
448	D	0	0	0	0	0	0	0
449	G	0	0	0	0	0	0	0
450	A	0	0	0	0	0	0	0
451	E	0	0	0	0	0	0	0
452	A	0	0	0	0	0	0	0
453	N	0	0	0	0	0	0	0
454	E	0	0	0	0	0	0	0
455	M	0	0	0	0	0	0	0
456	E	0	0	0	0	0	0	0
457	G	0	0	0	0	0	0	0
458	E	0	0	0	0	0	0	0
459	G	0	0	0	0	0	0	0
460	K	0	0	0	0	0	0	0
461	Q	0	0	0	0	0	0	0
462	N	0	0	0	0	0	0	0
463	G	0	0	0	0	0	0	0
464	S	0	0	0	0	0	0	0
465	G	0	0	0	0	0	0	0
466	M	0	0	0	0	0	0	0
467	E	0	0	0	0	0	0	0
468	T	0	0	0	0	0	0	0
469	K	0	0	0	0	0	0	0
470	H	0	0	0	0	0	0	0
471	S	0	0	0	0	0	0	0
472	P	0	0	0	0	0	0	0
473	L	0	0	0	0	0	0	0
474	E	0	0	0	0	0	0	0
475	V	0	0	0	0	0	0	0
476	G	0	0	0	0	0	0	0
477	S	0	0	0	0	0	0	0
478	E	0	0	0	0	0	0	0
479	S	0	0	0	0	0	0	0
480	S	0	0	0	0	0	0	0
481	E	0	0	0	0	0	0	0
482	D	0	0	0	0	0	0	0
483	Q	0	0	0	0	0	0	0
484	Y	0	0	0	0	0	0	0
485	D	0	0	0	0	0	0	0
486	D	0	0	0	0	0	0	0
487	L	0	0	0	0	0	0	0
488	Y	0	0	0	0	0	0	0
489	V	0	0	0	0	0	0	0
490	F	0	0	0	0	0	0	0
491	I	0	0	0	0	0	0	0
492	P	0	0	0	0	0	0	0
493	G	0	0	0	0	0	0	0
494	A	0	0	0	0	0	0	0
495	D	0	0	0	0	0	0	0
496	P	0	0	0	0	0	0	0
497	E	0	0	0	0	0	0	0
498	N	0	0	0	0	0	0	0
499	N	0	0	0	0	0	0	0
500	S	0	0	0	0	0	0	0
501	Q	0	0	0	0	0	0	0
502	E	0	0	0	0	0	0	0
503	P	0	0	0	0	0	0	0
504	L	0	0	0	0	0	0	0
505	M	0	0	0	0	0	0	0
506	S	0	0	0	0	0	0	0
507	S	0	0	0	0	0	0	0
508	R	0	0	0	0	0	0	0
509	P	0	0	0	0	0	0	0
510	P	0	0	0	0	0	0	0
511	L	0	0	0	0	0	0	0
512	P	0	0	0	0	0	0	0
513	P	0	0	0	0	0	0	0
514	P	0	0	0	0	0	0	0
515	R	0	0	0	0	0	0	0
516	P	0	0	0	0	0	0	0
517	V	0	0	0	0	0	0	0
518	A	0	0	0	0	0	0	0
519	N	0	0	0	0	0	0	0
520	A	0	0	0	0	0	0	0
521	F	0	0	0	0	0	0	0
522	Q	0	0	0	0	0	0	0
523	L	0	0	0	0	0	0	0
524	E	0	0	0	0	0	0	0
525	R	0	0	0	0	0	0	0
526	P	0	0	0	0	0	0	0
527	H	0	0	0	0	0	0	0
528	F	0	0	0	0	0	0	0
529	T	0	0	0	0	0	0	0
530	L	0	0	0	0	0	0	0
531	P	0	0	0	0	0	0	0
532	G	0	0	0	0	0	0	0
533	T	0	0	0	0	0	0	0
534	M	0	0	0	0	0	0	0
535	V	0	0	0	0	0	0	0
536	E	0	0	0	0	0	0	0
537	G	0	0	0	0	0	0	0
538	Q	0	0	0	0	0	0	0
539	M	0	0	0	0	0	0	0
540	E	0	0	0	0	0	0	0
541	R	0	0	0	0	0	0	0
542	S	0	0	0	0	0	0	0
543	Q	0	0	0	0	0	0	0
544	N	0	0	0	0	0	0	0
545	W	0	0	0	0	0	0	0
546	G	0	0	0	0	0	0	0
547	H	0	0	0	0	0	0	0
548	P	0	0	0	0	0	0	0
549	G	0	0	0	0	0	0	0
550	V	0	0	0	0	0	0	0
551	R	0	0	0	0	0	0	0
552	Q	0	0	0	0	0	0	0
553	E	0	0	0	0	0	0	0
554	T	0	0	0	0	0	0	0
555	G	0	0	0	0	0	0	0
556	D	0	0	0	0	0	0	0
557	E	0	0	0	0	0	0	0
558	P	0	0	0	0	0	0	0
559	K	0	0	0	0	0	0	0
560	G	0	0	0	0	0	0	0
561	E	0	0	0	0	0	0	0
562	K	0	0	0	0	0	0	0
563	E	0	0	0	0	0	0	0
564	K	0	0	0	0	0	0	0
565	K	0	0	0	0	0	0	0
566	E	0	0	0	0	0	0	0
567	E	0	0	0	0	0	0	0
568	E	0	0	0	0	0	0	0
569	K	0	0	0	0	0	0	0
570	E	0	0	0	0	0	0	0
571	Q	0	0	0	0	0	0	0
572	E	0	0	0	0	0	0	0
573	E	0	0	0	0	0	0	0
574	E	0	0	0	0	0	0	0
575	E	0	0	0	0	0	0	0
576	D	0	0	0	0	0	0	0
577	P	0	0	0	0	0	0	0
578	Y	0	0	0	0	0	0	0
579	T	0	0	0	0	0	0	0
580	F	0	0	0	0	0	0	0
581	A	0	0	0	0	0	0	0
582	E	0	0	0	0	0	0	0
583	I	0	0	0	0	0	0	0
584	D	0	0	0	0	0	0	0
585	D	0	0	0	0	0	0	0
586	S	0	0	0	0	0	0	0
587	E	0	0	0	0	0	0	0
588	Y	0	0	0	0	0	0	0
589	D	0	0	0	0	0	0	0
590	M	0	0	0	0	0	0	0
591	I	0	0	0	0	0	0	0
592	L	0	0	0	0	0	0	0
593	A	0	0	0	0	0	0	0
594	N	0	0	0	0	0	0	0
595	L	0	0	0	0	0	0	0
596	S	0	0	0	0	0	0	0
597	I	0	0	0	0	0	0	0
598	K	0	0	0	0	0	0	0
599	K	0	0	0	0	0	0	0
600	K	0	0	0	0	0	0	0
601	T	0	0	0	0	0	0	0
602	G	0	0	0	0	0	0	0
603	S	0	0	0	0	0	0	0
604	R	0	0	0	0	0	0	0
605	S	0	0	0	0	0	0	0
606	F	0	0	0	0	0	0	0
607	I	0	0	0	0	0	0	0
608	I	0	0	0	0	0	0	0
609	N	0	0	0	0	0	0	0
610	R	0	0	0	0	0	0	0
611	P	0	0	0	0	0	0	0
612	P	0	0	0	0	0	0	0
613	A	0	0	0	0	0	0	0
614	P	0	0	0	0	0	0	0
615	T	0	0	0	0	0	0	0
616	P	0	0	0	0	0	0	0
617	R	0	0	0	0	0	0	0
618	P	0	0	0	0	0	0	0
619	T	0	0	0	0	0	0	0
620	S	0	0	0	0	0	0	0
621	I	0	0	0	0	0	0	0
622	P	0	0	0	0	0	0	0
623	P	0	0	0	0	0	0	0
624	K	0	0	0	0	0	0	0
625	E	0	0	0	0	0	0	0
626	E	0	0	0	0	0	0	0
627	T	0	0	0	0	0	0	0
628	T	0	0	0	0	0	0	0
629	P	0	0	0	0	0	0	0
630	Y	Phosphotyrosine	PKEETTPYIAQVFQQ	CCCCCCHHHHHHHHH	0	0	0	0
631	I	0	0	0	0	0	0	0
632	A	0	0	0	0	0	0	0
633	Q	0	0	0	0	0	0	0
634	V	0	0	0	0	0	0	0
635	F	0	0	0	0	0	0	0
636	Q	0	0	0	0	0	0	0
637	Q	0	0	0	0	0	0	0
638	K	0	0	0	0	0	0	0
639	T	0	0	0	0	0	0	0
640	A	0	0	0	0	0	0	0
641	R	0	0	0	0	0	0	0
642	R	0	0	0	0	0	0	0
643	Q	0	0	0	0	0	0	0
644	S	0	0	0	0	0	0	0
645	D	0	0	0	0	0	0	0
646	D	0	0	0	0	0	0	0
647	D	0	0	0	0	0	0	0
648	K	0	0	0	0	0	0	0
649	F	0	0	0	0	0	0	0
650	C	0	0	0	0	0	0	0
651	G	0	0	0	0	0	0	0
652	L	0	0	0	0	0	0	0
653	P	0	0	0	0	0	0	0
654	K	0	0	0	0	0	0	0
655	K	0	0	0	0	0	0	0
656	Q	0	0	0	0	0	0	0
657	D	0	0	0	0	0	0	0
658	R	0	0	0	0	0	0	0
659	A	0	0	0	0	0	0	0
660	R	0	0	0	0	0	0	0
661	I	0	0	0	0	0	0	0
662	E	0	0	0	0	0	0	0
663	S	0	0	0	0	0	0	0
664	P	0	0	0	0	0	0	0
665	A	0	0	0	0	0	0	0
666	F	0	0	0	0	0	0	0
667	S	0	0	0	0	0	0	0
668	T	0	0	0	0	0	0	0
669	L	0	0	0	0	0	0	0
670	R	0	0	0	0	0	0	0
671	G	0	0	0	0	0	0	0
672	C	0	0	0	0	0	0	0
673	L	0	0	0	0	0	0	0
674	T	0	0	0	0	0	0	0
675	D	0	0	0	0	0	0	0
676	G	0	0	0	0	0	0	0
677	Q	0	0	0	0	0	0	0
678	E	0	0	0	0	0	0	0
679	E	0	0	0	0	0	0	0
680	L	0	0	0	0	0	0	0
681	I	0	0	0	0	0	0	0
682	L	0	0	0	0	0	0	0
683	L	0	0	0	0	0	0	0
684	Q	0	0	0	0	0	0	0
685	E	0	0	0	0	0	0	0
686	K	0	0	0	0	0	0	0
687	V	0	0	0	0	0	0	0
688	K	0	0	0	0	0	0	0
689	N	0	0	0	0	0	0	0
690	G	0	0	0	0	0	0	0
691	K	0	0	0	0	0	0	0
692	M	0	0	0	0	0	0	0
693	S	0	0	0	0	0	0	0
694	M	0	0	0	0	0	0	0
695	D	0	0	0	0	0	0	0
696	E	0	0	0	0	0	0	0
697	A	0	0	0	0	0	0	0
698	L	0	0	0	0	0	0	0
699	E	0	0	0	0	0	0	0
700	K	0	0	0	0	0	0	0
701	F	0	0	0	0	0	0	0
702	K	0	0	0	0	0	0	0
703	H	0	0	0	0	0	0	0
704	W	0	0	0	0	0	0	0
705	Q	0	0	0	0	0	0	0
706	M	0	0	0	0	0	0	0
707	G	0	0	0	0	0	0	0
708	K	0	0	0	0	0	0	0
709	S	0	0	0	0	0	0	0
710	G	0	0	0	0	0	0	0
711	L	0	0	0	0	0	0	0
712	E	0	0	0	0	0	0	0
713	M	0	0	0	0	0	0	0
714	I	0	0	0	0	0	0	0
715	Q	0	0	0	0	0	0	0
716	Q	0	0	0	0	0	0	0
717	E	0	0	0	0	0	0	0
718	K	0	0	0	0	0	0	0
719	L	0	0	0	0	0	0	0
720	R	0	0	0	0	0	0	0
721	Q	0	0	0	0	0	0	0
722	L	0	0	0	0	0	0	0
723	R	0	0	0	0	0	0	0
724	D	0	0	0	0	0	0	0
725	C	0	0	0	0	0	0	0
726	I	0	0	0	0	0	0	0
727	I	0	0	0	0	0	0	0
728	G	0	0	0	0	0	0	0
729	K	0	0	0	0	0	0	0
730	R	0	0	0	0	0	0	0
731	P	0	0	0	0	0	0	0
732	E	0	0	0	0	0	0	0
733	E	0	0	0	0	0	0	0
734	E	0	0	0	0	0	0	0
735	N	0	0	0	0	0	0	0
736	V	0	0	0	0	0	0	0
737	Y	Phosphotyrosine	RPEEENVYNKLTIVH	CCHHHCCCCCEEEEE	0	0	0	0
738	N	0	0	0	0	0	0	0
739	K	0	0	0	0	0	0	0
740	L	0	0	0	0	0	0	0
741	T	0	0	0	0	0	0	0
742	I	0	0	0	0	0	0	0
743	V	0	0	0	0	0	0	0
744	H	0	0	0	0	0	0	0
745	H	0	0	0	0	0	0	0
746	P	0	0	0	0	0	0	0
747	G	0	0	0	0	0	0	0
748	G	0	0	0	0	0	0	0
749	K	0	0	0	0	0	0	0
750	E	0	0	0	0	0	0	0
751	T	0	0	0	0	0	0	0
752	A	0	0	0	0	0	0	0
753	H	0	0	0	0	0	0	0
754	N	0	0	0	0	0	0	0
755	E	0	0	0	0	0	0	0
756	N	0	0	0	0	0	0	0
757	K	0	0	0	0	0	0	0
758	F	0	0	0	0	0	0	0
759	Y	0	0	0	0	0	0	0
760	N	0	0	0	0	0	0	0
761	V	0	0	0	0	0	0	0
762	H	0	0	0	0	0	0	0
763	F	0	0	0	0	0	0	0
764	S	0	0	0	0	0	0	0
765	N	0	0	0	0	0	0	0
766	K	0	0	0	0	0	0	0
767	L	0	0	0	0	0	0	0
768	P	0	0	0	0	0	0	0
769	A	0	0	0	0	0	0	0
770	R	0	0	0	0	0	0	0
771	P	0	0	0	0	0	0	0
772	Q	0	0	0	0	0	0	0
773	V	0	0	0	0	0	0	0
774	E	0	0	0	0	0	0	0
775	K	0	0	0	0	0	0	0
776	E	0	0	0	0	0	0	0
777	F	0	0	0	0	0	0	0
778	G	0	0	0	0	0	0	0
779	F	0	0	0	0	0	0	0
780	C	0	0	0	0	0	0	0
781	C	0	0	0	0	0	0	0
782	K	0	0	0	0	0	0	0
783	K	0	0	0	0	0	0	0
784	D	0	0	0	0	0	0	0
785	H	0	0	0	0	0	0	0
