location	residue	Modification	seq	secStruc	RelatedDisease	VariantPosition	ResidueChange	DaPSbySAP
1	M	0	0	0	0	0	0	0
2	P	0	0	0	0	0	0	0
3	I	0	0	0	0	0	0	0
4	G	0	0	0	0	0	0	0
5	S	0	0	0	0	0	0	0
6	K	0	0	0	0	0	0	0
7	E	0	0	0	0	0	0	0
8	R	0	0	0	0	0	0	0
9	P	0	0	0	0	0	0	0
10	T	0	0	0	0	0	0	0
11	F	0	0	0	0	0	0	0
12	F	0	0	0	0	0	0	0
13	E	0	0	0	0	0	0	0
14	I	0	0	0	0	0	0	0
15	F	0	0	0	0	0	0	0
16	K	0	0	0	0	0	0	0
17	T	0	0	0	0	0	0	0
18	R	0	0	0	0	0	0	0
19	C	0	0	0	0	0	0	0
20	N	0	0	0	0	0	0	0
21	K	0	0	0	0	0	0	0
22	A	0	0	0	0	0	0	0
23	D	0	0	0	0	0	0	0
24	L	0	0	0	0	0	0	0
25	G	0	0	0	0	0	0	0
26	P	0	0	0	0	0	0	0
27	I	0	0	0	0	0	0	0
28	S	0	0	0	0	0	0	0
29	L	0	0	0	0	0	0	0
30	N	0	0	0	0	0	0	0
31	W	0	0	0	0	0	0	0
32	F	0	0	0	0	0	0	0
33	E	0	0	0	0	0	0	0
34	E	0	0	0	0	0	0	0
35	L	0	0	0	0	0	0	0
36	S	0	0	0	0	0	0	0
37	S	0	0	0	0	0	0	0
38	E	0	0	0	0	0	0	0
39	A	0	0	0	0	0	0	0
40	P	0	0	0	0	0	0	0
41	P	0	0	0	0	0	0	0
42	Y	0	0	0	0	0	0	0
43	N	0	0	0	0	0	0	0
44	S	0	0	0	0	0	0	0
45	E	0	0	0	0	0	0	0
46	P	0	0	0	0	0	0	0
47	A	0	0	0	0	0	0	0
48	E	0	0	0	0	0	0	0
49	E	0	0	0	0	0	0	0
50	S	0	0	0	0	0	0	0
51	E	0	0	0	0	0	0	0
52	H	0	0	0	0	0	0	0
53	K	0	0	0	0	0	0	0
54	N	0	0	0	0	0	0	0
55	N	0	0	0	0	0	0	0
56	N	0	0	0	0	0	0	0
57	Y	Phosphotyrosine	SEHKNNNYEPNLFKT	CCCCCCCCCCCCCCC	0	0	0	0
58	E	0	0	0	0	0	0	0
59	P	0	0	0	0	0	0	0
60	N	0	0	0	0	0	0	0
61	L	0	0	0	0	0	0	0
62	F	0	0	0	0	0	0	0
63	K	0	0	0	0	0	0	0
64	T	0	0	0	0	0	0	0
65	P	0	0	0	0	0	0	0
66	Q	0	0	0	0	0	0	0
67	R	0	0	0	0	0	0	0
68	K	0	0	0	0	0	0	0
69	P	0	0	0	0	0	0	0
70	S	Phosphoserine	KTPQRKPSYNQLAST	CCCCCCCCHHHHCCC	0	0	0	0
71	Y	Phosphotyrosine	TPQRKPSYNQLASTP	CCCCCCCHHHHCCCC	0	0	0	0
72	N	0	0	0	0	0	0	0
73	Q	0	0	0	0	0	0	0
74	L	0	0	0	0	0	0	0
75	A	0	0	0	0	0	0	0
76	S	Phosphoserine	PSYNQLASTPIIFKE	CCHHHHCCCCEEEEC	0	0	0	0
77	T	Phosphothreonine	SYNQLASTPIIFKEQ	CHHHHCCCCEEEECC	0	0	0	0
78	P	0	0	0	0	0	0	0
79	I	0	0	0	0	0	0	0
80	I	0	0	0	0	0	0	0
81	F	0	0	0	0	0	0	0
82	K	0	0	0	0	0	0	0
83	E	0	0	0	0	0	0	0
84	Q	0	0	0	0	0	0	0
85	G	0	0	0	0	0	0	0
86	L	0	0	0	0	0	0	0
87	T	Phosphothreonine	IFKEQGLTLPLYQSP	EEECCCCCCCCCCCC	0	0	0	0
88	L	0	0	0	0	0	0	0
89	P	0	0	0	0	0	0	0
90	L	0	0	0	0	0	0	0
91	Y	Phosphotyrosine	QGLTLPLYQSPVKEL	CCCCCCCCCCCCCHH	0	0	0	0
92	Q	0	0	0	0	0	0	0
93	S	Phosphoserine	LTLPLYQSPVKELDK	CCCCCCCCCCCHHHH	0	0	0	0
94	P	0	0	0	0	0	0	0
95	V	0	0	0	0	0	0	0
96	K	0	0	0	0	0	0	0
97	E	0	0	0	0	0	0	0
98	L	0	0	0	0	0	0	0
99	D	0	0	0	0	0	0	0
100	K	0	0	0	0	0	0	0
101	F	0	0	0	0	0	0	0
102	K	0	0	0	0	0	0	0
103	L	0	0	0	0	0	0	0
104	D	0	0	0	0	0	0	0
105	L	0	0	0	0	0	0	0
106	G	0	0	0	0	0	0	0
107	R	0	0	0	0	0	0	0
108	N	0	0	0	0	0	0	0
109	V	0	0	0	0	0	0	0
110	P	0	0	0	0	0	0	0
111	N	0	0	0	0	0	0	0
112	S	0	0	0	0	0	0	0
113	R	0	0	0	0	0	0	0
114	H	0	0	0	0	0	0	0
115	K	0	0	0	0	0	0	0
116	S	0	0	0	0	0	0	0
117	L	0	0	0	0	0	0	0
118	R	0	0	0	0	0	0	0
119	T	0	0	0	0	0	0	0
120	V	0	0	0	0	0	0	0
121	K	0	0	0	0	0	0	0
122	T	0	0	0	0	0	0	0
123	K	0	0	0	0	0	0	0
124	M	0	0	0	0	0	0	0
125	D	0	0	0	0	0	0	0
126	Q	0	0	0	0	0	0	0
127	A	0	0	0	0	0	0	0
128	D	0	0	0	0	0	0	0
129	D	0	0	0	0	0	0	0
130	V	0	0	0	0	0	0	0
131	S	0	0	0	0	0	0	0
132	C	0	0	0	0	0	0	0
133	P	0	0	0	0	0	0	0
134	L	0	0	0	0	0	0	0
135	L	0	0	0	0	0	0	0
136	N	0	0	0	0	0	0	0
137	S	0	0	0	0	0	0	0
138	C	0	0	0	0	0	0	0
139	L	0	0	0	0	0	0	0
140	S	0	0	0	0	0	0	0
141	E	0	0	0	0	0	0	0
142	S	0	0	0	0	0	0	0
143	P	0	0	0	0	0	0	0
144	V	0	0	0	0	0	0	0
145	V	0	0	0	0	0	0	0
146	L	0	0	0	0	0	0	0
147	Q	0	0	0	0	0	0	0
148	C	0	0	0	0	0	0	0
149	T	0	0	0	0	0	0	0
150	H	0	0	0	0	0	0	0
151	V	0	0	0	0	0	0	0
152	T	0	0	0	0	0	0	0
153	P	0	0	0	0	0	0	0
154	Q	0	0	0	0	0	0	0
155	R	0	0	0	0	0	0	0
156	D	0	0	0	0	0	0	0
157	K	0	0	0	0	0	0	0
158	S	0	0	0	0	0	0	0
159	V	0	0	0	0	0	0	0
160	V	0	0	0	0	0	0	0
161	C	0	0	0	0	0	0	0
162	G	0	0	0	0	0	0	0
163	S	0	0	0	0	0	0	0
164	L	0	0	0	0	0	0	0
165	F	0	0	0	0	0	0	0
166	H	0	0	0	0	0	0	0
167	T	Phosphothreonine	VCGSLFHTPKFVKGR	EECCCCCCCCCCCCC	0	0	0	0
168	P	0	0	0	0	0	0	0
169	K	0	0	0	0	0	0	0
170	F	0	0	0	0	0	0	0
171	V	0	0	0	0	0	0	0
172	K	0	0	0	0	0	0	0
173	G	0	0	0	0	0	0	0
174	R	0	0	0	0	0	0	0
175	Q	0	0	0	0	0	0	0
176	T	0	0	0	0	0	0	0
177	P	0	0	0	0	0	0	0
178	K	0	0	0	0	0	0	0
179	H	0	0	0	0	0	0	0
180	I	0	0	0	0	0	0	0
181	S	0	0	0	0	0	0	0
182	E	0	0	0	0	0	0	0
183	S	0	0	0	0	0	0	0
184	L	0	0	0	0	0	0	0
185	G	0	0	0	0	0	0	0
186	A	0	0	0	0	0	0	0
187	E	0	0	0	0	0	0	0
188	V	0	0	0	0	0	0	0
189	D	0	0	0	0	0	0	0
190	P	0	0	0	0	0	0	0
191	D	0	0	0	0	0	0	0
192	M	0	0	0	0	0	0	0
193	S	Phosphoserine	AEVDPDMSWSSSLAT	CCCCCCCCCCCCCCC	0	0	0	0
194	W	0	0	0	0	0	0	0
195	S	0	0	0	0	0	0	0
196	S	0	0	0	0	0	0	0
197	S	0	0	0	0	0	0	0
198	L	0	0	0	0	0	0	0
199	A	0	0	0	0	0	0	0
200	T	0	0	0	0	0	0	0
201	P	0	0	0	0	0	0	0
202	P	0	0	0	0	0	0	0
203	T	Phosphothreonine	SSLATPPTLSSTVLI	CCCCCCCCCCCEEEE	0	0	0	0
204	L	0	0	0	0	0	0	0
205	S	Phosphoserine	LATPPTLSSTVLIVR	CCCCCCCCCEEEEEE	0	0	0	0
206	S	Phosphoserine	ATPPTLSSTVLIVRN	CCCCCCCCEEEEEEC	0	0	0	0
207	T	Phosphothreonine	TPPTLSSTVLIVRNE	CCCCCCCEEEEEECC	0	0	0	0
208	V	0	0	0	0	0	0	0
209	L	0	0	0	0	0	0	0
210	I	0	0	0	0	0	0	0
211	V	0	0	0	0	0	0	0
212	R	0	0	0	0	0	0	0
213	N	0	0	0	0	0	0	0
214	E	0	0	0	0	0	0	0
215	E	0	0	0	0	0	0	0
216	A	0	0	0	0	0	0	0
217	S	0	0	0	0	0	0	0
218	E	0	0	0	0	0	0	0
219	T	0	0	0	0	0	0	0
220	V	0	0	0	0	0	0	0
221	F	0	0	0	0	0	0	0
222	P	0	0	0	0	0	0	0
223	H	0	0	0	0	0	0	0
224	D	0	0	0	0	0	0	0
225	T	0	0	0	0	0	0	0
226	T	0	0	0	0	0	0	0
227	A	0	0	0	0	0	0	0
228	N	0	0	0	0	0	0	0
229	V	0	0	0	0	0	0	0
230	K	0	0	0	0	0	0	0
231	S	0	0	0	0	0	0	0
232	Y	0	0	0	0	0	0	0
233	F	0	0	0	0	0	0	0
234	S	0	0	0	0	0	0	0
235	N	0	0	0	0	0	0	0
236	H	0	0	0	0	0	0	0
237	D	0	0	0	0	0	0	0
238	E	0	0	0	0	0	0	0
239	S	Phosphoserine	YFSNHDESLKKNDRF	HHHCCCHHHHCCCEE	0	0	0	0
240	L	0	0	0	0	0	0	0
241	K	0	0	0	0	0	0	0
242	K	0	0	0	0	0	0	0
243	N	0	0	0	0	0	0	0
244	D	0	0	0	0	0	0	0
245	R	0	0	0	0	0	0	0
246	F	0	0	0	0	0	0	0
247	I	0	0	0	0	0	0	0
248	A	0	0	0	0	0	0	0
249	S	0	0	0	0	0	0	0
250	V	0	0	0	0	0	0	0
251	T	0	0	0	0	0	0	0
252	D	0	0	0	0	0	0	0
253	S	Phosphoserine	FIASVTDSENTNQRE	EEEECCCCCCCCHHH	0	0	0	0
254	E	0	0	0	0	0	0	0
255	N	0	0	0	0	0	0	0
256	T	0	0	0	0	0	0	0
257	N	0	0	0	0	0	0	0
258	Q	0	0	0	0	0	0	0
259	R	0	0	0	0	0	0	0
260	E	0	0	0	0	0	0	0
261	A	0	0	0	0	0	0	0
262	A	0	0	0	0	0	0	0
263	S	0	0	0	0	0	0	0
264	H	0	0	0	0	0	0	0
265	G	0	0	0	0	0	0	0
266	F	0	0	0	0	0	0	0
267	G	0	0	0	0	0	0	0
268	K	0	0	0	0	0	0	0
269	T	0	0	0	0	0	0	0
270	S	0	0	0	0	0	0	0
271	G	0	0	0	0	0	0	0
272	N	0	0	0	0	0	0	0
273	S	0	0	0	0	0	0	0
274	F	0	0	0	0	0	0	0
275	K	0	0	0	0	0	0	0
276	V	0	0	0	0	0	0	0
277	N	0	0	0	0	0	0	0
278	S	0	0	0	0	0	0	0
279	C	0	0	0	0	0	0	0
280	K	0	0	0	0	0	0	0
281	D	0	0	0	0	0	0	0
282	H	0	0	0	0	0	0	0
283	I	0	0	0	0	0	0	0
284	G	0	0	0	0	0	0	0
285	K	0	0	0	0	0	0	0
286	S	0	0	0	0	0	0	0
287	M	0	0	0	0	0	0	0
288	P	0	0	0	0	0	0	0
289	N	0	0	0	0	0	0	0
290	V	0	0	0	0	0	0	0
291	L	0	0	0	0	0	0	0
292	E	0	0	0	0	0	0	0
293	D	0	0	0	0	0	0	0
294	E	0	0	0	0	0	0	0
295	V	0	0	0	0	0	0	0
296	Y	0	0	0	0	0	0	0
297	E	0	0	0	0	0	0	0
298	T	0	0	0	0	0	0	0
299	V	0	0	0	0	0	0	0
300	V	0	0	0	0	0	0	0
301	D	0	0	0	0	0	0	0
302	T	0	0	0	0	0	0	0
303	S	0	0	0	0	0	0	0
304	E	0	0	0	0	0	0	0
305	E	0	0	0	0	0	0	0
306	D	0	0	0	0	0	0	0
307	S	0	0	0	0	0	0	0
308	F	0	0	0	0	0	0	0
309	S	0	0	0	0	0	0	0
310	L	0	0	0	0	0	0	0
311	C	0	0	0	0	0	0	0
312	F	0	0	0	0	0	0	0
313	S	0	0	0	0	0	0	0
314	K	0	0	0	0	0	0	0
315	C	0	0	0	0	0	0	0
316	R	0	0	0	0	0	0	0
317	T	0	0	0	0	0	0	0
318	K	0	0	0	0	0	0	0
319	N	0	0	0	0	0	0	0
320	L	0	0	0	0	0	0	0
321	Q	0	0	0	0	0	0	0
322	K	0	0	0	0	0	0	0
323	V	0	0	0	0	0	0	0
324	R	0	0	0	0	0	0	0
325	T	0	0	0	0	0	0	0
326	S	0	0	0	0	0	0	0
327	K	0	0	0	0	0	0	0
328	T	0	0	0	0	0	0	0
329	R	0	0	0	0	0	0	0
330	K	0	0	0	0	0	0	0
331	K	0	0	0	0	0	0	0
332	I	0	0	0	0	0	0	0
333	F	0	0	0	0	0	0	0
334	H	0	0	0	0	0	0	0
335	E	0	0	0	0	0	0	0
336	A	0	0	0	0	0	0	0
337	N	0	0	0	0	0	0	0
338	A	0	0	0	0	0	0	0
339	D	0	0	0	0	0	0	0
340	E	0	0	0	0	0	0	0
341	C	0	0	0	0	0	0	0
342	E	0	0	0	0	0	0	0
343	K	0	0	0	0	0	0	0
344	S	0	0	0	0	0	0	0
345	K	0	0	0	0	0	0	0
346	N	0	0	0	0	0	0	0
347	Q	0	0	0	0	0	0	0
348	V	0	0	0	0	0	0	0
349	K	0	0	0	0	0	0	0
350	E	0	0	0	0	0	0	0
351	K	0	0	0	0	0	0	0
352	Y	0	0	0	0	0	0	0
353	S	0	0	0	0	0	0	0
354	F	0	0	0	0	0	0	0
355	V	0	0	0	0	0	0	0
356	S	0	0	0	0	0	0	0
357	E	0	0	0	0	0	0	0
358	V	0	0	0	0	0	0	0
359	E	0	0	0	0	0	0	0
360	P	0	0	0	0	0	0	0
361	N	0	0	0	0	0	0	0
362	D	0	0	0	0	0	0	0
363	T	0	0	0	0	0	0	0
364	D	0	0	0	0	0	0	0
365	P	0	0	0	0	0	0	0
366	L	0	0	0	0	0	0	0
367	D	0	0	0	0	0	0	0
368	S	0	0	0	0	0	0	0
369	N	0	0	0	0	0	0	0
370	V	0	0	0	0	0	0	0
371	A	0	0	0	0	0	0	0
372	N	0	0	0	0	0	0	0
373	Q	0	0	0	0	0	0	0
374	K	0	0	0	0	0	0	0
375	P	0	0	0	0	0	0	0
376	F	0	0	0	0	0	0	0
377	E	0	0	0	0	0	0	0
378	S	0	0	0	0	0	0	0
379	G	0	0	0	0	0	0	0
380	S	0	0	0	0	0	0	0
381	D	0	0	0	0	0	0	0
382	K	0	0	0	0	0	0	0
383	I	0	0	0	0	0	0	0
384	S	Phosphoserine	ESGSDKISKEVVPSL	CCCCCCCCCCHHHHH	0	0	0	0
385	K	0	0	0	0	0	0	0
386	E	0	0	0	0	0	0	0
387	V	0	0	0	0	0	0	0
388	V	0	0	0	0	0	0	0
389	P	0	0	0	0	0	0	0
390	S	0	0	0	0	0	0	0
391	L	0	0	0	0	0	0	0
392	A	0	0	0	0	0	0	0
393	C	0	0	0	0	0	0	0
394	E	0	0	0	0	0	0	0
395	W	0	0	0	0	0	0	0
396	S	0	0	0	0	0	0	0
397	Q	0	0	0	0	0	0	0
398	L	0	0	0	0	0	0	0
399	T	0	0	0	0	0	0	0
400	L	0	0	0	0	0	0	0
401	S	0	0	0	0	0	0	0
402	G	0	0	0	0	0	0	0
403	L	0	0	0	0	0	0	0
404	N	0	0	0	0	0	0	0
405	G	0	0	0	0	0	0	0
406	A	0	0	0	0	0	0	0
407	Q	0	0	0	0	0	0	0
408	M	0	0	0	0	0	0	0
409	E	0	0	0	0	0	0	0
410	K	0	0	0	0	0	0	0
411	I	0	0	0	0	0	0	0
412	P	0	0	0	0	0	0	0
413	L	0	0	0	0	0	0	0
414	L	0	0	0	0	0	0	0
415	H	0	0	0	0	0	0	0
416	I	0	0	0	0	0	0	0
417	S	Phosphoserine	KIPLLHISSCDQNIS	CCCEEEECCCCCCCC	0	0	0	0
418	S	0	0	0	0	0	0	0
419	C	0	0	0	0	0	0	0
420	D	0	0	0	0	0	0	0
421	Q	0	0	0	0	0	0	0
422	N	0	0	0	0	0	0	0
423	I	0	0	0	0	0	0	0
424	S	0	0	0	0	0	0	0
425	E	0	0	0	0	0	0	0
426	K	0	0	0	0	0	0	0
427	D	0	0	0	0	0	0	0
428	L	0	0	0	0	0	0	0
429	L	0	0	0	0	0	0	0
430	D	0	0	0	0	0	0	0
431	T	Phosphothreonine	SEKDLLDTENKRKKD	CHHHHCCCCCHHHHH	0	0	0	0
432	E	0	0	0	0	0	0	0
433	N	0	0	0	0	0	0	0
434	K	0	0	0	0	0	0	0
435	R	0	0	0	0	0	0	0
436	K	0	0	0	0	0	0	0
437	K	0	0	0	0	0	0	0
438	D	0	0	0	0	0	0	0
439	F	0	0	0	0	0	0	0
440	L	0	0	0	0	0	0	0
441	T	0	0	0	0	0	0	0
442	S	0	0	0	0	0	0	0
443	E	0	0	0	0	0	0	0
444	N	0	0	0	0	0	0	0
445	S	Phosphoserine	DFLTSENSLPRISSL	HCCCCCCCCCCCCCC	0	0	0	0
446	L	0	0	0	0	0	0	0
447	P	0	0	0	0	0	0	0
448	R	0	0	0	0	0	0	0
449	I	0	0	0	0	0	0	0
450	S	0	0	0	0	0	0	0
451	S	Phosphoserine	NSLPRISSLPKSEKP	CCCCCCCCCCCCCCC	0	0	0	0
452	L	0	0	0	0	0	0	0
453	P	0	0	0	0	0	0	0
454	K	N6-acetyllysine	PRISSLPKSEKPLNE	CCCCCCCCCCCCCCC	0	0	0	0
455	S	0	0	0	0	0	0	0
456	E	0	0	0	0	0	0	0
457	K	0	0	0	0	0	0	0
458	P	0	0	0	0	0	0	0
459	L	0	0	0	0	0	0	0
460	N	0	0	0	0	0	0	0
461	E	0	0	0	0	0	0	0
462	E	0	0	0	0	0	0	0
463	T	0	0	0	0	0	0	0
464	V	0	0	0	0	0	0	0
465	V	0	0	0	0	0	0	0
466	N	0	0	0	0	0	0	0
467	K	0	0	0	0	0	0	0
468	R	0	0	0	0	0	0	0
469	D	0	0	0	0	0	0	0
470	E	0	0	0	0	0	0	0
471	E	0	0	0	0	0	0	0
472	Q	0	0	0	0	0	0	0
473	H	0	0	0	0	0	0	0
474	L	0	0	0	0	0	0	0
475	E	0	0	0	0	0	0	0
476	S	0	0	0	0	0	0	0
477	H	0	0	0	0	0	0	0
478	T	0	0	0	0	0	0	0
479	D	0	0	0	0	0	0	0
480	C	0	0	0	0	0	0	0
481	I	0	0	0	0	0	0	0
482	L	0	0	0	0	0	0	0
483	A	0	0	0	0	0	0	0
484	V	0	0	0	0	0	0	0
485	K	0	0	0	0	0	0	0
486	Q	0	0	0	0	0	0	0
487	A	0	0	0	0	0	0	0
488	I	0	0	0	0	0	0	0
489	S	Phosphoserine	LAVKQAISGTSPVAS	HHHHHHHCCCCCCHH	0	0	0	0
490	G	0	0	0	0	0	0	0
491	T	Phosphothreonine	VKQAISGTSPVASSF	HHHHHCCCCCCHHHC	0	0	0	0
492	S	Phosphoserine	KQAISGTSPVASSFQ	HHHHCCCCCCHHHCC	0	0	0	0
493	P	0	0	0	0	0	0	0
494	V	0	0	0	0	0	0	0
495	A	0	0	0	0	0	0	0
496	S	0	0	0	0	0	0	0
497	S	0	0	0	0	0	0	0
498	F	0	0	0	0	0	0	0
499	Q	0	0	0	0	0	0	0
500	G	0	0	0	0	0	0	0
501	I	0	0	0	0	0	0	0
502	K	0	0	0	0	0	0	0
503	K	0	0	0	0	0	0	0
504	S	0	0	0	0	0	0	0
505	I	0	0	0	0	0	0	0
506	F	0	0	0	0	0	0	0
507	R	0	0	0	0	0	0	0
508	I	0	0	0	0	0	0	0
509	R	0	0	0	0	0	0	0
510	E	0	0	0	0	0	0	0
511	S	Phosphoserine	SIFRIRESPKETFNA	HHEEECCCCCHHCCC	0	0	0	0
512	P	0	0	0	0	0	0	0
513	K	0	0	0	0	0	0	0
514	E	0	0	0	0	0	0	0
515	T	0	0	0	0	0	0	0
516	F	0	0	0	0	0	0	0
517	N	0	0	0	0	0	0	0
518	A	0	0	0	0	0	0	0
519	S	Phosphoserine	PKETFNASFSGHMTD	CCHHCCCHHCCCCCC	0	0	0	0
520	F	0	0	0	0	0	0	0
521	S	0	0	0	0	0	0	0
522	G	0	0	0	0	0	0	0
523	H	0	0	0	0	0	0	0
524	M	0	0	0	0	0	0	0
525	T	0	0	0	0	0	0	0
526	D	0	0	0	0	0	0	0
527	P	0	0	0	0	0	0	0
528	N	0	0	0	0	0	0	0
529	F	0	0	0	0	0	0	0
530	K	0	0	0	0	0	0	0
531	K	0	0	0	0	0	0	0
532	E	0	0	0	0	0	0	0
533	T	0	0	0	0	0	0	0
534	E	0	0	0	0	0	0	0
535	A	0	0	0	0	0	0	0
536	S	0	0	0	0	0	0	0
537	E	0	0	0	0	0	0	0
538	S	0	0	0	0	0	0	0
539	G	0	0	0	0	0	0	0
540	L	0	0	0	0	0	0	0
541	E	0	0	0	0	0	0	0
542	I	0	0	0	0	0	0	0
543	H	0	0	0	0	0	0	0
544	T	0	0	0	0	0	0	0
545	V	0	0	0	0	0	0	0
546	C	0	0	0	0	0	0	0
547	S	Phosphoserine	LEIHTVCSQKEDSLC	CEEEEEECCCCCCCC	0	0	0	0
548	Q	0	0	0	0	0	0	0
549	K	0	0	0	0	0	0	0
550	E	0	0	0	0	0	0	0
551	D	0	0	0	0	0	0	0
552	S	0	0	0	0	0	0	0
553	L	0	0	0	0	0	0	0
554	C	0	0	0	0	0	0	0
555	P	0	0	0	0	0	0	0
556	N	0	0	0	0	0	0	0
557	L	0	0	0	0	0	0	0
558	I	0	0	0	0	0	0	0
559	D	0	0	0	0	0	0	0
560	N	0	0	0	0	0	0	0
561	G	0	0	0	0	0	0	0
562	S	0	0	0	0	0	0	0
563	W	0	0	0	0	0	0	0
564	P	0	0	0	0	0	0	0
565	A	0	0	0	0	0	0	0
566	T	0	0	0	0	0	0	0
567	T	0	0	0	0	0	0	0
568	T	0	0	0	0	0	0	0
569	Q	0	0	0	0	0	0	0
570	N	0	0	0	0	0	0	0
571	S	0	0	0	0	0	0	0
572	V	0	0	0	0	0	0	0
573	A	0	0	0	0	0	0	0
574	L	0	0	0	0	0	0	0
575	K	0	0	0	0	0	0	0
576	N	0	0	0	0	0	0	0
577	A	0	0	0	0	0	0	0
578	G	0	0	0	0	0	0	0
579	L	0	0	0	0	0	0	0
580	I	0	0	0	0	0	0	0
581	S	Phosphoserine	LKNAGLISTLKKKTN	HHHCCHHHHHHHHCC	0	0	0	0
582	T	Phosphothreonine	KNAGLISTLKKKTNK	HHCCHHHHHHHHCCC	0	0	0	0
583	L	0	0	0	0	0	0	0
584	K	0	0	0	0	0	0	0
585	K	0	0	0	0	0	0	0
586	K	0	0	0	0	0	0	0
587	T	0	0	0	0	0	0	0
588	N	0	0	0	0	0	0	0
589	K	0	0	0	0	0	0	0
590	F	0	0	0	0	0	0	0
591	I	0	0	0	0	0	0	0
592	Y	Phosphotyrosine	KKTNKFIYAIHDETS	HHCCCEEEEECCCCC	0	0	0	0
593	A	0	0	0	0	0	0	0
594	I	0	0	0	0	0	0	0
595	H	0	0	0	0	0	0	0
596	D	0	0	0	0	0	0	0
597	E	0	0	0	0	0	0	0
598	T	0	0	0	0	0	0	0
599	S	0	0	0	0	0	0	0
600	Y	0	0	0	0	0	0	0
601	K	N6-acetyllysine	IHDETSYKGKKIPKD	ECCCCCCCCCCCCCC	0	0	0	0
602	G	0	0	0	0	0	0	0
603	K	0	0	0	0	0	0	0
604	K	0	0	0	0	0	0	0
605	I	0	0	0	0	0	0	0
606	P	0	0	0	0	0	0	0
607	K	0	0	0	0	0	0	0
608	D	0	0	0	0	0	0	0
609	Q	0	0	0	0	0	0	0
610	K	0	0	0	0	0	0	0
611	S	0	0	0	0	0	0	0
612	E	0	0	0	0	0	0	0
613	L	0	0	0	0	0	0	0
614	I	0	0	0	0	0	0	0
615	N	0	0	0	0	0	0	0
616	C	0	0	0	0	0	0	0
617	S	0	0	0	0	0	0	0
618	A	0	0	0	0	0	0	0
619	Q	0	0	0	0	0	0	0
620	F	0	0	0	0	0	0	0
621	E	0	0	0	0	0	0	0
622	A	0	0	0	0	0	0	0
623	N	0	0	0	0	0	0	0
624	A	0	0	0	0	0	0	0
625	F	0	0	0	0	0	0	0
626	E	0	0	0	0	0	0	0
627	A	0	0	0	0	0	0	0
628	P	0	0	0	0	0	0	0
629	L	0	0	0	0	0	0	0
630	T	0	0	0	0	0	0	0
631	F	0	0	0	0	0	0	0
632	A	0	0	0	0	0	0	0
633	N	0	0	0	0	0	0	0
634	A	0	0	0	0	0	0	0
635	D	0	0	0	0	0	0	0
636	S	0	0	0	0	0	0	0
637	G	0	0	0	0	0	0	0
638	L	0	0	0	0	0	0	0
639	L	0	0	0	0	0	0	0
640	H	0	0	0	0	0	0	0
641	S	0	0	0	0	0	0	0
642	S	0	0	0	0	0	0	0
643	V	0	0	0	0	0	0	0
644	K	0	0	0	0	0	0	0
645	R	0	0	0	0	0	0	0
646	S	0	0	0	0	0	0	0
647	C	0	0	0	0	0	0	0
648	S	Phosphoserine	SSVKRSCSQNDSEEP	HHHHHCCCCCCCCCC	0	0	0	0
649	Q	0	0	0	0	0	0	0
650	N	0	0	0	0	0	0	0
651	D	0	0	0	0	0	0	0
652	S	0	0	0	0	0	0	0
653	E	0	0	0	0	0	0	0
654	E	0	0	0	0	0	0	0
655	P	0	0	0	0	0	0	0
656	T	0	0	0	0	0	0	0
657	L	0	0	0	0	0	0	0
658	S	0	0	0	0	0	0	0
659	L	0	0	0	0	0	0	0
660	T	0	0	0	0	0	0	0
661	S	0	0	0	0	0	0	0
662	S	0	0	0	0	0	0	0
663	F	0	0	0	0	0	0	0
664	G	0	0	0	0	0	0	0
665	T	0	0	0	0	0	0	0
666	I	0	0	0	0	0	0	0
667	L	0	0	0	0	0	0	0
668	R	0	0	0	0	0	0	0
669	K	0	0	0	0	0	0	0
670	C	0	0	0	0	0	0	0
671	S	0	0	0	0	0	0	0
672	R	0	0	0	0	0	0	0
673	N	0	0	0	0	0	0	0
674	E	0	0	0	0	0	0	0
675	T	Phosphothreonine	RKCSRNETCSNNTVI	HHHCCCCCCCCCCEE	0	0	0	0
676	C	0	0	0	0	0	0	0
677	S	Phosphoserine	CSRNETCSNNTVISQ	HCCCCCCCCCCEECC	0	0	0	0
678	N	0	0	0	0	0	0	0
679	N	0	0	0	0	0	0	0
680	T	Phosphothreonine	NETCSNNTVISQDLD	CCCCCCCCEECCCCC	0	0	0	0
681	V	0	0	0	0	0	0	0
682	I	0	0	0	0	0	0	0
683	S	Phosphoserine	CSNNTVISQDLDYKE	CCCCCEECCCCCCCC	0	0	0	0
684	Q	0	0	0	0	0	0	0
685	D	0	0	0	0	0	0	0
686	L	0	0	0	0	0	0	0
687	D	0	0	0	0	0	0	0
688	Y	Phosphotyrosine	VISQDLDYKEAKCNK	EECCCCCCCCCCCCH	0	0	0	0
689	K	0	0	0	0	0	0	0
690	E	0	0	0	0	0	0	0
691	A	0	0	0	0	0	0	0
692	K	0	0	0	0	0	0	0
693	C	0	0	0	0	0	0	0
694	N	0	0	0	0	0	0	0
695	K	0	0	0	0	0	0	0
696	E	0	0	0	0	0	0	0
697	K	0	0	0	0	0	0	0
698	L	0	0	0	0	0	0	0
699	Q	0	0	0	0	0	0	0
700	L	0	0	0	0	0	0	0
701	F	0	0	0	0	0	0	0
702	I	0	0	0	0	0	0	0
703	T	Phosphothreonine	EKLQLFITPEADSLS	HHEEEEECCCCCCCH	0	0	0	0
704	P	0	0	0	0	0	0	0
705	E	0	0	0	0	0	0	0
706	A	0	0	0	0	0	0	0
707	D	0	0	0	0	0	0	0
708	S	0	0	0	0	0	0	0
709	L	0	0	0	0	0	0	0
710	S	0	0	0	0	0	0	0
711	C	0	0	0	0	0	0	0
712	L	0	0	0	0	0	0	0
713	Q	0	0	0	0	0	0	0
714	E	0	0	0	0	0	0	0
715	G	0	0	0	0	0	0	0
716	Q	0	0	0	0	0	0	0
717	C	0	0	0	0	0	0	0
718	E	0	0	0	0	0	0	0
719	N	0	0	0	0	0	0	0
720	D	0	0	0	0	0	0	0
721	P	0	0	0	0	0	0	0
722	K	0	0	0	0	0	0	0
723	S	0	0	0	0	0	0	0
724	K	0	0	0	0	0	0	0
725	K	0	0	0	0	0	0	0
726	V	0	0	0	0	0	0	0
727	S	0	0	0	0	0	0	0
728	D	0	0	0	0	0	0	0
729	I	0	0	0	0	0	0	0
730	K	0	0	0	0	0	0	0
731	E	0	0	0	0	0	0	0
732	E	0	0	0	0	0	0	0
733	V	0	0	0	0	0	0	0
734	L	0	0	0	0	0	0	0
735	A	0	0	0	0	0	0	0
736	A	0	0	0	0	0	0	0
737	A	0	0	0	0	0	0	0
738	C	0	0	0	0	0	0	0
739	H	0	0	0	0	0	0	0
740	P	0	0	0	0	0	0	0
741	V	0	0	0	0	0	0	0
742	Q	0	0	0	0	0	0	0
743	H	0	0	0	0	0	0	0
744	S	0	0	0	0	0	0	0
745	K	0	0	0	0	0	0	0
746	V	0	0	0	0	0	0	0
747	E	0	0	0	0	0	0	0
748	Y	0	0	0	0	0	0	0
749	S	0	0	0	0	0	0	0
750	D	0	0	0	0	0	0	0
751	T	0	0	0	0	0	0	0
752	D	0	0	0	0	0	0	0
753	F	0	0	0	0	0	0	0
754	Q	0	0	0	0	0	0	0
755	S	Phosphoserine	YSDTDFQSQKSLLYD	CCCCCHHHHHHHEEC	0	0	0	0
756	Q	0	0	0	0	0	0	0
757	K	0	0	0	0	0	0	0
758	S	0	0	0	0	0	0	0
759	L	0	0	0	0	0	0	0
760	L	0	0	0	0	0	0	0
761	Y	0	0	0	0	0	0	0
762	D	0	0	0	0	0	0	0
763	H	0	0	0	0	0	0	0
764	E	0	0	0	0	0	0	0
765	N	0	0	0	0	0	0	0
766	A	0	0	0	0	0	0	0
767	S	0	0	0	0	0	0	0
768	T	0	0	0	0	0	0	0
769	L	0	0	0	0	0	0	0
770	I	0	0	0	0	0	0	0
771	L	0	0	0	0	0	0	0
772	T	0	0	0	0	0	0	0
773	P	0	0	0	0	0	0	0
774	T	0	0	0	0	0	0	0
775	S	0	0	0	0	0	0	0
776	K	0	0	0	0	0	0	0
777	D	0	0	0	0	0	0	0
778	V	0	0	0	0	0	0	0
779	L	0	0	0	0	0	0	0
780	S	0	0	0	0	0	0	0
781	N	0	0	0	0	0	0	0
782	L	0	0	0	0	0	0	0
783	V	0	0	0	0	0	0	0
784	M	0	0	0	0	0	0	0
785	I	0	0	0	0	0	0	0
786	S	0	0	0	0	0	0	0
787	R	0	0	0	0	0	0	0
788	G	0	0	0	0	0	0	0
789	K	0	0	0	0	0	0	0
790	E	0	0	0	0	0	0	0
791	S	0	0	0	0	0	0	0
792	Y	0	0	0	0	0	0	0
793	K	0	0	0	0	0	0	0
794	M	0	0	0	0	0	0	0
795	S	0	0	0	0	0	0	0
796	D	0	0	0	0	0	0	0
797	K	0	0	0	0	0	0	0
798	L	0	0	0	0	0	0	0
799	K	0	0	0	0	0	0	0
800	G	0	0	0	0	0	0	0
801	N	0	0	0	0	0	0	0
802	N	0	0	0	0	0	0	0
803	Y	0	0	0	0	0	0	0
804	E	0	0	0	0	0	0	0
805	S	Phosphoserine	LKGNNYESDVELTKN	CCCCCCCCCCCHHCC	0	0	0	0
806	D	0	0	0	0	0	0	0
807	V	0	0	0	0	0	0	0
808	E	0	0	0	0	0	0	0
809	L	0	0	0	0	0	0	0
810	T	0	0	0	0	0	0	0
811	K	0	0	0	0	0	0	0
812	N	0	0	0	0	0	0	0
813	I	0	0	0	0	0	0	0
814	P	0	0	0	0	0	0	0
815	M	0	0	0	0	0	0	0
816	E	0	0	0	0	0	0	0
817	K	0	0	0	0	0	0	0
818	N	0	0	0	0	0	0	0
819	Q	0	0	0	0	0	0	0
820	D	0	0	0	0	0	0	0
821	V	0	0	0	0	0	0	0
822	C	0	0	0	0	0	0	0
823	A	0	0	0	0	0	0	0
824	L	0	0	0	0	0	0	0
825	N	0	0	0	0	0	0	0
826	E	0	0	0	0	0	0	0
827	N	0	0	0	0	0	0	0
828	Y	0	0	0	0	0	0	0
829	K	0	0	0	0	0	0	0
830	N	0	0	0	0	0	0	0
831	V	0	0	0	0	0	0	0
832	E	0	0	0	0	0	0	0
833	L	0	0	0	0	0	0	0
834	L	0	0	0	0	0	0	0
835	P	0	0	0	0	0	0	0
836	P	0	0	0	0	0	0	0
837	E	0	0	0	0	0	0	0
838	K	0	0	0	0	0	0	0
839	Y	0	0	0	0	0	0	0
840	M	0	0	0	0	0	0	0
841	R	0	0	0	0	0	0	0
842	V	0	0	0	0	0	0	0
843	A	0	0	0	0	0	0	0
844	S	0	0	0	0	0	0	0
845	P	0	0	0	0	0	0	0
846	S	0	0	0	0	0	0	0
847	R	0	0	0	0	0	0	0
848	K	0	0	0	0	0	0	0
849	V	0	0	0	0	0	0	0
850	Q	0	0	0	0	0	0	0
851	F	0	0	0	0	0	0	0
852	N	0	0	0	0	0	0	0
853	Q	0	0	0	0	0	0	0
854	N	0	0	0	0	0	0	0
855	T	0	0	0	0	0	0	0
856	N	0	0	0	0	0	0	0
857	L	0	0	0	0	0	0	0
858	R	0	0	0	0	0	0	0
859	V	0	0	0	0	0	0	0
860	I	0	0	0	0	0	0	0
861	Q	0	0	0	0	0	0	0
862	K	0	0	0	0	0	0	0
863	N	0	0	0	0	0	0	0
864	Q	0	0	0	0	0	0	0
865	E	0	0	0	0	0	0	0
866	E	0	0	0	0	0	0	0
867	T	0	0	0	0	0	0	0
868	T	0	0	0	0	0	0	0
869	S	0	0	0	0	0	0	0
870	I	0	0	0	0	0	0	0
871	S	0	0	0	0	0	0	0
872	K	0	0	0	0	0	0	0
873	I	0	0	0	0	0	0	0
874	T	0	0	0	0	0	0	0
875	V	0	0	0	0	0	0	0
876	N	0	0	0	0	0	0	0
877	P	0	0	0	0	0	0	0
878	D	0	0	0	0	0	0	0
879	S	0	0	0	0	0	0	0
880	E	0	0	0	0	0	0	0
881	E	0	0	0	0	0	0	0
882	L	0	0	0	0	0	0	0
883	F	0	0	0	0	0	0	0
884	S	0	0	0	0	0	0	0
885	D	0	0	0	0	0	0	0
886	N	0	0	0	0	0	0	0
887	E	0	0	0	0	0	0	0
888	N	0	0	0	0	0	0	0
889	N	0	0	0	0	0	0	0
890	F	0	0	0	0	0	0	0
891	V	0	0	0	0	0	0	0
892	F	0	0	0	0	0	0	0
893	Q	0	0	0	0	0	0	0
894	V	0	0	0	0	0	0	0
895	A	0	0	0	0	0	0	0
896	N	0	0	0	0	0	0	0
897	E	0	0	0	0	0	0	0
898	R	0	0	0	0	0	0	0
899	N	0	0	0	0	0	0	0
900	N	0	0	0	0	0	0	0
901	L	0	0	0	0	0	0	0
902	A	0	0	0	0	0	0	0
903	L	0	0	0	0	0	0	0
904	G	0	0	0	0	0	0	0
905	N	0	0	0	0	0	0	0
906	T	0	0	0	0	0	0	0
907	K	0	0	0	0	0	0	0
908	E	0	0	0	0	0	0	0
909	L	0	0	0	0	0	0	0
910	H	0	0	0	0	0	0	0
911	E	0	0	0	0	0	0	0
912	T	0	0	0	0	0	0	0
913	D	0	0	0	0	0	0	0
914	L	0	0	0	0	0	0	0
915	T	0	0	0	0	0	0	0
916	C	0	0	0	0	0	0	0
917	V	0	0	0	0	0	0	0
918	N	0	0	0	0	0	0	0
919	E	0	0	0	0	0	0	0
920	P	0	0	0	0	0	0	0
921	I	0	0	0	0	0	0	0
922	F	0	0	0	0	0	0	0
923	K	0	0	0	0	0	0	0
924	N	0	0	0	0	0	0	0
925	S	0	0	0	0	0	0	0
926	T	0	0	0	0	0	0	0
927	M	0	0	0	0	0	0	0
928	V	0	0	0	0	0	0	0
929	L	0	0	0	0	0	0	0
930	Y	0	0	0	0	0	0	0
931	G	0	0	0	0	0	0	0
932	D	0	0	0	0	0	0	0
933	T	0	0	0	0	0	0	0
934	G	0	0	0	0	0	0	0
935	D	0	0	0	0	0	0	0
936	K	0	0	0	0	0	0	0
937	Q	0	0	0	0	0	0	0
938	A	0	0	0	0	0	0	0
939	T	0	0	0	0	0	0	0
940	Q	0	0	0	0	0	0	0
941	V	0	0	0	0	0	0	0
942	S	0	0	0	0	0	0	0
943	I	0	0	0	0	0	0	0
944	K	0	0	0	0	0	0	0
945	K	0	0	0	0	0	0	0
946	D	0	0	0	0	0	0	0
947	L	0	0	0	0	0	0	0
948	V	0	0	0	0	0	0	0
949	Y	Phosphotyrosine	SIKKDLVYVLAEENK	EECHHHEEEEECCCC	0	0	0	0
950	V	0	0	0	0	0	0	0
951	L	0	0	0	0	0	0	0
952	A	0	0	0	0	0	0	0
953	E	0	0	0	0	0	0	0
954	E	0	0	0	0	0	0	0
955	N	0	0	0	0	0	0	0
956	K	0	0	0	0	0	0	0
957	N	0	0	0	0	0	0	0
958	S	0	0	0	0	0	0	0
959	V	0	0	0	0	0	0	0
960	K	0	0	0	0	0	0	0
961	Q	0	0	0	0	0	0	0
962	H	0	0	0	0	0	0	0
963	I	0	0	0	0	0	0	0
964	K	0	0	0	0	0	0	0
965	M	0	0	0	0	0	0	0
966	T	0	0	0	0	0	0	0
967	L	0	0	0	0	0	0	0
968	G	0	0	0	0	0	0	0
969	Q	0	0	0	0	0	0	0
970	D	0	0	0	0	0	0	0
971	L	0	0	0	0	0	0	0
972	K	0	0	0	0	0	0	0
973	S	Phosphoserine	TLGQDLKSDISLNID	HHCCCHHCCCEEECC	0	0	0	0
974	D	0	0	0	0	0	0	0
975	I	0	0	0	0	0	0	0
976	S	Phosphoserine	QDLKSDISLNIDKIP	CCHHCCCEEECCCCC	0	0	0	0
977	L	0	0	0	0	0	0	0
978	N	0	0	0	0	0	0	0
979	I	0	0	0	0	0	0	0
980	D	0	0	0	0	0	0	0
981	K	0	0	0	0	0	0	0
982	I	0	0	0	0	0	0	0
983	P	0	0	0	0	0	0	0
984	E	0	0	0	0	0	0	0
985	K	0	0	0	0	0	0	0
986	N	0	0	0	0	0	0	0
987	N	0	0	0	0	0	0	0
988	D	0	0	0	0	0	0	0
989	Y	0	0	0	0	0	0	0
990	M	0	0	0	0	0	0	0
991	N	0	0	0	0	0	0	0
992	K	0	0	0	0	0	0	0
993	W	0	0	0	0	0	0	0
994	A	0	0	0	0	0	0	0
995	G	0	0	0	0	0	0	0
996	L	0	0	0	0	0	0	0
997	L	0	0	0	0	0	0	0
998	G	0	0	0	0	0	0	0
999	P	0	0	0	0	0	0	0
1000	I	0	0	0	0	0	0	0
1001	S	0	0	0	0	0	0	0
1002	N	0	0	0	0	0	0	0
1003	H	0	0	0	0	0	0	0
1004	S	0	0	0	0	0	0	0
1005	F	0	0	0	0	0	0	0
1006	G	0	0	0	0	0	0	0
1007	G	0	0	0	0	0	0	0
1008	S	0	0	0	0	0	0	0
1009	F	0	0	0	0	0	0	0
1010	R	0	0	0	0	0	0	0
1011	T	0	0	0	0	0	0	0
1012	A	0	0	0	0	0	0	0
1013	S	0	0	0	0	0	0	0
1014	N	0	0	0	0	0	0	0
1015	K	0	0	0	0	0	0	0
1016	E	0	0	0	0	0	0	0
1017	I	0	0	0	0	0	0	0
1018	K	0	0	0	0	0	0	0
1019	L	0	0	0	0	0	0	0
1020	S	0	0	0	0	0	0	0
1021	E	0	0	0	0	0	0	0
1022	H	0	0	0	0	0	0	0
1023	N	0	0	0	0	0	0	0
1024	I	0	0	0	0	0	0	0
1025	K	0	0	0	0	0	0	0
1026	K	0	0	0	0	0	0	0
1027	S	0	0	0	0	0	0	0
1028	K	0	0	0	0	0	0	0
1029	M	0	0	0	0	0	0	0
1030	F	0	0	0	0	0	0	0
1031	F	0	0	0	0	0	0	0
1032	K	0	0	0	0	0	0	0
1033	D	0	0	0	0	0	0	0
1034	I	0	0	0	0	0	0	0
1035	E	0	0	0	0	0	0	0
1036	E	0	0	0	0	0	0	0
1037	Q	0	0	0	0	0	0	0
1038	Y	0	0	0	0	0	0	0
1039	P	0	0	0	0	0	0	0
1040	T	0	0	0	0	0	0	0
1041	S	0	0	0	0	0	0	0
1042	L	0	0	0	0	0	0	0
1043	A	0	0	0	0	0	0	0
1044	C	0	0	0	0	0	0	0
1045	V	0	0	0	0	0	0	0
1046	E	0	0	0	0	0	0	0
1047	I	0	0	0	0	0	0	0
1048	V	0	0	0	0	0	0	0
1049	N	0	0	0	0	0	0	0
1050	T	0	0	0	0	0	0	0
1051	L	0	0	0	0	0	0	0
1052	A	0	0	0	0	0	0	0
1053	L	0	0	0	0	0	0	0
1054	D	0	0	0	0	0	0	0
1055	N	0	0	0	0	0	0	0
1056	Q	0	0	0	0	0	0	0
1057	K	0	0	0	0	0	0	0
1058	K	0	0	0	0	0	0	0
1059	L	0	0	0	0	0	0	0
1060	S	0	0	0	0	0	0	0
1061	K	0	0	0	0	0	0	0
1062	P	0	0	0	0	0	0	0
1063	Q	0	0	0	0	0	0	0
1064	S	0	0	0	0	0	0	0
1065	I	0	0	0	0	0	0	0
1066	N	0	0	0	0	0	0	0
1067	T	0	0	0	0	0	0	0
1068	V	0	0	0	0	0	0	0
1069	S	0	0	0	0	0	0	0
1070	A	0	0	0	0	0	0	0
1071	H	0	0	0	0	0	0	0
1072	L	0	0	0	0	0	0	0
1073	Q	0	0	0	0	0	0	0
1074	S	0	0	0	0	0	0	0
1075	S	0	0	0	0	0	0	0
1076	V	0	0	0	0	0	0	0
1077	V	0	0	0	0	0	0	0
1078	V	0	0	0	0	0	0	0
1079	S	0	0	0	0	0	0	0
1080	D	0	0	0	0	0	0	0
1081	C	0	0	0	0	0	0	0
1082	K	0	0	0	0	0	0	0
1083	N	0	0	0	0	0	0	0
1084	S	0	0	0	0	0	0	0
1085	H	0	0	0	0	0	0	0
1086	I	0	0	0	0	0	0	0
1087	T	0	0	0	0	0	0	0
1088	P	0	0	0	0	0	0	0
1089	Q	0	0	0	0	0	0	0
1090	M	0	0	0	0	0	0	0
1091	L	0	0	0	0	0	0	0
1092	F	0	0	0	0	0	0	0
1093	S	0	0	0	0	0	0	0
1094	K	0	0	0	0	0	0	0
1095	Q	0	0	0	0	0	0	0
1096	D	0	0	0	0	0	0	0
1097	F	0	0	0	0	0	0	0
1098	N	0	0	0	0	0	0	0
1099	S	0	0	0	0	0	0	0
1100	N	0	0	0	0	0	0	0
1101	H	0	0	0	0	0	0	0
1102	N	0	0	0	0	0	0	0
1103	L	0	0	0	0	0	0	0
1104	T	Phosphothreonine	FNSNHNLTPSQKAEI	CCCCCCCCHHHHHHH	0	0	0	0
1105	P	0	0	0	0	0	0	0
1106	S	0	0	0	0	0	0	0
1107	Q	0	0	0	0	0	0	0
1108	K	0	0	0	0	0	0	0
1109	A	0	0	0	0	0	0	0
1110	E	0	0	0	0	0	0	0
1111	I	0	0	0	0	0	0	0
1112	T	0	0	0	0	0	0	0
1113	E	0	0	0	0	0	0	0
1114	L	0	0	0	0	0	0	0
1115	S	0	0	0	0	0	0	0
1116	T	0	0	0	0	0	0	0
1117	I	0	0	0	0	0	0	0
1118	L	0	0	0	0	0	0	0
1119	E	0	0	0	0	0	0	0
1120	E	0	0	0	0	0	0	0
1121	S	0	0	0	0	0	0	0
1122	G	0	0	0	0	0	0	0
1123	S	0	0	0	0	0	0	0
1124	Q	0	0	0	0	0	0	0
1125	F	0	0	0	0	0	0	0
1126	E	0	0	0	0	0	0	0
1127	F	0	0	0	0	0	0	0
1128	T	0	0	0	0	0	0	0
1129	Q	0	0	0	0	0	0	0
1130	F	0	0	0	0	0	0	0
1131	R	0	0	0	0	0	0	0
1132	K	0	0	0	0	0	0	0
1133	P	0	0	0	0	0	0	0
1134	S	0	0	0	0	0	0	0
1135	Y	Phosphotyrosine	TQFRKPSYILQKSTF	EECCCCCEEEECCEE	0	0	0	0
1136	I	0	0	0	0	0	0	0
1137	L	0	0	0	0	0	0	0
1138	Q	0	0	0	0	0	0	0
1139	K	0	0	0	0	0	0	0
1140	S	0	0	0	0	0	0	0
1141	T	0	0	0	0	0	0	0
1142	F	0	0	0	0	0	0	0
1143	E	0	0	0	0	0	0	0
1144	V	0	0	0	0	0	0	0
1145	P	0	0	0	0	0	0	0
1146	E	0	0	0	0	0	0	0
1147	N	0	0	0	0	0	0	0
1148	Q	0	0	0	0	0	0	0
1149	M	0	0	0	0	0	0	0
1150	T	0	0	0	0	0	0	0
1151	I	0	0	0	0	0	0	0
1152	L	0	0	0	0	0	0	0
1153	K	0	0	0	0	0	0	0
1154	T	0	0	0	0	0	0	0
1155	T	0	0	0	0	0	0	0
1156	S	0	0	0	0	0	0	0
1157	E	0	0	0	0	0	0	0
1158	E	0	0	0	0	0	0	0
1159	C	0	0	0	0	0	0	0
1160	R	0	0	0	0	0	0	0
1161	D	0	0	0	0	0	0	0
1162	A	0	0	0	0	0	0	0
1163	D	0	0	0	0	0	0	0
1164	L	0	0	0	0	0	0	0
1165	H	0	0	0	0	0	0	0
1166	V	0	0	0	0	0	0	0
1167	I	0	0	0	0	0	0	0
1168	M	0	0	0	0	0	0	0
1169	N	0	0	0	0	0	0	0
1170	A	0	0	0	0	0	0	0
1171	P	0	0	0	0	0	0	0
1172	S	0	0	0	0	0	0	0
1173	I	0	0	0	0	0	0	0
1174	G	0	0	0	0	0	0	0
1175	Q	0	0	0	0	0	0	0
1176	V	0	0	0	0	0	0	0
1177	D	0	0	0	0	0	0	0
1178	S	0	0	0	0	0	0	0
1179	S	0	0	0	0	0	0	0
1180	K	0	0	0	0	0	0	0
1181	Q	0	0	0	0	0	0	0
1182	F	0	0	0	0	0	0	0
1183	E	0	0	0	0	0	0	0
1184	G	0	0	0	0	0	0	0
1185	T	0	0	0	0	0	0	0
1186	V	0	0	0	0	0	0	0
1187	E	0	0	0	0	0	0	0
1188	I	0	0	0	0	0	0	0
1189	K	0	0	0	0	0	0	0
1190	R	0	0	0	0	0	0	0
1191	K	0	0	0	0	0	0	0
1192	F	0	0	0	0	0	0	0
1193	A	0	0	0	0	0	0	0
1194	G	0	0	0	0	0	0	0
1195	L	0	0	0	0	0	0	0
1196	L	0	0	0	0	0	0	0
1197	K	0	0	0	0	0	0	0
1198	N	0	0	0	0	0	0	0
1199	D	0	0	0	0	0	0	0
1200	C	0	0	0	0	0	0	0
1201	N	0	0	0	0	0	0	0
1202	K	0	0	0	0	0	0	0
1203	S	0	0	0	0	0	0	0
1204	A	0	0	0	0	0	0	0
1205	S	0	0	0	0	0	0	0
1206	G	0	0	0	0	0	0	0
1207	Y	0	0	0	0	0	0	0
1208	L	0	0	0	0	0	0	0
1209	T	0	0	0	0	0	0	0
1210	D	0	0	0	0	0	0	0
1211	E	0	0	0	0	0	0	0
1212	N	0	0	0	0	0	0	0
1213	E	0	0	0	0	0	0	0
1214	V	0	0	0	0	0	0	0
1215	G	0	0	0	0	0	0	0
1216	F	0	0	0	0	0	0	0
1217	R	0	0	0	0	0	0	0
1218	G	0	0	0	0	0	0	0
1219	F	0	0	0	0	0	0	0
1220	Y	0	0	0	0	0	0	0
1221	S	0	0	0	0	0	0	0
1222	A	0	0	0	0	0	0	0
1223	H	0	0	0	0	0	0	0
1224	G	0	0	0	0	0	0	0
1225	T	0	0	0	0	0	0	0
1226	K	0	0	0	0	0	0	0
1227	L	0	0	0	0	0	0	0
1228	N	0	0	0	0	0	0	0
1229	V	0	0	0	0	0	0	0
1230	S	0	0	0	0	0	0	0
1231	T	0	0	0	0	0	0	0
1232	E	0	0	0	0	0	0	0
1233	A	0	0	0	0	0	0	0
1234	L	0	0	0	0	0	0	0
1235	Q	0	0	0	0	0	0	0
1236	K	0	0	0	0	0	0	0
1237	A	0	0	0	0	0	0	0
1238	V	0	0	0	0	0	0	0
1239	K	0	0	0	0	0	0	0
1240	L	0	0	0	0	0	0	0
1241	F	0	0	0	0	0	0	0
1242	S	0	0	0	0	0	0	0
1243	D	0	0	0	0	0	0	0
1244	I	0	0	0	0	0	0	0
1245	E	0	0	0	0	0	0	0
1246	N	0	0	0	0	0	0	0
1247	I	0	0	0	0	0	0	0
1248	S	0	0	0	0	0	0	0
1249	E	0	0	0	0	0	0	0
1250	E	0	0	0	0	0	0	0
1251	T	0	0	0	0	0	0	0
1252	S	0	0	0	0	0	0	0
1253	A	0	0	0	0	0	0	0
1254	E	0	0	0	0	0	0	0
1255	V	0	0	0	0	0	0	0
1256	H	0	0	0	0	0	0	0
1257	P	0	0	0	0	0	0	0
1258	I	0	0	0	0	0	0	0
1259	S	0	0	0	0	0	0	0
1260	L	0	0	0	0	0	0	0
1261	S	0	0	0	0	0	0	0
1262	S	0	0	0	0	0	0	0
1263	S	0	0	0	0	0	0	0
1264	K	0	0	0	0	0	0	0
1265	C	0	0	0	0	0	0	0
1266	H	0	0	0	0	0	0	0
1267	D	0	0	0	0	0	0	0
1268	S	0	0	0	0	0	0	0
1269	V	0	0	0	0	0	0	0
1270	V	0	0	0	0	0	0	0
1271	S	0	0	0	0	0	0	0
1272	M	0	0	0	0	0	0	0
1273	F	0	0	0	0	0	0	0
1274	K	0	0	0	0	0	0	0
1275	I	0	0	0	0	0	0	0
1276	E	0	0	0	0	0	0	0
1277	N	0	0	0	0	0	0	0
1278	H	0	0	0	0	0	0	0
1279	N	0	0	0	0	0	0	0
1280	D	0	0	0	0	0	0	0
1281	K	0	0	0	0	0	0	0
1282	T	Phosphothreonine	IENHNDKTVSEKNNK	EECCCCCCCCCCCCC	0	0	0	0
1283	V	0	0	0	0	0	0	0
1284	S	0	0	0	0	0	0	0
1285	E	0	0	0	0	0	0	0
1286	K	0	0	0	0	0	0	0
1287	N	0	0	0	0	0	0	0
1288	N	0	0	0	0	0	0	0
1289	K	0	0	0	0	0	0	0
1290	C	0	0	0	0	0	0	0
1291	Q	0	0	0	0	0	0	0
1292	L	0	0	0	0	0	0	0
1293	I	0	0	0	0	0	0	0
1294	L	0	0	0	0	0	0	0
1295	Q	0	0	0	0	0	0	0
1296	N	0	0	0	0	0	0	0
1297	N	0	0	0	0	0	0	0
1298	I	0	0	0	0	0	0	0
1299	E	0	0	0	0	0	0	0
1300	M	0	0	0	0	0	0	0
1301	T	0	0	0	0	0	0	0
1302	T	0	0	0	0	0	0	0
1303	G	0	0	0	0	0	0	0
1304	T	0	0	0	0	0	0	0
1305	F	0	0	0	0	0	0	0
1306	V	0	0	0	0	0	0	0
1307	E	0	0	0	0	0	0	0
1308	E	0	0	0	0	0	0	0
1309	I	0	0	0	0	0	0	0
1310	T	0	0	0	0	0	0	0
1311	E	0	0	0	0	0	0	0
1312	N	0	0	0	0	0	0	0
1313	Y	0	0	0	0	0	0	0
1314	K	0	0	0	0	0	0	0
1315	R	0	0	0	0	0	0	0
1316	N	0	0	0	0	0	0	0
1317	T	0	0	0	0	0	0	0
1318	E	0	0	0	0	0	0	0
1319	N	0	0	0	0	0	0	0
1320	E	0	0	0	0	0	0	0
1321	D	0	0	0	0	0	0	0
1322	N	0	0	0	0	0	0	0
1323	K	0	0	0	0	0	0	0
1324	Y	0	0	0	0	0	0	0
1325	T	0	0	0	0	0	0	0
1326	A	0	0	0	0	0	0	0
1327	A	0	0	0	0	0	0	0
1328	S	0	0	0	0	0	0	0
1329	R	0	0	0	0	0	0	0
1330	N	0	0	0	0	0	0	0
1331	S	Phosphoserine	YTAASRNSHNLEFDG	CCCCCCCCCCCEECC	0	0	0	0
1332	H	0	0	0	0	0	0	0
1333	N	0	0	0	0	0	0	0
1334	L	0	0	0	0	0	0	0
1335	E	0	0	0	0	0	0	0
1336	F	0	0	0	0	0	0	0
1337	D	0	0	0	0	0	0	0
1338	G	0	0	0	0	0	0	0
1339	S	Phosphoserine	HNLEFDGSDSSKNDT	CCCEECCCCCCCCCE	0	0	0	0
1340	D	0	0	0	0	0	0	0
1341	S	0	0	0	0	0	0	0
1342	S	0	0	0	0	0	0	0
1343	K	0	0	0	0	0	0	0
1344	N	0	0	0	0	0	0	0
1345	D	0	0	0	0	0	0	0
1346	T	0	0	0	0	0	0	0
1347	V	0	0	0	0	0	0	0
1348	C	0	0	0	0	0	0	0
1349	I	0	0	0	0	0	0	0
1350	H	0	0	0	0	0	0	0
1351	K	0	0	0	0	0	0	0
1352	D	0	0	0	0	0	0	0
1353	E	0	0	0	0	0	0	0
1354	T	0	0	0	0	0	0	0
1355	D	0	0	0	0	0	0	0
1356	L	0	0	0	0	0	0	0
1357	L	0	0	0	0	0	0	0
1358	F	0	0	0	0	0	0	0
1359	T	0	0	0	0	0	0	0
1360	D	0	0	0	0	0	0	0
1361	Q	0	0	0	0	0	0	0
1362	H	0	0	0	0	0	0	0
1363	N	0	0	0	0	0	0	0
1364	I	0	0	0	0	0	0	0
1365	C	0	0	0	0	0	0	0
1366	L	0	0	0	0	0	0	0
1367	K	0	0	0	0	0	0	0
1368	L	0	0	0	0	0	0	0
1369	S	0	0	0	0	0	0	0
1370	G	0	0	0	0	0	0	0
1371	Q	0	0	0	0	0	0	0
1372	F	0	0	0	0	0	0	0
1373	M	0	0	0	0	0	0	0
1374	K	0	0	0	0	0	0	0
1375	E	0	0	0	0	0	0	0
1376	G	0	0	0	0	0	0	0
1377	N	0	0	0	0	0	0	0
1378	T	0	0	0	0	0	0	0
1379	Q	0	0	0	0	0	0	0
1380	I	0	0	0	0	0	0	0
1381	K	0	0	0	0	0	0	0
1382	E	0	0	0	0	0	0	0
1383	D	0	0	0	0	0	0	0
1384	L	0	0	0	0	0	0	0
1385	S	0	0	0	0	0	0	0
1386	D	0	0	0	0	0	0	0
1387	L	0	0	0	0	0	0	0
1388	T	0	0	0	0	0	0	0
1389	F	0	0	0	0	0	0	0
1390	L	0	0	0	0	0	0	0
1391	E	0	0	0	0	0	0	0
1392	V	0	0	0	0	0	0	0
1393	A	0	0	0	0	0	0	0
1394	K	0	0	0	0	0	0	0
1395	A	0	0	0	0	0	0	0
1396	Q	0	0	0	0	0	0	0
1397	E	0	0	0	0	0	0	0
1398	A	0	0	0	0	0	0	0
1399	C	0	0	0	0	0	0	0
1400	H	0	0	0	0	0	0	0
1401	G	0	0	0	0	0	0	0
1402	N	0	0	0	0	0	0	0
1403	T	0	0	0	0	0	0	0
1404	S	0	0	0	0	0	0	0
1405	N	0	0	0	0	0	0	0
1406	K	0	0	0	0	0	0	0
1407	E	0	0	0	0	0	0	0
1408	Q	0	0	0	0	0	0	0
1409	L	0	0	0	0	0	0	0
1410	T	0	0	0	0	0	0	0
1411	A	0	0	0	0	0	0	0
1412	T	0	0	0	0	0	0	0
1413	K	0	0	0	0	0	0	0
1414	T	0	0	0	0	0	0	0
1415	E	0	0	0	0	0	0	0
1416	Q	0	0	0	0	0	0	0
1417	N	0	0	0	0	0	0	0
1418	I	0	0	0	0	0	0	0
1419	K	0	0	0	0	0	0	0
1420	D	0	0	0	0	0	0	0
1421	F	0	0	0	0	0	0	0
1422	E	0	0	0	0	0	0	0
1423	T	0	0	0	0	0	0	0
1424	S	0	0	0	0	0	0	0
1425	D	0	0	0	0	0	0	0
1426	T	0	0	0	0	0	0	0
1427	F	0	0	0	0	0	0	0
1428	F	0	0	0	0	0	0	0
1429	Q	0	0	0	0	0	0	0
1430	T	0	0	0	0	0	0	0
1431	A	0	0	0	0	0	0	0
1432	S	0	0	0	0	0	0	0
1433	G	0	0	0	0	0	0	0
1434	K	0	0	0	0	0	0	0
1435	N	0	0	0	0	0	0	0
1436	I	0	0	0	0	0	0	0
1437	S	0	0	0	0	0	0	0
1438	V	0	0	0	0	0	0	0
1439	A	0	0	0	0	0	0	0
1440	K	0	0	0	0	0	0	0
1441	E	0	0	0	0	0	0	0
1442	S	0	0	0	0	0	0	0
1443	F	0	0	0	0	0	0	0
1444	N	0	0	0	0	0	0	0
1445	K	0	0	0	0	0	0	0
1446	I	0	0	0	0	0	0	0
1447	V	0	0	0	0	0	0	0
1448	N	0	0	0	0	0	0	0
1449	F	0	0	0	0	0	0	0
1450	F	0	0	0	0	0	0	0
1451	D	0	0	0	0	0	0	0
1452	Q	0	0	0	0	0	0	0
1453	K	0	0	0	0	0	0	0
1454	P	0	0	0	0	0	0	0
1455	E	0	0	0	0	0	0	0
1456	E	0	0	0	0	0	0	0
1457	L	0	0	0	0	0	0	0
1458	H	0	0	0	0	0	0	0
1459	N	0	0	0	0	0	0	0
1460	F	0	0	0	0	0	0	0
1461	S	0	0	0	0	0	0	0
1462	L	0	0	0	0	0	0	0
1463	N	0	0	0	0	0	0	0
1464	S	0	0	0	0	0	0	0
1465	E	0	0	0	0	0	0	0
1466	L	0	0	0	0	0	0	0
1467	H	0	0	0	0	0	0	0
1468	S	0	0	0	0	0	0	0
1469	D	0	0	0	0	0	0	0
1470	I	0	0	0	0	0	0	0
1471	R	0	0	0	0	0	0	0
1472	K	0	0	0	0	0	0	0
1473	N	0	0	0	0	0	0	0
1474	K	N-acetyllysine	HSDIRKNKMDILSYE	CHHHHHCCCCCCCCC	0	0	0	0
1475	M	0	0	0	0	0	0	0
1476	D	0	0	0	0	0	0	0
1477	I	0	0	0	0	0	0	0
1478	L	0	0	0	0	0	0	0
1479	S	0	0	0	0	0	0	0
1480	Y	Phosphotyrosine	NKMDILSYEETDIVK	CCCCCCCCCCCHHHH	0	0	0	0
1481	E	0	0	0	0	0	0	0
1482	E	0	0	0	0	0	0	0
1483	T	0	0	0	0	0	0	0
1484	D	0	0	0	0	0	0	0
1485	I	0	0	0	0	0	0	0
1486	V	0	0	0	0	0	0	0
1487	K	0	0	0	0	0	0	0
1488	H	0	0	0	0	0	0	0
1489	K	0	0	0	0	0	0	0
1490	I	0	0	0	0	0	0	0
1491	L	0	0	0	0	0	0	0
1492	K	0	0	0	0	0	0	0
1493	E	0	0	0	0	0	0	0
1494	S	0	0	0	0	0	0	0
1495	V	0	0	0	0	0	0	0
1496	P	0	0	0	0	0	0	0
1497	V	0	0	0	0	0	0	0
1498	G	0	0	0	0	0	0	0
1499	T	0	0	0	0	0	0	0
1500	G	0	0	0	0	0	0	0
1501	N	0	0	0	0	0	0	0
1502	Q	0	0	0	0	0	0	0
1503	L	0	0	0	0	0	0	0
1504	V	0	0	0	0	0	0	0
1505	T	0	0	0	0	0	0	0
1506	F	0	0	0	0	0	0	0
1507	Q	0	0	0	0	0	0	0
1508	G	0	0	0	0	0	0	0
1509	Q	0	0	0	0	0	0	0
1510	P	0	0	0	0	0	0	0
1511	E	0	0	0	0	0	0	0
1512	R	0	0	0	0	0	0	0
1513	D	0	0	0	0	0	0	0
1514	E	0	0	0	0	0	0	0
1515	K	0	0	0	0	0	0	0
1516	I	0	0	0	0	0	0	0
1517	K	0	0	0	0	0	0	0
1518	E	0	0	0	0	0	0	0
1519	P	0	0	0	0	0	0	0
1520	T	0	0	0	0	0	0	0
1521	L	0	0	0	0	0	0	0
1522	L	0	0	0	0	0	0	0
1523	G	0	0	0	0	0	0	0
1524	F	0	0	0	0	0	0	0
1525	H	0	0	0	0	0	0	0
1526	T	Phosphothreonine	PTLLGFHTASGKKVK	CEEEEEECCCCCEEE	0	0	0	0
1527	A	0	0	0	0	0	0	0
1528	S	Phosphoserine	LLGFHTASGKKVKIA	EEEEECCCCCEEEEE	0	0	0	0
1529	G	0	0	0	0	0	0	0
1530	K	0	0	0	0	0	0	0
1531	K	0	0	0	0	0	0	0
1532	V	0	0	0	0	0	0	0
1533	K	N-acetyllysine	TASGKKVKIAKESLD	CCCCCEEEEEHHHHH	0	0	0	0
1534	I	0	0	0	0	0	0	0
1535	A	0	0	0	0	0	0	0
1536	K	N-acetyllysine	GKKVKIAKESLDKVK	CCEEEEEHHHHHHHH	0	0	0	0
1537	E	0	0	0	0	0	0	0
1538	S	0	0	0	0	0	0	0
1539	L	0	0	0	0	0	0	0
1540	D	0	0	0	0	0	0	0
1541	K	0	0	0	0	0	0	0
1542	V	0	0	0	0	0	0	0
1543	K	0	0	0	0	0	0	0
1544	N	0	0	0	0	0	0	0
1545	L	0	0	0	0	0	0	0
1546	F	0	0	0	0	0	0	0
1547	D	0	0	0	0	0	0	0
1548	E	0	0	0	0	0	0	0
1549	K	0	0	0	0	0	0	0
1550	E	0	0	0	0	0	0	0
1551	Q	0	0	0	0	0	0	0
1552	G	0	0	0	0	0	0	0
1553	T	0	0	0	0	0	0	0
1554	S	0	0	0	0	0	0	0
1555	E	0	0	0	0	0	0	0
1556	I	0	0	0	0	0	0	0
1557	T	0	0	0	0	0	0	0
1558	S	0	0	0	0	0	0	0
1559	F	0	0	0	0	0	0	0
1560	S	0	0	0	0	0	0	0
1561	H	0	0	0	0	0	0	0
1562	Q	0	0	0	0	0	0	0
1563	W	0	0	0	0	0	0	0
1564	A	0	0	0	0	0	0	0
1565	K	0	0	0	0	0	0	0
1566	T	0	0	0	0	0	0	0
1567	L	0	0	0	0	0	0	0
1568	K	0	0	0	0	0	0	0
1569	Y	0	0	0	0	0	0	0
1570	R	0	0	0	0	0	0	0
1571	E	0	0	0	0	0	0	0
1572	A	0	0	0	0	0	0	0
1573	C	0	0	0	0	0	0	0
1574	K	0	0	0	0	0	0	0
1575	D	0	0	0	0	0	0	0
1576	L	0	0	0	0	0	0	0
1577	E	0	0	0	0	0	0	0
1578	L	0	0	0	0	0	0	0
1579	A	0	0	0	0	0	0	0
1580	C	0	0	0	0	0	0	0
1581	E	0	0	0	0	0	0	0
1582	T	0	0	0	0	0	0	0
1583	I	0	0	0	0	0	0	0
1584	E	0	0	0	0	0	0	0
1585	I	0	0	0	0	0	0	0
1586	T	0	0	0	0	0	0	0
1587	A	0	0	0	0	0	0	0
1588	A	0	0	0	0	0	0	0
1589	P	0	0	0	0	0	0	0
1590	K	0	0	0	0	0	0	0
1591	C	0	0	0	0	0	0	0
1592	K	0	0	0	0	0	0	0
1593	E	0	0	0	0	0	0	0
1594	M	0	0	0	0	0	0	0
1595	Q	0	0	0	0	0	0	0
1596	N	0	0	0	0	0	0	0
1597	S	0	0	0	0	0	0	0
1598	L	0	0	0	0	0	0	0
1599	N	0	0	0	0	0	0	0
1600	N	0	0	0	0	0	0	0
1601	D	0	0	0	0	0	0	0
1602	K	0	0	0	0	0	0	0
1603	N	0	0	0	0	0	0	0
1604	L	0	0	0	0	0	0	0
1605	V	0	0	0	0	0	0	0
1606	S	0	0	0	0	0	0	0
1607	I	0	0	0	0	0	0	0
1608	E	0	0	0	0	0	0	0
1609	T	0	0	0	0	0	0	0
1610	V	0	0	0	0	0	0	0
1611	V	0	0	0	0	0	0	0
1612	P	0	0	0	0	0	0	0
1613	P	0	0	0	0	0	0	0
1614	K	0	0	0	0	0	0	0
1615	L	0	0	0	0	0	0	0
1616	L	0	0	0	0	0	0	0
1617	S	0	0	0	0	0	0	0
1618	D	0	0	0	0	0	0	0
1619	N	0	0	0	0	0	0	0
1620	L	0	0	0	0	0	0	0
1621	C	0	0	0	0	0	0	0
1622	R	0	0	0	0	0	0	0
1623	Q	0	0	0	0	0	0	0
1624	T	0	0	0	0	0	0	0
1625	E	0	0	0	0	0	0	0
1626	N	0	0	0	0	0	0	0
1627	L	0	0	0	0	0	0	0
1628	K	0	0	0	0	0	0	0
1629	T	0	0	0	0	0	0	0
1630	S	0	0	0	0	0	0	0
1631	K	0	0	0	0	0	0	0
1632	S	0	0	0	0	0	0	0
1633	I	0	0	0	0	0	0	0
1634	F	0	0	0	0	0	0	0
1635	L	0	0	0	0	0	0	0
1636	K	0	0	0	0	0	0	0
1637	V	0	0	0	0	0	0	0
1638	K	0	0	0	0	0	0	0
1639	V	0	0	0	0	0	0	0
1640	H	0	0	0	0	0	0	0
1641	E	0	0	0	0	0	0	0
1642	N	0	0	0	0	0	0	0
1643	V	0	0	0	0	0	0	0
1644	E	0	0	0	0	0	0	0
1645	K	0	0	0	0	0	0	0
1646	E	0	0	0	0	0	0	0
1647	T	0	0	0	0	0	0	0
1648	A	0	0	0	0	0	0	0
1649	K	0	0	0	0	0	0	0
1650	S	0	0	0	0	0	0	0
1651	P	0	0	0	0	0	0	0
1652	A	0	0	0	0	0	0	0
1653	T	0	0	0	0	0	0	0
1654	C	0	0	0	0	0	0	0
1655	Y	0	0	0	0	0	0	0
1656	T	0	0	0	0	0	0	0
1657	N	0	0	0	0	0	0	0
1658	Q	0	0	0	0	0	0	0
1659	S	0	0	0	0	0	0	0
1660	P	0	0	0	0	0	0	0
1661	Y	0	0	0	0	0	0	0
1662	S	0	0	0	0	0	0	0
1663	V	0	0	0	0	0	0	0
1664	I	0	0	0	0	0	0	0
1665	E	0	0	0	0	0	0	0
1666	N	0	0	0	0	0	0	0
1667	S	0	0	0	0	0	0	0
1668	A	0	0	0	0	0	0	0
1669	L	0	0	0	0	0	0	0
1670	A	0	0	0	0	0	0	0
1671	F	0	0	0	0	0	0	0
1672	Y	0	0	0	0	0	0	0
1673	T	0	0	0	0	0	0	0
1674	S	0	0	0	0	0	0	0
1675	C	0	0	0	0	0	0	0
1676	S	0	0	0	0	0	0	0
1677	R	0	0	0	0	0	0	0
1678	K	0	0	0	0	0	0	0
1679	T	0	0	0	0	0	0	0
1680	S	Phosphoserine	TSCSRKTSVSQTSLL	HCCCCCCCCCHHHHH	0	0	0	0
1681	V	0	0	0	0	0	0	0
1682	S	0	0	0	0	0	0	0
1683	Q	0	0	0	0	0	0	0
1684	T	0	0	0	0	0	0	0
1685	S	0	0	0	0	0	0	0
1686	L	0	0	0	0	0	0	0
1687	L	0	0	0	0	0	0	0
1688	E	0	0	0	0	0	0	0
1689	A	0	0	0	0	0	0	0
1690	K	0	0	0	0	0	0	0
1691	K	0	0	0	0	0	0	0
1692	W	0	0	0	0	0	0	0
1693	L	0	0	0	0	0	0	0
1694	R	0	0	0	0	0	0	0
1695	E	0	0	0	0	0	0	0
1696	G	0	0	0	0	0	0	0
1697	I	0	0	0	0	0	0	0
1698	F	0	0	0	0	0	0	0
1699	D	0	0	0	0	0	0	0
1700	G	0	0	0	0	0	0	0
1701	Q	0	0	0	0	0	0	0
1702	P	0	0	0	0	0	0	0
1703	E	0	0	0	0	0	0	0
1704	R	0	0	0	0	0	0	0
1705	I	0	0	0	0	0	0	0
1706	N	0	0	0	0	0	0	0
1707	T	0	0	0	0	0	0	0
1708	A	0	0	0	0	0	0	0
1709	D	0	0	0	0	0	0	0
1710	Y	0	0	0	0	0	0	0
1711	V	0	0	0	0	0	0	0
1712	G	0	0	0	0	0	0	0
1713	N	0	0	0	0	0	0	0
1714	Y	0	0	0	0	0	0	0
1715	L	0	0	0	0	0	0	0
1716	Y	0	0	0	0	0	0	0
1717	E	0	0	0	0	0	0	0
1718	N	0	0	0	0	0	0	0
1719	N	0	0	0	0	0	0	0
1720	S	0	0	0	0	0	0	0
1721	N	0	0	0	0	0	0	0
1722	S	0	0	0	0	0	0	0
1723	T	0	0	0	0	0	0	0
1724	I	0	0	0	0	0	0	0
1725	A	0	0	0	0	0	0	0
1726	E	0	0	0	0	0	0	0
1727	N	0	0	0	0	0	0	0
1728	D	0	0	0	0	0	0	0
1729	K	0	0	0	0	0	0	0
1730	N	0	0	0	0	0	0	0
1731	H	0	0	0	0	0	0	0
1732	L	0	0	0	0	0	0	0
1733	S	0	0	0	0	0	0	0
1734	E	0	0	0	0	0	0	0
1735	K	0	0	0	0	0	0	0
1736	Q	0	0	0	0	0	0	0
1737	D	0	0	0	0	0	0	0
1738	T	0	0	0	0	0	0	0
1739	Y	0	0	0	0	0	0	0
1740	L	0	0	0	0	0	0	0
1741	S	0	0	0	0	0	0	0
1742	N	0	0	0	0	0	0	0
1743	S	0	0	0	0	0	0	0
1744	S	0	0	0	0	0	0	0
1745	M	0	0	0	0	0	0	0
1746	S	0	0	0	0	0	0	0
1747	N	0	0	0	0	0	0	0
1748	S	0	0	0	0	0	0	0
1749	Y	0	0	0	0	0	0	0
1750	S	0	0	0	0	0	0	0
1751	Y	0	0	0	0	0	0	0
1752	H	0	0	0	0	0	0	0
1753	S	0	0	0	0	0	0	0
1754	D	0	0	0	0	0	0	0
1755	E	0	0	0	0	0	0	0
1756	V	0	0	0	0	0	0	0
1757	Y	0	0	0	0	0	0	0
1758	N	0	0	0	0	0	0	0
1759	D	0	0	0	0	0	0	0
1760	S	0	0	0	0	0	0	0
1761	G	0	0	0	0	0	0	0
1762	Y	0	0	0	0	0	0	0
1763	L	0	0	0	0	0	0	0
1764	S	0	0	0	0	0	0	0
1765	K	0	0	0	0	0	0	0
1766	N	0	0	0	0	0	0	0
1767	K	0	0	0	0	0	0	0
1768	L	0	0	0	0	0	0	0
1769	D	0	0	0	0	0	0	0
1770	S	Phosphoserine	LSKNKLDSGIEPVLK	CCCCCCCCCCHHHHH	0	0	0	0
1771	G	0	0	0	0	0	0	0
1772	I	0	0	0	0	0	0	0
1773	E	0	0	0	0	0	0	0
1774	P	0	0	0	0	0	0	0
1775	V	0	0	0	0	0	0	0
1776	L	0	0	0	0	0	0	0
1777	K	0	0	0	0	0	0	0
1778	N	0	0	0	0	0	0	0
1779	V	0	0	0	0	0	0	0
1780	E	0	0	0	0	0	0	0
1781	D	0	0	0	0	0	0	0
1782	Q	0	0	0	0	0	0	0
1783	K	0	0	0	0	0	0	0
1784	N	0	0	0	0	0	0	0
1785	T	0	0	0	0	0	0	0
1786	S	0	0	0	0	0	0	0
1787	F	0	0	0	0	0	0	0
1788	S	0	0	0	0	0	0	0
1789	K	0	0	0	0	0	0	0
1790	V	0	0	0	0	0	0	0
1791	I	0	0	0	0	0	0	0
1792	S	0	0	0	0	0	0	0
1793	N	0	0	0	0	0	0	0
1794	V	0	0	0	0	0	0	0
1795	K	0	0	0	0	0	0	0
1796	D	0	0	0	0	0	0	0
1797	A	0	0	0	0	0	0	0
1798	N	0	0	0	0	0	0	0
1799	A	0	0	0	0	0	0	0
1800	Y	0	0	0	0	0	0	0
1801	P	0	0	0	0	0	0	0
1802	Q	0	0	0	0	0	0	0
1803	T	0	0	0	0	0	0	0
1804	V	0	0	0	0	0	0	0
1805	N	0	0	0	0	0	0	0
1806	E	0	0	0	0	0	0	0
1807	D	0	0	0	0	0	0	0
1808	I	0	0	0	0	0	0	0
1809	C	0	0	0	0	0	0	0
1810	V	0	0	0	0	0	0	0
1811	E	0	0	0	0	0	0	0
1812	E	0	0	0	0	0	0	0
1813	L	0	0	0	0	0	0	0
1814	V	0	0	0	0	0	0	0
1815	T	0	0	0	0	0	0	0
1816	S	0	0	0	0	0	0	0
1817	S	0	0	0	0	0	0	0
1818	S	Phosphoserine	EELVTSSSPCKNKNA	HHHHCCCCCCCCCCC	0	0	0	0
1819	P	0	0	0	0	0	0	0
1820	C	0	0	0	0	0	0	0
1821	K	0	0	0	0	0	0	0
1822	N	0	0	0	0	0	0	0
1823	K	0	0	0	0	0	0	0
1824	N	0	0	0	0	0	0	0
1825	A	0	0	0	0	0	0	0
1826	A	0	0	0	0	0	0	0
1827	I	0	0	0	0	0	0	0
1828	K	0	0	0	0	0	0	0
1829	L	0	0	0	0	0	0	0
1830	S	0	0	0	0	0	0	0
1831	I	0	0	0	0	0	0	0
1832	S	0	0	0	0	0	0	0
1833	N	0	0	0	0	0	0	0
1834	S	0	0	0	0	0	0	0
1835	N	0	0	0	0	0	0	0
1836	N	0	0	0	0	0	0	0
1837	F	0	0	0	0	0	0	0
1838	E	0	0	0	0	0	0	0
1839	V	0	0	0	0	0	0	0
1840	G	0	0	0	0	0	0	0
1841	P	0	0	0	0	0	0	0
1842	P	0	0	0	0	0	0	0
1843	A	0	0	0	0	0	0	0
1844	F	0	0	0	0	0	0	0
1845	R	0	0	0	0	0	0	0
1846	I	0	0	0	0	0	0	0
1847	A	0	0	0	0	0	0	0
1848	S	0	0	0	0	0	0	0
1849	G	0	0	0	0	0	0	0
1850	K	0	0	0	0	0	0	0
1851	I	0	0	0	0	0	0	0
1852	V	0	0	0	0	0	0	0
1853	C	0	0	0	0	0	0	0
1854	V	0	0	0	0	0	0	0
1855	S	0	0	0	0	0	0	0
1856	H	0	0	0	0	0	0	0
1857	E	0	0	0	0	0	0	0
1858	T	0	0	0	0	0	0	0
1859	I	0	0	0	0	0	0	0
1860	K	0	0	0	0	0	0	0
1861	K	0	0	0	0	0	0	0
1862	V	0	0	0	0	0	0	0
1863	K	0	0	0	0	0	0	0
1864	D	0	0	0	0	0	0	0
1865	I	0	0	0	0	0	0	0
1866	F	0	0	0	0	0	0	0
1867	T	0	0	0	0	0	0	0
1868	D	0	0	0	0	0	0	0
1869	S	Phosphoserine	VKDIFTDSFSKVIKE	HHHHHCHHHHHHHHH	0	0	0	0
1870	F	0	0	0	0	0	0	0
1871	S	0	0	0	0	0	0	0
1872	K	Ubiquitinlysine	IFTDSFSKVIKENNE	HHCHHHHHHHHHCCC	0	0	0	0
1873	V	0	0	0	0	0	0	0
1874	I	0	0	0	0	0	0	0
1875	K	0	0	0	0	0	0	0
1876	E	0	0	0	0	0	0	0
1877	N	0	0	0	0	0	0	0
1878	N	0	0	0	0	0	0	0
1879	E	0	0	0	0	0	0	0
1880	N	0	0	0	0	0	0	0
1881	K	0	0	0	0	0	0	0
1882	S	0	0	0	0	0	0	0
1883	K	0	0	0	0	0	0	0
1884	I	0	0	0	0	0	0	0
1885	C	0	0	0	0	0	0	0
1886	Q	0	0	0	0	0	0	0
1887	T	0	0	0	0	0	0	0
1888	K	0	0	0	0	0	0	0
1889	I	0	0	0	0	0	0	0
1890	M	0	0	0	0	0	0	0
1891	A	0	0	0	0	0	0	0
1892	G	0	0	0	0	0	0	0
1893	C	0	0	0	0	0	0	0
1894	Y	0	0	0	0	0	0	0
1895	E	0	0	0	0	0	0	0
1896	A	0	0	0	0	0	0	0
1897	L	0	0	0	0	0	0	0
1898	D	0	0	0	0	0	0	0
1899	D	0	0	0	0	0	0	0
1900	S	0	0	0	0	0	0	0
1901	E	0	0	0	0	0	0	0
1902	D	0	0	0	0	0	0	0
1903	I	0	0	0	0	0	0	0
1904	L	0	0	0	0	0	0	0
1905	H	0	0	0	0	0	0	0
1906	N	0	0	0	0	0	0	0
1907	S	0	0	0	0	0	0	0
1908	L	0	0	0	0	0	0	0
1909	D	0	0	0	0	0	0	0
1910	N	0	0	0	0	0	0	0
1911	D	0	0	0	0	0	0	0
1912	E	0	0	0	0	0	0	0
1913	C	0	0	0	0	0	0	0
1914	S	0	0	0	0	0	0	0
1915	T	0	0	0	0	0	0	0
1916	H	0	0	0	0	0	0	0
1917	S	0	0	0	0	0	0	0
1918	H	0	0	0	0	0	0	0
1919	K	0	0	0	0	0	0	0
1920	V	0	0	0	0	0	0	0
1921	F	0	0	0	0	0	0	0
1922	A	0	0	0	0	0	0	0
1923	D	0	0	0	0	0	0	0
1924	I	0	0	0	0	0	0	0
1925	Q	0	0	0	0	0	0	0
1926	S	Phosphoserine	KVFADIQSEEILQHN	CHHCCCCHHHHHHHC	0	0	0	0
1927	E	0	0	0	0	0	0	0
1928	E	0	0	0	0	0	0	0
1929	I	0	0	0	0	0	0	0
1930	L	0	0	0	0	0	0	0
1931	Q	0	0	0	0	0	0	0
1932	H	0	0	0	0	0	0	0
1933	N	0	0	0	0	0	0	0
1934	Q	0	0	0	0	0	0	0
1935	N	0	0	0	0	0	0	0
1936	M	0	0	0	0	0	0	0
1937	S	0	0	0	0	0	0	0
1938	G	0	0	0	0	0	0	0
1939	L	0	0	0	0	0	0	0
1940	E	0	0	0	0	0	0	0
1941	K	0	0	0	0	0	0	0
1942	V	0	0	0	0	0	0	0
1943	S	Phosphoserine	MSGLEKVSKISPCDV	CCHHHCCCCCCCCCE	0	0	0	0
1944	K	0	0	0	0	0	0	0
1945	I	0	0	0	0	0	0	0
1946	S	Phosphoserine	LEKVSKISPCDVSLE	HHCCCCCCCCCEECC	0	0	0	0
1947	P	0	0	0	0	0	0	0
1948	C	0	0	0	0	0	0	0
1949	D	0	0	0	0	0	0	0
1950	V	0	0	0	0	0	0	0
1951	S	Phosphoserine	KISPCDVSLETSDIC	CCCCCCEECCCCCCC	0	0	0	0
1952	L	0	0	0	0	0	0	0
1953	E	0	0	0	0	0	0	0
1954	T	0	0	0	0	0	0	0
1955	S	0	0	0	0	0	0	0
1956	D	0	0	0	0	0	0	0
1957	I	0	0	0	0	0	0	0
1958	C	0	0	0	0	0	0	0
1959	K	0	0	0	0	0	0	0
1960	C	0	0	0	0	0	0	0
1961	S	0	0	0	0	0	0	0
1962	I	0	0	0	0	0	0	0
1963	G	0	0	0	0	0	0	0
1964	K	0	0	0	0	0	0	0
1965	L	0	0	0	0	0	0	0
1966	H	0	0	0	0	0	0	0
1967	K	0	0	0	0	0	0	0
1968	S	Phosphoserine	SIGKLHKSVSSANTC	CHHCCCCCCCCCCCC	0	0	0	0
1969	V	0	0	0	0	0	0	0
1970	S	Phosphoserine	GKLHKSVSSANTCGI	HCCCCCCCCCCCCEE	0	0	0	0
1971	S	0	0	0	0	0	0	0
1972	A	0	0	0	0	0	0	0
1973	N	0	0	0	0	0	0	0
1974	T	0	0	0	0	0	0	0
1975	C	0	0	0	0	0	0	0
1976	G	0	0	0	0	0	0	0
1977	I	0	0	0	0	0	0	0
1978	F	0	0	0	0	0	0	0
1979	S	0	0	0	0	0	0	0
1980	T	0	0	0	0	0	0	0
1981	A	0	0	0	0	0	0	0
1982	S	Phosphoserine	CGIFSTASGKSVQVS	CEEEECCCCCEEECC	0	0	0	0
1983	G	0	0	0	0	0	0	0
1984	K	0	0	0	0	0	0	0
1985	S	0	0	0	0	0	0	0
1986	V	0	0	0	0	0	0	0
1987	Q	0	0	0	0	0	0	0
1988	V	0	0	0	0	0	0	0
1989	S	0	0	0	0	0	0	0
1990	D	0	0	0	0	0	0	0
1991	A	0	0	0	0	0	0	0
1992	S	0	0	0	0	0	0	0
1993	L	0	0	0	0	0	0	0
1994	Q	0	0	0	0	0	0	0
1995	N	0	0	0	0	0	0	0
1996	A	0	0	0	0	0	0	0
1997	R	0	0	0	0	0	0	0
1998	Q	0	0	0	0	0	0	0
1999	V	0	0	0	0	0	0	0
2000	F	0	0	0	0	0	0	0
2001	S	0	0	0	0	0	0	0
2002	E	0	0	0	0	0	0	0
2003	I	0	0	0	0	0	0	0
2004	E	0	0	0	0	0	0	0
2005	D	0	0	0	0	0	0	0
2006	S	0	0	0	0	0	0	0
2007	T	0	0	0	0	0	0	0
2008	K	0	0	0	0	0	0	0
2009	Q	0	0	0	0	0	0	0
2010	V	0	0	0	0	0	0	0
2011	F	0	0	0	0	0	0	0
2012	S	0	0	0	0	0	0	0
2013	K	0	0	0	0	0	0	0
2014	V	0	0	0	0	0	0	0
2015	L	0	0	0	0	0	0	0
2016	F	0	0	0	0	0	0	0
2017	K	0	0	0	0	0	0	0
2018	S	0	0	0	0	0	0	0
2019	N	0	0	0	0	0	0	0
2020	E	0	0	0	0	0	0	0
2021	H	0	0	0	0	0	0	0
2022	S	0	0	0	0	0	0	0
2023	D	0	0	0	0	0	0	0
2024	Q	0	0	0	0	0	0	0
2025	L	0	0	0	0	0	0	0
2026	T	0	0	0	0	0	0	0
2027	R	0	0	0	0	0	0	0
2028	E	0	0	0	0	0	0	0
2029	E	0	0	0	0	0	0	0
2030	N	0	0	0	0	0	0	0
2031	T	Phosphothreonine	QLTREENTAIRTPEH	HCCHHHHHCCCCHHH	0	0	0	0
2032	A	0	0	0	0	0	0	0
2033	I	0	0	0	0	0	0	0
2034	R	0	0	0	0	0	0	0
2035	T	Phosphothreonine	EENTAIRTPEHLISQ	HHHHCCCCHHHHHHC	0	0	0	0
2036	P	0	0	0	0	0	0	0
2037	E	0	0	0	0	0	0	0
2038	H	0	0	0	0	0	0	0
2039	L	0	0	0	0	0	0	0
2040	I	0	0	0	0	0	0	0
2041	S	Phosphoserine	RTPEHLISQKGFSYN	CCHHHHHHCCCCCEE	0	0	0	0
2042	Q	0	0	0	0	0	0	0
2043	K	0	0	0	0	0	0	0
2044	G	0	0	0	0	0	0	0
2045	F	0	0	0	0	0	0	0
2046	S	0	0	0	0	0	0	0
2047	Y	0	0	0	0	0	0	0
2048	N	0	0	0	0	0	0	0
2049	V	0	0	0	0	0	0	0
2050	V	0	0	0	0	0	0	0
2051	N	0	0	0	0	0	0	0
2052	S	0	0	0	0	0	0	0
2053	S	0	0	0	0	0	0	0
2054	A	0	0	0	0	0	0	0
2055	F	0	0	0	0	0	0	0
2056	S	0	0	0	0	0	0	0
2057	G	0	0	0	0	0	0	0
2058	F	0	0	0	0	0	0	0
2059	S	0	0	0	0	0	0	0
2060	T	0	0	0	0	0	0	0
2061	A	0	0	0	0	0	0	0
2062	S	0	0	0	0	0	0	0
2063	G	0	0	0	0	0	0	0
2064	K	0	0	0	0	0	0	0
2065	Q	0	0	0	0	0	0	0
2066	V	0	0	0	0	0	0	0
2067	S	0	0	0	0	0	0	0
2068	I	0	0	0	0	0	0	0
2069	L	0	0	0	0	0	0	0
2070	E	0	0	0	0	0	0	0
2071	S	0	0	0	0	0	0	0
2072	S	Phosphoserine	QVSILESSLHKVKGV	EEEEHHHHHHHHHHH	0	0	0	0
2073	L	0	0	0	0	0	0	0
2074	H	0	0	0	0	0	0	0
2075	K	0	0	0	0	0	0	0
2076	V	0	0	0	0	0	0	0
2077	K	0	0	0	0	0	0	0
2078	G	0	0	0	0	0	0	0
2079	V	0	0	0	0	0	0	0
2080	L	0	0	0	0	0	0	0
2081	E	0	0	0	0	0	0	0
2082	E	0	0	0	0	0	0	0
2083	F	0	0	0	0	0	0	0
2084	D	0	0	0	0	0	0	0
2085	L	0	0	0	0	0	0	0
2086	I	0	0	0	0	0	0	0
2087	R	0	0	0	0	0	0	0
2088	T	0	0	0	0	0	0	0
2089	E	0	0	0	0	0	0	0
2090	H	0	0	0	0	0	0	0
2091	S	Phosphoserine	DLIRTEHSLHYSPTS	HHHCCCCCCCCCCCC	0	0	0	0
2092	L	0	0	0	0	0	0	0
2093	H	0	0	0	0	0	0	0
2094	Y	0	0	0	0	0	0	0
2095	S	Phosphoserine	TEHSLHYSPTSRQNV	CCCCCCCCCCCCCCH	0	0	0	0
2096	P	0	0	0	0	0	0	0
2097	T	0	0	0	0	0	0	0
2098	S	0	0	0	0	0	0	0
2099	R	0	0	0	0	0	0	0
2100	Q	0	0	0	0	0	0	0
2101	N	0	0	0	0	0	0	0
2102	V	0	0	0	0	0	0	0
2103	S	0	0	0	0	0	0	0
2104	K	0	0	0	0	0	0	0
2105	I	0	0	0	0	0	0	0
2106	L	0	0	0	0	0	0	0
2107	P	0	0	0	0	0	0	0
2108	R	0	0	0	0	0	0	0
2109	V	0	0	0	0	0	0	0
2110	D	0	0	0	0	0	0	0
2111	K	0	0	0	0	0	0	0
2112	R	0	0	0	0	0	0	0
2113	N	0	0	0	0	0	0	0
2114	P	0	0	0	0	0	0	0
2115	E	0	0	0	0	0	0	0
2116	H	0	0	0	0	0	0	0
2117	C	0	0	0	0	0	0	0
2118	V	0	0	0	0	0	0	0
2119	N	0	0	0	0	0	0	0
2120	S	0	0	0	0	0	0	0
2121	E	0	0	0	0	0	0	0
2122	M	0	0	0	0	0	0	0
2123	E	0	0	0	0	0	0	0
2124	K	0	0	0	0	0	0	0
2125	T	0	0	0	0	0	0	0
2126	C	0	0	0	0	0	0	0
2127	S	0	0	0	0	0	0	0
2128	K	0	0	0	0	0	0	0
2129	E	0	0	0	0	0	0	0
2130	F	0	0	0	0	0	0	0
2131	K	0	0	0	0	0	0	0
2132	L	0	0	0	0	0	0	0
2133	S	0	0	0	0	0	0	0
2134	N	0	0	0	0	0	0	0
2135	N	0	0	0	0	0	0	0
2136	L	0	0	0	0	0	0	0
2137	N	0	0	0	0	0	0	0
2138	V	0	0	0	0	0	0	0
2139	E	0	0	0	0	0	0	0
2140	G	0	0	0	0	0	0	0
2141	G	0	0	0	0	0	0	0
2142	S	0	0	0	0	0	0	0
2143	S	0	0	0	0	0	0	0
2144	E	0	0	0	0	0	0	0
2145	N	0	0	0	0	0	0	0
2146	N	0	0	0	0	0	0	0
2147	H	0	0	0	0	0	0	0
2148	S	0	0	0	0	0	0	0
2149	I	0	0	0	0	0	0	0
2150	K	0	0	0	0	0	0	0
2151	V	0	0	0	0	0	0	0
2152	S	Phosphoserine	NNHSIKVSPYLSQFQ	CCCCCEECCHHHHHH	0	0	0	0
2153	P	0	0	0	0	0	0	0
2154	Y	0	0	0	0	0	0	0
2155	L	0	0	0	0	0	0	0
2156	S	0	0	0	0	0	0	0
2157	Q	0	0	0	0	0	0	0
2158	F	0	0	0	0	0	0	0
2159	Q	0	0	0	0	0	0	0
2160	Q	0	0	0	0	0	0	0
2161	D	0	0	0	0	0	0	0
2162	K	0	0	0	0	0	0	0
2163	Q	0	0	0	0	0	0	0
2164	Q	0	0	0	0	0	0	0
2165	L	0	0	0	0	0	0	0
2166	V	0	0	0	0	0	0	0
2167	L	0	0	0	0	0	0	0
2168	G	0	0	0	0	0	0	0
2169	T	0	0	0	0	0	0	0
2170	K	0	0	0	0	0	0	0
2171	V	0	0	0	0	0	0	0
2172	S	0	0	0	0	0	0	0
2173	L	0	0	0	0	0	0	0
2174	V	0	0	0	0	0	0	0
2175	E	0	0	0	0	0	0	0
2176	N	0	0	0	0	0	0	0
2177	I	0	0	0	0	0	0	0
2178	H	0	0	0	0	0	0	0
2179	V	0	0	0	0	0	0	0
2180	L	0	0	0	0	0	0	0
2181	G	0	0	0	0	0	0	0
2182	K	0	0	0	0	0	0	0
2183	E	0	0	0	0	0	0	0
2184	Q	0	0	0	0	0	0	0
2185	A	0	0	0	0	0	0	0
2186	S	Phosphoserine	VLGKEQASPKNVKME	ECCCCCCCCCCEEEE	0	0	0	0
2187	P	0	0	0	0	0	0	0
2188	K	0	0	0	0	0	0	0
2189	N	0	0	0	0	0	0	0
2190	V	0	0	0	0	0	0	0
2191	K	0	0	0	0	0	0	0
2192	M	0	0	0	0	0	0	0
2193	E	0	0	0	0	0	0	0
2194	I	0	0	0	0	0	0	0
2195	G	0	0	0	0	0	0	0
2196	K	0	0	0	0	0	0	0
2197	T	0	0	0	0	0	0	0
2198	E	0	0	0	0	0	0	0
2199	T	0	0	0	0	0	0	0
2200	F	0	0	0	0	0	0	0
2201	S	0	0	0	0	0	0	0
2202	D	0	0	0	0	0	0	0
2203	V	0	0	0	0	0	0	0
2204	P	0	0	0	0	0	0	0
2205	V	0	0	0	0	0	0	0
2206	K	0	0	0	0	0	0	0
2207	T	0	0	0	0	0	0	0
2208	N	0	0	0	0	0	0	0
2209	I	0	0	0	0	0	0	0
2210	E	0	0	0	0	0	0	0
2211	V	0	0	0	0	0	0	0
2212	C	0	0	0	0	0	0	0
2213	S	0	0	0	0	0	0	0
2214	T	0	0	0	0	0	0	0
2215	Y	0	0	0	0	0	0	0
2216	S	0	0	0	0	0	0	0
2217	K	0	0	0	0	0	0	0
2218	D	0	0	0	0	0	0	0
2219	S	0	0	0	0	0	0	0
2220	E	0	0	0	0	0	0	0
2221	N	0	0	0	0	0	0	0
2222	Y	0	0	0	0	0	0	0
2223	F	0	0	0	0	0	0	0
2224	E	0	0	0	0	0	0	0
2225	T	0	0	0	0	0	0	0
2226	E	0	0	0	0	0	0	0
2227	A	0	0	0	0	0	0	0
2228	V	0	0	0	0	0	0	0
2229	E	0	0	0	0	0	0	0
2230	I	0	0	0	0	0	0	0
2231	A	0	0	0	0	0	0	0
2232	K	0	0	0	0	0	0	0
2233	A	0	0	0	0	0	0	0
2234	F	0	0	0	0	0	0	0
2235	M	0	0	0	0	0	0	0
2236	E	0	0	0	0	0	0	0
2237	D	0	0	0	0	0	0	0
2238	D	0	0	0	0	0	0	0
2239	E	0	0	0	0	0	0	0
2240	L	0	0	0	0	0	0	0
2241	T	0	0	0	0	0	0	0
2242	D	0	0	0	0	0	0	0
2243	S	0	0	0	0	0	0	0
2244	K	0	0	0	0	0	0	0
2245	L	0	0	0	0	0	0	0
2246	P	0	0	0	0	0	0	0
2247	S	0	0	0	0	0	0	0
2248	H	0	0	0	0	0	0	0
2249	A	0	0	0	0	0	0	0
2250	T	0	0	0	0	0	0	0
2251	H	0	0	0	0	0	0	0
2252	S	0	0	0	0	0	0	0
2253	L	0	0	0	0	0	0	0
2254	F	0	0	0	0	0	0	0
2255	T	0	0	0	0	0	0	0
2256	C	0	0	0	0	0	0	0
2257	P	0	0	0	0	0	0	0
2258	E	0	0	0	0	0	0	0
2259	N	0	0	0	0	0	0	0
2260	E	0	0	0	0	0	0	0
2261	E	0	0	0	0	0	0	0
2262	M	0	0	0	0	0	0	0
2263	V	0	0	0	0	0	0	0
2264	L	0	0	0	0	0	0	0
2265	S	0	0	0	0	0	0	0
2266	N	0	0	0	0	0	0	0
2267	S	0	0	0	0	0	0	0
2268	R	0	0	0	0	0	0	0
2269	I	0	0	0	0	0	0	0
2270	G	0	0	0	0	0	0	0
2271	K	0	0	0	0	0	0	0
2272	R	0	0	0	0	0	0	0
2273	R	0	0	0	0	0	0	0
2274	G	0	0	0	0	0	0	0
2275	E	0	0	0	0	0	0	0
2276	P	0	0	0	0	0	0	0
2277	L	0	0	0	0	0	0	0
2278	I	0	0	0	0	0	0	0
2279	L	0	0	0	0	0	0	0
2280	V	0	0	0	0	0	0	0
2281	G	0	0	0	0	0	0	0
2282	E	0	0	0	0	0	0	0
2283	P	0	0	0	0	0	0	0
2284	S	0	0	0	0	0	0	0
2285	I	0	0	0	0	0	0	0
2286	K	0	0	0	0	0	0	0
2287	R	0	0	0	0	0	0	0
2288	N	0	0	0	0	0	0	0
2289	L	0	0	0	0	0	0	0
2290	L	0	0	0	0	0	0	0
2291	N	0	0	0	0	0	0	0
2292	E	0	0	0	0	0	0	0
2293	F	0	0	0	0	0	0	0
2294	D	0	0	0	0	0	0	0
2295	R	0	0	0	0	0	0	0
2296	I	0	0	0	0	0	0	0
2297	I	0	0	0	0	0	0	0
2298	E	0	0	0	0	0	0	0
2299	N	0	0	0	0	0	0	0
2300	Q	0	0	0	0	0	0	0
2301	E	0	0	0	0	0	0	0
2302	K	0	0	0	0	0	0	0
2303	S	0	0	0	0	0	0	0
2304	L	0	0	0	0	0	0	0
2305	K	0	0	0	0	0	0	0
2306	A	0	0	0	0	0	0	0
2307	S	0	0	0	0	0	0	0
2308	K	0	0	0	0	0	0	0
2309	S	0	0	0	0	0	0	0
2310	T	0	0	0	0	0	0	0
2311	P	0	0	0	0	0	0	0
2312	D	0	0	0	0	0	0	0
2313	G	0	0	0	0	0	0	0
2314	T	0	0	0	0	0	0	0
2315	I	0	0	0	0	0	0	0
2316	K	0	0	0	0	0	0	0
2317	D	0	0	0	0	0	0	0
2318	R	0	0	0	0	0	0	0
2319	R	0	0	0	0	0	0	0
2320	L	0	0	0	0	0	0	0
2321	F	0	0	0	0	0	0	0
2322	M	0	0	0	0	0	0	0
2323	H	0	0	0	0	0	0	0
2324	H	0	0	0	0	0	0	0
2325	V	0	0	0	0	0	0	0
2326	S	0	0	0	0	0	0	0
2327	L	0	0	0	0	0	0	0
2328	E	0	0	0	0	0	0	0
2329	P	0	0	0	0	0	0	0
2330	I	0	0	0	0	0	0	0
2331	T	0	0	0	0	0	0	0
2332	C	0	0	0	0	0	0	0
2333	V	0	0	0	0	0	0	0
2334	P	0	0	0	0	0	0	0
2335	F	0	0	0	0	0	0	0
2336	R	0	0	0	0	0	0	0
2337	T	0	0	0	0	0	0	0
2338	T	0	0	0	0	0	0	0
2339	K	0	0	0	0	0	0	0
2340	E	0	0	0	0	0	0	0
2341	R	0	0	0	0	0	0	0
2342	Q	0	0	0	0	0	0	0
2343	E	0	0	0	0	0	0	0
2344	I	0	0	0	0	0	0	0
2345	Q	0	0	0	0	0	0	0
2346	N	0	0	0	0	0	0	0
2347	P	0	0	0	0	0	0	0
2348	N	0	0	0	0	0	0	0
2349	F	0	0	0	0	0	0	0
2350	T	0	0	0	0	0	0	0
2351	A	0	0	0	0	0	0	0
2352	P	0	0	0	0	0	0	0
2353	G	0	0	0	0	0	0	0
2354	Q	0	0	0	0	0	0	0
2355	E	0	0	0	0	0	0	0
2356	F	0	0	0	0	0	0	0
2357	L	0	0	0	0	0	0	0
2358	S	0	0	0	0	0	0	0
2359	K	0	0	0	0	0	0	0
2360	S	0	0	0	0	0	0	0
2361	H	0	0	0	0	0	0	0
2362	L	0	0	0	0	0	0	0
2363	Y	Phosphotyrosine	FLSKSHLYEHLTLEK	HCCHHHHHHEEEECC	0	0	0	0
2364	E	0	0	0	0	0	0	0
2365	H	0	0	0	0	0	0	0
2366	L	0	0	0	0	0	0	0
2367	T	0	0	0	0	0	0	0
2368	L	0	0	0	0	0	0	0
2369	E	0	0	0	0	0	0	0
2370	K	0	0	0	0	0	0	0
2371	S	0	0	0	0	0	0	0
2372	S	0	0	0	0	0	0	0
2373	S	0	0	0	0	0	0	0
2374	N	0	0	0	0	0	0	0
2375	L	0	0	0	0	0	0	0
2376	A	0	0	0	0	0	0	0
2377	V	0	0	0	0	0	0	0
2378	S	0	0	0	0	0	0	0
2379	G	0	0	0	0	0	0	0
2380	H	0	0	0	0	0	0	0
2381	P	0	0	0	0	0	0	0
2382	F	0	0	0	0	0	0	0
2383	Y	0	0	0	0	0	0	0
2384	Q	0	0	0	0	0	0	0
2385	V	0	0	0	0	0	0	0
2386	S	0	0	0	0	0	0	0
2387	A	0	0	0	0	0	0	0
2388	T	0	0	0	0	0	0	0
2389	R	0	0	0	0	0	0	0
2390	N	0	0	0	0	0	0	0
2391	E	0	0	0	0	0	0	0
2392	K	0	0	0	0	0	0	0
2393	M	0	0	0	0	0	0	0
2394	R	0	0	0	0	0	0	0
2395	H	0	0	0	0	0	0	0
2396	L	0	0	0	0	0	0	0
2397	I	0	0	0	0	0	0	0
2398	T	0	0	0	0	0	0	0
2399	T	0	0	0	0	0	0	0
2400	G	0	0	0	0	0	0	0
2401	R	0	0	0	0	0	0	0
2402	P	0	0	0	0	0	0	0
2403	T	0	0	0	0	0	0	0
2404	K	0	0	0	0	0	0	0
2405	V	0	0	0	0	0	0	0
2406	F	0	0	0	0	0	0	0
2407	V	0	0	0	0	0	0	0
2408	P	0	0	0	0	0	0	0
2409	P	0	0	0	0	0	0	0
2410	F	0	0	0	0	0	0	0
2411	K	0	0	0	0	0	0	0
2412	T	0	0	0	0	0	0	0
2413	K	0	0	0	0	0	0	0
2414	S	0	0	0	0	0	0	0
2415	H	0	0	0	0	0	0	0
2416	F	0	0	0	0	0	0	0
2417	H	0	0	0	0	0	0	0
2418	R	0	0	0	0	0	0	0
2419	V	0	0	0	0	0	0	0
2420	E	0	0	0	0	0	0	0
2421	Q	0	0	0	0	0	0	0
2422	C	0	0	0	0	0	0	0
2423	V	0	0	0	0	0	0	0
2424	R	0	0	0	0	0	0	0
2425	N	0	0	0	0	0	0	0
2426	I	0	0	0	0	0	0	0
2427	N	0	0	0	0	0	0	0
2428	L	0	0	0	0	0	0	0
2429	E	0	0	0	0	0	0	0
2430	E	0	0	0	0	0	0	0
2431	N	0	0	0	0	0	0	0
2432	R	0	0	0	0	0	0	0
2433	Q	0	0	0	0	0	0	0
2434	K	0	0	0	0	0	0	0
2435	Q	0	0	0	0	0	0	0
2436	N	0	0	0	0	0	0	0
2437	I	0	0	0	0	0	0	0
2438	D	0	0	0	0	0	0	0
2439	G	0	0	0	0	0	0	0
2440	H	0	0	0	0	0	0	0
2441	G	0	0	0	0	0	0	0
2442	S	0	0	0	0	0	0	0
2443	D	0	0	0	0	0	0	0
2444	D	0	0	0	0	0	0	0
2445	S	0	0	0	0	0	0	0
2446	K	0	0	0	0	0	0	0
2447	N	0	0	0	0	0	0	0
2448	K	0	0	0	0	0	0	0
2449	I	0	0	0	0	0	0	0
2450	N	0	0	0	0	0	0	0
2451	D	0	0	0	0	0	0	0
2452	N	0	0	0	0	0	0	0
2453	E	0	0	0	0	0	0	0
2454	I	0	0	0	0	0	0	0
2455	H	0	0	0	0	0	0	0
2456	Q	0	0	0	0	0	0	0
2457	F	0	0	0	0	0	0	0
2458	N	0	0	0	0	0	0	0
2459	K	0	0	0	0	0	0	0
2460	N	0	0	0	0	0	0	0
2461	N	0	0	0	0	0	0	0
2462	S	0	0	0	0	0	0	0
2463	N	0	0	0	0	0	0	0
2464	Q	0	0	0	0	0	0	0
2465	A	0	0	0	0	0	0	0
2466	A	0	0	0	0	0	0	0
2467	A	0	0	0	0	0	0	0
2468	V	0	0	0	0	0	0	0
2469	T	0	0	0	0	0	0	0
2470	F	0	0	0	0	0	0	0
2471	T	0	0	0	0	0	0	0
2472	K	0	0	0	0	0	0	0
2473	C	0	0	0	0	0	0	0
2474	E	0	0	0	0	0	0	0
2475	E	0	0	0	0	0	0	0
2476	E	0	0	0	0	0	0	0
2477	P	0	0	0	0	0	0	0
2478	L	0	0	0	0	0	0	0
2479	D	0	0	0	0	0	0	0
2480	L	0	0	0	0	0	0	0
2481	I	0	0	0	0	0	0	0
2482	T	0	0	0	0	0	0	0
2483	S	0	0	0	0	0	0	0
2484	L	0	0	0	0	0	0	0
2485	Q	0	0	0	0	0	0	0
2486	N	0	0	0	0	0	0	0
2487	A	0	0	0	0	0	0	0
2488	R	0	0	0	0	0	0	0
2489	D	0	0	0	0	0	0	0
2490	I	0	0	0	0	0	0	0
2491	Q	0	0	0	0	0	0	0
2492	D	0	0	0	0	0	0	0
2493	M	0	0	0	0	0	0	0
2494	R	0	0	0	0	0	0	0
2495	I	0	0	0	0	0	0	0
2496	K	0	0	0	0	0	0	0
2497	K	0	0	0	0	0	0	0
2498	K	N-acetyllysine	QDMRIKKKQRQRVFP	HHHCCCHHHHHCCCC	0	0	0	0
2499	Q	0	0	0	0	0	0	0
2500	R	0	0	0	0	0	0	0
2501	Q	0	0	0	0	0	0	0
2502	R	0	0	0	0	0	0	0
2503	V	0	0	0	0	0	0	0
2504	F	0	0	0	0	0	0	0
2505	P	0	0	0	0	0	0	0
2506	Q	0	0	0	0	0	0	0
2507	P	0	0	0	0	0	0	0
2508	G	0	0	0	0	0	0	0
2509	S	0	0	0	0	0	0	0
2510	L	0	0	0	0	0	0	0
2511	Y	0	0	0	0	0	0	0
2512	L	0	0	0	0	0	0	0
2513	A	0	0	0	0	0	0	0
2514	K	0	0	0	0	0	0	0
2515	T	0	0	0	0	0	0	0
2516	S	0	0	0	0	0	0	0
2517	T	0	0	0	0	0	0	0
2518	L	0	0	0	0	0	0	0
2519	P	0	0	0	0	0	0	0
2520	R	0	0	0	0	0	0	0
2521	I	0	0	0	0	0	0	0
2522	S	0	0	0	0	0	0	0
2523	L	0	0	0	0	0	0	0
2524	K	0	0	0	0	0	0	0
2525	A	0	0	0	0	0	0	0
2526	A	0	0	0	0	0	0	0
2527	V	0	0	0	0	0	0	0
2528	G	0	0	0	0	0	0	0
2529	G	0	0	0	0	0	0	0
2530	Q	0	0	0	0	0	0	0
2531	V	0	0	0	0	0	0	0
2532	P	0	0	0	0	0	0	0
2533	S	0	0	0	0	0	0	0
2534	A	0	0	0	0	0	0	0
2535	C	0	0	0	0	0	0	0
2536	S	0	0	0	0	0	0	0
2537	H	0	0	0	0	0	0	0
2538	K	0	0	0	0	0	0	0
2539	Q	0	0	0	0	0	0	0
2540	L	0	0	0	0	0	0	0
2541	Y	0	0	0	0	0	0	0
2542	T	0	0	0	0	0	0	0
2543	Y	0	0	0	0	0	0	0
2544	G	0	0	0	0	0	0	0
2545	V	0	0	0	0	0	0	0
2546	S	0	0	0	0	0	0	0
2547	K	0	0	0	0	0	0	0
2548	H	0	0	0	0	0	0	0
2549	C	0	0	0	0	0	0	0
2550	I	0	0	0	0	0	0	0
2551	K	0	0	0	0	0	0	0
2552	I	0	0	0	0	0	0	0
2553	N	0	0	0	0	0	0	0
2554	S	0	0	0	0	0	0	0
2555	K	0	0	0	0	0	0	0
2556	N	0	0	0	0	0	0	0
2557	A	0	0	0	0	0	0	0
2558	E	0	0	0	0	0	0	0
2559	S	0	0	0	0	0	0	0
2560	F	0	0	0	0	0	0	0
2561	Q	0	0	0	0	0	0	0
2562	F	0	0	0	0	0	0	0
2563	H	0	0	0	0	0	0	0
2564	T	0	0	0	0	0	0	0
2565	E	0	0	0	0	0	0	0
2566	D	0	0	0	0	0	0	0
2567	Y	0	0	0	0	0	0	0
2568	F	0	0	0	0	0	0	0
2569	G	0	0	0	0	0	0	0
2570	K	0	0	0	0	0	0	0
2571	E	0	0	0	0	0	0	0
2572	S	0	0	0	0	0	0	0
2573	L	0	0	0	0	0	0	0
2574	W	0	0	0	0	0	0	0
2575	T	0	0	0	0	0	0	0
2576	G	0	0	0	0	0	0	0
2577	K	0	0	0	0	0	0	0
2578	G	0	0	0	0	0	0	0
2579	I	0	0	0	0	0	0	0
2580	Q	0	0	0	0	0	0	0
2581	L	0	0	0	0	0	0	0
2582	A	0	0	0	0	0	0	0
2583	D	0	0	0	0	0	0	0
2584	G	0	0	0	0	0	0	0
2585	G	0	0	0	0	0	0	0
2586	W	0	0	0	0	0	0	0
2587	L	0	0	0	0	0	0	0
2588	I	0	0	0	0	0	0	0
2589	P	0	0	0	0	0	0	0
2590	S	0	0	0	0	0	0	0
2591	N	0	0	0	0	0	0	0
2592	D	0	0	0	0	0	0	0
2593	G	0	0	0	0	0	0	0
2594	K	0	0	0	0	0	0	0
2595	A	0	0	0	0	0	0	0
2596	G	0	0	0	0	0	0	0
2597	K	0	0	0	0	0	0	0
2598	E	0	0	0	0	0	0	0
2599	E	0	0	0	0	0	0	0
2600	F	0	0	0	0	0	0	0
2601	Y	0	0	0	0	0	0	0
2602	R	0	0	0	0	0	0	0
2603	A	0	0	0	0	0	0	0
2604	L	0	0	0	0	0	0	0
2605	C	0	0	0	0	0	0	0
2606	D	0	0	0	0	0	0	0
2607	T	0	0	0	0	0	0	0
2608	P	0	0	0	0	0	0	0
2609	G	0	0	0	0	0	0	0
2610	V	0	0	0	0	0	0	0
2611	D	0	0	0	0	0	0	0
2612	P	0	0	0	0	0	0	0
2613	K	0	0	0	0	0	0	0
2614	L	0	0	0	0	0	0	0
2615	I	0	0	0	0	0	0	0
2616	S	Phosphoserine	GVDPKLISRIWVYNH	CCCHHHHHHHHHHHH	0	0	0	0
2617	R	0	0	0	0	0	0	0
2618	I	0	0	0	0	0	0	0
2619	W	0	0	0	0	0	0	0
2620	V	0	0	0	0	0	0	0
2621	Y	Phosphotyrosine	LISRIWVYNHYRWII	HHHHHHHHHHHHHHH	0	0	0	0
2622	N	0	0	0	0	0	0	0
2623	H	0	0	0	0	0	0	0
2624	Y	0	0	0	0	0	0	0
2625	R	0	0	0	0	0	0	0
2626	W	0	0	0	0	0	0	0
2627	I	0	0	0	0	0	0	0
2628	I	0	0	0	0	0	0	0
2629	W	0	0	0	0	0	0	0
2630	K	0	0	0	0	0	0	0
2631	L	0	0	0	0	0	0	0
2632	A	0	0	0	0	0	0	0
2633	A	0	0	0	0	0	0	0
2634	M	0	0	0	0	0	0	0
2635	E	0	0	0	0	0	0	0
2636	C	0	0	0	0	0	0	0
2637	A	0	0	0	0	0	0	0
2638	F	0	0	0	0	0	0	0
2639	P	0	0	0	0	0	0	0
2640	K	0	0	0	0	0	0	0
2641	E	0	0	0	0	0	0	0
2642	F	0	0	0	0	0	0	0
2643	A	0	0	0	0	0	0	0
2644	N	0	0	0	0	0	0	0
2645	R	0	0	0	0	0	0	0
2646	C	0	0	0	0	0	0	0
2647	L	0	0	0	0	0	0	0
2648	S	0	0	0	0	0	0	0
2649	P	0	0	0	0	0	0	0
2650	E	0	0	0	0	0	0	0
2651	R	0	0	0	0	0	0	0
2652	V	0	0	0	0	0	0	0
2653	L	0	0	0	0	0	0	0
2654	L	0	0	0	0	0	0	0
2655	Q	0	0	0	0	0	0	0
2656	L	0	0	0	0	0	0	0
2657	K	0	0	0	0	0	0	0
2658	Y	0	0	0	0	0	0	0
2659	R	0	0	0	0	0	0	0
2660	Y	0	0	0	0	0	0	0
2661	D	0	0	0	0	0	0	0
2662	T	0	0	0	0	0	0	0
2663	E	0	0	0	0	0	0	0
2664	I	0	0	0	0	0	0	0
2665	D	0	0	0	0	0	0	0
2666	R	0	0	0	0	0	0	0
2667	S	0	0	0	0	0	0	0
2668	R	0	0	0	0	0	0	0
2669	R	0	0	0	0	0	0	0
2670	S	0	0	0	0	0	0	0
2671	A	0	0	0	0	0	0	0
2672	I	0	0	0	0	0	0	0
2673	K	0	0	0	0	0	0	0
2674	K	0	0	0	0	0	0	0
2675	I	0	0	0	0	0	0	0
2676	M	0	0	0	0	0	0	0
2677	E	0	0	0	0	0	0	0
2678	R	0	0	0	0	0	0	0
2679	D	0	0	0	0	0	0	0
2680	D	0	0	0	0	0	0	0
2681	T	0	0	0	0	0	0	0
2682	A	0	0	0	0	0	0	0
2683	A	0	0	0	0	0	0	0
2684	K	0	0	0	0	0	0	0
2685	T	Phosphothreonine	RDDTAAKTLVLCVSD	CCCHHHHHHHHHHHH	0	0	0	0
2686	L	0	0	0	0	0	0	0
2687	V	0	0	0	0	0	0	0
2688	L	0	0	0	0	0	0	0
2689	C	0	0	0	0	0	0	0
2690	V	0	0	0	0	0	0	0
2691	S	Phosphoserine	KTLVLCVSDIISLSA	HHHHHHHHHHHHHHC	0	0	0	0
2692	D	0	0	0	0	0	0	0
2693	I	0	0	0	0	0	0	0
2694	I	0	0	0	0	0	0	0
2695	S	0	0	0	0	0	0	0
2696	L	0	0	0	0	0	0	0
2697	S	0	0	0	0	0	0	0
2698	A	0	0	0	0	0	0	0
2699	N	0	0	0	0	0	0	0
2700	I	0	0	0	0	0	0	0
2701	S	0	0	0	0	0	0	0
2702	E	0	0	0	0	0	0	0
2703	T	0	0	0	0	0	0	0
2704	S	0	0	0	0	0	0	0
2705	S	0	0	0	0	0	0	0
2706	N	0	0	0	0	0	0	0
2707	K	0	0	0	0	0	0	0
2708	T	0	0	0	0	0	0	0
2709	S	0	0	0	0	0	0	0
2710	S	0	0	0	0	0	0	0
2711	A	0	0	0	0	0	0	0
2712	D	0	0	0	0	0	0	0
2713	T	0	0	0	0	0	0	0
2714	Q	0	0	0	0	0	0	0
2715	K	0	0	0	0	0	0	0
2716	V	0	0	0	0	0	0	0
2717	A	0	0	0	0	0	0	0
2718	I	0	0	0	0	0	0	0
2719	I	0	0	0	0	0	0	0
2720	E	0	0	0	0	0	0	0
2721	L	0	0	0	0	0	0	0
2722	T	0	0	0	0	0	0	0
2723	D	0	0	0	0	0	0	0
2724	G	0	0	0	0	0	0	0
2725	W	0	0	0	0	0	0	0
2726	Y	0	0	0	0	0	0	0
2727	A	0	0	0	0	0	0	0
2728	V	0	0	0	0	0	0	0
2729	K	0	0	0	0	0	0	0
2730	A	0	0	0	0	0	0	0
2731	Q	0	0	0	0	0	0	0
2732	L	0	0	0	0	0	0	0
2733	D	0	0	0	0	0	0	0
2734	P	0	0	0	0	0	0	0
2735	P	0	0	0	0	0	0	0
2736	L	0	0	0	0	0	0	0
2737	L	0	0	0	0	0	0	0
2738	A	0	0	0	0	0	0	0
2739	V	0	0	0	0	0	0	0
2740	L	0	0	0	0	0	0	0
2741	K	0	0	0	0	0	0	0
2742	N	0	0	0	0	0	0	0
2743	G	0	0	0	0	0	0	0
2744	R	0	0	0	0	0	0	0
2745	L	0	0	0	0	0	0	0
2746	T	0	0	0	0	0	0	0
2747	V	0	0	0	0	0	0	0
2748	G	0	0	0	0	0	0	0
2749	Q	0	0	0	0	0	0	0
2750	K	0	0	0	0	0	0	0
2751	I	0	0	0	0	0	0	0
2752	I	0	0	0	0	0	0	0
2753	L	0	0	0	0	0	0	0
2754	H	0	0	0	0	0	0	0
2755	G	0	0	0	0	0	0	0
2756	A	0	0	0	0	0	0	0
2757	E	0	0	0	0	0	0	0
2758	L	0	0	0	0	0	0	0
2759	V	0	0	0	0	0	0	0
2760	G	0	0	0	0	0	0	0
2761	S	0	0	0	0	0	0	0
2762	P	0	0	0	0	0	0	0
2763	D	0	0	0	0	0	0	0
2764	A	0	0	0	0	0	0	0
2765	C	0	0	0	0	0	0	0
2766	T	0	0	0	0	0	0	0
2767	P	0	0	0	0	0	0	0
2768	L	0	0	0	0	0	0	0
2769	E	0	0	0	0	0	0	0
2770	A	0	0	0	0	0	0	0
2771	P	0	0	0	0	0	0	0
2772	E	0	0	0	0	0	0	0
2773	S	0	0	0	0	0	0	0
2774	L	0	0	0	0	0	0	0
2775	M	0	0	0	0	0	0	0
2776	L	0	0	0	0	0	0	0
2777	K	0	0	0	0	0	0	0
2778	I	0	0	0	0	0	0	0
2779	S	0	0	0	0	0	0	0
2780	A	0	0	0	0	0	0	0
2781	N	0	0	0	0	0	0	0
2782	S	0	0	0	0	0	0	0
2783	T	0	0	0	0	0	0	0
2784	R	0	0	0	0	0	0	0
2785	P	0	0	0	0	0	0	0
2786	A	0	0	0	0	0	0	0
2787	R	0	0	0	0	0	0	0
2788	W	0	0	0	0	0	0	0
2789	Y	0	0	0	0	0	0	0
2790	T	0	0	0	0	0	0	0
2791	K	0	0	0	0	0	0	0
2792	L	0	0	0	0	0	0	0
2793	G	0	0	0	0	0	0	0
2794	F	0	0	0	0	0	0	0
2795	F	0	0	0	0	0	0	0
2796	P	0	0	0	0	0	0	0
2797	D	0	0	0	0	0	0	0
2798	P	0	0	0	0	0	0	0
2799	R	0	0	0	0	0	0	0
2800	P	0	0	0	0	0	0	0
2801	F	0	0	0	0	0	0	0
2802	P	0	0	0	0	0	0	0
2803	L	0	0	0	0	0	0	0
2804	P	0	0	0	0	0	0	0
2805	L	0	0	0	0	0	0	0
2806	S	0	0	0	0	0	0	0
2807	S	0	0	0	0	0	0	0
2808	L	0	0	0	0	0	0	0
2809	F	0	0	0	0	0	0	0
2810	S	0	0	0	0	0	0	0
2811	D	0	0	0	0	0	0	0
2812	G	0	0	0	0	0	0	0
2813	G	0	0	0	0	0	0	0
2814	N	0	0	0	0	0	0	0
2815	V	0	0	0	0	0	0	0
2816	G	0	0	0	0	0	0	0
2817	C	0	0	0	0	0	0	0
2818	V	0	0	0	0	0	0	0
2819	D	0	0	0	0	0	0	0
2820	V	0	0	0	0	0	0	0
2821	I	0	0	0	0	0	0	0
2822	I	0	0	0	0	0	0	0
2823	Q	0	0	0	0	0	0	0
2824	R	0	0	0	0	0	0	0
2825	A	0	0	0	0	0	0	0
2826	Y	0	0	0	0	0	0	0
2827	P	0	0	0	0	0	0	0
2828	I	0	0	0	0	0	0	0
2829	Q	0	0	0	0	0	0	0
2830	W	0	0	0	0	0	0	0
2831	M	0	0	0	0	0	0	0
2832	E	0	0	0	0	0	0	0
2833	K	0	0	0	0	0	0	0
2834	T	0	0	0	0	0	0	0
2835	S	0	0	0	0	0	0	0
2836	S	0	0	0	0	0	0	0
2837	G	0	0	0	0	0	0	0
2838	L	0	0	0	0	0	0	0
2839	Y	0	0	0	0	0	0	0
2840	I	0	0	0	0	0	0	0
2841	F	0	0	0	0	0	0	0
2842	R	0	0	0	0	0	0	0
2843	N	0	0	0	0	0	0	0
2844	E	0	0	0	0	0	0	0
2845	R	0	0	0	0	0	0	0
2846	E	0	0	0	0	0	0	0
2847	E	0	0	0	0	0	0	0
2848	E	0	0	0	0	0	0	0
2849	K	0	0	0	0	0	0	0
2850	E	0	0	0	0	0	0	0
2851	A	0	0	0	0	0	0	0
2852	A	0	0	0	0	0	0	0
2853	K	0	0	0	0	0	0	0
2854	Y	0	0	0	0	0	0	0
2855	V	0	0	0	0	0	0	0
2856	E	0	0	0	0	0	0	0
2857	A	0	0	0	0	0	0	0
2858	Q	0	0	0	0	0	0	0
2859	Q	0	0	0	0	0	0	0
2860	K	0	0	0	0	0	0	0
2861	R	0	0	0	0	0	0	0
2862	L	0	0	0	0	0	0	0
2863	E	0	0	0	0	0	0	0
2864	A	0	0	0	0	0	0	0
2865	L	0	0	0	0	0	0	0
2866	F	0	0	0	0	0	0	0
2867	T	0	0	0	0	0	0	0
2868	K	0	0	0	0	0	0	0
2869	I	0	0	0	0	0	0	0
2870	Q	0	0	0	0	0	0	0
2871	E	0	0	0	0	0	0	0
2872	E	0	0	0	0	0	0	0
2873	F	0	0	0	0	0	0	0
2874	E	0	0	0	0	0	0	0
2875	E	0	0	0	0	0	0	0
2876	H	0	0	0	0	0	0	0
2877	E	0	0	0	0	0	0	0
2878	E	0	0	0	0	0	0	0
2879	N	0	0	0	0	0	0	0
2880	T	0	0	0	0	0	0	0
2881	T	0	0	0	0	0	0	0
2882	K	N6-acetyllysine	EHEENTTKPYLPSRA	HHHHCCCCCCCCCHH	0	0	0	0
2883	P	0	0	0	0	0	0	0
2884	Y	0	0	0	0	0	0	0
2885	L	0	0	0	0	0	0	0
2886	P	0	0	0	0	0	0	0
2887	S	0	0	0	0	0	0	0
2888	R	0	0	0	0	0	0	0
2889	A	0	0	0	0	0	0	0
2890	L	0	0	0	0	0	0	0
2891	T	0	0	0	0	0	0	0
2892	R	0	0	0	0	0	0	0
2893	Q	0	0	0	0	0	0	0
2894	Q	0	0	0	0	0	0	0
2895	V	0	0	0	0	0	0	0
2896	R	0	0	0	0	0	0	0
2897	A	0	0	0	0	0	0	0
2898	L	0	0	0	0	0	0	0
2899	Q	0	0	0	0	0	0	0
2900	D	0	0	0	0	0	0	0
2901	G	0	0	0	0	0	0	0
2902	A	0	0	0	0	0	0	0
2903	E	0	0	0	0	0	0	0
2904	L	0	0	0	0	0	0	0
2905	Y	Phosphotyrosine	LQDGAELYEAVKNAA	HHCHHHHHHHHHHCC	0	0	0	0
2906	E	0	0	0	0	0	0	0
2907	A	0	0	0	0	0	0	0
2908	V	0	0	0	0	0	0	0
2909	K	0	0	0	0	0	0	0
2910	N	0	0	0	0	0	0	0
2911	A	0	0	0	0	0	0	0
2912	A	0	0	0	0	0	0	0
2913	D	0	0	0	0	0	0	0
2914	P	0	0	0	0	0	0	0
2915	A	0	0	0	0	0	0	0
2916	Y	0	0	0	0	0	0	0
2917	L	0	0	0	0	0	0	0
2918	E	0	0	0	0	0	0	0
2919	G	0	0	0	0	0	0	0
2920	Y	0	0	0	0	0	0	0
2921	F	0	0	0	0	0	0	0
2922	S	0	0	0	0	0	0	0
2923	E	0	0	0	0	0	0	0
2924	E	0	0	0	0	0	0	0
2925	Q	0	0	0	0	0	0	0
2926	L	0	0	0	0	0	0	0
2927	R	0	0	0	0	0	0	0
2928	A	0	0	0	0	0	0	0
2929	L	0	0	0	0	0	0	0
2930	N	0	0	0	0	0	0	0
2931	N	0	0	0	0	0	0	0
2932	H	0	0	0	0	0	0	0
2933	R	0	0	0	0	0	0	0
2934	Q	0	0	0	0	0	0	0
2935	M	0	0	0	0	0	0	0
2936	L	0	0	0	0	0	0	0
2937	N	0	0	0	0	0	0	0
2938	D	0	0	0	0	0	0	0
2939	K	0	0	0	0	0	0	0
2940	K	0	0	0	0	0	0	0
2941	Q	0	0	0	0	0	0	0
2942	A	0	0	0	0	0	0	0
2943	Q	0	0	0	0	0	0	0
2944	I	0	0	0	0	0	0	0
2945	Q	0	0	0	0	0	0	0
2946	L	0	0	0	0	0	0	0
2947	E	0	0	0	0	0	0	0
2948	I	0	0	0	0	0	0	0
2949	R	0	0	0	0	0	0	0
2950	K	N6-methyllysine	QIQLEIRKAMESAEQ	HHHHHHHHHHHHHHH	0	0	0	0
2951	A	0	0	0	0	0	0	0
2952	M	0	0	0	0	0	0	0
2953	E	0	0	0	0	0	0	0
2954	S	0	0	0	0	0	0	0
2955	A	0	0	0	0	0	0	0
2956	E	0	0	0	0	0	0	0
2957	Q	0	0	0	0	0	0	0
2958	K	0	0	0	0	0	0	0
2959	E	0	0	0	0	0	0	0
2960	Q	0	0	0	0	0	0	0
2961	G	0	0	0	0	0	0	0
2962	L	0	0	0	0	0	0	0
2963	S	0	0	0	0	0	0	0
2964	R	0	0	0	0	0	0	0
2965	D	0	0	0	0	0	0	0
2966	V	0	0	0	0	0	0	0
2967	T	Phosphothreonine	QGLSRDVTTVWKLRI	CCCCCCHHHHEEEEE	0	0	0	0
2968	T	Phosphothreonine	GLSRDVTTVWKLRIV	CCCCCHHHHEEEEEE	0	0	0	0
2969	V	0	0	0	0	0	0	0
2970	W	0	0	0	0	0	0	0
2971	K	0	0	0	0	0	0	0
2972	L	0	0	0	0	0	0	0
2973	R	0	0	0	0	0	0	0
2974	I	0	0	0	0	0	0	0
2975	V	0	0	0	0	0	0	0
2976	S	0	0	0	0	0	0	0
2977	Y	0	0	0	0	0	0	0
2978	S	0	0	0	0	0	0	0
2979	K	0	0	0	0	0	0	0
2980	K	0	0	0	0	0	0	0
2981	E	0	0	0	0	0	0	0
2982	K	0	0	0	0	0	0	0
2983	D	0	0	0	0	0	0	0
2984	S	0	0	0	0	0	0	0
2985	V	0	0	0	0	0	0	0
2986	I	0	0	0	0	0	0	0
2987	L	0	0	0	0	0	0	0
2988	S	0	0	0	0	0	0	0
2989	I	0	0	0	0	0	0	0
2990	W	0	0	0	0	0	0	0
2991	R	0	0	0	0	0	0	0
2992	P	0	0	0	0	0	0	0
2993	S	0	0	0	0	0	0	0
2994	S	0	0	0	0	0	0	0
2995	D	0	0	0	0	0	0	0
2996	L	0	0	0	0	0	0	0
2997	Y	0	0	0	0	0	0	0
2998	S	0	0	0	0	0	0	0
2999	L	0	0	0	0	0	0	0
3000	L	0	0	0	0	0	0	0
3001	T	0	0	0	0	0	0	0
3002	E	0	0	0	0	0	0	0
3003	G	0	0	0	0	0	0	0
3004	K	0	0	0	0	0	0	0
3005	R	0	0	0	0	0	0	0
3006	Y	0	0	0	0	0	0	0
3007	R	0	0	0	0	0	0	0
3008	I	0	0	0	0	0	0	0
3009	Y	Phosphotyrosine	EGKRYRIYHLATSKS	CCCCEEEEEEEECCC	0	0	0	0
3010	H	0	0	0	0	0	0	0
3011	L	0	0	0	0	0	0	0
3012	A	0	0	0	0	0	0	0
3013	T	0	0	0	0	0	0	0
3014	S	0	0	0	0	0	0	0
3015	K	0	0	0	0	0	0	0
3016	S	0	0	0	0	0	0	0
3017	K	0	0	0	0	0	0	0
3018	S	0	0	0	0	0	0	0
3019	K	0	0	0	0	0	0	0
3020	S	0	0	0	0	0	0	0
3021	E	0	0	0	0	0	0	0
3022	R	0	0	0	0	0	0	0
3023	A	0	0	0	0	0	0	0
3024	N	0	0	0	0	0	0	0
3025	I	0	0	0	0	0	0	0
3026	Q	0	0	0	0	0	0	0
3027	L	0	0	0	0	0	0	0
3028	A	0	0	0	0	0	0	0
3029	A	0	0	0	0	0	0	0
3030	T	0	0	0	0	0	0	0
3031	K	0	0	0	0	0	0	0
3032	K	0	0	0	0	0	0	0
3033	T	0	0	0	0	0	0	0
3034	Q	0	0	0	0	0	0	0
3035	Y	0	0	0	0	0	0	0
3036	Q	0	0	0	0	0	0	0
3037	Q	0	0	0	0	0	0	0
3038	L	0	0	0	0	0	0	0
3039	P	0	0	0	0	0	0	0
3040	V	0	0	0	0	0	0	0
3041	S	0	0	0	0	0	0	0
3042	D	0	0	0	0	0	0	0
3043	E	0	0	0	0	0	0	0
3044	I	0	0	0	0	0	0	0
3045	L	0	0	0	0	0	0	0
3046	F	0	0	0	0	0	0	0
3047	Q	0	0	0	0	0	0	0
3048	I	0	0	0	0	0	0	0
3049	Y	0	0	0	0	0	0	0
3050	Q	0	0	0	0	0	0	0
3051	P	0	0	0	0	0	0	0
3052	R	0	0	0	0	0	0	0
3053	E	0	0	0	0	0	0	0
3054	P	0	0	0	0	0	0	0
3055	L	0	0	0	0	0	0	0
3056	H	0	0	0	0	0	0	0
3057	F	0	0	0	0	0	0	0
3058	S	0	0	0	0	0	0	0
3059	K	0	0	0	0	0	0	0
3060	F	0	0	0	0	0	0	0
3061	L	0	0	0	0	0	0	0
3062	D	0	0	0	0	0	0	0
3063	P	0	0	0	0	0	0	0
3064	D	0	0	0	0	0	0	0
3065	F	0	0	0	0	0	0	0
3066	Q	0	0	0	0	0	0	0
3067	P	0	0	0	0	0	0	0
3068	S	0	0	0	0	0	0	0
3069	C	0	0	0	0	0	0	0
3070	S	0	0	0	0	0	0	0
3071	E	0	0	0	0	0	0	0
3072	V	0	0	0	0	0	0	0
3073	D	0	0	0	0	0	0	0
3074	L	0	0	0	0	0	0	0
3075	I	0	0	0	0	0	0	0
3076	G	0	0	0	0	0	0	0
3077	F	0	0	0	0	0	0	0
3078	V	0	0	0	0	0	0	0
3079	V	0	0	0	0	0	0	0
3080	S	0	0	0	0	0	0	0
3081	V	0	0	0	0	0	0	0
3082	V	0	0	0	0	0	0	0
3083	K	0	0	0	0	0	0	0
3084	K	0	0	0	0	0	0	0
3085	T	0	0	0	0	0	0	0
3086	G	0	0	0	0	0	0	0
3087	L	0	0	0	0	0	0	0
3088	A	0	0	0	0	0	0	0
3089	P	0	0	0	0	0	0	0
3090	F	0	0	0	0	0	0	0
3091	V	0	0	0	0	0	0	0
3092	Y	0	0	0	0	0	0	0
3093	L	0	0	0	0	0	0	0
3094	S	0	0	0	0	0	0	0
3095	D	0	0	0	0	0	0	0
3096	E	0	0	0	0	0	0	0
3097	C	0	0	0	0	0	0	0
3098	Y	0	0	0	0	0	0	0
3099	N	0	0	0	0	0	0	0
3100	L	0	0	0	0	0	0	0
3101	L	0	0	0	0	0	0	0
3102	A	0	0	0	0	0	0	0
3103	I	0	0	0	0	0	0	0
3104	K	0	0	0	0	0	0	0
3105	F	0	0	0	0	0	0	0
3106	W	0	0	0	0	0	0	0
3107	I	0	0	0	0	0	0	0
3108	D	0	0	0	0	0	0	0
3109	L	0	0	0	0	0	0	0
3110	N	0	0	0	0	0	0	0
3111	E	0	0	0	0	0	0	0
3112	D	0	0	0	0	0	0	0
3113	I	0	0	0	0	0	0	0
3114	I	0	0	0	0	0	0	0
3115	K	0	0	0	0	0	0	0
3116	P	0	0	0	0	0	0	0
3117	H	0	0	0	0	0	0	0
3118	M	0	0	0	0	0	0	0
3119	L	0	0	0	0	0	0	0
3120	I	0	0	0	0	0	0	0
3121	A	0	0	0	0	0	0	0
3122	A	0	0	0	0	0	0	0
3123	S	0	0	0	0	0	0	0
3124	N	0	0	0	0	0	0	0
3125	L	0	0	0	0	0	0	0
3126	Q	0	0	0	0	0	0	0
3127	W	0	0	0	0	0	0	0
3128	R	0	0	0	0	0	0	0
3129	P	0	0	0	0	0	0	0
3130	E	0	0	0	0	0	0	0
3131	S	0	0	0	0	0	0	0
3132	K	0	0	0	0	0	0	0
3133	S	0	0	0	0	0	0	0
3134	G	0	0	0	0	0	0	0
3135	L	0	0	0	0	0	0	0
3136	L	0	0	0	0	0	0	0
3137	T	0	0	0	0	0	0	0
3138	L	0	0	0	0	0	0	0
3139	F	0	0	0	0	0	0	0
3140	A	0	0	0	0	0	0	0
3141	G	0	0	0	0	0	0	0
3142	D	0	0	0	0	0	0	0
3143	F	0	0	0	0	0	0	0
3144	S	0	0	0	0	0	0	0
3145	V	0	0	0	0	0	0	0
3146	F	0	0	0	0	0	0	0
3147	S	0	0	0	0	0	0	0
3148	A	0	0	0	0	0	0	0
3149	S	0	0	0	0	0	0	0
3150	P	0	0	0	0	0	0	0
3151	K	0	0	0	0	0	0	0
3152	E	0	0	0	0	0	0	0
3153	G	0	0	0	0	0	0	0
3154	H	0	0	0	0	0	0	0
3155	F	0	0	0	0	0	0	0
3156	Q	0	0	0	0	0	0	0
3157	E	0	0	0	0	0	0	0
3158	T	0	0	0	0	0	0	0
3159	F	0	0	0	0	0	0	0
3160	N	0	0	0	0	0	0	0
3161	K	0	0	0	0	0	0	0
3162	M	0	0	0	0	0	0	0
3163	K	0	0	0	0	0	0	0
3164	N	0	0	0	0	0	0	0
3165	T	0	0	0	0	0	0	0
3166	V	0	0	0	0	0	0	0
3167	E	0	0	0	0	0	0	0
3168	N	0	0	0	0	0	0	0
3169	I	0	0	0	0	0	0	0
3170	D	0	0	0	0	0	0	0
3171	I	0	0	0	0	0	0	0
3172	L	0	0	0	0	0	0	0
3173	C	0	0	0	0	0	0	0
3174	N	0	0	0	0	0	0	0
3175	E	0	0	0	0	0	0	0
3176	A	0	0	0	0	0	0	0
3177	E	0	0	0	0	0	0	0
3178	N	0	0	0	0	0	0	0
3179	K	0	0	0	0	0	0	0
3180	L	0	0	0	0	0	0	0
3181	M	0	0	0	0	0	0	0
3182	H	0	0	0	0	0	0	0
3183	I	0	0	0	0	0	0	0
3184	L	0	0	0	0	0	0	0
3185	H	0	0	0	0	0	0	0
3186	A	0	0	0	0	0	0	0
3187	N	0	0	0	0	0	0	0
3188	D	0	0	0	0	0	0	0
3189	P	0	0	0	0	0	0	0
3190	K	0	0	0	0	0	0	0
3191	W	0	0	0	0	0	0	0
3192	S	0	0	0	0	0	0	0
3193	T	Phosphothreonine	ANDPKWSTPTKDCTS	CCCCCCCCCCCCCCC	0	0	0	0
3194	P	0	0	0	0	0	0	0
3195	T	0	0	0	0	0	0	0
3196	K	0	0	0	0	0	0	0
3197	D	0	0	0	0	0	0	0
3198	C	0	0	0	0	0	0	0
3199	T	Phosphothreonine	STPTKDCTSGPYTAQ	CCCCCCCCCCCCEEE	0	0	0	0
3200	S	0	0	0	0	0	0	0
3201	G	0	0	0	0	0	0	0
3202	P	0	0	0	0	0	0	0
3203	Y	0	0	0	0	0	0	0
3204	T	0	0	0	0	0	0	0
3205	A	0	0	0	0	0	0	0
3206	Q	0	0	0	0	0	0	0
3207	I	0	0	0	0	0	0	0
3208	I	0	0	0	0	0	0	0
3209	P	0	0	0	0	0	0	0
3210	G	0	0	0	0	0	0	0
3211	T	Phosphothreonine	TAQIIPGTGNKLLMS	EEEECCCCCCCEECC	0	0	0	0
3212	G	0	0	0	0	0	0	0
3213	N	0	0	0	0	0	0	0
3214	K	0	0	0	0	0	0	0
3215	L	0	0	0	0	0	0	0
3216	L	0	0	0	0	0	0	0
3217	M	0	0	0	0	0	0	0
3218	S	0	0	0	0	0	0	0
3219	S	Phosphoserine	GNKLLMSSPNCEIYY	CCCEECCCCCCEEEE	0	0	0	0
3220	P	0	0	0	0	0	0	0
3221	N	0	0	0	0	0	0	0
3222	C	0	0	0	0	0	0	0
3223	E	0	0	0	0	0	0	0
3224	I	0	0	0	0	0	0	0
3225	Y	0	0	0	0	0	0	0
3226	Y	0	0	0	0	0	0	0
3227	Q	0	0	0	0	0	0	0
3228	S	Phosphoserine	NCEIYYQSPLSLCMA	CCEEEECCHHHHHHH	0	0	0	0
3229	P	0	0	0	0	0	0	0
3230	L	0	0	0	0	0	0	0
3231	S	Phosphoserine	IYYQSPLSLCMAKRK	EEECCHHHHHHHCCC	0	0	0	0
3232	L	0	0	0	0	0	0	0
3233	C	0	0	0	0	0	0	0
3234	M	0	0	0	0	0	0	0
3235	A	0	0	0	0	0	0	0
3236	K	0	0	0	0	0	0	0
3237	R	0	0	0	0	0	0	0
3238	K	0	0	0	0	0	0	0
3239	S	Phosphoserine	LCMAKRKSVSTPVSA	HHHHCCCCCCCCCCH	0	0	0	0
3240	V	0	0	0	0	0	0	0
3241	S	0	0	0	0	0	0	0
3242	T	Phosphothreonine	AKRKSVSTPVSAQMT	HCCCCCCCCCCHHCC	0	0	0	0
3243	P	0	0	0	0	0	0	0
3244	V	0	0	0	0	0	0	0
3245	S	0	0	0	0	0	0	0
3246	A	0	0	0	0	0	0	0
3247	Q	0	0	0	0	0	0	0
3248	M	0	0	0	0	0	0	0
3249	T	0	0	0	0	0	0	0
3250	S	Phosphoserine	PVSAQMTSKSCKGEK	CCCHHCCCCCCCCCC	0	0	0	0
3251	K	0	0	0	0	0	0	0
3252	S	0	0	0	0	0	0	0
3253	C	0	0	0	0	0	0	0
3254	K	0	0	0	0	0	0	0
3255	G	0	0	0	0	0	0	0
3256	E	0	0	0	0	0	0	0
3257	K	0	0	0	0	0	0	0
3258	E	0	0	0	0	0	0	0
3259	I	0	0	0	0	0	0	0
3260	D	0	0	0	0	0	0	0
3261	D	0	0	0	0	0	0	0
3262	Q	0	0	0	0	0	0	0
3263	K	0	0	0	0	0	0	0
3264	N	0	0	0	0	0	0	0
3265	C	0	0	0	0	0	0	0
3266	K	0	0	0	0	0	0	0
3267	K	0	0	0	0	0	0	0
3268	R	0	0	0	0	0	0	0
3269	R	0	0	0	0	0	0	0
3270	A	0	0	0	0	0	0	0
3271	L	0	0	0	0	0	0	0
3272	D	0	0	0	0	0	0	0
3273	F	0	0	0	0	0	0	0
3274	L	0	0	0	0	0	0	0
3275	S	0	0	0	0	0	0	0
3276	R	0	0	0	0	0	0	0
3277	L	0	0	0	0	0	0	0
3278	P	0	0	0	0	0	0	0
3279	L	0	0	0	0	0	0	0
3280	P	0	0	0	0	0	0	0
3281	P	0	0	0	0	0	0	0
3282	P	0	0	0	0	0	0	0
3283	V	0	0	0	0	0	0	0
3284	S	Phosphoserine	LPLPPPVSPICTFVS	CCCCCCCCCCEEEEC	0	0	0	0
3285	P	0	0	0	0	0	0	0
3286	I	0	0	0	0	0	0	0
3287	C	0	0	0	0	0	0	0
3288	T	0	0	0	0	0	0	0
3289	F	0	0	0	0	0	0	0
3290	V	0	0	0	0	0	0	0
3291	S	Phosphoserine	SPICTFVSPAAQKAF	CCCEEEECHHHHHHH	0	0	0	0
3292	P	0	0	0	0	0	0	0
3293	A	0	0	0	0	0	0	0
3294	A	0	0	0	0	0	0	0
3295	Q	0	0	0	0	0	0	0
3296	K	0	0	0	0	0	0	0
3297	A	0	0	0	0	0	0	0
3298	F	0	0	0	0	0	0	0
3299	Q	0	0	0	0	0	0	0
3300	P	0	0	0	0	0	0	0
3301	P	0	0	0	0	0	0	0
3302	R	0	0	0	0	0	0	0
3303	S	0	0	0	0	0	0	0
3304	C	0	0	0	0	0	0	0
3305	G	0	0	0	0	0	0	0
3306	T	Phosphothreonine	QPPRSCGTKYETPIK	CCCCCCCCCCCCCCC	0	0	0	0
3307	K	0	0	0	0	0	0	0
3308	Y	0	0	0	0	0	0	0
3309	E	0	0	0	0	0	0	0
3310	T	Phosphothreonine	SCGTKYETPIKKKEL	CCCCCCCCCCCHHHC	0	0	0	0
3311	P	0	0	0	0	0	0	0
3312	I	0	0	0	0	0	0	0
3313	K	0	0	0	0	0	0	0
3314	K	0	0	0	0	0	0	0
3315	K	0	0	0	0	0	0	0
3316	E	0	0	0	0	0	0	0
3317	L	0	0	0	0	0	0	0
3318	N	0	0	0	0	0	0	0
3319	S	Phosphoserine	IKKKELNSPQMTPFK	CCHHHCCCCCCCCCH	Breast cancer:breast carcinoma;Lung cancer:lung carcinoma;Lung cancer:squamous cell carcinoma;Cancer:lung carcinoma, estrogen-receptor negative breast cancer, colorectal cancer, ovarian endometrioid carcinoma, prostate carcinoma, ovarian serous carcinoma, breast carcinoma, ovarian carcinoma, lung adenocarcinoma, squamous cell lung carcinoma;Breast cancer (estrogen-receptor negative):estrogen-receptor negative breast cancer	3326 (7)	0	0
3320	P	0	0	0	0	0	0	0
3321	Q	0	0	0	0	0	0	0
3322	M	0	0	0	0	0	0	0
3323	T	Phosphothreonine	ELNSPQMTPFKKFNE	HCCCCCCCCCHHHCH	Breast cancer:breast carcinoma;Lung cancer:lung carcinoma;Lung cancer:squamous cell carcinoma;Cancer:lung carcinoma, estrogen-receptor negative breast cancer, colorectal cancer, ovarian endometrioid carcinoma, prostate carcinoma, ovarian serous carcinoma, breast carcinoma, ovarian carcinoma, lung adenocarcinoma, squamous cell lung carcinoma;Breast cancer (estrogen-receptor negative):estrogen-receptor negative breast cancer	3326 (3)	0	0
3324	P	0	0	0	0	0	0	0
3325	F	0	0	0	0	0	0	0
3326	K	0	0	0	0	0	*	3319,3323
3327	K	0	0	0	0	0	0	0
3328	F	0	0	0	0	0	0	0
3329	N	0	0	0	0	0	0	0
3330	E	0	0	0	0	0	0	0
3331	I	0	0	0	0	0	0	0
3332	S	0	0	0	0	0	0	0
3333	L	0	0	0	0	0	0	0
3334	L	0	0	0	0	0	0	0
3335	E	0	0	0	0	0	0	0
3336	S	0	0	0	0	0	0	0
3337	N	0	0	0	0	0	0	0
3338	S	0	0	0	0	0	0	0
3339	I	0	0	0	0	0	0	0
3340	A	0	0	0	0	0	0	0
3341	D	0	0	0	0	0	0	0
3342	E	0	0	0	0	0	0	0
3343	E	0	0	0	0	0	0	0
3344	L	0	0	0	0	0	0	0
3345	A	0	0	0	0	0	0	0
3346	L	0	0	0	0	0	0	0
3347	I	0	0	0	0	0	0	0
3348	N	0	0	0	0	0	0	0
3349	T	0	0	0	0	0	0	0
3350	Q	0	0	0	0	0	0	0
3351	A	0	0	0	0	0	0	0
3352	L	0	0	0	0	0	0	0
3353	L	0	0	0	0	0	0	0
3354	S	0	0	0	0	0	0	0
3355	G	0	0	0	0	0	0	0
3356	S	0	0	0	0	0	0	0
3357	T	0	0	0	0	0	0	0
3358	G	0	0	0	0	0	0	0
3359	E	0	0	0	0	0	0	0
3360	K	0	0	0	0	0	0	0
3361	Q	0	0	0	0	0	0	0
3362	F	0	0	0	0	0	0	0
3363	I	0	0	0	0	0	0	0
3364	S	0	0	0	0	0	0	0
3365	V	0	0	0	0	0	0	0
3366	S	0	0	0	0	0	0	0
3367	E	0	0	0	0	0	0	0
3368	S	0	0	0	0	0	0	0
3369	T	0	0	0	0	0	0	0
3370	R	0	0	0	0	0	0	0
3371	T	0	0	0	0	0	0	0
3372	A	0	0	0	0	0	0	0
3373	P	0	0	0	0	0	0	0
3374	T	Phosphothreonine	ESTRTAPTSSEDYLR	CCCCCCCCCCHHHHH	0	0	0	0
3375	S	Phosphoserine	STRTAPTSSEDYLRL	CCCCCCCCCHHHHHH	0	0	0	0
3376	S	0	0	0	0	0	0	0
3377	E	0	0	0	0	0	0	0
3378	D	0	0	0	0	0	0	0
3379	Y	0	0	0	0	0	0	0
3380	L	0	0	0	0	0	0	0
3381	R	0	0	0	0	0	0	0
3382	L	0	0	0	0	0	0	0
3383	K	0	0	0	0	0	0	0
3384	R	0	0	0	0	0	0	0
3385	R	0	0	0	0	0	0	0
3386	C	0	0	0	0	0	0	0
3387	T	Phosphothreonine	LRLKRRCTTSLIKEQ	HHHHHHHHHHHHHHH	0	0	0	0
3388	T	0	0	0	0	0	0	0
3389	S	0	0	0	0	0	0	0
3390	L	0	0	0	0	0	0	0
3391	I	0	0	0	0	0	0	0
3392	K	0	0	0	0	0	0	0
3393	E	0	0	0	0	0	0	0
3394	Q	0	0	0	0	0	0	0
3395	E	0	0	0	0	0	0	0
3396	S	0	0	0	0	0	0	0
3397	S	Phosphoserine	LIKEQESSQASTEEC	HHHHHHHCCCCHHHH	0	0	0	0
3398	Q	0	0	0	0	0	0	0
3399	A	0	0	0	0	0	0	0
3400	S	0	0	0	0	0	0	0
3401	T	0	0	0	0	0	0	0
3402	E	0	0	0	0	0	0	0
3403	E	0	0	0	0	0	0	0
3404	C	0	0	0	0	0	0	0
3405	E	0	0	0	0	0	0	0
3406	K	0	0	0	0	0	0	0
3407	N	0	0	0	0	0	0	0
3408	K	0	0	0	0	0	0	0
3409	Q	0	0	0	0	0	0	0
3410	D	0	0	0	0	0	0	0
3411	T	0	0	0	0	0	0	0
3412	I	0	0	0	0	0	0	0
3413	T	0	0	0	0	0	0	0
3414	T	0	0	0	0	0	0	0
3415	K	0	0	0	0	0	0	0
3416	K	0	0	0	0	0	0	0
3417	Y	0	0	0	0	0	0	0
3418	I	0	0	0	0	0	0	0
