location	residue	Modification	seq	secStruc	RelatedDisease	VariantPosition	ResidueChange	DaPSbySAP
1	M	0	0	0	0	0	0	0
2	D	0	0	0	0	0	0	0
3	Y	0	0	0	0	0	0	0
4	P	0	0	0	0	0	0	0
5	T	0	0	0	0	0	0	0
6	L	0	0	0	0	0	0	0
7	L	0	0	0	0	0	0	0
8	L	0	0	0	0	0	0	0
9	A	0	0	0	0	0	0	0
10	L	0	0	0	0	0	0	0
11	L	0	0	0	0	0	0	0
12	H	0	0	0	0	0	0	0
13	V	0	0	0	0	0	0	0
14	Y	0	0	0	0	0	0	0
15	R	0	0	0	0	0	0	0
16	A	0	0	0	0	0	0	0
17	L	0	0	0	0	0	0	0
18	C	0	0	0	0	0	0	0
19	E	0	0	0	0	0	0	0
20	E	0	0	0	0	0	0	0
21	V	0	0	0	0	0	0	0
22	L	0	0	0	0	0	0	0
23	W	0	0	0	0	0	0	0
24	H	0	0	0	0	0	0	0
25	T	0	0	0	0	0	0	0
26	S	0	0	0	0	0	0	0
27	V	0	0	0	0	0	0	0
28	P	0	0	0	0	0	0	0
29	F	0	0	0	0	0	0	0
30	A	0	0	0	0	0	0	0
31	E	0	0	0	0	0	0	0
32	N	0	0	0	0	0	0	0
33	M	0	0	0	0	0	0	0
34	S	0	0	0	0	0	0	0
35	L	0	0	0	0	0	0	0
36	E	0	0	0	0	0	0	0
37	C	0	0	0	0	0	0	0
38	V	0	0	0	0	0	0	0
39	Y	0	0	0	0	0	0	0
40	P	0	0	0	0	0	0	0
41	S	0	0	0	0	0	0	0
42	M	0	0	0	0	0	0	0
43	G	0	0	0	0	0	0	0
44	I	0	0	0	0	0	0	0
45	L	0	0	0	0	0	0	0
46	T	0	0	0	0	0	0	0
47	Q	0	0	0	0	0	0	0
48	V	0	0	0	0	0	0	0
49	E	0	0	0	0	0	0	0
50	W	0	0	0	0	0	0	0
51	F	0	0	0	0	0	0	0
52	K	0	0	0	0	0	0	0
53	I	0	0	0	0	0	0	0
54	G	0	0	0	0	0	0	0
55	T	0	0	0	0	0	0	0
56	Q	0	0	0	0	0	0	0
57	Q	0	0	0	0	0	0	0
58	D	0	0	0	0	0	0	0
59	S	0	0	0	0	0	0	0
60	I	0	0	0	0	0	0	0
61	A	0	0	0	0	0	0	0
62	I	0	0	0	0	0	0	0
63	F	0	0	0	0	0	0	0
64	S	0	0	0	0	0	0	0
65	P	0	0	0	0	0	0	0
66	T	0	0	0	0	0	0	0
67	H	0	0	0	0	0	0	0
68	G	0	0	0	0	0	0	0
69	M	0	0	0	0	0	0	0
70	V	0	0	0	0	0	0	0
71	I	0	0	0	0	0	0	0
72	R	0	0	0	0	0	0	0
73	K	0	0	0	0	0	0	0
74	P	0	0	0	0	0	0	0
75	Y	0	0	0	0	0	0	0
76	A	0	0	0	0	0	0	0
77	E	0	0	0	0	0	0	0
78	R	0	0	0	0	0	0	0
79	V	0	0	0	0	0	0	0
80	Y	0	0	0	0	0	0	0
81	F	0	0	0	0	0	0	0
82	L	0	0	0	0	0	0	0
83	N	0	0	0	0	0	0	0
84	S	0	0	0	0	0	0	0
85	T	0	0	0	0	0	0	0
86	M	0	0	0	0	0	0	0
87	A	0	0	0	0	0	0	0
88	S	0	0	0	0	0	0	0
89	N	0	0	0	0	0	0	0
90	N	0	0	0	0	0	0	0
91	M	0	0	0	0	0	0	0
92	T	0	0	0	0	0	0	0
93	L	0	0	0	0	0	0	0
94	F	0	0	0	0	0	0	0
95	F	0	0	0	0	0	0	0
96	R	0	0	0	0	0	0	0
97	N	0	0	0	0	0	0	0
98	A	0	0	0	0	0	0	0
99	S	0	0	0	0	0	0	0
100	E	0	0	0	0	0	0	0
101	D	0	0	0	0	0	0	0
102	D	0	0	0	0	0	0	0
103	V	0	0	0	0	0	0	0
104	G	0	0	0	0	0	0	0
105	Y	0	0	0	0	0	0	0
106	Y	0	0	0	0	0	0	0
107	S	0	0	0	0	0	0	0
108	C	0	0	0	0	0	0	0
109	S	0	0	0	0	0	0	0
110	L	0	0	0	0	0	0	0
111	Y	0	0	0	0	0	0	0
112	T	0	0	0	0	0	0	0
113	Y	0	0	0	0	0	0	0
114	P	0	0	0	0	0	0	0
115	Q	0	0	0	0	0	0	0
116	G	0	0	0	0	0	0	0
117	T	0	0	0	0	0	0	0
118	W	0	0	0	0	0	0	0
119	Q	0	0	0	0	0	0	0
120	K	0	0	0	0	0	0	0
121	V	0	0	0	0	0	0	0
122	I	0	0	0	0	0	0	0
123	Q	0	0	0	0	0	0	0
124	V	0	0	0	0	0	0	0
125	V	0	0	0	0	0	0	0
126	Q	0	0	0	0	0	0	0
127	S	0	0	0	0	0	0	0
128	D	0	0	0	0	0	0	0
129	S	0	0	0	0	0	0	0
130	F	0	0	0	0	0	0	0
131	E	0	0	0	0	0	0	0
132	A	0	0	0	0	0	0	0
133	A	0	0	0	0	0	0	0
134	V	0	0	0	0	0	0	0
135	P	0	0	0	0	0	0	0
136	S	0	0	0	0	0	0	0
137	N	0	0	0	0	0	0	0
138	S	0	0	0	0	0	0	0
139	H	0	0	0	0	0	0	0
140	I	0	0	0	0	0	0	0
141	V	0	0	0	0	0	0	0
142	S	0	0	0	0	0	0	0
143	E	0	0	0	0	0	0	0
144	P	0	0	0	0	0	0	0
145	G	0	0	0	0	0	0	0
146	K	0	0	0	0	0	0	0
147	N	N-linked Glycosylation	IVSEPGKNVTLTCQP	EECCCCCCEEEEECC	0	0	0	0
148	V	0	0	0	0	0	0	0
149	T	0	0	0	0	0	0	0
150	L	0	0	0	0	0	0	0
151	T	0	0	0	0	0	0	0
152	C	0	0	0	0	0	0	0
153	Q	0	0	0	0	0	0	0
154	P	0	0	0	0	0	0	0
155	Q	0	0	0	0	0	0	0
156	M	0	0	0	0	0	0	0
157	T	0	0	0	0	0	0	0
158	W	0	0	0	0	0	0	0
159	P	0	0	0	0	0	0	0
160	V	0	0	0	0	0	0	0
161	Q	0	0	0	0	0	0	0
162	A	0	0	0	0	0	0	0
163	V	0	0	0	0	0	0	0
164	R	0	0	0	0	0	0	0
165	W	0	0	0	0	0	0	0
166	E	0	0	0	0	0	0	0
167	K	0	0	0	0	0	0	0
168	I	0	0	0	0	0	0	0
169	Q	0	0	0	0	0	0	0
170	P	0	0	0	0	0	0	0
171	R	0	0	0	0	0	0	0
172	Q	0	0	0	0	0	0	0
173	I	0	0	0	0	0	0	0
174	D	0	0	0	0	0	0	0
175	L	0	0	0	0	0	0	0
176	L	0	0	0	0	0	0	0
177	T	0	0	0	0	0	0	0
178	Y	0	0	0	0	0	0	0
179	C	0	0	0	0	0	0	0
180	N	0	0	0	0	0	0	0
181	L	0	0	0	0	0	0	0
182	V	0	0	0	0	0	0	0
183	H	0	0	0	0	0	0	0
184	G	0	0	0	0	0	0	0
185	R	0	0	0	0	0	0	0
186	N	0	0	0	0	0	0	0
187	F	0	0	0	0	0	0	0
188	T	0	0	0	0	0	0	0
189	S	0	0	0	0	0	0	0
190	K	0	0	0	0	0	0	0
191	F	0	0	0	0	0	0	0
192	P	0	0	0	0	0	0	0
193	R	0	0	0	0	0	0	0
194	Q	0	0	0	0	0	0	0
195	I	0	0	0	0	0	0	0
196	V	0	0	0	0	0	0	0
197	S	0	0	0	0	0	0	0
198	N	0	0	0	0	0	0	0
199	C	0	0	0	0	0	0	0
200	S	0	0	0	0	0	0	0
201	H	0	0	0	0	0	0	0
202	G	0	0	0	0	0	0	0
203	R	0	0	0	0	0	0	0
204	W	0	0	0	0	0	0	0
205	S	0	0	0	0	0	0	0
206	V	0	0	0	0	0	0	0
207	I	0	0	0	0	0	0	0
208	V	0	0	0	0	0	0	0
209	I	0	0	0	0	0	0	0
210	P	0	0	0	0	0	0	0
211	D	0	0	0	0	0	0	0
212	V	0	0	0	0	0	0	0
213	T	0	0	0	0	0	0	0
214	V	0	0	0	0	0	0	0
215	S	0	0	0	0	0	0	0
216	D	0	0	0	0	0	0	0
217	S	0	0	0	0	0	0	0
218	G	0	0	0	0	0	0	0
219	L	0	0	0	0	0	0	0
220	Y	0	0	0	0	0	0	0
221	R	0	0	0	0	0	0	0
222	C	0	0	0	0	0	0	0
223	Y	0	0	0	0	0	0	0
224	L	0	0	0	0	0	0	0
225	Q	0	0	0	0	0	0	0
226	A	0	0	0	0	0	0	0
227	S	0	0	0	0	0	0	0
228	A	0	0	0	0	0	0	0
229	G	0	0	0	0	0	0	0
230	E	0	0	0	0	0	0	0
231	N	N-linked Glycosylation	LQASAGENETFVMRL	EEECCCCCCEEEEEE	0	0	0	0
232	E	0	0	0	0	0	0	0
233	T	0	0	0	0	0	0	0
234	F	0	0	0	0	0	0	0
235	V	0	0	0	0	0	0	0
236	M	0	0	0	0	0	0	0
237	R	0	0	0	0	0	0	0
238	L	0	0	0	0	0	0	0
239	T	0	0	0	0	0	0	0
240	V	0	0	0	0	0	0	0
241	A	0	0	0	0	0	0	0
242	E	0	0	0	0	0	0	0
243	G	0	0	0	0	0	0	0
244	K	0	0	0	0	0	0	0
245	T	0	0	0	0	0	0	0
246	D	0	0	0	0	0	0	0
247	N	0	0	0	0	0	0	0
248	Q	0	0	0	0	0	0	0
249	Y	Phosphotyrosine	EGKTDNQYTLFVAGG	ECCCCCCEEEEEEHH	0	0	0	0
250	T	Phosphothreonine	GKTDNQYTLFVAGGT	CCCCCCEEEEEEHHH	0	0	0	0
251	L	0	0	0	0	0	0	0
252	F	0	0	0	0	0	0	0
253	V	0	0	0	0	0	0	0
254	A	0	0	0	0	0	0	0
255	G	0	0	0	0	0	0	0
256	G	0	0	0	0	0	0	0
257	T	0	0	0	0	0	0	0
258	V	0	0	0	0	0	0	0
259	L	0	0	0	0	0	0	0
260	L	0	0	0	0	0	0	0
261	L	0	0	0	0	0	0	0
262	L	0	0	0	0	0	0	0
263	F	0	0	0	0	0	0	0
264	V	0	0	0	0	0	0	0
265	I	0	0	0	0	0	0	0
266	S	0	0	0	0	0	0	0
267	I	0	0	0	0	0	0	0
268	T	0	0	0	0	0	0	0
269	T	0	0	0	0	0	0	0
270	I	0	0	0	0	0	0	0
271	I	0	0	0	0	0	0	0
272	V	0	0	0	0	0	0	0
273	I	0	0	0	0	0	0	0
274	F	0	0	0	0	0	0	0
275	L	0	0	0	0	0	0	0
276	N	0	0	0	0	0	0	0
277	R	0	0	0	0	0	0	0
278	R	0	0	0	0	0	0	0
279	R	0	0	0	0	0	0	0
280	R	0	0	0	0	0	0	0
281	R	0	0	0	0	0	0	0
282	E	0	0	0	0	0	0	0
283	R	0	0	0	0	0	0	0
284	R	0	0	0	0	0	0	0
285	D	0	0	0	0	0	0	0
286	L	0	0	0	0	0	0	0
287	F	0	0	0	0	0	0	0
288	T	0	0	0	0	0	0	0
289	E	0	0	0	0	0	0	0
290	S	Phosphoserine	RRDLFTESWDTQKAP	HHHHHCCCCCCCCCC	0	0	0	0
291	W	0	0	0	0	0	0	0
292	D	0	0	0	0	0	0	0
293	T	Phosphothreonine	LFTESWDTQKAPNNY	HHCCCCCCCCCCCCC	0	0	0	0
294	Q	0	0	0	0	0	0	0
295	K	0	0	0	0	0	0	0
296	A	0	0	0	0	0	0	0
297	P	0	0	0	0	0	0	0
298	N	0	0	0	0	0	0	0
299	N	0	0	0	0	0	0	0
300	Y	0	0	0	0	0	0	0
301	R	0	0	0	0	0	0	0
302	S	0	0	0	0	0	0	0
303	P	0	0	0	0	0	0	0
304	I	0	0	0	0	0	0	0
305	S	0	0	0	0	0	0	0
306	T	0	0	0	0	0	0	0
307	S	0	0	0	0	0	G;C	313
308	Q	0	0	0	0	0	0	0
309	P	0	0	0	0	0	0	0
310	T	0	0	0	0	0	0	0
311	N	0	0	0	0	0	0	0
312	Q	0	0	0	0	0	0	0
313	S	Phosphoserine	TSQPTNQSMDDTRED	CCCCCCCCCCCCCHH	Type 1 diabetes:type I diabetes mellitus	307 (6)	0	0
314	M	0	0	0	0	0	0	0
315	D	0	0	0	0	0	0	0
316	D	0	0	0	0	0	0	0
317	T	0	0	0	0	0	0	0
318	R	0	0	0	0	0	0	0
319	E	0	0	0	0	0	0	0
320	D	0	0	0	0	0	0	0
321	I	0	0	0	0	0	0	0
322	Y	Phosphotyrosine	DDTREDIYVNYPTFS	CCCCHHEECCCCCCC	0	0	0	0
323	V	0	0	0	0	0	0	0
324	N	0	0	0	0	0	0	0
325	Y	Phosphotyrosine	REDIYVNYPTFSRRP	CHHEECCCCCCCCCC	0	0	0	0
326	P	0	0	0	0	0	0	0
327	T	0	0	0	0	0	0	0
328	F	0	0	0	0	0	0	0
329	S	Phosphoserine	YVNYPTFSRRPKTRV	ECCCCCCCCCCCCCC	0	0	0	0
330	R	0	0	0	0	0	0	0
331	R	0	0	0	0	0	0	0
332	P	0	0	0	0	0	0	0
333	K	0	0	0	0	0	0	0
334	T	0	0	0	0	0	0	0
335	R	0	0	0	0	0	0	0
336	V	0	0	0	0	0	0	0
