location	residue	Modification	seq	secStruc	RelatedDisease	VariantPosition	ResidueChange	DaPSbySAP
1	M	0	0	0	0	0	0	0
2	S	0	0	0	0	0	0	0
3	W	0	0	0	0	0	0	0
4	A	0	0	0	0	0	0	0
5	L	0	0	0	0	0	0	0
6	E	0	0	0	0	0	0	0
7	E	0	0	0	0	0	0	0
8	W	0	0	0	0	0	0	0
9	K	0	0	0	0	0	0	0
10	E	0	0	0	0	0	0	0
11	G	0	0	0	0	0	0	0
12	L	0	0	0	0	0	0	0
13	P	0	0	0	0	0	0	0
14	T	0	0	0	0	0	0	0
15	R	0	0	0	0	0	0	0
16	A	0	0	0	0	0	0	0
17	L	0	0	0	0	0	0	0
18	Q	0	0	0	0	0	0	0
19	K	Ubiquitinlysine	LPTRALQKIQELEGQ	CCHHHHHHHHHHHHH	0	0	0	0
20	I	0	0	0	0	0	0	0
21	Q	0	0	0	0	0	0	0
22	E	0	0	0	0	0	0	0
23	L	0	0	0	0	0	0	0
24	E	0	0	0	0	0	0	0
25	G	0	0	0	0	0	0	0
26	Q	0	0	0	0	0	0	0
27	L	0	0	0	0	0	0	0
28	D	0	0	0	0	0	0	0
29	K	0	0	0	0	0	0	0
30	L	0	0	0	0	0	0	0
31	K	0	0	0	0	0	0	0
32	K	0	0	0	0	0	0	0
33	E	0	0	0	0	0	0	0
34	K	0	0	0	0	0	0	0
35	Q	0	0	0	0	0	0	0
36	Q	0	0	0	0	0	0	0
37	R	0	0	0	0	0	0	0
38	Q	0	0	0	0	0	0	0
39	F	0	0	0	0	0	0	0
40	Q	0	0	0	0	0	0	0
41	L	0	0	0	0	0	0	0
42	D	0	0	0	0	0	0	0
43	S	0	0	0	0	0	0	0
44	L	0	0	0	0	0	0	0
45	E	0	0	0	0	0	0	0
46	A	0	0	0	0	0	0	0
47	A	0	0	0	0	0	0	0
48	L	0	0	0	0	0	0	0
49	Q	0	0	0	0	0	0	0
50	K	0	0	0	0	0	0	0
51	Q	0	0	0	0	0	0	0
52	K	0	0	0	0	0	0	0
53	Q	0	0	0	0	0	0	0
54	K	0	0	0	0	0	0	0
55	V	0	0	0	0	0	0	0
56	E	0	0	0	0	0	0	0
57	N	0	0	0	0	0	0	0
58	E	0	0	0	0	0	0	0
59	K	0	0	0	0	0	0	0
60	T	0	0	0	0	0	0	0
61	E	0	0	0	0	0	0	0
62	G	0	0	0	0	0	0	0
63	T	0	0	0	0	0	0	0
64	N	0	0	0	0	0	0	0
65	L	0	0	0	0	0	0	0
66	K	0	0	0	0	0	0	0
67	R	0	0	0	0	0	0	0
68	E	0	0	0	0	0	0	0
69	N	0	0	0	0	0	0	0
70	Q	0	0	0	0	0	0	0
71	R	0	0	0	0	0	0	0
72	L	0	0	0	0	0	0	0
73	M	0	0	0	0	0	0	0
74	E	0	0	0	0	0	0	0
75	I	0	0	0	0	0	0	0
76	C	0	0	0	0	0	0	0
77	E	0	0	0	0	0	0	0
78	S	Phosphoserine	RLMEICESLEKTKQK	HHHHHHHHHHHHHHH	0	0	0	0
79	L	0	0	0	0	0	0	0
80	E	0	0	0	0	0	0	0
81	K	0	0	0	0	0	0	0
82	T	0	0	0	0	0	0	0
83	K	0	0	0	0	0	0	0
84	Q	0	0	0	0	0	0	0
85	K	0	0	0	0	0	0	0
86	I	0	0	0	0	0	0	0
87	S	0	0	0	0	0	0	0
88	H	0	0	0	0	0	0	0
89	E	0	0	0	0	0	0	0
90	L	0	0	0	0	0	0	0
91	Q	0	0	0	0	0	0	0
92	V	0	0	0	0	0	0	0
93	K	0	0	0	0	0	0	0
94	E	0	0	0	0	0	0	0
95	S	0	0	0	0	0	0	0
96	Q	0	0	0	0	0	0	0
97	V	0	0	0	0	0	0	0
98	N	0	0	0	0	0	0	0
99	F	0	0	0	0	0	0	0
100	Q	0	0	0	0	0	0	0
101	E	0	0	0	0	0	0	0
102	G	0	0	0	0	0	0	0
103	Q	0	0	0	0	0	0	0
104	L	0	0	0	0	0	0	0
105	N	0	0	0	0	0	0	0
106	S	Phosphoserine	FQEGQLNSGKKQIEK	CCCCCCCHHHHHHHH	0	0	0	0
107	G	0	0	0	0	0	0	0
108	K	N6-acetyllysine	EGQLNSGKKQIEKLE	CCCCCHHHHHHHHHH	0	0	0	0
109	K	0	0	0	0	0	0	0
110	Q	0	0	0	0	0	0	0
111	I	0	0	0	0	0	0	0
112	E	0	0	0	0	0	0	0
113	K	0	0	0	0	0	0	0
114	L	0	0	0	0	0	0	0
115	E	0	0	0	0	0	0	0
116	Q	0	0	0	0	0	0	0
117	E	0	0	0	0	0	0	0
118	L	0	0	0	0	0	0	0
119	K	0	0	0	0	0	0	0
120	R	0	0	0	0	0	0	0
121	C	0	0	0	0	0	0	0
122	K	0	0	0	0	0	0	0
123	S	0	0	0	0	0	0	0
124	E	0	0	0	0	0	0	0
125	L	0	0	0	0	0	0	0
126	E	0	0	0	0	0	0	0
127	R	0	0	0	0	0	0	0
128	S	0	0	0	0	0	0	0
129	Q	0	0	0	0	0	0	0
130	Q	0	0	0	0	0	0	0
131	A	0	0	0	0	0	0	0
132	A	0	0	0	0	0	0	0
133	Q	0	0	0	0	0	0	0
134	S	0	0	0	0	0	0	0
135	A	0	0	0	0	0	0	0
136	D	0	0	0	0	0	0	0
137	V	0	0	0	0	0	0	0
138	S	Phosphoserine	AAQSADVSLNPCNTP	HHHHCCCCCCCCCCC	0	0	0	0
139	L	0	0	0	0	0	0	0
140	N	0	0	0	0	0	0	0
141	P	0	0	0	0	0	0	0
142	C	0	0	0	0	0	0	0
143	N	0	0	0	0	0	0	0
144	T	Phosphothreonine	VSLNPCNTPQKIFTT	CCCCCCCCCCCEECC	0	0	0	0
145	P	0	0	0	0	0	0	0
146	Q	0	0	0	0	0	0	0
147	K	0	0	0	0	0	0	0
148	I	0	0	0	0	0	0	0
149	F	0	0	0	0	0	0	0
150	T	Phosphothreonine	NTPQKIFTTPLTPSQ	CCCCCEECCCCCHHH	0	0	0	0
151	T	Phosphothreonine	TPQKIFTTPLTPSQY	CCCCEECCCCCHHHC	0	0	0	0
152	P	0	0	0	0	0	0	0
153	L	0	0	0	0	0	0	0
154	T	Phosphothreonine	KIFTTPLTPSQYYSG	CEECCCCCHHHCCCC	0	0	0	0
155	P	0	0	0	0	0	0	0
156	S	Phosphoserine	FTTPLTPSQYYSGSK	ECCCCCHHHCCCCCC	0	0	0	0
157	Q	0	0	0	0	0	0	0
158	Y	Phosphotyrosine	TPLTPSQYYSGSKYE	CCCCHHHCCCCCCHH	0	0	0	0
159	Y	Phosphotyrosine	PLTPSQYYSGSKYED	CCCHHHCCCCCCHHH	0	0	0	0
160	S	Phosphoserine	LTPSQYYSGSKYEDL	CCHHHCCCCCCHHHH	0	0	0	0
161	G	0	0	0	0	0	0	0
162	S	Phosphoserine	PSQYYSGSKYEDLKE	HHHCCCCCCHHHHHH	0	0	0	0
163	K	0	0	0	0	0	0	0
164	Y	0	0	0	0	0	0	0
165	E	0	0	0	0	0	0	0
166	D	0	0	0	0	0	0	0
167	L	0	0	0	0	0	0	0
168	K	0	0	0	0	0	0	0
169	E	0	0	0	0	0	0	0
170	K	0	0	0	0	0	0	0
171	Y	0	0	0	0	0	0	0
172	N	0	0	0	0	0	0	0
173	K	0	0	0	0	0	0	0
174	E	0	0	0	0	0	0	0
175	V	0	0	0	0	0	0	0
176	E	0	0	0	0	0	0	0
177	E	0	0	0	0	0	0	0
178	R	0	0	0	0	0	0	0
179	K	0	0	0	0	0	0	0
180	R	0	0	0	0	0	0	0
181	L	0	0	0	0	0	0	0
182	E	0	0	0	0	0	0	0
183	A	0	0	0	0	0	0	0
184	E	0	0	0	0	0	0	0
185	V	0	0	0	0	0	0	0
186	K	0	0	0	0	0	0	0
187	A	0	0	0	0	0	0	0
188	L	0	0	0	0	0	0	0
189	Q	0	0	0	0	0	0	0
190	A	0	0	0	0	0	0	0
191	K	0	0	0	0	0	0	0
192	K	0	0	0	0	0	0	0
193	A	0	0	0	0	0	0	0
194	S	0	0	0	0	0	0	0
195	Q	0	0	0	0	0	0	0
196	T	0	0	0	0	0	0	0
197	L	0	0	0	0	0	0	0
198	P	0	0	0	0	0	0	0
199	Q	0	0	0	0	0	0	0
200	A	0	0	0	0	0	0	0
201	T	0	0	0	0	0	0	0
202	M	0	0	0	0	0	0	0
203	N	0	0	0	0	0	0	0
204	H	0	0	0	0	0	0	0
205	R	0	0	0	0	0	0	0
206	D	0	0	0	0	0	0	0
207	I	0	0	0	0	0	0	0
208	A	0	0	0	0	0	0	0
209	R	0	0	0	0	0	0	0
210	H	0	0	0	0	0	0	0
211	Q	0	0	0	0	0	0	0
212	A	0	0	0	0	0	0	0
213	S	0	0	0	0	0	0	0
214	S	0	0	0	0	0	0	0
215	S	0	0	0	0	0	0	0
216	V	0	0	0	0	0	0	0
217	F	0	0	0	0	0	0	0
218	S	0	0	0	0	0	0	0
219	W	0	0	0	0	0	0	0
220	Q	0	0	0	0	0	0	0
221	Q	0	0	0	0	0	0	0
222	E	0	0	0	0	0	0	0
223	K	0	0	0	0	0	0	0
224	T	Phosphothreonine	FSWQQEKTPSHLSSN	CCCCCCCCCCCCCCC	0	0	0	0
225	P	0	0	0	0	0	0	0
226	S	Phosphoserine	WQQEKTPSHLSSNSQ	CCCCCCCCCCCCCCC	0	0	0	0
227	H	0	0	0	0	0	0	0
228	L	0	0	0	0	0	0	0
229	S	Phosphoserine	EKTPSHLSSNSQRTP	CCCCCCCCCCCCCCC	0	0	0	0
230	S	Phosphoserine	KTPSHLSSNSQRTPI	CCCCCCCCCCCCCCC	0	0	0	0
231	N	0	0	0	0	0	0	0
232	S	Phosphoserine	PSHLSSNSQRTPIRR	CCCCCCCCCCCCCCC	0	0	0	0
233	Q	0	0	0	0	0	0	0
234	R	0	0	0	0	0	0	0
235	T	Phosphothreonine	LSSNSQRTPIRRDFS	CCCCCCCCCCCCCCC	0	0	0	0
236	P	0	0	0	0	0	0	0
237	I	0	0	0	0	0	0	0
238	R	0	0	0	0	0	0	0
239	R	0	0	0	0	0	0	0
240	D	0	0	0	0	0	0	0
241	F	0	0	0	0	0	0	0
242	S	Phosphoserine	TPIRRDFSASYFSGE	CCCCCCCCCHHCCCC	0	0	0	0
243	A	0	0	0	0	0	0	0
244	S	0	0	0	0	0	0	0
245	Y	0	0	0	0	0	0	0
246	F	0	0	0	0	0	0	0
247	S	Phosphoserine	DFSASYFSGEQEVTP	CCCCHHCCCCCEECC	0	0	0	0
248	G	0	0	0	0	0	0	0
249	E	0	0	0	0	0	0	0
250	Q	0	0	0	0	0	0	0
251	E	0	0	0	0	0	0	0
252	V	0	0	0	0	0	0	0
253	T	Phosphothreonine	FSGEQEVTPSRSTLQ	CCCCCEECCCCCCEE	0	0	0	0
254	P	0	0	0	0	0	0	0
255	S	Phosphoserine	GEQEVTPSRSTLQIG	CCCEECCCCCCEEEC	0	0	0	0
256	R	0	0	0	0	0	0	0
257	S	Phosphoserine	QEVTPSRSTLQIGKR	CEECCCCCCEEECCC	0	0	0	0
258	T	0	0	0	0	0	0	0
259	L	0	0	0	0	0	0	0
260	Q	0	0	0	0	0	0	0
261	I	0	0	0	0	0	0	0
262	G	0	0	0	0	0	0	0
263	K	0	0	0	0	0	0	0
264	R	0	0	0	0	0	0	0
265	D	0	0	0	0	0	0	0
266	A	0	0	0	0	0	0	0
267	N	0	0	0	0	0	0	0
268	S	Phosphoserine	IGKRDANSSFFDNSS	ECCCCCCCCCCCCCC	0	0	0	0
269	S	Phosphoserine	GKRDANSSFFDNSSS	CCCCCCCCCCCCCCC	0	0	0	0
270	F	0	0	0	0	0	0	0
271	F	0	0	0	0	0	0	0
272	D	0	0	0	0	0	0	0
273	N	0	0	0	0	0	0	0
274	S	Phosphoserine	NSSFFDNSSSPHLLD	CCCCCCCCCCHHHHH	0	0	0	0
275	S	Phosphoserine	SSFFDNSSSPHLLDQ	CCCCCCCCCHHHHHH	0	0	0	0
276	S	Phosphoserine	SFFDNSSSPHLLDQL	CCCCCCCCHHHHHHH	0	0	0	0
277	P	0	0	0	0	0	0	0
278	H	0	0	0	0	0	0	0
279	L	0	0	0	0	0	0	0
280	L	0	0	0	0	0	0	0
281	D	0	0	0	0	0	0	0
282	Q	0	0	0	0	0	0	0
283	L	0	0	0	0	0	0	0
284	K	0	0	0	0	0	0	0
285	A	0	0	0	0	0	0	0
286	Q	0	0	0	0	0	0	0
287	N	0	0	0	0	0	0	0
288	Q	0	0	0	0	0	0	0
289	E	0	0	0	0	0	0	0
290	L	0	0	0	0	0	0	0
291	R	0	0	0	0	0	0	0
292	N	0	0	0	0	0	0	0
293	K	0	0	0	0	0	0	0
294	I	0	0	0	0	0	0	0
295	N	0	0	0	0	0	0	0
296	E	0	0	0	0	0	0	0
297	L	0	0	0	0	0	0	0
298	E	0	0	0	0	0	0	0
299	L	0	0	0	0	0	0	0
300	R	0	0	0	0	0	0	0
301	L	0	0	0	0	0	0	0
302	Q	0	0	0	0	0	0	0
303	G	0	0	0	0	0	0	0
304	H	0	0	0	0	0	0	0
305	E	0	0	0	0	0	0	0
306	K	0	0	0	0	0	0	0
307	E	0	0	0	0	0	0	0
308	M	0	0	0	0	0	0	0
309	K	0	0	0	0	0	0	0
310	G	0	0	0	0	0	0	0
311	Q	0	0	0	0	0	0	0
312	V	0	0	0	0	0	0	0
313	N	0	0	0	0	0	0	0
314	K	Ubiquitinlysine	EMKGQVNKFQELQLQ	HHHHHHCHHHHHHHH	0	0	0	0
315	F	0	0	0	0	0	0	0
316	Q	0	0	0	0	0	0	0
317	E	0	0	0	0	0	0	0
318	L	0	0	0	0	0	0	0
319	Q	0	0	0	0	0	0	0
320	L	0	0	0	0	0	0	0
321	Q	0	0	0	0	0	0	0
322	L	0	0	0	0	0	0	0
323	E	0	0	0	0	0	0	0
324	K	0	0	0	0	0	0	0
325	A	0	0	0	0	0	0	0
326	K	0	0	0	0	0	0	0
327	V	0	0	0	0	0	0	0
328	E	0	0	0	0	0	0	0
329	L	0	0	0	0	0	0	0
330	I	0	0	0	0	0	0	0
331	E	0	0	0	0	0	0	0
332	K	0	0	0	0	0	0	0
333	E	0	0	0	0	0	0	0
334	K	0	0	0	0	0	0	0
335	V	0	0	0	0	0	0	0
336	L	0	0	0	0	0	0	0
337	N	0	0	0	0	0	0	0
338	K	0	0	0	0	0	0	0
339	C	0	0	0	0	0	0	0
340	R	0	0	0	0	0	0	0
341	D	0	0	0	0	0	0	0
342	E	0	0	0	0	0	0	0
343	L	0	0	0	0	0	0	0
344	V	0	0	0	0	0	0	0
345	R	0	0	0	0	0	0	0
346	T	0	0	0	0	0	0	0
347	T	0	0	0	0	0	0	0
348	A	0	0	0	0	0	0	0
349	Q	0	0	0	0	0	0	0
350	Y	0	0	0	0	0	0	0
351	D	0	0	0	0	0	0	0
352	Q	0	0	0	0	0	0	0
353	A	0	0	0	0	0	0	0
354	S	0	0	0	0	0	0	0
355	T	0	0	0	0	0	0	0
356	K	Ubiquitinlysine	QYDQASTKYTALEQK	HHHHHHHHHHHHHHH	0	0	0	0
357	Y	0	0	0	0	0	0	0
358	T	0	0	0	0	0	0	0
359	A	0	0	0	0	0	0	0
360	L	0	0	0	0	0	0	0
361	E	0	0	0	0	0	0	0
362	Q	0	0	0	0	0	0	0
363	K	0	0	0	0	0	0	0
364	L	0	0	0	0	0	0	0
365	K	0	0	0	0	0	0	0
366	K	0	0	0	0	0	0	0
367	L	0	0	0	0	0	0	0
368	T	0	0	0	0	0	0	0
369	E	0	0	0	0	0	0	0
370	D	0	0	0	0	0	0	0
371	L	0	0	0	0	0	0	0
372	S	Phosphoserine	KKLTEDLSCQRQNAE	HHHHHHHHHHHHCHH	0	0	0	0
373	C	0	0	0	0	0	0	0
374	Q	0	0	0	0	0	0	0
375	R	0	0	0	0	0	0	0
376	Q	0	0	0	0	0	0	0
377	N	0	0	0	0	0	0	0
378	A	0	0	0	0	0	0	0
379	E	0	0	0	0	0	0	0
380	S	0	0	0	0	0	0	0
381	A	0	0	0	0	0	0	0
382	R	0	0	0	0	0	0	0
383	C	0	0	0	0	0	0	0
384	S	0	0	0	0	0	0	0
385	L	0	0	0	0	0	0	0
386	E	0	0	0	0	0	0	0
387	Q	0	0	0	0	0	0	0
388	K	0	0	0	0	0	0	0
389	I	0	0	0	0	0	0	0
390	K	0	0	0	0	0	0	0
391	E	0	0	0	0	0	0	0
392	K	0	0	0	0	0	0	0
393	E	0	0	0	0	0	0	0
394	K	0	0	0	0	0	0	0
395	E	0	0	0	0	0	0	0
396	F	0	0	0	0	0	0	0
397	Q	0	0	0	0	0	0	0
398	E	0	0	0	0	0	0	0
399	E	0	0	0	0	0	0	0
400	L	0	0	0	0	0	0	0
401	S	0	0	0	0	0	0	0
402	R	0	0	0	0	0	0	0
403	Q	0	0	0	0	0	0	0
404	Q	0	0	0	0	0	0	0
405	R	0	0	0	0	0	0	0
406	S	0	0	0	0	0	0	0
407	F	0	0	0	0	0	0	0
408	Q	0	0	0	0	0	0	0
409	T	0	0	0	0	0	0	0
410	L	0	0	0	0	0	0	0
411	D	0	0	0	0	0	0	0
412	Q	0	0	0	0	0	0	0
413	E	0	0	0	0	0	0	0
414	C	0	0	0	0	0	0	0
415	I	0	0	0	0	0	0	0
416	Q	0	0	0	0	0	0	0
417	M	0	0	0	0	0	0	0
418	K	0	0	0	0	0	0	0
419	A	0	0	0	0	0	0	0
420	R	0	0	0	0	0	0	0
421	L	0	0	0	0	0	0	0
422	T	Phosphothreonine	IQMKARLTQELQQAK	HHHHHHHHHHHHHHH	0	0	0	0
423	Q	0	0	0	0	0	0	0
424	E	0	0	0	0	0	0	0
425	L	0	0	0	0	0	0	0
426	Q	0	0	0	0	0	0	0
427	Q	0	0	0	0	0	0	0
428	A	0	0	0	0	0	0	0
429	K	0	0	0	0	0	0	0
430	N	0	0	0	0	0	0	0
431	M	0	0	0	0	0	0	0
432	H	0	0	0	0	0	0	0
433	N	0	0	0	0	0	0	0
434	V	0	0	0	0	0	0	0
435	L	0	0	0	0	0	0	0
436	Q	0	0	0	0	0	0	0
437	A	0	0	0	0	0	0	0
438	E	0	0	0	0	0	0	0
439	L	0	0	0	0	0	0	0
440	D	0	0	0	0	0	0	0
441	K	0	0	0	0	0	0	0
442	L	0	0	0	0	0	0	0
443	T	0	0	0	0	0	0	0
444	S	0	0	0	0	0	0	0
445	V	0	0	0	0	0	0	0
446	K	0	0	0	0	0	0	0
447	Q	0	0	0	0	0	0	0
448	Q	0	0	0	0	0	0	0
449	L	0	0	0	0	0	0	0
450	E	0	0	0	0	0	0	0
451	N	0	0	0	0	0	0	0
452	N	0	0	0	0	0	0	0
453	L	0	0	0	0	0	0	0
454	E	0	0	0	0	0	0	0
455	E	0	0	0	0	0	0	0
456	F	0	0	0	0	0	0	0
457	K	Ubiquitinlysine	ENNLEEFKQKLCRAE	HHCHHHHHHHHHHHH	0	0	0	0
458	Q	0	0	0	0	0	0	0
459	K	0	0	0	0	0	0	0
460	L	0	0	0	0	0	0	0
461	C	0	0	0	0	0	0	0
462	R	0	0	0	0	0	0	0
463	A	0	0	0	0	0	0	0
464	E	0	0	0	0	0	0	0
465	Q	0	0	0	0	0	0	0
466	A	0	0	0	0	0	0	0
467	F	0	0	0	0	0	0	0
468	Q	0	0	0	0	0	0	0
469	A	0	0	0	0	0	0	0
470	S	0	0	0	0	0	0	0
471	Q	0	0	0	0	0	0	0
472	I	0	0	0	0	0	0	0
473	K	0	0	0	0	0	0	0
474	E	0	0	0	0	0	0	0
475	N	0	0	0	0	0	0	0
476	E	0	0	0	0	0	0	0
477	L	0	0	0	0	0	0	0
478	R	0	0	0	0	0	0	0
479	R	0	0	0	0	0	0	0
480	S	Phosphoserine	KENELRRSMEEMKKE	HHHHHHHHHHHHHHH	0	0	0	0
481	M	0	0	0	0	0	0	0
482	E	0	0	0	0	0	0	0
483	E	0	0	0	0	0	0	0
484	M	0	0	0	0	0	0	0
485	K	0	0	0	0	0	0	0
486	K	0	0	0	0	0	0	0
487	E	0	0	0	0	0	0	0
488	N	0	0	0	0	0	0	0
489	N	0	0	0	0	0	0	0
490	L	0	0	0	0	0	0	0
491	L	0	0	0	0	0	0	0
492	K	0	0	0	0	0	0	0
493	S	0	0	0	0	0	0	0
494	H	0	0	0	0	0	0	0
495	S	0	0	0	0	0	0	0
496	E	0	0	0	0	0	0	0
497	Q	0	0	0	0	0	0	0
498	K	0	0	0	0	0	0	0
499	A	0	0	0	0	0	0	0
500	R	0	0	0	0	0	0	0
501	E	0	0	0	0	0	0	0
502	V	0	0	0	0	0	0	0
503	C	0	0	0	0	0	0	0
504	H	0	0	0	0	0	0	0
505	L	0	0	0	0	0	0	0
506	E	0	0	0	0	0	0	0
507	A	0	0	0	0	0	0	0
508	E	0	0	0	0	0	0	0
509	L	0	0	0	0	0	0	0
510	K	0	0	0	0	0	0	0
511	N	0	0	0	0	0	0	0
512	I	0	0	0	0	0	0	0
513	K	0	0	0	0	0	0	0
514	Q	0	0	0	0	0	0	0
515	C	0	0	0	0	0	0	0
516	L	0	0	0	0	0	0	0
517	N	0	0	0	0	0	0	0
518	Q	0	0	0	0	0	0	0
519	S	0	0	0	0	0	0	0
520	Q	0	0	0	0	0	0	0
521	N	0	0	0	0	0	0	0
522	F	0	0	0	0	0	0	0
523	A	0	0	0	0	0	0	0
524	E	0	0	0	0	0	0	0
525	E	0	0	0	0	0	0	0
526	M	0	0	0	0	0	0	0
527	K	0	0	0	0	0	0	0
528	A	0	0	0	0	0	0	0
529	K	0	0	0	0	0	0	0
530	N	0	0	0	0	0	0	0
531	T	0	0	0	0	0	0	0
532	S	0	0	0	0	0	0	0
533	Q	0	0	0	0	0	0	0
534	E	0	0	0	0	0	0	0
535	T	0	0	0	0	0	0	0
536	M	0	0	0	0	0	0	0
537	L	0	0	0	0	0	0	0
538	R	0	0	0	0	0	0	0
539	D	0	0	0	0	0	0	0
540	L	0	0	0	0	0	0	0
541	Q	0	0	0	0	0	0	0
542	E	0	0	0	0	0	0	0
543	K	Ubiquitinlysine	MLRDLQEKINQQENS	HHHHHHHHHHHHHCC	0	0	0	0
544	I	0	0	0	0	0	0	0
545	N	0	0	0	0	0	0	0
546	Q	0	0	0	0	0	0	0
547	Q	0	0	0	0	0	0	0
548	E	0	0	0	0	0	0	0
549	N	0	0	0	0	0	0	0
550	S	0	0	0	0	0	0	0
551	L	0	0	0	0	0	0	0
552	T	0	0	0	0	0	0	0
553	L	0	0	0	0	0	0	0
554	E	0	0	0	0	0	0	0
555	K	0	0	0	0	0	0	0
556	L	0	0	0	0	0	0	0
557	K	0	0	0	0	0	0	0
558	L	0	0	0	0	0	0	0
559	A	0	0	0	0	0	0	0
560	V	0	0	0	0	0	0	0
561	A	0	0	0	0	0	0	0
562	D	0	0	0	0	0	0	0
563	L	0	0	0	0	0	0	0
564	E	0	0	0	0	0	0	0
565	K	N6-acetyllysine	LAVADLEKQRDCSQD	HHHHHHHHHCCCCHH	0	0	0	0
566	Q	0	0	0	0	0	0	0
567	R	0	0	0	0	0	0	0
568	D	0	0	0	0	0	0	0
569	C	0	0	0	0	0	0	0
570	S	0	0	0	0	0	0	0
571	Q	0	0	0	0	0	0	0
572	D	0	0	0	0	0	0	0
573	L	0	0	0	0	0	0	0
574	L	0	0	0	0	0	0	0
575	K	0	0	0	0	0	0	0
576	K	0	0	0	0	0	0	0
577	R	0	0	0	0	0	0	0
578	E	0	0	0	0	0	0	0
579	H	0	0	0	0	0	0	0
580	H	0	0	0	0	0	0	0
581	I	0	0	0	0	0	0	0
582	E	0	0	0	0	0	0	0
583	Q	0	0	0	0	0	0	0
584	L	0	0	0	0	0	0	0
585	N	0	0	0	0	0	0	0
586	D	0	0	0	0	0	0	0
587	K	0	0	0	0	0	0	0
588	L	0	0	0	0	0	0	0
589	S	0	0	0	0	0	0	0
590	K	0	0	0	0	0	0	0
591	T	0	0	0	0	0	0	0
592	E	0	0	0	0	0	0	0
593	K	0	0	0	0	0	0	0
594	E	0	0	0	0	0	0	0
595	S	0	0	0	0	0	0	0
596	K	0	0	0	0	0	0	0
597	A	0	0	0	0	0	0	0
598	L	0	0	0	0	0	0	0
599	L	0	0	0	0	0	0	0
600	S	0	0	0	0	0	0	0
601	A	0	0	0	0	0	0	0
602	L	0	0	0	0	0	0	0
603	E	0	0	0	0	0	0	0
604	L	0	0	0	0	0	0	0
605	K	0	0	0	0	0	0	0
606	K	0	0	0	0	0	0	0
607	K	0	0	0	0	0	0	0
608	E	0	0	0	0	0	0	0
609	Y	0	0	0	0	0	0	0
610	E	0	0	0	0	0	0	0
611	E	0	0	0	0	0	0	0
612	L	0	0	0	0	0	0	0
613	K	0	0	0	0	0	0	0
614	E	0	0	0	0	0	0	0
615	E	0	0	0	0	0	0	0
616	K	0	0	0	0	0	0	0
617	T	0	0	0	0	0	0	0
618	L	0	0	0	0	0	0	0
619	F	0	0	0	0	0	0	0
620	S	0	0	0	0	0	0	0
621	C	0	0	0	0	0	0	0
622	W	0	0	0	0	0	0	0
623	K	N6-acetyllysine	KTLFSCWKSENEKLL	HCHHHHHHHHHHHHH	0	0	0	0
624	S	0	0	0	0	0	0	0
625	E	0	0	0	0	0	0	0
626	N	0	0	0	0	0	0	0
627	E	0	0	0	0	0	0	0
628	K	0	0	0	0	0	0	0
629	L	0	0	0	0	0	0	0
630	L	0	0	0	0	0	0	0
631	T	0	0	0	0	0	0	0
632	Q	0	0	0	0	0	0	0
633	M	0	0	0	0	0	0	0
634	E	0	0	0	0	0	0	0
635	S	0	0	0	0	0	0	0
636	E	0	0	0	0	0	0	0
637	K	0	0	0	0	0	0	0
638	E	0	0	0	0	0	0	0
639	N	0	0	0	0	0	0	0
640	L	0	0	0	0	0	0	0
641	Q	0	0	0	0	0	0	0
642	S	0	0	0	0	0	0	0
643	K	0	0	0	0	0	0	0
644	I	0	0	0	0	0	0	0
645	N	0	0	0	0	0	0	0
646	H	0	0	0	0	0	0	0
647	L	0	0	0	0	0	0	0
648	E	0	0	0	0	0	0	0
649	T	0	0	0	0	0	0	0
650	C	0	0	0	0	0	0	0
651	L	0	0	0	0	0	0	0
652	K	0	0	0	0	0	0	0
653	T	0	0	0	0	0	0	0
654	Q	0	0	0	0	0	0	0
655	Q	0	0	0	0	0	0	0
656	I	0	0	0	0	0	0	0
657	K	0	0	0	0	0	0	0
658	S	0	0	0	0	0	0	0
659	H	0	0	0	0	0	0	0
660	E	0	0	0	0	0	0	0
661	Y	0	0	0	0	0	0	0
662	N	0	0	0	0	0	0	0
663	E	0	0	0	0	0	0	0
664	R	0	0	0	0	0	0	0
665	V	0	0	0	0	0	0	0
666	R	0	0	0	0	0	0	0
667	T	0	0	0	0	0	0	0
668	L	0	0	0	0	0	0	0
669	E	0	0	0	0	0	0	0
670	M	0	0	0	0	0	0	0
671	D	0	0	0	0	0	0	0
672	R	0	0	0	0	0	0	0
673	E	0	0	0	0	0	0	0
674	N	0	0	0	0	0	0	0
675	L	0	0	0	0	0	0	0
676	S	Phosphoserine	EMDRENLSVEIRNLH	HCCCCCCCHHHHHHH	0	0	0	0
677	V	0	0	0	0	0	0	0
678	E	0	0	0	0	0	0	0
679	I	0	0	0	0	0	0	0
680	R	0	0	0	0	0	0	0
681	N	0	0	0	0	0	0	0
682	L	0	0	0	0	0	0	0
683	H	0	0	0	0	0	0	0
684	N	0	0	0	0	0	0	0
685	V	0	0	0	0	0	0	0
686	L	0	0	0	0	0	0	0
687	D	0	0	0	0	0	0	0
688	S	0	0	0	0	0	0	0
689	K	Ubiquitinlysine	LHNVLDSKSVEVETQ	HHHHHCCCCCCHHHH	0	0	0	0
690	S	0	0	0	0	0	0	0
691	V	0	0	0	0	0	0	0
692	E	0	0	0	0	0	0	0
693	V	0	0	0	0	0	0	0
694	E	0	0	0	0	0	0	0
695	T	0	0	0	0	0	0	0
696	Q	0	0	0	0	0	0	0
697	K	Ubiquitinlysine	SVEVETQKLAYMELQ	CCCHHHHHHHHHHHH	0	0	0	0
698	L	0	0	0	0	0	0	0
699	A	0	0	0	0	0	0	0
700	Y	Phosphotyrosine	VETQKLAYMELQQKA	HHHHHHHHHHHHHHH	0	0	0	0
701	M	0	0	0	0	0	0	0
702	E	0	0	0	0	0	0	0
703	L	0	0	0	0	0	0	0
704	Q	0	0	0	0	0	0	0
705	Q	0	0	0	0	0	0	0
706	K	Ubiquitinlysine	AYMELQQKAEFSDQK	HHHHHHHHHHCCCHH	0	0	0	0
707	A	0	0	0	0	0	0	0
708	E	0	0	0	0	0	0	0
709	F	0	0	0	0	0	0	0
710	S	0	0	0	0	0	0	0
711	D	0	0	0	0	0	0	0
712	Q	0	0	0	0	0	0	0
713	K	0	0	0	0	0	0	0
714	H	0	0	0	0	0	0	0
715	Q	0	0	0	0	0	0	0
716	K	0	0	0	0	0	0	0
717	E	0	0	0	0	0	0	0
718	I	0	0	0	0	0	0	0
719	E	0	0	0	0	0	0	0
720	N	0	0	0	0	0	0	0
721	M	0	0	0	0	0	0	0
722	C	0	0	0	0	0	0	0
723	L	0	0	0	0	0	0	0
724	K	0	0	0	0	0	0	0
725	T	0	0	0	0	0	0	0
726	S	0	0	0	0	0	0	0
727	Q	0	0	0	0	0	0	0
728	L	0	0	0	0	0	0	0
729	T	0	0	0	0	0	0	0
730	G	0	0	0	0	0	0	0
731	Q	0	0	0	0	0	0	0
732	V	0	0	0	0	0	0	0
733	E	0	0	0	0	0	0	0
734	D	0	0	0	0	0	0	0
735	L	0	0	0	0	0	0	0
736	E	0	0	0	0	0	0	0
737	H	0	0	0	0	0	0	0
738	K	0	0	0	0	0	0	0
739	L	0	0	0	0	0	0	0
740	Q	0	0	0	0	0	0	0
741	L	0	0	0	0	0	0	0
742	L	0	0	0	0	0	0	0
743	S	Phosphoserine	EHKLQLLSNEIMDKD	HHHHHHHHHCCCCCH	0	0	0	0
744	N	0	0	0	0	0	0	0
745	E	0	0	0	0	0	0	0
746	I	0	0	0	0	0	0	0
747	M	0	0	0	0	0	0	0
748	D	0	0	0	0	0	0	0
749	K	0	0	0	0	0	0	0
750	D	0	0	0	0	0	0	0
751	R	0	0	0	0	0	0	0
752	C	0	0	0	0	0	0	0
753	Y	0	0	0	0	0	0	0
754	Q	0	0	0	0	0	0	0
755	D	0	0	0	0	0	0	0
756	L	0	0	0	0	0	0	0
757	H	0	0	0	0	0	0	0
758	A	0	0	0	0	0	0	0
759	E	0	0	0	0	0	0	0
760	Y	0	0	0	0	0	0	0
761	E	0	0	0	0	0	0	0
762	S	0	0	0	0	0	0	0
763	L	0	0	0	0	0	0	0
764	R	0	0	0	0	0	0	0
765	D	0	0	0	0	0	0	0
766	L	0	0	0	0	0	0	0
767	L	0	0	0	0	0	0	0
768	K	Ubiquitinlysine	ESLRDLLKSKDASLV	HHHHHHHHCCCCCCC	0	0	0	0
769	S	0	0	0	0	0	0	0
770	K	Ubiquitinlysine	LRDLLKSKDASLVTN	HHHHHHCCCCCCCCC	0	0	0	0
771	D	0	0	0	0	0	0	0
772	A	0	0	0	0	0	0	0
773	S	Phosphoserine	LLKSKDASLVTNEDH	HHHCCCCCCCCCHHH	0	0	0	0
774	L	0	0	0	0	0	0	0
775	V	0	0	0	0	0	0	0
776	T	0	0	0	0	0	0	0
777	N	0	0	0	0	0	0	0
778	E	0	0	0	0	0	0	0
779	D	0	0	0	0	0	0	0
780	H	0	0	0	0	0	0	0
781	Q	0	0	0	0	0	0	0
782	R	0	0	0	0	0	0	0
783	S	Phosphoserine	TNEDHQRSLLAFDQQ	CCHHHHHHHHHHCCC	0	0	0	0
784	L	0	0	0	0	0	0	0
785	L	0	0	0	0	0	0	0
786	A	0	0	0	0	0	0	0
787	F	0	0	0	0	0	0	0
788	D	0	0	0	0	0	0	0
789	Q	0	0	0	0	0	0	0
790	Q	0	0	0	0	0	0	0
791	P	0	0	0	0	0	0	0
792	A	0	0	0	0	0	0	0
793	M	0	0	0	0	0	0	0
794	H	0	0	0	0	0	0	0
795	H	0	0	0	0	0	0	0
796	S	Phosphoserine	QQPAMHHSFANIIGE	CCCHHCHHHHHHHCC	0	0	0	0
797	F	0	0	0	0	0	0	0
798	A	0	0	0	0	0	0	0
799	N	0	0	0	0	0	0	0
800	I	0	0	0	0	0	0	0
801	I	0	0	0	0	0	0	0
802	G	0	0	0	0	0	0	0
803	E	0	0	0	0	0	0	0
804	Q	0	0	0	0	0	0	0
805	G	0	0	0	0	0	0	0
806	S	0	0	0	0	0	0	0
807	M	0	0	0	0	0	0	0
808	P	0	0	0	0	0	0	0
809	S	Phosphoserine	GEQGSMPSERSECRL	CCCCCCCCCCCCHHC	0	0	0	0
810	E	0	0	0	0	0	0	0
811	R	0	0	0	0	0	0	0
812	S	Phosphoserine	GSMPSERSECRLEAD	CCCCCCCCCHHCCCC	0	0	0	0
813	E	0	0	0	0	0	0	0
814	C	0	0	0	0	0	0	0
815	R	0	0	0	0	0	0	0
816	L	0	0	0	0	0	0	0
817	E	0	0	0	0	0	0	0
818	A	0	0	0	0	0	0	0
819	D	0	0	0	0	0	0	0
820	Q	0	0	0	0	0	0	0
821	S	Phosphoserine	CRLEADQSPKNSAIL	HHCCCCCCCCCHHHH	0	0	0	0
822	P	0	0	0	0	0	0	0
823	K	Ubiquitinlysine	LEADQSPKNSAILQN	CCCCCCCCCHHHHHH	0	0	0	0
824	N	0	0	0	0	0	0	0
825	S	Phosphoserine	ADQSPKNSAILQNRV	CCCCCCCHHHHHHHH	0	0	0	0
826	A	0	0	0	0	0	0	0
827	I	0	0	0	0	0	0	0
828	L	0	0	0	0	0	0	0
829	Q	0	0	0	0	0	0	0
830	N	0	0	0	0	0	0	0
831	R	0	0	0	0	0	0	0
832	V	0	0	0	0	0	0	0
833	D	0	0	0	0	0	0	0
834	S	Phosphoserine	ILQNRVDSLEFSLES	HHHHHHHHHHHHHHH	0	0	0	0
835	L	0	0	0	0	0	0	0
836	E	0	0	0	0	0	0	0
837	F	0	0	0	0	0	0	0
838	S	Phosphoserine	RVDSLEFSLESQKQM	HHHHHHHHHHHHHHH	0	0	0	0
839	L	0	0	0	0	0	0	0
840	E	0	0	0	0	0	0	0
841	S	0	0	0	0	0	0	0
842	Q	0	0	0	0	0	0	0
843	K	0	0	0	0	0	0	0
844	Q	0	0	0	0	0	0	0
845	M	0	0	0	0	0	0	0
846	N	0	0	0	0	0	0	0
847	S	0	0	0	0	0	0	0
848	D	0	0	0	0	0	0	0
849	L	0	0	0	0	0	0	0
850	Q	0	0	0	0	0	0	0
851	K	0	0	0	0	0	0	0
852	Q	0	0	0	0	0	0	0
853	C	0	0	0	0	0	0	0
854	E	0	0	0	0	0	0	0
855	E	0	0	0	0	0	0	0
856	L	0	0	0	0	0	0	0
857	V	0	0	0	0	0	0	0
858	Q	0	0	0	0	0	0	0
859	I	0	0	0	0	0	0	0
860	K	0	0	0	0	0	0	0
861	G	0	0	0	0	0	0	0
862	E	0	0	0	0	0	0	0
863	I	0	0	0	0	0	0	0
864	E	0	0	0	0	0	0	0
865	E	0	0	0	0	0	0	0
866	N	0	0	0	0	0	0	0
867	L	0	0	0	0	0	0	0
868	M	0	0	0	0	0	0	0
869	K	0	0	0	0	0	0	0
870	A	0	0	0	0	0	0	0
871	E	0	0	0	0	0	0	0
872	Q	0	0	0	0	0	0	0
873	M	0	0	0	0	0	0	0
874	H	0	0	0	0	0	0	0
875	Q	0	0	0	0	0	0	0
876	S	Phosphoserine	KAEQMHQSFVAETSQ	HHHHHHHHHHHHHHH	0	0	0	0
877	F	0	0	0	0	0	0	0
878	V	0	0	0	0	0	0	0
879	A	0	0	0	0	0	0	0
880	E	0	0	0	0	0	0	0
881	T	0	0	0	0	0	0	0
882	S	0	0	0	0	0	0	0
883	Q	0	0	0	0	0	0	0
884	R	0	0	0	0	0	0	0
885	I	0	0	0	0	0	0	0
886	S	0	0	0	0	0	0	0
887	K	0	0	0	0	0	0	0
888	L	0	0	0	0	0	0	0
889	Q	0	0	0	0	0	0	0
890	E	0	0	0	0	0	0	0
891	D	0	0	0	0	0	0	0
892	T	0	0	0	0	0	0	0
893	S	0	0	0	0	0	0	0
894	A	0	0	0	0	0	0	0
895	H	0	0	0	0	0	0	0
896	Q	0	0	0	0	0	0	0
897	N	0	0	0	0	0	0	0
898	V	0	0	0	0	0	0	0
899	V	0	0	0	0	0	0	0
900	A	0	0	0	0	0	0	0
901	E	0	0	0	0	0	0	0
902	T	0	0	0	0	0	0	0
903	L	0	0	0	0	0	0	0
904	S	0	0	0	0	0	0	0
905	A	0	0	0	0	0	0	0
906	L	0	0	0	0	0	0	0
907	E	0	0	0	0	0	0	0
908	N	0	0	0	0	0	0	0
909	K	0	0	0	0	0	0	0
910	E	0	0	0	0	0	0	0
911	K	Ubiquitinlysine	SALENKEKELQLLND	HHHHCHHHHHHHHHH	0	0	0	0
912	E	0	0	0	0	0	0	0
913	L	0	0	0	0	0	0	0
914	Q	0	0	0	0	0	0	0
915	L	0	0	0	0	0	0	0
916	L	0	0	0	0	0	0	0
917	N	0	0	0	0	0	0	0
918	D	0	0	0	0	0	0	0
919	K	Ubiquitinlysine	ELQLLNDKVETEQAE	HHHHHHHHHHHHHHH	0	0	0	0
920	V	0	0	0	0	0	0	0
921	E	0	0	0	0	0	0	0
922	T	0	0	0	0	0	0	0
923	E	0	0	0	0	0	0	0
924	Q	0	0	0	0	0	0	0
925	A	0	0	0	0	0	0	0
926	E	0	0	0	0	0	0	0
927	I	0	0	0	0	0	0	0
928	Q	0	0	0	0	0	0	0
929	E	0	0	0	0	0	0	0
930	L	0	0	0	0	0	0	0
931	K	0	0	0	0	0	0	0
932	K	0	0	0	0	0	0	0
933	S	Phosphoserine	EIQELKKSNHLLEDS	HHHHHHHCCCCHHHH	0	0	0	0
934	N	0	0	0	0	0	0	0
935	H	0	0	0	0	0	0	0
936	L	0	0	0	0	0	0	0
937	L	0	0	0	0	0	0	0
938	E	0	0	0	0	0	0	0
939	D	0	0	0	0	0	0	0
940	S	Phosphoserine	SNHLLEDSLKELQLL	CCCCHHHHHHHHHHH	0	0	0	0
941	L	0	0	0	0	0	0	0
942	K	0	0	0	0	0	0	0
943	E	0	0	0	0	0	0	0
944	L	0	0	0	0	0	0	0
945	Q	0	0	0	0	0	0	0
946	L	0	0	0	0	0	0	0
947	L	0	0	0	0	0	0	0
948	S	0	0	0	0	0	0	0
949	E	0	0	0	0	0	0	0
950	T	0	0	0	0	0	0	0
951	L	0	0	0	0	0	0	0
952	S	0	0	0	0	0	0	0
953	L	0	0	0	0	0	0	0
954	E	0	0	0	0	0	0	0
955	K	0	0	0	0	0	0	0
956	K	Ubiquitinlysine	ETLSLEKKEMSSIIS	HHHCCCHHHHHHHHC	0	0	0	0
957	E	0	0	0	0	0	0	0
958	M	0	0	0	0	0	0	0
959	S	0	0	0	0	0	0	0
960	S	0	0	0	0	0	0	0
961	I	0	0	0	0	0	0	0
962	I	0	0	0	0	0	0	0
963	S	Phosphoserine	KEMSSIISLNKREIE	HHHHHHHCCCHHHHH	0	0	0	0
964	L	0	0	0	0	0	0	0
965	N	0	0	0	0	0	0	0
966	K	0	0	0	0	0	0	0
967	R	0	0	0	0	0	0	0
968	E	0	0	0	0	0	0	0
969	I	0	0	0	0	0	0	0
970	E	0	0	0	0	0	0	0
971	E	0	0	0	0	0	0	0
972	L	0	0	0	0	0	0	0
973	T	Phosphothreonine	KREIEELTQENGTLK	HHHHHHHHHHCCCHH	0	0	0	0
974	Q	0	0	0	0	0	0	0
975	E	0	0	0	0	0	0	0
976	N	0	0	0	0	0	0	0
977	G	0	0	0	0	0	0	0
978	T	0	0	0	0	0	0	0
979	L	0	0	0	0	0	0	0
980	K	0	0	0	0	0	0	0
981	E	0	0	0	0	0	0	0
982	I	0	0	0	0	0	0	0
983	N	0	0	0	0	0	0	0
984	A	0	0	0	0	0	0	0
985	S	Phosphoserine	TLKEINASLNQEKMN	CHHHHHHHCCHHHHH	0	0	0	0
986	L	0	0	0	0	0	0	0
987	N	0	0	0	0	0	0	0
988	Q	0	0	0	0	0	0	0
989	E	0	0	0	0	0	0	0
990	K	0	0	0	0	0	0	0
991	M	0	0	0	0	0	0	0
992	N	0	0	0	0	0	0	0
993	L	0	0	0	0	0	0	0
994	I	0	0	0	0	0	0	0
995	Q	0	0	0	0	0	0	0
996	K	0	0	0	0	0	0	0
997	S	0	0	0	0	0	0	0
998	E	0	0	0	0	0	0	0
999	S	0	0	0	0	0	0	0
1000	F	0	0	0	0	0	0	0
1001	A	0	0	0	0	0	0	0
1002	N	0	0	0	0	0	0	0
1003	Y	0	0	0	0	0	0	0
1004	I	0	0	0	0	0	0	0
1005	D	0	0	0	0	0	0	0
1006	E	0	0	0	0	0	0	0
1007	R	0	0	0	0	0	0	0
1008	E	0	0	0	0	0	0	0
1009	K	0	0	0	0	0	0	0
1010	S	Phosphoserine	YIDEREKSISELSDQ	HHHHHHHHHHHHHHH	0	0	0	0
1011	I	0	0	0	0	0	0	0
1012	S	Phosphoserine	DEREKSISELSDQYK	HHHHHHHHHHHHHHH	0	0	0	0
1013	E	0	0	0	0	0	0	0
1014	L	0	0	0	0	0	0	0
1015	S	0	0	0	0	0	0	0
1016	D	0	0	0	0	0	0	0
1017	Q	0	0	0	0	0	0	0
1018	Y	0	0	0	0	0	0	0
1019	K	0	0	0	0	0	0	0
1020	Q	0	0	0	0	0	0	0
1021	E	0	0	0	0	0	0	0
1022	K	Ubiquitinlysine	SDQYKQEKLILLQRC	HHHHHHHHHHHHHHH	0	0	0	0
1023	L	0	0	0	0	0	0	0
1024	I	0	0	0	0	0	0	0
1025	L	0	0	0	0	0	0	0
1026	L	0	0	0	0	0	0	0
1027	Q	0	0	0	0	0	0	0
1028	R	0	0	0	0	0	0	0
1029	C	0	0	0	0	0	0	0
1030	E	0	0	0	0	0	0	0
1031	E	0	0	0	0	0	0	0
1032	T	0	0	0	0	0	0	0
1033	G	0	0	0	0	0	0	0
1034	N	0	0	0	0	0	0	0
1035	A	0	0	0	0	0	0	0
1036	Y	0	0	0	0	0	0	0
1037	E	0	0	0	0	0	0	0
1038	D	0	0	0	0	0	0	0
1039	L	0	0	0	0	0	0	0
1040	S	0	0	0	0	0	0	0
1041	Q	0	0	0	0	0	0	0
1042	K	0	0	0	0	0	0	0
1043	Y	0	0	0	0	0	0	0
1044	K	0	0	0	0	0	0	0
1045	A	0	0	0	0	0	0	0
1046	A	0	0	0	0	0	0	0
1047	Q	0	0	0	0	0	0	0
1048	E	0	0	0	0	0	0	0
1049	K	0	0	0	0	0	0	0
1050	N	0	0	0	0	0	0	0
1051	S	0	0	0	0	0	0	0
1052	K	0	0	0	0	0	0	0
1053	L	0	0	0	0	0	0	0
1054	E	0	0	0	0	0	0	0
1055	C	0	0	0	0	0	0	0
1056	L	0	0	0	0	0	0	0
1057	L	0	0	0	0	0	0	0
1058	N	0	0	0	0	0	0	0
1059	E	0	0	0	0	0	0	0
1060	C	0	0	0	0	0	0	0
1061	T	0	0	0	0	0	0	0
1062	S	0	0	0	0	0	0	0
1063	L	0	0	0	0	0	0	0
1064	C	0	0	0	0	0	0	0
1065	E	0	0	0	0	0	0	0
1066	N	0	0	0	0	0	0	0
1067	R	0	0	0	0	0	0	0
1068	K	0	0	0	0	0	0	0
1069	N	0	0	0	0	0	0	0
1070	E	0	0	0	0	0	0	0
1071	L	0	0	0	0	0	0	0
1072	E	0	0	0	0	0	0	0
1073	Q	0	0	0	0	0	0	0
1074	L	0	0	0	0	0	0	0
1075	K	N6-acetyllysine	KNELEQLKEAFAKEH	HHHHHHHHHHHHHHH	0	0	0	0
1076	E	0	0	0	0	0	0	0
1077	A	0	0	0	0	0	0	0
1078	F	0	0	0	0	0	0	0
1079	A	0	0	0	0	0	0	0
1080	K	0	0	0	0	0	0	0
1081	E	0	0	0	0	0	0	0
1082	H	0	0	0	0	0	0	0
1083	Q	0	0	0	0	0	0	0
1084	E	0	0	0	0	0	0	0
1085	F	0	0	0	0	0	0	0
1086	L	0	0	0	0	0	0	0
1087	T	0	0	0	0	0	0	0
1088	K	Ubiquitinlysine	EHQEFLTKLAFAEER	HHHHHHHHHHHHHHH	0	0	0	0
1089	L	0	0	0	0	0	0	0
1090	A	0	0	0	0	0	0	0
1091	F	0	0	0	0	0	0	0
1092	A	0	0	0	0	0	0	0
1093	E	0	0	0	0	0	0	0
1094	E	0	0	0	0	0	0	0
1095	R	0	0	0	0	0	0	0
1096	N	0	0	0	0	0	0	0
1097	Q	0	0	0	0	0	0	0
1098	N	0	0	0	0	0	0	0
1099	L	0	0	0	0	0	0	0
1100	M	0	0	0	0	0	0	0
1101	L	0	0	0	0	0	0	0
1102	E	0	0	0	0	0	0	0
1103	L	0	0	0	0	0	0	0
1104	E	0	0	0	0	0	0	0
1105	T	0	0	0	0	0	0	0
1106	V	0	0	0	0	0	0	0
1107	Q	0	0	0	0	0	0	0
1108	Q	0	0	0	0	0	0	0
1109	A	0	0	0	0	0	0	0
1110	L	0	0	0	0	0	0	0
1111	R	0	0	0	0	0	0	0
1112	S	0	0	0	0	0	0	0
1113	E	0	0	0	0	0	0	0
1114	M	0	0	0	0	0	0	0
1115	T	0	0	0	0	0	0	0
1116	D	0	0	0	0	0	0	0
1117	N	0	0	0	0	0	0	0
1118	Q	0	0	0	0	0	0	0
1119	N	0	0	0	0	0	0	0
1120	N	0	0	0	0	0	0	0
1121	S	Phosphoserine	MTDNQNNSKSEAGGL	CCCCCCCCCHHCCHH	0	0	0	0
1122	K	0	0	0	0	0	0	0
1123	S	0	0	0	0	0	0	0
1124	E	0	0	0	0	0	0	0
1125	A	0	0	0	0	0	0	0
1126	G	0	0	0	0	0	0	0
1127	G	0	0	0	0	0	0	0
1128	L	0	0	0	0	0	0	0
1129	K	0	0	0	0	0	0	0
1130	Q	0	0	0	0	0	0	0
1131	E	0	0	0	0	0	0	0
1132	I	0	0	0	0	0	0	0
1133	M	0	0	0	0	0	0	0
1134	T	0	0	0	0	0	0	0
1135	L	0	0	0	0	0	0	0
1136	K	Ubiquitinlysine	KQEIMTLKEEQNKMQ	HHHHHHHHHHHHHHH	0	0	0	0
1137	E	0	0	0	0	0	0	0
1138	E	0	0	0	0	0	0	0
1139	Q	0	0	0	0	0	0	0
1140	N	0	0	0	0	0	0	0
1141	K	0	0	0	0	0	0	0
1142	M	0	0	0	0	0	0	0
1143	Q	0	0	0	0	0	0	0
1144	K	0	0	0	0	0	0	0
1145	E	0	0	0	0	0	0	0
1146	V	0	0	0	0	0	0	0
1147	N	0	0	0	0	0	0	0
1148	D	0	0	0	0	0	0	0
1149	L	0	0	0	0	0	0	0
1150	L	0	0	0	0	0	0	0
1151	Q	0	0	0	0	0	0	0
1152	E	0	0	0	0	0	0	0
1153	N	0	0	0	0	0	0	0
1154	E	0	0	0	0	0	0	0
1155	Q	0	0	0	0	0	0	0
1156	L	0	0	0	0	0	0	0
1157	M	0	0	0	0	0	0	0
1158	K	0	0	0	0	0	0	0
1159	V	0	0	0	0	0	0	0
1160	M	0	0	0	0	0	0	0
1161	K	0	0	0	0	0	0	0
1162	T	0	0	0	0	0	0	0
1163	K	N6-acetyllysine	LMKVMKTKHECQNLE	HHHHHHCHHHHHCCC	0	0	0	0
1164	H	0	0	0	0	0	0	0
1165	E	0	0	0	0	0	0	0
1166	C	0	0	0	0	0	0	0
1167	Q	0	0	0	0	0	0	0
1168	N	0	0	0	0	0	0	0
1169	L	0	0	0	0	0	0	0
1170	E	0	0	0	0	0	0	0
1171	S	0	0	0	0	0	0	0
1172	E	0	0	0	0	0	0	0
1173	P	0	0	0	0	0	0	0
1174	I	0	0	0	0	0	0	0
1175	R	0	0	0	0	0	0	0
1176	N	0	0	0	0	0	0	0
1177	S	0	0	0	0	0	0	0
1178	V	0	0	0	0	0	0	0
1179	K	0	0	0	0	0	0	0
1180	E	0	0	0	0	0	0	0
1181	R	0	0	0	0	0	0	0
1182	E	0	0	0	0	0	0	0
1183	S	0	0	0	0	0	0	0
1184	E	0	0	0	0	0	0	0
1185	R	0	0	0	0	0	0	0
1186	N	0	0	0	0	0	0	0
1187	Q	0	0	0	0	0	0	0
1188	C	0	0	0	0	0	0	0
1189	N	0	0	0	0	0	0	0
1190	F	0	0	0	0	0	0	0
1191	K	N6-acetyllysine	ERNQCNFKPQMDLEV	HHHCCCCCCCCCCEE	0	0	0	0
1192	P	0	0	0	0	0	0	0
1193	Q	0	0	0	0	0	0	0
1194	M	0	0	0	0	0	0	0
1195	D	0	0	0	0	0	0	0
1196	L	0	0	0	0	0	0	0
1197	E	0	0	0	0	0	0	0
1198	V	0	0	0	0	0	0	0
1199	K	0	0	0	0	0	0	0
1200	E	0	0	0	0	0	0	0
1201	I	0	0	0	0	0	0	0
1202	S	0	0	0	0	0	0	0
1203	L	0	0	0	0	0	0	0
1204	D	0	0	0	0	0	0	0
1205	S	0	0	0	0	0	0	0
1206	Y	0	0	0	0	0	0	0
1207	N	0	0	0	0	0	0	0
1208	A	0	0	0	0	0	0	0
1209	Q	0	0	0	0	0	0	0
1210	L	0	0	0	0	0	0	0
1211	V	0	0	0	0	0	0	0
1212	Q	0	0	0	0	0	0	0
1213	L	0	0	0	0	0	0	0
1214	E	0	0	0	0	0	0	0
1215	A	0	0	0	0	0	0	0
1216	M	0	0	0	0	0	0	0
1217	L	0	0	0	0	0	0	0
1218	R	0	0	0	0	0	0	0
1219	N	0	0	0	0	0	0	0
1220	K	0	0	0	0	0	0	0
1221	E	0	0	0	0	0	0	0
1222	L	0	0	0	0	0	0	0
1223	K	0	0	0	0	0	0	0
1224	L	0	0	0	0	0	0	0
1225	Q	0	0	0	0	0	0	0
1226	E	0	0	0	0	0	0	0
1227	S	0	0	0	0	0	0	0
1228	E	0	0	0	0	0	0	0
1229	K	0	0	0	0	0	0	0
1230	E	0	0	0	0	0	0	0
1231	K	0	0	0	0	0	0	0
1232	E	0	0	0	0	0	0	0
1233	C	0	0	0	0	0	0	0
1234	L	0	0	0	0	0	0	0
1235	Q	0	0	0	0	0	0	0
1236	H	0	0	0	0	0	0	0
1237	E	0	0	0	0	0	0	0
1238	L	0	0	0	0	0	0	0
1239	Q	0	0	0	0	0	0	0
1240	T	0	0	0	0	0	0	0
1241	I	0	0	0	0	0	0	0
1242	R	0	0	0	0	0	0	0
1243	G	0	0	0	0	0	0	0
1244	D	0	0	0	0	0	0	0
1245	L	0	0	0	0	0	0	0
1246	E	0	0	0	0	0	0	0
1247	T	Phosphothreonine	TIRGDLETSNLQDMQ	HHHHCHHHCCHHHHH	0	0	0	0
1248	S	Phosphoserine	IRGDLETSNLQDMQS	HHHCHHHCCHHHHHH	0	0	0	0
1249	N	0	0	0	0	0	0	0
1250	L	0	0	0	0	0	0	0
1251	Q	0	0	0	0	0	0	0
1252	D	0	0	0	0	0	0	0
1253	M	0	0	0	0	0	0	0
1254	Q	0	0	0	0	0	0	0
1255	S	Phosphoserine	SNLQDMQSQEISGLK	CCHHHHHHHCCCCCC	0	0	0	0
1256	Q	0	0	0	0	0	0	0
1257	E	0	0	0	0	0	0	0
1258	I	0	0	0	0	0	0	0
1259	S	Phosphoserine	DMQSQEISGLKDCEI	HHHHHCCCCCCCCCC	0	0	0	0
1260	G	0	0	0	0	0	0	0
1261	L	0	0	0	0	0	0	0
1262	K	0	0	0	0	0	0	0
1263	D	0	0	0	0	0	0	0
1264	C	0	0	0	0	0	0	0
1265	E	0	0	0	0	0	0	0
1266	I	0	0	0	0	0	0	0
1267	D	0	0	0	0	0	0	0
1268	A	0	0	0	0	0	0	0
1269	E	0	0	0	0	0	0	0
1270	E	0	0	0	0	0	0	0
1271	K	0	0	0	0	0	0	0
1272	Y	0	0	0	0	0	0	0
1273	I	0	0	0	0	0	0	0
1274	S	Phosphoserine	DAEEKYISGPHELST	CHHHHCCCCCCCCCC	0	0	0	0
1275	G	0	0	0	0	0	0	0
1276	P	0	0	0	0	0	0	0
1277	H	0	0	0	0	0	0	0
1278	E	0	0	0	0	0	0	0
1279	L	0	0	0	0	0	0	0
1280	S	Phosphoserine	ISGPHELSTSQNDNA	CCCCCCCCCCCCCCH	0	0	0	0
1281	T	Phosphothreonine	SGPHELSTSQNDNAH	CCCCCCCCCCCCCHH	0	0	0	0
1282	S	Phosphoserine	GPHELSTSQNDNAHL	CCCCCCCCCCCCHHH	0	0	0	0
1283	Q	0	0	0	0	0	0	0
1284	N	0	0	0	0	0	0	0
1285	D	0	0	0	0	0	0	0
1286	N	0	0	0	0	0	0	0
1287	A	0	0	0	0	0	0	0
1288	H	0	0	0	0	0	0	0
1289	L	0	0	0	0	0	0	0
1290	Q	0	0	0	0	0	0	0
1291	C	0	0	0	0	0	0	0
1292	S	0	0	0	0	0	0	0
1293	L	0	0	0	0	0	0	0
1294	Q	0	0	0	0	0	0	0
1295	T	0	0	0	0	0	0	0
1296	T	0	0	0	0	0	0	0
1297	M	0	0	0	0	0	0	0
1298	N	0	0	0	0	0	0	0
1299	K	N6-acetyllysine	SLQTTMNKLNELEKI	HHHHHHHHHHHHHHH	0	0	0	0
1300	L	0	0	0	0	0	0	0
1301	N	0	0	0	0	0	0	0
1302	E	0	0	0	0	0	0	0
1303	L	0	0	0	0	0	0	0
1304	E	0	0	0	0	0	0	0
1305	K	0	0	0	0	0	0	0
1306	I	0	0	0	0	0	0	0
1307	C	0	0	0	0	0	0	0
1308	E	0	0	0	0	0	0	0
1309	I	0	0	0	0	0	0	0
1310	L	0	0	0	0	0	0	0
1311	Q	0	0	0	0	0	0	0
1312	A	0	0	0	0	0	0	0
1313	E	0	0	0	0	0	0	0
1314	K	0	0	0	0	0	0	0
1315	Y	Phosphotyrosine	EILQAEKYELVTELN	HHHHHHHHHHHHHCC	0	0	0	0
1316	E	0	0	0	0	0	0	0
1317	L	0	0	0	0	0	0	0
1318	V	0	0	0	0	0	0	0
1319	T	Phosphothreonine	AEKYELVTELNDSRS	HHHHHHHHHCCCCHH	0	0	0	0
1320	E	0	0	0	0	0	0	0
1321	L	0	0	0	0	0	0	0
1322	N	0	0	0	0	0	0	0
1323	D	0	0	0	0	0	0	0
1324	S	Phosphoserine	LVTELNDSRSECITA	HHHHCCCCHHHHHHH	0	0	0	0
1325	R	0	0	0	0	0	0	0
1326	S	Phosphoserine	TELNDSRSECITATR	HHCCCCHHHHHHHHH	0	0	0	0
1327	E	0	0	0	0	0	0	0
1328	C	0	0	0	0	0	0	0
1329	I	0	0	0	0	0	0	0
1330	T	0	0	0	0	0	0	0
1331	A	0	0	0	0	0	0	0
1332	T	0	0	0	0	0	0	0
1333	R	0	0	0	0	0	0	0
1334	K	Ubiquitinlysine	ECITATRKMAEEVGK	HHHHHHHHHHHHHHH	0	0	0	0
1335	M	0	0	0	0	0	0	0
1336	A	0	0	0	0	0	0	0
1337	E	0	0	0	0	0	0	0
1338	E	0	0	0	0	0	0	0
1339	V	0	0	0	0	0	0	0
1340	G	0	0	0	0	0	0	0
1341	K	Ubiquitinlysine	KMAEEVGKLLNEVKI	HHHHHHHHHHHHHEE	0	0	0	0
1342	L	0	0	0	0	0	0	0
1343	L	0	0	0	0	0	0	0
1344	N	0	0	0	0	0	0	0
1345	E	0	0	0	0	0	0	0
1346	V	0	0	0	0	0	0	0
1347	K	0	0	0	0	0	0	0
1348	I	0	0	0	0	0	0	0
1349	L	0	0	0	0	0	0	0
1350	N	0	0	0	0	0	0	0
1351	D	0	0	0	0	0	0	0
1352	D	0	0	0	0	0	0	0
1353	S	Phosphoserine	VKILNDDSGLLHGEL	HEEECCCCCCCCCEE	0	0	0	0
1354	G	0	0	0	0	0	0	0
1355	L	0	0	0	0	0	0	0
1356	L	0	0	0	0	0	0	0
1357	H	0	0	0	0	0	0	0
1358	G	0	0	0	0	0	0	0
1359	E	0	0	0	0	0	0	0
1360	L	0	0	0	0	0	0	0
1361	V	0	0	0	0	0	0	0
1362	E	0	0	0	0	0	0	0
1363	D	0	0	0	0	0	0	0
1364	I	0	0	0	0	0	0	0
1365	P	0	0	0	0	0	0	0
1366	G	0	0	0	0	0	0	0
1367	G	0	0	0	0	0	0	0
1368	E	0	0	0	0	0	0	0
1369	F	0	0	0	0	0	0	0
1370	G	0	0	0	0	0	0	0
1371	E	0	0	0	0	0	0	0
1372	Q	0	0	0	0	0	0	0
1373	P	0	0	0	0	0	0	0
1374	N	0	0	0	0	0	0	0
1375	E	0	0	0	0	0	0	0
1376	Q	0	0	0	0	0	0	0
1377	H	0	0	0	0	0	0	0
1378	P	0	0	0	0	0	0	0
1379	V	0	0	0	0	0	0	0
1380	S	0	0	0	0	0	0	0
1381	L	0	0	0	0	0	0	0
1382	A	0	0	0	0	0	0	0
1383	P	0	0	0	0	0	0	0
1384	L	0	0	0	0	0	0	0
1385	D	0	0	0	0	0	0	0
1386	E	0	0	0	0	0	0	0
1387	S	Phosphoserine	SLAPLDESNSYEHLT	CCCCCCCCCCCCCCC	0	0	0	0
1388	N	0	0	0	0	0	0	0
1389	S	0	0	0	0	0	0	0
1390	Y	0	0	0	0	0	0	0
1391	E	0	0	0	0	0	0	0
1392	H	0	0	0	0	0	0	0
1393	L	0	0	0	0	0	0	0
1394	T	0	0	0	0	0	0	0
1395	L	0	0	0	0	0	0	0
1396	S	0	0	0	0	0	0	0
1397	D	0	0	0	0	0	0	0
1398	K	0	0	0	0	0	0	0
1399	E	0	0	0	0	0	0	0
1400	V	0	0	0	0	0	0	0
1401	Q	0	0	0	0	0	0	0
1402	M	0	0	0	0	0	0	0
1403	H	0	0	0	0	0	0	0
1404	F	0	0	0	0	0	0	0
1405	A	0	0	0	0	0	0	0
1406	E	0	0	0	0	0	0	0
1407	L	0	0	0	0	0	0	0
1408	Q	0	0	0	0	0	0	0
1409	E	0	0	0	0	0	0	0
1410	K	Ubiquitinlysine	HFAELQEKFLSLQSE	HHHHHHHHHHHCHHH	0	0	0	0
1411	F	0	0	0	0	0	0	0
1412	L	0	0	0	0	0	0	0
1413	S	0	0	0	0	0	0	0
1414	L	0	0	0	0	0	0	0
1415	Q	0	0	0	0	0	0	0
1416	S	Phosphoserine	EKFLSLQSEHKILHD	HHHHHCHHHHHHHHH	0	0	0	0
1417	E	0	0	0	0	0	0	0
1418	H	0	0	0	0	0	0	0
1419	K	0	0	0	0	0	0	0
1420	I	0	0	0	0	0	0	0
1421	L	0	0	0	0	0	0	0
1422	H	0	0	0	0	0	0	0
1423	D	0	0	0	0	0	0	0
1424	Q	0	0	0	0	0	0	0
1425	H	0	0	0	0	0	0	0
1426	C	0	0	0	0	0	0	0
1427	Q	0	0	0	0	0	0	0
1428	M	0	0	0	0	0	0	0
1429	S	0	0	0	0	0	0	0
1430	S	0	0	0	0	0	0	0
1431	K	0	0	0	0	0	0	0
1432	M	0	0	0	0	0	0	0
1433	S	0	0	0	0	0	0	0
1434	E	0	0	0	0	0	0	0
1435	L	0	0	0	0	0	0	0
1436	Q	0	0	0	0	0	0	0
1437	T	0	0	0	0	0	0	0
1438	Y	0	0	0	0	0	0	0
1439	V	0	0	0	0	0	0	0
1440	D	0	0	0	0	0	0	0
1441	S	0	0	0	0	0	0	0
1442	L	0	0	0	0	0	0	0
1443	K	0	0	0	0	0	0	0
1444	A	0	0	0	0	0	0	0
1445	E	0	0	0	0	0	0	0
1446	N	0	0	0	0	0	0	0
1447	L	0	0	0	0	0	0	0
1448	V	0	0	0	0	0	0	0
1449	L	0	0	0	0	0	0	0
1450	S	0	0	0	0	0	0	0
1451	T	0	0	0	0	0	0	0
1452	N	0	0	0	0	0	0	0
1453	L	0	0	0	0	0	0	0
1454	R	0	0	0	0	0	0	0
1455	N	0	0	0	0	0	0	0
1456	F	0	0	0	0	0	0	0
1457	Q	0	0	0	0	0	0	0
1458	G	0	0	0	0	0	0	0
1459	D	0	0	0	0	0	0	0
1460	L	0	0	0	0	0	0	0
1461	V	0	0	0	0	0	0	0
1462	K	0	0	0	0	0	0	0
1463	E	0	0	0	0	0	0	0
1464	M	0	0	0	0	0	0	0
1465	Q	0	0	0	0	0	0	0
1466	L	0	0	0	0	0	0	0
1467	G	0	0	0	0	0	0	0
1468	L	0	0	0	0	0	0	0
1469	E	0	0	0	0	0	0	0
1470	E	0	0	0	0	0	0	0
1471	G	0	0	0	0	0	0	0
1472	L	0	0	0	0	0	0	0
1473	V	0	0	0	0	0	0	0
1474	P	0	0	0	0	0	0	0
1475	S	0	0	0	0	0	0	0
1476	L	0	0	0	0	0	0	0
1477	S	0	0	0	0	0	0	0
1478	S	0	0	0	0	0	0	0
1479	S	0	0	0	0	0	0	0
1480	C	0	0	0	0	0	0	0
1481	V	0	0	0	0	0	0	0
1482	P	0	0	0	0	0	0	0
1483	D	0	0	0	0	0	0	0
1484	S	0	0	0	0	0	0	0
1485	S	0	0	0	0	0	0	0
1486	S	Phosphoserine	SCVPDSSSLSSLGDS	CCCCCCCCCHHCCCH	0	0	0	0
1487	L	0	0	0	0	0	0	0
1488	S	0	0	0	0	0	0	0
1489	S	0	0	0	0	0	0	0
1490	L	0	0	0	0	0	0	0
1491	G	0	0	0	0	0	0	0
1492	D	0	0	0	0	0	0	0
1493	S	0	0	0	0	0	0	0
1494	S	Phosphoserine	LSSLGDSSFYRALLE	CHHCCCHHHHHHHHH	0	0	0	0
1495	F	0	0	0	0	0	0	0
1496	Y	0	0	0	0	0	0	0
1497	R	0	0	0	0	0	0	0
1498	A	0	0	0	0	0	0	0
1499	L	0	0	0	0	0	0	0
1500	L	0	0	0	0	0	0	0
1501	E	0	0	0	0	0	0	0
1502	Q	0	0	0	0	0	0	0
1503	T	0	0	0	0	0	0	0
1504	G	0	0	0	0	0	0	0
1505	D	0	0	0	0	0	0	0
1506	M	0	0	0	0	0	0	0
1507	S	0	0	0	0	0	0	0
1508	L	0	0	0	0	0	0	0
1509	L	0	0	0	0	0	0	0
1510	S	Phosphoserine	TGDMSLLSNLEGAVS	HCCCHHHHCCCCCCC	0	0	0	0
1511	N	0	0	0	0	0	0	0
1512	L	0	0	0	0	0	0	0
1513	E	0	0	0	0	0	0	0
1514	G	0	0	0	0	0	0	0
1515	A	0	0	0	0	0	0	0
1516	V	0	0	0	0	0	0	0
1517	S	0	0	0	0	0	0	0
1518	A	0	0	0	0	0	0	0
1519	N	0	0	0	0	0	0	0
1520	Q	0	0	0	0	0	0	0
1521	C	0	0	0	0	0	0	0
1522	S	0	0	0	0	0	0	0
1523	V	0	0	0	0	0	0	0
1524	D	0	0	0	0	0	0	0
1525	E	0	0	0	0	0	0	0
1526	V	0	0	0	0	0	0	0
1527	F	0	0	0	0	0	0	0
1528	C	0	0	0	0	0	0	0
1529	S	0	0	0	0	0	0	0
1530	S	0	0	0	0	0	0	0
1531	L	0	0	0	0	0	0	0
1532	Q	0	0	0	0	0	0	0
1533	T	0	0	0	0	0	0	0
1534	Y	0	0	0	0	0	0	0
1535	V	0	0	0	0	0	0	0
1536	D	0	0	0	0	0	0	0
1537	S	0	0	0	0	0	0	0
1538	L	0	0	0	0	0	0	0
1539	K	0	0	0	0	0	0	0
1540	A	0	0	0	0	0	0	0
1541	E	Phosphothreonine	YVDSLKAENLVLSTN	HHHHHHHHCCEEECC	0	0	0	0
1542	N	0	0	0	0	0	0	0
1543	L	0	0	0	0	0	0	0
1544	V	0	0	0	0	0	0	0
1545	L	0	0	0	0	0	0	0
1546	S	0	0	0	0	0	0	0
1547	T	0	0	0	0	0	0	0
1548	N	0	0	0	0	0	0	0
1549	L	0	0	0	0	0	0	0
1550	R	0	0	0	0	0	0	0
1551	N	0	0	0	0	0	0	0
1552	F	0	0	0	0	0	0	0
1553	Q	0	0	0	0	0	0	0
1554	G	0	0	0	0	0	0	0
1555	D	0	0	0	0	0	0	0
1556	L	0	0	0	0	0	0	0
1557	V	0	0	0	0	0	0	0
1558	K	0	0	0	0	0	0	0
1559	E	0	0	0	0	0	0	0
1560	M	0	0	0	0	0	0	0
1561	Q	0	0	0	0	0	0	0
1562	L	0	0	0	0	0	0	0
1563	G	0	0	0	0	0	0	0
1564	L	0	0	0	0	0	0	0
1565	E	0	0	0	0	0	0	0
1566	E	0	0	0	0	0	0	0
1567	G	0	0	0	0	0	0	0
1568	L	0	0	0	0	0	0	0
1569	V	0	0	0	0	0	0	0
1570	P	0	0	0	0	0	0	0
1571	S	0	0	0	0	0	0	0
1572	L	0	0	0	0	0	0	0
1573	S	0	0	0	0	0	0	0
1574	S	0	0	0	0	0	0	0
1575	S	0	0	0	0	0	0	0
1576	C	0	0	0	0	0	0	0
1577	V	0	0	0	0	0	0	0
1578	P	0	0	0	0	0	0	0
1579	D	0	0	0	0	0	0	0
1580	S	0	0	0	0	0	0	0
1581	S	0	0	0	0	0	0	0
1582	S	0	0	0	0	0	0	0
1583	L	0	0	0	0	0	0	0
1584	S	0	0	0	0	0	0	0
1585	S	0	0	0	0	0	0	0
1586	L	0	0	0	0	0	0	0
1587	G	0	0	0	0	0	0	0
1588	D	0	0	0	0	0	0	0
1589	S	0	0	0	0	0	0	0
1590	S	Phosphoserine	LSSLGDSSFYRALLE	CHHCCCHHHHHHHHH	0	0	0	0
1591	F	0	0	0	0	0	0	0
1592	Y	0	0	0	0	0	0	0
1593	R	0	0	0	0	0	0	0
1594	A	0	0	0	0	0	0	0
1595	L	0	0	0	0	0	0	0
1596	L	0	0	0	0	0	0	0
1597	E	0	0	0	0	0	0	0
1598	Q	0	0	0	0	0	0	0
1599	T	0	0	0	0	0	0	0
1600	G	0	0	0	0	0	0	0
1601	D	0	0	0	0	0	0	0
1602	M	0	0	0	0	0	0	0
1603	S	0	0	0	0	0	0	0
1604	L	0	0	0	0	0	0	0
1605	L	0	0	0	0	0	0	0
1606	S	Phosphoserine	TGDMSLLSNLEGVVS	HCCCHHHHCCCCCCC	0	0	0	0
1607	N	0	0	0	0	0	0	0
1608	L	0	0	0	0	0	0	0
1609	E	0	0	0	0	0	0	0
1610	G	0	0	0	0	0	0	0
1611	V	0	0	0	0	0	0	0
1612	V	0	0	0	0	0	0	0
1613	S	0	0	0	0	0	0	0
1614	A	0	0	0	0	0	0	0
1615	N	0	0	0	0	0	0	0
1616	Q	0	0	0	0	0	0	0
1617	C	0	0	0	0	0	0	0
1618	S	0	0	0	0	0	0	0
1619	V	0	0	0	0	0	0	0
1620	D	0	0	0	0	0	0	0
1621	E	0	0	0	0	0	0	0
1622	V	0	0	0	0	0	0	0
1623	F	0	0	0	0	0	0	0
1624	C	0	0	0	0	0	0	0
1625	S	0	0	0	0	0	0	0
1626	S	0	0	0	0	0	0	0
1627	L	0	0	0	0	0	0	0
1628	Q	0	0	0	0	0	0	0
1629	E	0	0	0	0	0	0	0
1630	E	0	0	0	0	0	0	0
1631	N	0	0	0	0	0	0	0
1632	L	0	0	0	0	0	0	0
1633	T	0	0	0	0	0	0	0
1634	R	0	0	0	0	0	0	0
1635	K	N6-acetyllysine	QEENLTRKETPSAPA	HHCCCCCCCCCCCCC	0	0	0	0
1636	E	0	0	0	0	0	0	0
1637	T	Phosphothreonine	ENLTRKETPSAPAKG	CCCCCCCCCCCCCCC	0	0	0	0
1638	P	0	0	0	0	0	0	0
1639	S	Phosphoserine	LTRKETPSAPAKGVE	CCCCCCCCCCCCCHH	0	0	0	0
1640	A	0	0	0	0	0	0	0
1641	P	0	0	0	0	0	0	0
1642	A	0	0	0	0	0	0	0
1643	K	N6-acetyllysine	ETPSAPAKGVEELES	CCCCCCCCCHHHHHH	0	0	0	0
1644	G	0	0	0	0	0	0	0
1645	V	0	0	0	0	0	0	0
1646	E	0	0	0	0	0	0	0
1647	E	0	0	0	0	0	0	0
1648	L	0	0	0	0	0	0	0
1649	E	0	0	0	0	0	0	0
1650	S	Phosphoserine	KGVEELESLCEVYRQ	CCHHHHHHHHHHHHH	0	0	0	0
1651	L	Phosphoserine	GVEELESLCEVYRQS	CHHHHHHHHHHHHHH	0	0	0	0
1652	C	Phosphoserine	VEELESLCEVYRQSL	HHHHHHHHHHHHHHH	0	0	0	0
1653	E	0	0	0	0	0	0	0
1654	V	Phosphoserine	ELESLCEVYRQSLEK	HHHHHHHHHHHHHHH	0	0	0	0
1655	Y	0	0	0	0	0	0	0
1656	R	0	0	0	0	0	0	0
1657	Q	0	0	0	0	0	0	0
1658	S	0	0	0	0	0	0	0
1659	L	0	0	0	0	0	0	0
1660	E	Phosphothreonine	EVYRQSLEKLEEKME	HHHHHHHHHHHHHHH	0	0	0	0
1661	K	0	0	0	0	0	0	0
1662	L	0	0	0	0	0	0	0
1663	E	0	0	0	0	0	0	0
1664	E	0	0	0	0	0	0	0
1665	K	0	0	0	0	0	0	0
1666	M	0	0	0	0	0	0	0
1667	E	0	0	0	0	0	0	0
1668	S	0	0	0	0	0	0	0
1669	Q	0	0	0	0	0	0	0
1670	G	0	0	0	0	0	0	0
1671	I	0	0	0	0	0	0	0
1672	M	0	0	0	0	0	0	0
1673	K	N-acetyllysine	MESQGIMKNKEIQEL	HHHCCCCCHHHHHHH	0	0	0	0
1674	N	0	0	0	0	0	0	0
1675	K	N6-acetyllysine	SQGIMKNKEIQELEQ	HCCCCCHHHHHHHHH	0	0	0	0
1676	E	0	0	0	0	0	0	0
1677	I	0	0	0	0	0	0	0
1678	Q	Phosphothreonine	IMKNKEIQELEQLLS	CCCHHHHHHHHHHHH	0	0	0	0
1679	E	0	0	0	0	0	0	0
1680	L	0	0	0	0	0	0	0
1681	E	0	0	0	0	0	0	0
1682	Q	0	0	0	0	0	0	0
1683	L	0	0	0	0	0	0	0
1684	L	0	0	0	0	0	0	0
1685	S	Phosphoserine	QELEQLLSSERQELD	HHHHHHHHHHHHHHH	0	0	0	0
1686	S	0	0	0	0	0	0	0
1687	E	0	0	0	0	0	0	0
1688	R	0	0	0	0	0	0	0
1689	Q	0	0	0	0	0	0	0
1690	E	0	0	0	0	0	0	0
1691	L	0	0	0	0	0	0	0
1692	D	0	0	0	0	0	0	0
1693	C	0	0	0	0	0	0	0
1694	L	0	0	0	0	0	0	0
1695	R	0	0	0	0	0	0	0
1696	K	0	0	0	0	0	0	0
1697	Q	0	0	0	0	0	0	0
1698	Y	0	0	0	0	0	0	0
1699	L	0	0	0	0	0	0	0
1700	S	0	0	0	0	0	0	0
1701	E	0	0	0	0	0	0	0
1702	N	0	0	0	0	0	0	0
1703	E	0	0	0	0	0	0	0
1704	Q	0	0	0	0	0	0	0
1705	W	0	0	0	0	0	0	0
1706	Q	0	0	0	0	0	0	0
1707	Q	0	0	0	0	0	0	0
1708	K	0	0	0	0	0	0	0
1709	L	0	0	0	0	0	0	0
1710	T	0	0	0	0	0	0	0
1711	S	0	0	0	0	0	0	0
1712	V	0	0	0	0	0	0	0
1713	T	0	0	0	0	0	0	0
1714	L	0	0	0	0	0	0	0
1715	E	0	0	0	0	0	0	0
1716	M	0	0	0	0	0	0	0
1717	E	0	0	0	0	0	0	0
1718	S	0	0	0	0	0	0	0
1719	K	0	0	0	0	0	0	0
1720	L	0	0	0	0	0	0	0
1721	A	0	0	0	0	0	0	0
1722	A	Phosphoserine	EMESKLAAEKKQTEQ	HHHHHHHHHHHHHHH	0	0	0	0
1723	E	0	0	0	0	0	0	0
1724	K	0	0	0	0	0	0	0
1725	K	0	0	0	0	0	0	0
1726	Q	Phosphoserine	KLAAEKKQTEQLSLE	HHHHHHHHHHHHHHH	0	0	0	0
1727	T	0	0	0	0	0	0	0
1728	E	0	0	0	0	0	0	0
1729	Q	0	0	0	0	0	0	0
1730	L	0	0	0	0	0	0	0
1731	S	Phosphotyrosine	KKQTEQLSLELEVAR	HHHHHHHHHHHHHHH	0	0	0	0
1732	L	0	0	0	0	0	0	0
1733	E	0	0	0	0	0	0	0
1734	L	0	0	0	0	0	0	0
1735	E	0	0	0	0	0	0	0
1736	V	0	0	0	0	0	0	0
1737	A	0	0	0	0	0	0	0
1738	R	0	0	0	0	0	0	0
1739	L	0	0	0	0	0	0	0
1740	Q	0	0	0	0	0	0	0
1741	L	0	0	0	0	0	0	0
1742	Q	0	0	0	0	0	0	0
1743	G	0	0	0	0	0	0	0
1744	L	0	0	0	0	0	0	0
1745	D	0	0	0	0	0	0	0
1746	L	0	0	0	0	0	0	0
1747	S	Phosphoserine	QLQGLDLSSRSLLGI	HHCCCCCCCCCCCCC	0	0	0	0
1748	S	Phosphoserine	LQGLDLSSRSLLGID	HCCCCCCCCCCCCCC	0	0	0	0
1749	R	0	0	0	0	0	0	0
1750	S	Phosphoserine	GLDLSSRSLLGIDTE	CCCCCCCCCCCCCHH	0	0	0	0
1751	L	0	0	0	0	0	0	0
1752	L	0	0	0	0	0	0	0
1753	G	0	0	0	0	0	0	0
1754	I	0	0	0	0	0	0	0
1755	D	0	0	0	0	0	0	0
1756	T	Phosphothreonine	RSLLGIDTEDAIQGR	CCCCCCCHHHHHCCC	0	0	0	0
1757	E	0	0	0	0	0	0	0
1758	D	0	0	0	0	0	0	0
1759	A	0	0	0	0	0	0	0
1760	I	0	0	0	0	0	0	0
1761	Q	0	0	0	0	0	0	0
1762	G	0	0	0	0	0	0	0
1763	R	0	0	0	0	0	0	0
1764	N	0	0	0	0	0	0	0
1765	E	0	0	0	0	0	0	0
1766	S	Phosphoserine	AIQGRNESCDISKEH	HHCCCCCCCCCCHHH	0	0	0	0
1767	C	0	0	0	0	0	0	0
1768	D	0	0	0	0	0	0	0
1769	I	0	0	0	0	0	0	0
1770	S	Phosphoserine	RNESCDISKEHTSET	CCCCCCCCHHHCCCC	0	0	0	0
1771	K	0	0	0	0	0	0	0
1772	E	0	0	0	0	0	0	0
1773	H	0	0	0	0	0	0	0
1774	T	Phosphothreonine	CDISKEHTSETTERT	CCCCHHHCCCCCCCC	0	0	0	0
1775	S	0	0	0	0	0	0	0
1776	E	0	0	0	0	0	0	0
1777	T	0	0	0	0	0	0	0
1778	T	Phosphothreonine	KEHTSETTERTPKHD	HHHCCCCCCCCCCCC	0	0	0	0
1779	E	0	0	0	0	0	0	0
1780	R	0	0	0	0	0	0	0
1781	T	Phosphothreonine	TSETTERTPKHDVHQ	CCCCCCCCCCCCHHH	0	0	0	0
1782	P	0	0	0	0	0	0	0
1783	K	0	0	0	0	0	0	0
1784	H	0	0	0	0	0	0	0
1785	D	0	0	0	0	0	0	0
1786	V	0	0	0	0	0	0	0
1787	H	0	0	0	0	0	0	0
1788	Q	0	0	0	0	0	0	0
1789	I	0	0	0	0	0	0	0
1790	C	0	0	0	0	0	0	0
1791	D	0	0	0	0	0	0	0
1792	K	N6-acetyllysine	DVHQICDKDAQQDLN	CHHHHCCCCHHHHCC	0	0	0	0
1793	D	0	0	0	0	0	0	0
1794	A	0	0	0	0	0	0	0
1795	Q	0	0	0	0	0	0	0
1796	Q	0	0	0	0	0	0	0
1797	D	0	0	0	0	0	0	0
1798	L	0	0	0	0	0	0	0
1799	N	0	0	0	0	0	0	0
1800	L	0	0	0	0	0	0	0
1801	D	0	0	0	0	0	0	0
1802	I	0	0	0	0	0	0	0
1803	E	0	0	0	0	0	0	0
1804	K	0	0	0	0	0	0	0
1805	I	0	0	0	0	0	0	0
1806	T	0	0	0	0	0	0	0
1807	E	0	0	0	0	0	0	0
1808	T	0	0	0	0	0	0	0
1809	G	0	0	0	0	0	0	0
1810	A	0	0	0	0	0	0	0
1811	V	0	0	0	0	0	0	0
1812	K	0	0	0	0	0	0	0
1813	P	0	0	0	0	0	0	0
1814	T	Phosphothreonine	ETGAVKPTGECSGEQ	CCCCCCCCCCCCCCC	0	0	0	0
1815	G	0	0	0	0	0	0	0
1816	E	0	0	0	0	0	0	0
1817	C	0	0	0	0	0	0	0
1818	S	Phosphoserine	VKPTGECSGEQSPDT	CCCCCCCCCCCCCCC	0	0	0	0
1819	G	0	0	0	0	0	0	0
1820	E	0	0	0	0	0	0	0
1821	Q	0	0	0	0	0	0	0
1822	S	Phosphoserine	GECSGEQSPDTNYEP	CCCCCCCCCCCCCCC	0	0	0	0
1823	P	0	0	0	0	0	0	0
1824	D	0	0	0	0	0	0	0
1825	T	Phosphothreonine	SGEQSPDTNYEPPGE	CCCCCCCCCCCCCCC	0	0	0	0
1826	N	0	0	0	0	0	0	0
1827	Y	Phosphotyrosine	EQSPDTNYEPPGEDK	CCCCCCCCCCCCCCC	0	0	0	0
1828	E	0	0	0	0	0	0	0
1829	P	0	0	0	0	0	0	0
1830	P	0	0	0	0	0	0	0
1831	G	0	0	0	0	0	0	0
1832	E	0	0	0	0	0	0	0
1833	D	0	0	0	0	0	0	0
1834	K	0	0	0	0	0	0	0
1835	T	Phosphothreonine	EPPGEDKTQGSSECI	CCCCCCCCCCCHHHH	0	0	0	0
1836	Q	0	0	0	0	0	0	0
1837	G	0	0	0	0	0	0	0
1838	S	Phosphoserine	GEDKTQGSSECISEL	CCCCCCCCHHHHHHC	0	0	0	0
1839	S	0	0	0	0	0	0	0
1840	E	0	0	0	0	0	0	0
1841	C	0	0	0	0	0	0	0
1842	I	0	0	0	0	0	0	0
1843	S	Phosphoserine	QGSSECISELSFSGP	CCCHHHHHHCCCCCC	0	0	0	0
1844	E	0	0	0	0	0	0	0
1845	L	0	0	0	0	0	0	0
1846	S	Phosphoserine	SECISELSFSGPNAL	HHHHHHCCCCCCCEE	0	0	0	0
1847	F	0	0	0	0	0	0	0
1848	S	Phosphoserine	CISELSFSGPNALVP	HHHHCCCCCCCEEEE	0	0	0	0
1849	G	0	0	0	0	0	0	0
1850	P	0	0	0	0	0	0	0
1851	N	0	0	0	0	0	0	0
1852	A	0	0	0	0	0	0	0
1853	L	0	0	0	0	0	0	0
1854	V	0	0	0	0	0	0	0
1855	P	0	0	0	0	0	0	0
1856	M	0	0	0	0	0	0	0
1857	D	0	0	0	0	0	0	0
1858	F	0	0	0	0	0	0	0
1859	L	0	0	0	0	0	0	0
1860	G	0	0	0	0	0	0	0
1861	N	0	0	0	0	0	0	0
1862	Q	0	0	0	0	0	0	0
1863	E	0	0	0	0	0	0	0
1864	D	0	0	0	0	0	0	0
1865	I	0	0	0	0	0	0	0
1866	H	0	0	0	0	0	0	0
1867	N	0	0	0	0	0	0	0
1868	L	Phosphoserine	NQEDIHNLQLRVKET	CHHHHHHCEEEEEEC	0	0	0	0
1869	Q	0	0	0	0	0	0	0
1870	L	0	0	0	0	0	0	0
1871	R	0	0	0	0	0	0	0
1872	V	0	0	0	0	0	0	0
1873	K	0	0	0	0	0	0	0
1874	E	0	0	0	0	0	0	0
1875	T	0	0	0	0	0	0	0
1876	S	0	0	0	0	0	0	0
1877	N	0	0	0	0	0	0	0
1878	E	0	0	0	0	0	0	0
1879	N	0	0	0	0	0	0	0
1880	L	0	0	0	0	0	0	0
1881	R	0	0	0	0	0	0	0
1882	L	0	0	0	0	0	0	0
1883	L	0	0	0	0	0	0	0
1884	H	0	0	0	0	0	0	0
1885	V	0	0	0	0	0	0	0
1886	I	0	0	0	0	0	0	0
1887	E	0	0	0	0	0	0	0
1888	D	0	0	0	0	0	0	0
1889	R	0	0	0	0	0	0	0
1890	D	0	0	0	0	0	0	0
1891	R	0	0	0	0	0	0	0
1892	K	Phosphoserine	VIEDRDRKVESLLNE	EHHCCHHHHHHHHHH	0	0	0	0
1893	V	0	0	0	0	0	0	0
1894	E	0	0	0	0	0	0	0
1895	S	0	0	0	0	0	0	0
1896	L	0	0	0	0	0	0	0
1897	L	0	0	0	0	0	0	0
1898	N	0	0	0	0	0	0	0
1899	E	0	0	0	0	0	0	0
1900	M	0	0	0	0	0	0	0
1901	K	0	0	0	0	0	0	0
1902	E	0	0	0	0	0	0	0
1903	L	0	0	0	0	0	0	0
1904	D	0	0	0	0	0	0	0
1905	S	0	0	0	0	0	0	0
1906	K	Ubiquitinlysine	EMKELDSKLHLQEVQ	HHHHHHHHHHHHHHH	0	0	0	0
1907	L	0	0	0	0	0	0	0
1908	H	0	0	0	0	0	0	0
1909	L	0	0	0	0	0	0	0
1910	Q	0	0	0	0	0	0	0
1911	E	0	0	0	0	0	0	0
1912	V	0	0	0	0	0	0	0
1913	Q	0	0	0	0	0	0	0
1914	L	0	0	0	0	0	0	0
1915	M	0	0	0	0	0	0	0
1916	T	0	0	0	0	0	0	0
1917	K	0	0	0	0	0	0	0
1918	I	0	0	0	0	0	0	0
1919	E	0	0	0	0	0	0	0
1920	A	0	0	0	0	0	0	0
1921	C	0	0	0	0	0	0	0
1922	I	0	0	0	0	0	0	0
1923	E	0	0	0	0	0	0	0
1924	L	0	0	0	0	0	0	0
1925	E	0	0	0	0	0	0	0
1926	K	0	0	0	0	0	0	0
1927	I	0	0	0	0	0	0	0
1928	V	0	0	0	0	0	0	0
1929	G	0	0	0	0	0	0	0
1930	E	0	0	0	0	0	0	0
1931	L	0	0	0	0	0	0	0
1932	K	0	0	0	0	0	0	0
1933	K	0	0	0	0	0	0	0
1934	E	0	0	0	0	0	0	0
1935	N	0	0	0	0	0	0	0
1936	S	Phosphoserine	GELKKENSDLSEKLE	HHHHHHCCCHHHHHH	0	0	0	0
1937	D	0	0	0	0	0	0	0
1938	L	0	0	0	0	0	0	0
1939	S	Phosphoserine	KKENSDLSEKLEYFS	HHHCCCHHHHHHHHC	0	0	0	0
1940	E	0	0	0	0	0	0	0
1941	K	0	0	0	0	0	0	0
1942	L	0	0	0	0	0	0	0
1943	E	0	0	0	0	0	0	0
1944	Y	Phosphotyrosine	DLSEKLEYFSCDHQE	CHHHHHHHHCCCHHH	0	0	0	0
1945	F	0	0	0	0	0	0	0
1946	S	Phosphoserine	SEKLEYFSCDHQELL	HHHHHHHCCCHHHHH	0	0	0	0
1947	C	0	0	0	0	0	0	0
1948	D	0	0	0	0	0	0	0
1949	H	0	0	0	0	0	0	0
1950	Q	0	0	0	0	0	0	0
1951	E	0	0	0	0	0	0	0
1952	L	0	0	0	0	0	0	0
1953	L	0	0	0	0	0	0	0
1954	Q	0	0	0	0	0	0	0
1955	R	0	0	0	0	0	0	0
1956	V	0	0	0	0	0	0	0
1957	E	0	0	0	0	0	0	0
1958	T	Phosphothreonine	ELLQRVETSEGLNSD	HHHHHHHHCCCCCCC	0	0	0	0
1959	S	Phosphoserine	LLQRVETSEGLNSDL	HHHHHHHCCCCCCCH	0	0	0	0
1960	E	0	0	0	0	0	0	0
1961	G	0	0	0	0	0	0	0
1962	L	0	0	0	0	0	0	0
1963	N	0	0	0	0	0	0	0
1964	S	Phosphoserine	ETSEGLNSDLEMHAD	HHCCCCCCCHHHHCC	0	0	0	0
1965	D	0	0	0	0	0	0	0
1966	L	0	0	0	0	0	0	0
1967	E	0	0	0	0	0	0	0
1968	M	0	0	0	0	0	0	0
1969	H	0	0	0	0	0	0	0
1970	A	0	0	0	0	0	0	0
1971	D	0	0	0	0	0	0	0
1972	K	N6-acetyllysine	DLEMHADKSSREDIG	CHHHHCCCCCHHHHC	0	0	0	0
1973	S	Phosphoserine	LEMHADKSSREDIGD	HHHHCCCCCHHHHCC	0	0	0	0
1974	S	Phosphoserine	EMHADKSSREDIGDN	HHHCCCCCHHHHCCC	0	0	0	0
1975	R	0	0	0	0	0	0	0
1976	E	0	0	0	0	0	0	0
1977	D	0	0	0	0	0	0	0
1978	I	0	0	0	0	0	0	0
1979	G	0	0	0	0	0	0	0
1980	D	0	0	0	0	0	0	0
1981	N	0	0	0	0	0	0	0
1982	V	0	0	0	0	0	0	0
1983	A	0	0	0	0	0	0	0
1984	K	0	0	0	0	0	0	0
1985	V	0	0	0	0	0	0	0
1986	N	0	0	0	0	0	0	0
1987	D	0	0	0	0	0	0	0
1988	S	Phosphoserine	NVAKVNDSWKERFLD	CCCCCCHHHHHHHHH	0	0	0	0
1989	W	0	0	0	0	0	0	0
1990	K	0	0	0	0	0	0	0
1991	E	0	0	0	0	0	0	0
1992	R	0	0	0	0	0	0	0
1993	F	0	0	0	0	0	0	0
1994	L	0	0	0	0	0	0	0
1995	D	0	0	0	0	0	0	0
1996	V	0	0	0	0	0	0	0
1997	E	0	0	0	0	0	0	0
1998	N	0	0	0	0	0	0	0
1999	E	0	0	0	0	0	0	0
2000	L	0	0	0	0	0	0	0
2001	S	0	0	0	0	0	0	0
2002	R	0	0	0	0	0	0	0
2003	I	0	0	0	0	0	0	0
2004	R	0	0	0	0	0	0	0
2005	S	0	0	0	0	0	0	0
2006	E	0	0	0	0	0	0	0
2007	K	0	0	0	0	0	0	0
2008	A	0	0	0	0	0	0	0
2009	S	Phosphoserine	RIRSEKASIEHEALY	HHHHCCCCHHHHHHH	0	0	0	0
2010	I	0	0	0	0	0	0	0
2011	E	0	0	0	0	0	0	0
2012	H	0	0	0	0	0	0	0
2013	E	0	0	0	0	0	0	0
2014	A	0	0	0	0	0	0	0
2015	L	0	0	0	0	0	0	0
2016	Y	Phosphotyrosine	SIEHEALYLEADLEV	CHHHHHHHHHHCHHH	0	0	0	0
2017	L	0	0	0	0	0	0	0
2018	E	0	0	0	0	0	0	0
2019	A	0	0	0	0	0	0	0
2020	D	0	0	0	0	0	0	0
2021	L	0	0	0	0	0	0	0
2022	E	0	0	0	0	0	0	0
2023	V	0	0	0	0	0	0	0
2024	V	0	0	0	0	0	0	0
2025	Q	0	0	0	0	0	0	0
2026	T	0	0	0	0	0	0	0
2027	E	0	0	0	0	0	0	0
2028	K	0	0	0	0	0	0	0
2029	L	0	0	0	0	0	0	0
2030	C	0	0	0	0	0	0	0
2031	L	0	0	0	0	0	0	0
2032	E	0	0	0	0	0	0	0
2033	K	0	0	0	0	0	0	0
2034	D	0	0	0	0	0	0	0
2035	N	0	0	0	0	0	0	0
2036	E	0	0	0	0	0	0	0
2037	N	0	0	0	0	0	0	0
2038	K	0	0	0	0	0	0	0
2039	Q	0	0	0	0	0	0	0
2040	K	0	0	0	0	0	0	0
2041	V	0	0	0	0	0	0	0
2042	I	0	0	0	0	0	0	0
2043	V	0	0	0	0	0	0	0
2044	C	0	0	0	0	0	0	0
2045	L	0	0	0	0	0	0	0
2046	E	0	0	0	0	0	0	0
2047	E	0	0	0	0	0	0	0
2048	E	Phosphoserine	VIVCLEEELSVVTSE	EEEEEEHHHHHHHHH	0	0	0	0
2049	L	0	0	0	0	0	0	0
2050	S	0	0	0	0	0	0	0
2051	V	0	0	0	0	0	0	0
2052	V	0	0	0	0	0	0	0
2053	T	0	0	0	0	0	0	0
2054	S	0	0	0	0	0	0	0
2055	E	0	0	0	0	0	0	0
2056	R	0	0	0	0	0	0	0
2057	N	0	0	0	0	0	0	0
2058	Q	0	0	0	0	0	0	0
2059	L	0	0	0	0	0	0	0
2060	R	0	0	0	0	0	0	0
2061	G	0	0	0	0	0	0	0
2062	E	0	0	0	0	0	0	0
2063	L	0	0	0	0	0	0	0
2064	D	0	0	0	0	0	0	0
2065	T	0	0	0	0	0	0	0
2066	M	0	0	0	0	0	0	0
2067	S	0	0	0	0	0	0	0
2068	K	N6-acetyllysine	GELDTMSKKTTALDQ	HHHHHHHHHHHHHHH	0	0	0	0
2069	K	0	0	0	0	0	0	0
2070	T	Phosphothreonine	LDTMSKKTTALDQLS	HHHHHHHHHHHHHHH	0	0	0	0
2071	T	0	0	0	0	0	0	0
2072	A	0	0	0	0	0	0	0
2073	L	0	0	0	0	0	0	0
2074	D	0	0	0	0	0	0	0
2075	Q	0	0	0	0	0	0	0
2076	L	0	0	0	0	0	0	0
2077	S	0	0	0	0	0	0	0
2078	E	0	0	0	0	0	0	0
2079	K	Ubiquitinlysine	ALDQLSEKMKEKTQE	HHHHHHHHHHHHHHH	0	0	0	0
2080	M	Phosphoserine	LDQLSEKMKEKTQEL	HHHHHHHHHHHHHHH	0	0	0	0
2081	K	0	0	0	0	0	0	0
2082	E	Phosphoserine	QLSEKMKEKTQELES	HHHHHHHHHHHHHHH	0	0	0	0
2083	K	0	0	0	0	0	0	0
2084	T	0	0	0	0	0	0	0
2085	Q	0	0	0	0	0	0	0
2086	E	0	0	0	0	0	0	0
2087	L	0	0	0	0	0	0	0
2088	E	0	0	0	0	0	0	0
2089	S	0	0	0	0	0	0	0
2090	H	0	0	0	0	0	0	0
2091	Q	0	0	0	0	0	0	0
2092	S	0	0	0	0	0	0	0
2093	E	0	0	0	0	0	0	0
2094	C	0	0	0	0	0	0	0
2095	L	0	0	0	0	0	0	0
2096	H	0	0	0	0	0	0	0
2097	C	0	0	0	0	0	0	0
2098	I	0	0	0	0	0	0	0
2099	Q	0	0	0	0	0	0	0
2100	V	0	0	0	0	0	0	0
2101	A	0	0	0	0	0	0	0
2102	E	0	0	0	0	0	0	0
2103	A	0	0	0	0	0	0	0
2104	E	0	0	0	0	0	0	0
2105	V	0	0	0	0	0	0	0
2106	K	0	0	0	0	0	0	0
2107	E	0	0	0	0	0	0	0
2108	K	Phosphoserine	AEAEVKEKTELLQTL	HHHHHHHHHHHHHHH	0	0	0	0
2109	T	0	0	0	0	0	0	0
2110	E	0	0	0	0	0	0	0
2111	L	0	0	0	0	0	0	0
2112	L	0	0	0	0	0	0	0
2113	Q	0	0	0	0	0	0	0
2114	T	0	0	0	0	0	0	0
2115	L	0	0	0	0	0	0	0
2116	S	0	0	0	0	0	0	0
2117	S	0	0	0	0	0	0	0
2118	D	0	0	0	0	0	0	0
2119	V	0	0	0	0	0	0	0
2120	S	0	0	0	0	0	0	0
2121	E	0	0	0	0	0	0	0
2122	L	0	0	0	0	0	0	0
2123	L	0	0	0	0	0	0	0
2124	K	0	0	0	0	0	0	0
2125	D	0	0	0	0	0	0	0
2126	K	0	0	0	0	0	0	0
2127	T	Phosphothreonine	SELLKDKTHLQEKLQ	HHHHHCCHHHHHHHH	0	0	0	0
2128	H	0	0	0	0	0	0	0
2129	L	0	0	0	0	0	0	0
2130	Q	0	0	0	0	0	0	0
2131	E	0	0	0	0	0	0	0
2132	K	Ubiquitinlysine	DKTHLQEKLQSLEKD	CCHHHHHHHHHHHHH	0	0	0	0
2133	L	0	0	0	0	0	0	0
2134	Q	0	0	0	0	0	0	0
2135	S	0	0	0	0	0	0	0
2136	L	0	0	0	0	0	0	0
2137	E	0	0	0	0	0	0	0
2138	K	0	0	0	0	0	0	0
2139	D	0	0	0	0	0	0	0
2140	S	0	0	0	0	0	0	0
2141	Q	0	0	0	0	0	0	0
2142	A	0	0	0	0	0	0	0
2143	L	0	0	0	0	0	0	0
2144	S	Phosphoserine	EKDSQALSLTKCELE	HHHHHHHHHHHHHHH	0	0	0	0
2145	L	0	0	0	0	0	0	0
2146	T	0	0	0	0	0	0	0
2147	K	0	0	0	0	0	0	0
2148	C	0	0	0	0	0	0	0
2149	E	0	0	0	0	0	0	0
2150	L	0	0	0	0	0	0	0
2151	E	0	0	0	0	0	0	0
2152	N	0	0	0	0	0	0	0
2153	Q	0	0	0	0	0	0	0
2154	I	0	0	0	0	0	0	0
2155	A	0	0	0	0	0	0	0
2156	Q	0	0	0	0	0	0	0
2157	L	0	0	0	0	0	0	0
2158	N	0	0	0	0	0	0	0
2159	K	0	0	0	0	0	0	0
2160	E	0	0	0	0	0	0	0
2161	K	0	0	0	0	0	0	0
2162	E	0	0	0	0	0	0	0
2163	L	0	0	0	0	0	0	0
2164	L	0	0	0	0	0	0	0
2165	V	0	0	0	0	0	0	0
2166	K	0	0	0	0	0	0	0
2167	E	0	0	0	0	0	0	0
2168	S	0	0	0	0	0	0	0
2169	E	0	0	0	0	0	0	0
2170	S	0	0	0	0	0	0	0
2171	L	0	0	0	0	0	0	0
2172	Q	0	0	0	0	0	0	0
2173	A	0	0	0	0	0	0	0
2174	R	0	0	0	0	0	0	0
2175	L	0	0	0	0	0	0	0
2176	S	Phosphoserine	ESLQARLSESDYEKL	HHHHHHCCHHHHHHC	0	0	0	0
2177	E	0	0	0	0	0	0	0
2178	S	Phosphoserine	LQARLSESDYEKLNV	HHHHCCHHHHHHCCH	0	0	0	0
2179	D	0	0	0	0	0	0	0
2180	Y	0	0	0	0	0	0	0
2181	E	0	0	0	0	0	0	0
2182	K	0	0	0	0	0	0	0
2183	L	0	0	0	0	0	0	0
2184	N	0	0	0	0	0	0	0
2185	V	0	0	0	0	0	0	0
2186	S	Phosphoserine	DYEKLNVSKALEAAL	HHHHCCHHHHHHHHH	0	0	0	0
2187	K	0	0	0	0	0	0	0
2188	A	0	0	0	0	0	0	0
2189	L	0	0	0	0	0	0	0
2190	E	0	0	0	0	0	0	0
2191	A	0	0	0	0	0	0	0
2192	A	0	0	0	0	0	0	0
2193	L	0	0	0	0	0	0	0
2194	V	0	0	0	0	0	0	0
2195	E	0	0	0	0	0	0	0
2196	K	0	0	0	0	0	0	0
2197	G	0	0	0	0	0	0	0
2198	E	0	0	0	0	0	0	0
2199	F	0	0	0	0	0	0	0
2200	A	0	0	0	0	0	0	0
2201	L	0	0	0	0	0	0	0
2202	R	0	0	0	0	0	0	0
2203	L	0	0	0	0	0	0	0
2204	S	Phosphoserine	GEFALRLSSTQEEVH	CCEEEECCCCHHHHH	0	0	0	0
2205	S	0	0	0	0	0	0	0
2206	T	0	0	0	0	0	0	0
2207	Q	0	0	0	0	0	0	0
2208	E	0	0	0	0	0	0	0
2209	E	0	0	0	0	0	0	0
2210	V	0	0	0	0	0	0	0
2211	H	0	0	0	0	0	0	0
2212	Q	0	0	0	0	0	0	0
2213	L	0	0	0	0	0	0	0
2214	R	0	0	0	0	0	0	0
2215	R	0	0	0	0	0	0	0
2216	G	Phosphothreonine	EVHQLRRGIEKLRVR	HHHHHHHHHHHHHHE	0	0	0	0
2217	I	0	0	0	0	0	0	0
2218	E	0	0	0	0	0	0	0
2219	K	0	0	0	0	0	0	0
2220	L	0	0	0	0	0	0	0
2221	R	0	0	0	0	0	0	0
2222	V	0	0	0	0	0	0	0
2223	R	0	0	0	0	0	0	0
2224	I	0	0	0	0	0	0	0
2225	E	0	0	0	0	0	0	0
2226	A	0	0	0	0	0	0	0
2227	D	0	0	0	0	0	0	0
2228	E	0	0	0	0	0	0	0
2229	K	0	0	0	0	0	0	0
2230	K	0	0	0	0	0	0	0
2231	Q	0	0	0	0	0	0	0
2232	L	0	0	0	0	0	0	0
2233	H	0	0	0	0	0	0	0
2234	I	0	0	0	0	0	0	0
2235	A	0	0	0	0	0	0	0
2236	E	0	0	0	0	0	0	0
2237	K	0	0	0	0	0	0	0
2238	L	0	0	0	0	0	0	0
2239	K	0	0	0	0	0	0	0
2240	E	0	0	0	0	0	0	0
2241	R	0	0	0	0	0	0	0
2242	E	0	0	0	0	0	0	0
2243	R	0	0	0	0	0	0	0
2244	E	0	0	0	0	0	0	0
2245	N	0	0	0	0	0	0	0
2246	D	0	0	0	0	0	0	0
2247	S	0	0	0	0	0	0	0
2248	L	0	0	0	0	0	0	0
2249	K	0	0	0	0	0	0	0
2250	D	0	0	0	0	0	0	0
2251	K	0	0	0	0	0	0	0
2252	V	0	0	0	0	0	0	0
2253	E	0	0	0	0	0	0	0
2254	N	0	0	0	0	0	0	0
2255	L	0	0	0	0	0	0	0
2256	E	0	0	0	0	0	0	0
2257	R	0	0	0	0	0	0	0
2258	E	0	0	0	0	0	0	0
2259	L	0	0	0	0	0	0	0
2260	Q	0	0	0	0	0	0	0
2261	M	0	0	0	0	0	0	0
2262	S	0	0	0	0	0	0	0
2263	E	0	0	0	0	0	0	0
2264	E	0	0	0	0	0	0	0
2265	N	0	0	0	0	0	0	0
2266	Q	0	0	0	0	0	0	0
2267	E	0	0	0	0	0	0	0
2268	L	0	0	0	0	0	0	0
2269	V	0	0	0	0	0	0	0
2270	I	0	0	0	0	0	0	0
2271	L	0	0	0	0	0	0	0
2272	D	0	0	0	0	0	0	0
2273	A	0	0	0	0	0	0	0
2274	E	0	0	0	0	0	0	0
2275	N	0	0	0	0	0	0	0
2276	S	Phosphoserine	VILDAENSKAEVETL	EEEECCCCHHHHHHH	0	0	0	0
2277	K	0	0	0	0	0	0	0
2278	A	0	0	0	0	0	0	0
2279	E	0	0	0	0	0	0	0
2280	V	0	0	0	0	0	0	0
2281	E	0	0	0	0	0	0	0
2282	T	0	0	0	0	0	0	0
2283	L	0	0	0	0	0	0	0
2284	K	0	0	0	0	0	0	0
2285	T	Phosphothreonine	AEVETLKTQIEEMAR	HHHHHHHHHHHHHHH	0	0	0	0
2286	Q	0	0	0	0	0	0	0
2287	I	0	0	0	0	0	0	0
2288	E	0	0	0	0	0	0	0
2289	E	0	0	0	0	0	0	0
2290	M	0	0	0	0	0	0	0
2291	A	0	0	0	0	0	0	0
2292	R	0	0	0	0	0	0	0
2293	S	0	0	0	0	0	0	0
2294	L	0	0	0	0	0	0	0
2295	K	0	0	0	0	0	0	0
2296	V	0	0	0	0	0	0	0
2297	F	0	0	0	0	0	0	0
2298	E	0	0	0	0	0	0	0
2299	L	0	0	0	0	0	0	0
2300	D	0	0	0	0	0	0	0
2301	L	0	0	0	0	0	0	0
2302	V	0	0	0	0	0	0	0
2303	T	Phosphothreonine	VFELDLVTLRSEKEN	CEEEEEEHHHHHHHH	0	0	0	0
2304	L	0	0	0	0	0	0	0
2305	R	0	0	0	0	0	0	0
2306	S	0	0	0	0	0	0	0
2307	E	0	0	0	0	0	0	0
2308	K	0	0	0	0	0	0	0
2309	E	0	0	0	0	0	0	0
2310	N	0	0	0	0	0	0	0
2311	L	0	0	0	0	0	0	0
2312	T	Phosphothreonine	RSEKENLTKQIQEKQ	HHHHHHHHHHHHHHH	0	0	0	0
2313	K	0	0	0	0	0	0	0
2314	Q	0	0	0	0	0	0	0
2315	I	0	0	0	0	0	0	0
2316	Q	0	0	0	0	0	0	0
2317	E	0	0	0	0	0	0	0
2318	K	0	0	0	0	0	0	0
2319	Q	0	0	0	0	0	0	0
2320	G	0	0	0	0	0	0	0
2321	Q	0	0	0	0	0	0	0
2322	L	0	0	0	0	0	0	0
2323	S	Phosphoserine	QEKQGQLSELDKLLS	HHHHCCHHHHHHHHH	0	0	0	0
2324	E	0	0	0	0	0	0	0
2325	L	0	0	0	0	0	0	0
2326	D	0	0	0	0	0	0	0
2327	K	0	0	0	0	0	0	0
2328	L	0	0	0	0	0	0	0
2329	L	0	0	0	0	0	0	0
2330	S	0	0	0	0	0	0	0
2331	S	0	0	0	0	0	0	0
2332	F	0	0	0	0	0	0	0
2333	K	0	0	0	0	0	0	0
2334	S	0	0	0	0	0	0	0
2335	L	0	0	0	0	0	0	0
2336	L	0	0	0	0	0	0	0
2337	E	0	0	0	0	0	0	0
2338	E	0	0	0	0	0	0	0
2339	K	0	0	0	0	0	0	0
2340	E	0	0	0	0	0	0	0
2341	Q	0	0	0	0	0	0	0
2342	A	0	0	0	0	0	0	0
2343	E	0	0	0	0	0	0	0
2344	I	0	0	0	0	0	0	0
2345	Q	0	0	0	0	0	0	0
2346	I	0	0	0	0	0	0	0
2347	K	0	0	0	0	0	0	0
2348	E	0	0	0	0	0	0	0
2349	E	0	0	0	0	0	0	0
2350	S	0	0	0	0	0	0	0
2351	K	0	0	0	0	0	0	0
2352	T	0	0	0	0	0	0	0
2353	A	0	0	0	0	0	0	0
2354	V	0	0	0	0	0	0	0
2355	E	0	0	0	0	0	0	0
2356	M	0	0	0	0	0	0	0
2357	L	0	0	0	0	0	0	0
2358	Q	0	0	0	0	0	0	0
2359	N	0	0	0	0	0	0	0
2360	Q	0	0	0	0	0	0	0
2361	L	0	0	0	0	0	0	0
2362	K	0	0	0	0	0	0	0
2363	E	0	0	0	0	0	0	0
2364	L	0	0	0	0	0	0	0
2365	N	0	0	0	0	0	0	0
2366	E	0	0	0	0	0	0	0
2367	A	0	0	0	0	0	0	0
2368	V	0	0	0	0	0	0	0
2369	A	0	0	0	0	0	0	0
2370	A	0	0	0	0	0	0	0
2371	L	0	0	0	0	0	0	0
2372	C	0	0	0	0	0	0	0
2373	G	0	0	0	0	0	0	0
2374	D	0	0	0	0	0	0	0
2375	Q	0	0	0	0	0	0	0
2376	E	0	0	0	0	0	0	0
2377	I	Phosphothreonine	ALCGDQEIMKATEQS	HHHCCHHHHHHHHHH	0	0	0	0
2378	M	0	0	0	0	0	0	0
2379	K	0	0	0	0	0	0	0
2380	A	0	0	0	0	0	0	0
2381	T	0	0	0	0	0	0	0
2382	E	0	0	0	0	0	0	0
2383	Q	0	0	0	0	0	0	0
2384	S	0	0	0	0	0	0	0
2385	L	0	0	0	0	0	0	0
2386	D	0	0	0	0	0	0	0
2387	P	0	0	0	0	0	0	0
2388	P	0	0	0	0	0	0	0
2389	I	0	0	0	0	0	0	0
2390	E	0	0	0	0	0	0	0
2391	E	0	0	0	0	0	0	0
2392	E	0	0	0	0	0	0	0
2393	H	0	0	0	0	0	0	0
2394	Q	0	0	0	0	0	0	0
2395	L	0	0	0	0	0	0	0
2396	R	0	0	0	0	0	0	0
2397	N	0	0	0	0	0	0	0
2398	S	0	0	0	0	0	0	0
2399	I	0	0	0	0	0	0	0
2400	E	0	0	0	0	0	0	0
2401	K	0	0	0	0	0	0	0
2402	L	0	0	0	0	0	0	0
2403	R	0	0	0	0	0	0	0
2404	A	0	0	0	0	0	0	0
2405	R	0	0	0	0	0	0	0
2406	L	0	0	0	0	0	0	0
2407	E	0	0	0	0	0	0	0
2408	A	0	0	0	0	0	0	0
2409	D	0	0	0	0	0	0	0
2410	E	0	0	0	0	0	0	0
2411	K	0	0	0	0	0	0	0
2412	K	0	0	0	0	0	0	0
2413	Q	0	0	0	0	0	0	0
2414	L	0	0	0	0	0	0	0
2415	C	0	0	0	0	0	0	0
2416	V	Phosphoserine	DEKKQLCVLQQLKES	HHHHHHHHHHHHHHC	0	0	0	0
2417	L	Phosphoserine	EKKQLCVLQQLKESE	HHHHHHHHHHHHHCH	0	0	0	0
2418	Q	0	0	0	0	0	0	0
2419	Q	0	0	0	0	0	0	0
2420	L	0	0	0	0	0	0	0
2421	K	0	0	0	0	0	0	0
2422	E	0	0	0	0	0	0	0
2423	S	0	0	0	0	0	0	0
2424	E	0	0	0	0	0	0	0
2425	H	0	0	0	0	0	0	0
2426	H	0	0	0	0	0	0	0
2427	A	0	0	0	0	0	0	0
2428	D	0	0	0	0	0	0	0
2429	L	0	0	0	0	0	0	0
2430	L	0	0	0	0	0	0	0
2431	K	0	0	0	0	0	0	0
2432	G	0	0	0	0	0	0	0
2433	R	0	0	0	0	0	0	0
2434	V	0	0	0	0	0	0	0
2435	E	0	0	0	0	0	0	0
2436	N	0	0	0	0	0	0	0
2437	L	0	0	0	0	0	0	0
2438	E	0	0	0	0	0	0	0
2439	R	0	0	0	0	0	0	0
2440	E	0	0	0	0	0	0	0
2441	L	0	0	0	0	0	0	0
2442	E	0	0	0	0	0	0	0
2443	I	0	0	0	0	0	0	0
2444	A	0	0	0	0	0	0	0
2445	R	0	0	0	0	0	0	0
2446	T	0	0	0	0	0	0	0
2447	N	0	0	0	0	0	0	0
2448	Q	0	0	0	0	0	0	0
2449	E	0	0	0	0	0	0	0
2450	H	0	0	0	0	0	0	0
2451	A	0	0	0	0	0	0	0
2452	A	0	0	0	0	0	0	0
2453	L	0	0	0	0	0	0	0
2454	E	0	0	0	0	0	0	0
2455	A	0	0	0	0	0	0	0
2456	E	0	0	0	0	0	0	0
2457	N	0	0	0	0	0	0	0
2458	S	0	0	0	0	0	0	0
2459	K	0	0	0	0	0	0	0
2460	G	0	0	0	0	0	0	0
2461	E	0	0	0	0	0	0	0
2462	V	0	0	0	0	0	0	0
2463	E	0	0	0	0	0	0	0
2464	T	0	0	0	0	0	0	0
2465	L	0	0	0	0	0	0	0
2466	K	0	0	0	0	0	0	0
2467	A	0	0	0	0	0	0	0
2468	K	0	0	0	0	0	0	0
2469	I	0	0	0	0	0	0	0
2470	E	0	0	0	0	0	0	0
2471	G	0	0	0	0	0	0	0
2472	M	0	0	0	0	0	0	0
2473	T	Phosphothreonine	KAKIEGMTQSLRGLE	HHHHHHHHHHHCCCE	0	0	0	0
2474	Q	0	0	0	0	0	0	0
2475	S	0	0	0	0	0	0	0
2476	L	0	0	0	0	0	0	0
2477	R	0	0	0	0	0	0	0
2478	G	0	0	0	0	0	0	0
2479	L	0	0	0	0	0	0	0
2480	E	0	0	0	0	0	0	0
2481	L	0	0	0	0	0	0	0
2482	D	0	0	0	0	0	0	0
2483	V	0	0	0	0	0	0	0
2484	V	0	0	0	0	0	0	0
2485	T	Phosphothreonine	GLELDVVTIRSEKEN	CCEEEEEEECCHHHH	0	0	0	0
2486	I	0	0	0	0	0	0	0
2487	R	0	0	0	0	0	0	0
2488	S	0	0	0	0	0	0	0
2489	E	0	0	0	0	0	0	0
2490	K	0	0	0	0	0	0	0
2491	E	0	0	0	0	0	0	0
2492	N	0	0	0	0	0	0	0
2493	L	0	0	0	0	0	0	0
2494	T	0	0	0	0	0	0	0
2495	N	0	0	0	0	0	0	0
2496	E	0	0	0	0	0	0	0
2497	L	0	0	0	0	0	0	0
2498	Q	0	0	0	0	0	0	0
2499	K	0	0	0	0	0	0	0
2500	E	0	0	0	0	0	0	0
2501	Q	0	0	0	0	0	0	0
2502	E	0	0	0	0	0	0	0
2503	R	0	0	0	0	0	0	0
2504	I	0	0	0	0	0	0	0
2505	S	0	0	0	0	0	0	0
2506	E	0	0	0	0	0	0	0
2507	L	0	0	0	0	0	0	0
2508	E	0	0	0	0	0	0	0
2509	I	0	0	0	0	0	0	0
2510	I	0	0	0	0	0	0	0
2511	N	0	0	0	0	0	0	0
2512	S	Phosphoserine	SELEIINSSFENILQ	HHHHHHHHHHHHHHH	0	0	0	0
2513	S	Phosphoserine	ELEIINSSFENILQE	HHHHHHHHHHHHHHH	0	0	0	0
2514	F	0	0	0	0	0	0	0
2515	E	0	0	0	0	0	0	0
2516	N	0	0	0	0	0	0	0
2517	I	0	0	0	0	0	0	0
2518	L	0	0	0	0	0	0	0
2519	Q	0	0	0	0	0	0	0
2520	E	0	0	0	0	0	0	0
2521	K	0	0	0	0	0	0	0
2522	E	0	0	0	0	0	0	0
2523	Q	0	0	0	0	0	0	0
2524	E	0	0	0	0	0	0	0
2525	K	0	0	0	0	0	0	0
2526	V	0	0	0	0	0	0	0
2527	Q	0	0	0	0	0	0	0
2528	M	0	0	0	0	0	0	0
2529	K	0	0	0	0	0	0	0
2530	E	0	0	0	0	0	0	0
2531	K	0	0	0	0	0	0	0
2532	S	0	0	0	0	0	0	0
2533	S	0	0	0	0	0	0	0
2534	T	0	0	0	0	0	0	0
2535	A	0	0	0	0	0	0	0
2536	M	0	0	0	0	0	0	0
2537	E	0	0	0	0	0	0	0
2538	M	0	0	0	0	0	0	0
2539	L	0	0	0	0	0	0	0
2540	Q	0	0	0	0	0	0	0
2541	T	0	0	0	0	0	0	0
2542	Q	Phosphoserine	AMEMLQTQLKELNER	HHHHHHHHHHHHHHH	0	0	0	0
2543	L	0	0	0	0	0	0	0
2544	K	0	0	0	0	0	0	0
2545	E	0	0	0	0	0	0	0
2546	L	0	0	0	0	0	0	0
2547	N	0	0	0	0	0	0	0
2548	E	0	0	0	0	0	0	0
2549	R	0	0	0	0	0	0	0
2550	V	0	0	0	0	0	0	0
2551	A	0	0	0	0	0	0	0
2552	A	0	0	0	0	0	0	0
2553	L	0	0	0	0	0	0	0
2554	H	0	0	0	0	0	0	0
2555	N	0	0	0	0	0	0	0
2556	D	0	0	0	0	0	0	0
2557	Q	0	0	0	0	0	0	0
2558	E	0	0	0	0	0	0	0
2559	A	0	0	0	0	0	0	0
2560	C	0	0	0	0	0	0	0
2561	K	0	0	0	0	0	0	0
2562	A	0	0	0	0	0	0	0
2563	K	0	0	0	0	0	0	0
2564	E	0	0	0	0	0	0	0
2565	Q	0	0	0	0	0	0	0
2566	N	0	0	0	0	0	0	0
2567	L	0	0	0	0	0	0	0
2568	S	0	0	0	0	0	0	0
2569	S	0	0	0	0	0	0	0
2570	Q	0	0	0	0	0	0	0
2571	V	0	0	0	0	0	0	0
2572	E	0	0	0	0	0	0	0
2573	C	0	0	0	0	0	0	0
2574	L	0	0	0	0	0	0	0
2575	E	0	0	0	0	0	0	0
2576	L	0	0	0	0	0	0	0
2577	E	0	0	0	0	0	0	0
2578	K	0	0	0	0	0	0	0
2579	A	0	0	0	0	0	0	0
2580	Q	0	0	0	0	0	0	0
2581	L	0	0	0	0	0	0	0
2582	L	0	0	0	0	0	0	0
2583	Q	0	0	0	0	0	0	0
2584	G	0	0	0	0	0	0	0
2585	L	0	0	0	0	0	0	0
2586	D	0	0	0	0	0	0	0
2587	E	0	0	0	0	0	0	0
2588	A	0	0	0	0	0	0	0
2589	K	0	0	0	0	0	0	0
2590	N	0	0	0	0	0	0	0
2591	N	0	0	0	0	0	0	0
2592	Y	0	0	0	0	0	0	0
2593	I	0	0	0	0	0	0	0
2594	V	0	0	0	0	0	0	0
2595	L	0	0	0	0	0	0	0
2596	Q	0	0	0	0	0	0	0
2597	S	0	0	0	0	0	0	0
2598	S	0	0	0	0	0	0	0
2599	V	0	0	0	0	0	0	0
2600	N	0	0	0	0	0	0	0
2601	G	0	0	0	0	0	0	0
2602	L	0	0	0	0	0	0	0
2603	I	0	0	0	0	0	0	0
2604	Q	0	0	0	0	0	0	0
2605	E	0	0	0	0	0	0	0
2606	V	Phosphoserine	VNGLIQEVEDGKQKL	HHCHHHHHHHHHHHH	0	0	0	0
2607	E	0	0	0	0	0	0	0
2608	D	0	0	0	0	0	0	0
2609	G	0	0	0	0	0	0	0
2610	K	0	0	0	0	0	0	0
2611	Q	0	0	0	0	0	0	0
2612	K	0	0	0	0	0	0	0
2613	L	0	0	0	0	0	0	0
2614	E	0	0	0	0	0	0	0
2615	K	Phosphothreonine	DGKQKLEKKDEEISR	HHHHHHHHHHHHHHH	0	0	0	0
2616	K	0	0	0	0	0	0	0
2617	D	0	0	0	0	0	0	0
2618	E	0	0	0	0	0	0	0
2619	E	0	0	0	0	0	0	0
2620	I	0	0	0	0	0	0	0
2621	S	0	0	0	0	0	0	0
2622	R	0	0	0	0	0	0	0
2623	L	0	0	0	0	0	0	0
2624	K	0	0	0	0	0	0	0
2625	N	0	0	0	0	0	0	0
2626	Q	0	0	0	0	0	0	0
2627	I	0	0	0	0	0	0	0
2628	Q	0	0	0	0	0	0	0
2629	D	0	0	0	0	0	0	0
2630	Q	0	0	0	0	0	0	0
2631	E	0	0	0	0	0	0	0
2632	Q	0	0	0	0	0	0	0
2633	L	0	0	0	0	0	0	0
2634	V	0	0	0	0	0	0	0
2635	S	0	0	0	0	0	0	0
2636	K	0	0	0	0	0	0	0
2637	L	0	0	0	0	0	0	0
2638	S	Phosphoserine	EQLVSKLSQVEGEHQ	HHHHHHHHHHHCHHH	0	0	0	0
2639	Q	0	0	0	0	0	0	0
2640	V	0	0	0	0	0	0	0
2641	E	0	0	0	0	0	0	0
2642	G	0	0	0	0	0	0	0
2643	E	0	0	0	0	0	0	0
2644	H	0	0	0	0	0	0	0
2645	Q	0	0	0	0	0	0	0
2646	L	0	0	0	0	0	0	0
2647	W	0	0	0	0	0	0	0
2648	K	0	0	0	0	0	0	0
2649	E	0	0	0	0	0	0	0
2650	Q	0	0	0	0	0	0	0
2651	N	0	0	0	0	0	0	0
2652	L	0	0	0	0	0	0	0
2653	E	0	0	0	0	0	0	0
2654	L	0	0	0	0	0	0	0
2655	R	0	0	0	0	0	0	0
2656	N	0	0	0	0	0	0	0
2657	L	0	0	0	0	0	0	0
2658	T	0	0	0	0	0	0	0
2659	V	0	0	0	0	0	0	0
2660	E	0	0	0	0	0	0	0
2661	L	0	0	0	0	0	0	0
2662	E	0	0	0	0	0	0	0
2663	Q	0	0	0	0	0	0	0
2664	K	0	0	0	0	0	0	0
2665	I	0	0	0	0	0	0	0
2666	Q	0	0	0	0	0	0	0
2667	V	0	0	0	0	0	0	0
2668	L	0	0	0	0	0	0	0
2669	Q	0	0	0	0	0	0	0
2670	S	0	0	0	0	0	0	0
2671	K	0	0	0	0	0	0	0
2672	N	0	0	0	0	0	0	0
2673	A	0	0	0	0	0	0	0
2674	S	0	0	0	0	0	0	0
2675	L	0	0	0	0	0	0	0
2676	Q	0	0	0	0	0	0	0
2677	D	0	0	0	0	0	0	0
2678	T	0	0	0	0	0	0	0
2679	L	0	0	0	0	0	0	0
2680	E	0	0	0	0	0	0	0
2681	V	0	0	0	0	0	0	0
2682	L	0	0	0	0	0	0	0
2683	Q	0	0	0	0	0	0	0
2684	S	0	0	0	0	0	0	0
2685	S	0	0	0	0	0	0	0
2686	Y	0	0	0	0	0	0	0
2687	K	0	0	0	0	0	0	0
2688	N	0	0	0	0	0	0	0
2689	L	0	0	0	0	0	0	0
2690	E	0	0	0	0	0	0	0
2691	N	0	0	0	0	0	0	0
2692	E	0	0	0	0	0	0	0
2693	L	0	0	0	0	0	0	0
2694	E	0	0	0	0	0	0	0
2695	L	0	0	0	0	0	0	0
2696	T	0	0	0	0	0	0	0
2697	K	0	0	0	0	0	0	0
2698	M	0	0	0	0	0	0	0
2699	D	0	0	0	0	0	0	0
2700	K	N-acetyllysine	LELTKMDKMSFVEKV	HHHHHHHHHHHHHHH	0	0	0	0
2701	M	0	0	0	0	0	0	0
2702	S	Phosphoserine	LTKMDKMSFVEKVNK	HHHHHHHHHHHHHHH	0	0	0	0
2703	F	0	0	0	0	0	0	0
2704	V	0	0	0	0	0	0	0
2705	E	0	0	0	0	0	0	0
2706	K	0	0	0	0	0	0	0
2707	V	0	0	0	0	0	0	0
2708	N	0	0	0	0	0	0	0
2709	K	0	0	0	0	0	0	0
2710	M	0	0	0	0	0	0	0
2711	T	Phosphothreonine	VEKVNKMTAKETELQ	HHHHHHHHHHHHHHH	0	0	0	0
2712	A	0	0	0	0	0	0	0
2713	K	0	0	0	0	0	0	0
2714	E	0	0	0	0	0	0	0
2715	T	0	0	0	0	0	0	0
2716	E	0	0	0	0	0	0	0
2717	L	0	0	0	0	0	0	0
2718	Q	0	0	0	0	0	0	0
2719	R	0	0	0	0	0	0	0
2720	E	0	0	0	0	0	0	0
2721	M	0	0	0	0	0	0	0
2722	H	0	0	0	0	0	0	0
2723	E	0	0	0	0	0	0	0
2724	M	0	0	0	0	0	0	0
2725	A	0	0	0	0	0	0	0
2726	Q	0	0	0	0	0	0	0
2727	K	0	0	0	0	0	0	0
2728	T	0	0	0	0	0	0	0
2729	A	0	0	0	0	0	0	0
2730	E	0	0	0	0	0	0	0
2731	L	0	0	0	0	0	0	0
2732	Q	0	0	0	0	0	0	0
2733	E	0	0	0	0	0	0	0
2734	E	0	0	0	0	0	0	0
2735	L	0	0	0	0	0	0	0
2736	S	0	0	0	0	0	0	0
2737	G	0	0	0	0	0	0	0
2738	E	0	0	0	0	0	0	0
2739	K	0	0	0	0	0	0	0
2740	N	0	0	0	0	0	0	0
2741	R	0	0	0	0	0	0	0
2742	L	0	0	0	0	0	0	0
2743	A	0	0	0	0	0	0	0
2744	G	0	0	0	0	0	0	0
2745	E	0	0	0	0	0	0	0
2746	L	0	0	0	0	0	0	0
2747	Q	0	0	0	0	0	0	0
2748	L	0	0	0	0	0	0	0
2749	L	0	0	0	0	0	0	0
2750	L	0	0	0	0	0	0	0
2751	E	0	0	0	0	0	0	0
2752	E	0	0	0	0	0	0	0
2753	I	0	0	0	0	0	0	0
2754	K	0	0	0	0	0	0	0
2755	S	0	0	0	0	0	0	0
2756	S	0	0	0	0	0	0	0
2757	K	N-acetyllysine	LEEIKSSKDQLKELT	HHHHHCCHHHHHHHH	0	0	0	0
2758	D	0	0	0	0	0	0	0
2759	Q	0	0	0	0	0	0	0
2760	L	0	0	0	0	0	0	0
2761	K	N6-acetyllysine	KSSKDQLKELTLENS	HCCHHHHHHHHHCCH	0	0	0	0
2762	E	0	0	0	0	0	0	0
2763	L	0	0	0	0	0	0	0
2764	T	Phosphothreonine	KDQLKELTLENSELK	HHHHHHHHHCCHHHH	0	0	0	0
2765	L	0	0	0	0	0	0	0
2766	E	0	0	0	0	0	0	0
2767	N	0	0	0	0	0	0	0
2768	S	0	0	0	0	0	0	0
2769	E	0	0	0	0	0	0	0
2770	L	0	0	0	0	0	0	0
2771	K	0	0	0	0	0	0	0
2772	K	0	0	0	0	0	0	0
2773	S	0	0	0	0	0	0	0
2774	L	0	0	0	0	0	0	0
2775	D	0	0	0	0	0	0	0
2776	C	0	0	0	0	0	0	0
2777	M	0	0	0	0	0	0	0
2778	H	0	0	0	0	0	0	0
2779	K	N6-acetyllysine	KSLDCMHKDQVEKEG	HHHHCCCHHHHCCCC	0	0	0	0
2780	D	0	0	0	0	0	0	0
2781	Q	0	0	0	0	0	0	0
2782	V	0	0	0	0	0	0	0
2783	E	0	0	0	0	0	0	0
2784	K	0	0	0	0	0	0	0
2785	E	0	0	0	0	0	0	0
2786	G	0	0	0	0	0	0	0
2787	K	0	0	0	0	0	0	0
2788	V	0	0	0	0	0	0	0
2789	R	0	0	0	0	0	0	0
2790	E	0	0	0	0	0	0	0
2791	E	0	0	0	0	0	0	0
2792	I	0	0	0	0	0	0	0
2793	A	0	0	0	0	0	0	0
2794	E	0	0	0	0	0	0	0
2795	Y	0	0	0	0	0	0	0
2796	Q	0	0	0	0	0	0	0
2797	L	0	0	0	0	0	0	0
2798	R	0	0	0	0	0	0	0
2799	L	0	0	0	0	0	0	0
2800	H	0	0	0	0	0	0	0
2801	E	0	0	0	0	0	0	0
2802	A	0	0	0	0	0	0	0
2803	E	0	0	0	0	0	0	0
2804	K	0	0	0	0	0	0	0
2805	K	0	0	0	0	0	0	0
2806	H	0	0	0	0	0	0	0
2807	Q	0	0	0	0	0	0	0
2808	A	0	0	0	0	0	0	0
2809	L	0	0	0	0	0	0	0
2810	L	0	0	0	0	0	0	0
2811	L	0	0	0	0	0	0	0
2812	D	0	0	0	0	0	0	0
2813	T	0	0	0	0	0	0	0
2814	N	0	0	0	0	0	0	0
2815	K	0	0	0	0	0	0	0
2816	Q	0	0	0	0	0	0	0
2817	Y	0	0	0	0	0	0	0
2818	E	0	0	0	0	0	0	0
2819	V	0	0	0	0	0	0	0
2820	E	0	0	0	0	0	0	0
2821	I	0	0	0	0	0	0	0
2822	Q	0	0	0	0	0	0	0
2823	T	0	0	0	0	0	0	0
2824	Y	0	0	0	0	0	0	0
2825	R	0	0	0	0	0	0	0
2826	E	0	0	0	0	0	0	0
2827	K	Ubiquitinlysine	EIQTYREKLTSKEEC	EHHHHHHHCCCHHHH	0	0	0	0
2828	L	0	0	0	0	0	0	0
2829	T	0	0	0	0	0	0	0
2830	S	0	0	0	0	0	0	0
2831	K	0	0	0	0	0	0	0
2832	E	0	0	0	0	0	0	0
2833	E	0	0	0	0	0	0	0
2834	C	0	0	0	0	0	0	0
2835	L	0	0	0	0	0	0	0
2836	S	0	0	0	0	0	0	0
2837	S	0	0	0	0	0	0	0
2838	Q	0	0	0	0	0	0	0
2839	K	0	0	0	0	0	0	0
2840	L	0	0	0	0	0	0	0
2841	E	0	0	0	0	0	0	0
2842	I	0	0	0	0	0	0	0
2843	D	0	0	0	0	0	0	0
2844	L	0	0	0	0	0	0	0
2845	L	0	0	0	0	0	0	0
2846	K	0	0	0	0	0	0	0
2847	S	0	0	0	0	0	0	0
2848	S	0	0	0	0	0	0	0
2849	K	0	0	0	0	0	0	0
2850	E	0	0	0	0	0	0	0
2851	E	0	0	0	0	0	0	0
2852	L	0	0	0	0	0	0	0
2853	N	0	0	0	0	0	0	0
2854	N	0	0	0	0	0	0	0
2855	S	0	0	0	0	0	0	0
2856	L	0	0	0	0	0	0	0
2857	K	0	0	0	0	0	0	0
2858	A	0	0	0	0	0	0	0
2859	T	0	0	0	0	0	0	0
2860	T	Phosphothreonine	NNSLKATTQILEELK	HHHHHHHHHHHHHHH	0	0	0	0
2861	Q	0	0	0	0	0	0	0
2862	I	0	0	0	0	0	0	0
2863	L	0	0	0	0	0	0	0
2864	E	0	0	0	0	0	0	0
2865	E	0	0	0	0	0	0	0
2866	L	0	0	0	0	0	0	0
2867	K	0	0	0	0	0	0	0
2868	K	0	0	0	0	0	0	0
2869	T	0	0	0	0	0	0	0
2870	K	N6-acetyllysine	LEELKKTKMDNLKYV	HHHHHHCCCCHHHHH	0	0	0	0
2871	M	0	0	0	0	0	0	0
2872	D	0	0	0	0	0	0	0
2873	N	0	0	0	0	0	0	0
2874	L	0	0	0	0	0	0	0
2875	K	N6-acetyllysine	KTKMDNLKYVNQLKK	HCCCCHHHHHHHHHH	0	0	0	0
2876	Y	Phosphotyrosine	TKMDNLKYVNQLKKE	CCCCHHHHHHHHHHH	0	0	0	0
2877	V	0	0	0	0	0	0	0
2878	N	0	0	0	0	0	0	0
2879	Q	0	0	0	0	0	0	0
2880	L	0	0	0	0	0	0	0
2881	K	N6-acetyllysine	LKYVNQLKKENERAQ	HHHHHHHHHHCHHHH	0	0	0	0
2882	K	0	0	0	0	0	0	0
2883	E	0	0	0	0	0	0	0
2884	N	0	0	0	0	0	0	0
2885	E	0	0	0	0	0	0	0
2886	R	0	0	0	0	0	0	0
2887	A	0	0	0	0	0	0	0
2888	Q	0	0	0	0	0	0	0
2889	G	0	0	0	0	0	0	0
2890	K	0	0	0	0	0	0	0
2891	M	0	0	0	0	0	0	0
2892	K	0	0	0	0	0	0	0
2893	L	0	0	0	0	0	0	0
2894	L	0	0	0	0	0	0	0
2895	I	0	0	0	0	0	0	0
2896	K	0	0	0	0	0	0	0
2897	S	Phosphoserine	KMKLLIKSCKQLEEE	HHHHHHHHHHHHHHH	0	0	0	0
2898	C	0	0	0	0	0	0	0
2899	K	0	0	0	0	0	0	0
2900	Q	Phosphoserine	LLIKSCKQLEEEKEI	HHHHHHHHHHHHHHH	0	0	0	0
2901	L	0	0	0	0	0	0	0
2902	E	0	0	0	0	0	0	0
2903	E	0	0	0	0	0	0	0
2904	E	0	0	0	0	0	0	0
2905	K	0	0	0	0	0	0	0
2906	E	0	0	0	0	0	0	0
2907	I	0	0	0	0	0	0	0
2908	L	0	0	0	0	0	0	0
2909	Q	0	0	0	0	0	0	0
2910	K	0	0	0	0	0	0	0
2911	E	Phosphoserine	EKEILQKELSQLQAA	HHHHHHHHHHHHHHH	0	0	0	0
2912	L	0	0	0	0	0	0	0
2913	S	0	0	0	0	0	0	0
2914	Q	0	0	0	0	0	0	0
2915	L	Phosphoserine	LQKELSQLQAAQEKQ	HHHHHHHHHHHHHHH	0	0	0	0
2916	Q	0	0	0	0	0	0	0
2917	A	0	0	0	0	0	0	0
2918	A	0	0	0	0	0	0	0
2919	Q	0	0	0	0	0	0	0
2920	E	0	0	0	0	0	0	0
2921	K	0	0	0	0	0	0	0
2922	Q	Phosphoserine	LQAAQEKQKTGTVMD	HHHHHHHHCCCCCCC	0	0	0	0
2923	K	Phosphoserine	QAAQEKQKTGTVMDT	HHHHHHHCCCCCCCH	0	0	0	0
2924	T	0	0	0	0	0	0	0
2925	G	0	0	0	0	0	0	0
2926	T	0	0	0	0	0	0	0
2927	V	0	0	0	0	0	0	0
2928	M	0	0	0	0	0	0	0
2929	D	0	0	0	0	0	0	0
2930	T	0	0	0	0	0	0	0
2931	K	0	0	0	0	0	0	0
2932	V	0	0	0	0	0	0	0
2933	D	0	0	0	0	0	0	0
2934	E	0	0	0	0	0	0	0
2935	L	0	0	0	0	0	0	0
2936	T	Phosphoserine	DTKVDELTTEIKELK	CHHHHHHHHHHHHHH	Response to antineoplastic agents:response to antineoplastic agent	2943 (7)	0	0
2937	T	0	0	0	0	0	0	0
2938	E	0	0	0	0	0	0	0
2939	I	0	0	0	0	0	0	0
2940	K	Ubiquitinlysine	DELTTEIKELKETLE	HHHHHHHHHHHHHHH	Response to antineoplastic agents:response to antineoplastic agent	2943 (3)	0	0
2941	E	0	0	0	0	0	0	0
2942	L	0	0	0	0	0	0	0
2943	K	0	0	0	0	0	G;*	2936,2940,2949,2952
2944	E	0	0	0	0	0	0	0
2945	T	0	0	0	0	0	0	0
2946	L	0	0	0	0	0	0	0
2947	E	0	0	0	0	0	0	0
2948	E	0	0	0	0	0	0	0
2949	K	Phosphothreonine	LKETLEEKTKEADEY	HHHHHHHHHHHHHHH	Response to antineoplastic agents:response to antineoplastic agent	2943 (6)	0	0
2950	T	0	0	0	0	0	0	0
2951	K	0	0	0	0	0	0	0
2952	E	Phosphoserine	TLEEKTKEADEYLDK	HHHHHHHHHHHHHHH	Response to antineoplastic agents:response to antineoplastic agent	2943 (9)	0	0
2953	A	0	0	0	0	0	0	0
2954	D	0	0	0	0	0	0	0
2955	E	0	0	0	0	0	0	0
2956	Y	0	0	0	0	0	0	0
2957	L	0	0	0	0	0	0	0
2958	D	0	0	0	0	0	0	0
2959	K	0	0	0	0	0	0	0
2960	Y	0	0	0	0	0	0	0
2961	C	0	0	0	0	0	0	0
2962	S	0	0	0	0	0	0	0
2963	L	0	0	0	0	0	0	0
2964	L	0	0	0	0	0	0	0
2965	I	0	0	0	0	0	0	0
2966	S	0	0	0	0	0	0	0
2967	H	0	0	0	0	0	0	0
2968	E	0	0	0	0	0	0	0
2969	K	0	0	0	0	0	0	0
2970	L	0	0	0	0	0	0	0
2971	E	0	0	0	0	0	0	0
2972	K	0	0	0	0	0	0	0
2973	A	0	0	0	0	0	0	0
2974	K	0	0	0	0	0	0	0
2975	E	0	0	0	0	0	0	0
2976	M	0	0	0	0	0	0	0
2977	L	0	0	0	0	0	0	0
2978	E	0	0	0	0	0	0	0
2979	T	0	0	0	0	0	0	0
2980	Q	0	0	0	0	0	0	0
2981	V	0	0	0	0	0	0	0
2982	A	0	0	0	0	0	0	0
2983	H	0	0	0	0	0	0	0
2984	L	0	0	0	0	0	0	0
2985	C	0	0	0	0	0	0	0
2986	S	0	0	0	0	0	0	0
2987	Q	0	0	0	0	0	0	0
2988	Q	0	0	0	0	0	0	0
2989	S	0	0	0	0	0	0	0
2990	K	0	0	0	0	0	0	0
2991	Q	0	0	0	0	0	0	0
2992	D	0	0	0	0	0	0	0
2993	S	Phosphoserine	SQQSKQDSRGSPLLG	HHCCCCCCCCCCCCC	0	0	0	0
2994	R	0	0	0	0	0	0	0
2995	G	0	0	0	0	0	0	0
2996	S	Phosphoserine	SKQDSRGSPLLGPVV	CCCCCCCCCCCCCCC	0	0	0	0
2997	P	0	0	0	0	0	0	0
2998	L	Phosphoserine	QDSRGSPLLGPVVPG	CCCCCCCCCCCCCCC	0	0	0	0
2999	L	0	0	0	0	0	0	0
3000	G	Phosphotyrosine	SRGSPLLGPVVPGPS	CCCCCCCCCCCCCCC	0	0	0	0
3001	P	0	0	0	0	0	0	0
3002	V	0	0	0	0	0	0	0
3003	V	0	0	0	0	0	0	0
3004	P	0	0	0	0	0	0	0
3005	G	0	0	0	0	0	0	0
3006	P	0	0	0	0	0	0	0
3007	S	Phosphoserine	GPVVPGPSPIPSVTE	CCCCCCCCCCCCCCH	0	0	0	0
3008	P	0	0	0	0	0	0	0
3009	I	0	0	0	0	0	0	0
3010	P	0	0	0	0	0	0	0
3011	S	Phosphoserine	PGPSPIPSVTEKRLS	CCCCCCCCCCHHHCC	0	0	0	0
3012	V	0	0	0	0	0	0	0
3013	T	0	0	0	0	0	0	0
3014	E	0	0	0	0	0	0	0
3015	K	N6-acetyllysine	PIPSVTEKRLSSGQN	CCCCCCHHHCCCCCC	0	0	0	0
3016	R	0	0	0	0	0	0	0
3017	L	0	0	0	0	0	0	0
3018	S	Phosphoserine	SVTEKRLSSGQNKAS	CCCHHHCCCCCCCCC	0	0	0	0
3019	S	Phosphoserine	VTEKRLSSGQNKASG	CCHHHCCCCCCCCCC	0	0	0	0
3020	G	0	0	0	0	0	0	0
3021	Q	0	0	0	0	0	0	0
3022	N	0	0	0	0	0	0	0
3023	K	Phosphoserine	RLSSGQNKASGKRQR	HCCCCCCCCCCCCCC	0	0	0	0
3024	A	0	0	0	0	0	0	0
3025	S	Phosphoserine	SSGQNKASGKRQRSS	CCCCCCCCCCCCCCC	0	0	0	0
3026	G	Phosphoserine	SGQNKASGKRQRSSG	CCCCCCCCCCCCCCC	0	0	0	0
3027	K	0	0	0	0	0	0	0
3028	R	0	0	0	0	0	0	0
3029	Q	0	0	0	0	0	0	0
3030	R	0	0	0	0	0	0	0
3031	S	Phosphoserine	ASGKRQRSSGIWENG	CCCCCCCCCCCCCCC	0	0	0	0
3032	S	Phosphoserine	SGKRQRSSGIWENGR	CCCCCCCCCCCCCCC	0	0	0	0
3033	G	0	0	0	0	0	0	0
3034	I	0	0	0	0	0	0	0
3035	W	0	0	0	0	0	0	0
3036	E	0	0	0	0	0	0	0
3037	N	0	0	0	0	0	0	0
3038	G	0	0	0	0	0	0	0
3039	R	0	0	0	0	0	0	0
3040	G	0	0	0	0	0	0	0
3041	P	0	0	0	0	0	0	0
3042	T	Phosphothreonine	WENGRGPTPATPESF	CCCCCCCCCCCHHHH	0	0	0	0
3043	P	0	0	0	0	0	0	0
3044	A	0	0	0	0	0	0	0
3045	T	Phosphothreonine	GRGPTPATPESFSKK	CCCCCCCCHHHHCHH	0	0	0	0
3046	P	0	0	0	0	0	0	0
3047	E	0	0	0	0	0	0	0
3048	S	Phosphoserine	PTPATPESFSKKSKK	CCCCCHHHHCHHHHH	0	0	0	0
3049	F	0	0	0	0	0	0	0
3050	S	Phosphoserine	PATPESFSKKSKKAV	CCCHHHHCHHHHHHH	0	0	0	0
3051	K	N6-acetyllysine	ATPESFSKKSKKAVM	CCHHHHCHHHHHHHH	0	0	0	0
3052	K	0	0	0	0	0	0	0
3053	S	0	0	0	0	0	0	0
3054	K	Phosphoserine	ESFSKKSKKAVMSGI	HHHCHHHHHHHHCCC	0	0	0	0
3055	K	0	0	0	0	0	0	0
3056	A	0	0	0	0	0	0	0
3057	V	0	0	0	0	0	0	0
3058	M	0	0	0	0	0	0	0
3059	S	0	0	0	0	0	0	0
3060	G	Phosphothreonine	SKKAVMSGIHPAEDT	HHHHHHCCCCCCCCC	0	0	0	0
3061	I	0	0	0	0	0	0	0
3062	H	0	0	0	0	0	0	0
3063	P	0	0	0	0	0	0	0
3064	A	0	0	0	0	0	0	0
3065	E	0	0	0	0	0	0	0
3066	D	0	0	0	0	0	0	0
3067	T	0	0	0	0	0	0	0
3068	E	0	0	0	0	0	0	0
3069	G	0	0	0	0	0	0	0
3070	T	0	0	0	0	0	0	0
3071	E	0	0	0	0	0	0	0
3072	F	0	0	0	0	0	0	0
3073	E	0	0	0	0	0	0	0
3074	P	0	0	0	0	0	0	0
3075	E	0	0	0	0	0	0	0
3076	G	0	0	0	0	0	0	0
3077	L	0	0	0	0	0	0	0
3078	P	0	0	0	0	0	0	0
3079	E	Phosphoserine	FEPEGLPEVVKKGFA	CCCCCHHHHHHHCCC	0	0	0	0
3080	V	0	0	0	0	0	0	0
3081	V	Phosphothreonine	PEGLPEVVKKGFADI	CCCHHHHHHHCCCCC	0	0	0	0
3082	K	0	0	0	0	0	0	0
3083	K	Phosphoserine	GLPEVVKKGFADIPT	CHHHHHHHCCCCCCC	0	0	0	0
3084	G	0	0	0	0	0	0	0
3085	F	0	0	0	0	0	0	0
3086	A	0	0	0	0	0	0	0
3087	D	0	0	0	0	0	0	0
3088	I	0	0	0	0	0	0	0
3089	P	0	0	0	0	0	0	0
3090	T	Phosphothreonine	KGFADIPTGKTSPYI	HCCCCCCCCCCCCCH	0	0	0	0
3091	G	0	0	0	0	0	0	0
3092	K	N6-acetyllysine	FADIPTGKTSPYILR	CCCCCCCCCCCCHHH	0	0	0	0
3093	T	Phosphothreonine	ADIPTGKTSPYILRR	CCCCCCCCCCCHHHH	0	0	0	0
3094	S	Phosphoserine	DIPTGKTSPYILRRT	CCCCCCCCCCHHHHC	0	0	0	0
3095	P	0	0	0	0	0	0	0
3096	Y	Phosphotyrosine	PTGKTSPYILRRTTM	CCCCCCCCHHHHCCC	0	0	0	0
3097	I	0	0	0	0	0	0	0
3098	L	0	0	0	0	0	0	0
3099	R	0	0	0	0	0	0	0
3100	R	0	0	0	0	0	0	0
3101	T	Phosphothreonine	SPYILRRTTMATRTS	CCCHHHHCCCCCCCC	0	0	0	0
3102	T	0	0	0	0	0	0	0
3103	M	0	0	0	0	0	0	0
3104	A	0	0	0	0	0	0	0
3105	T	Phosphothreonine	LRRTTMATRTSPRLA	HHHCCCCCCCCHHHH	0	0	0	0
3106	R	0	0	0	0	0	0	0
3107	T	Phosphothreonine	RTTMATRTSPRLAAQ	HCCCCCCCCHHHHHH	0	0	0	0
3108	S	Phosphoserine	TTMATRTSPRLAAQK	CCCCCCCCHHHHHHH	0	0	0	0
3109	P	0	0	0	0	0	0	0
3110	R	0	0	0	0	0	0	0
3111	L	0	0	0	0	0	0	0
3112	A	0	0	0	0	0	0	0
3113	A	0	0	0	0	0	0	0
3114	Q	0	0	0	0	0	0	0
3115	K	N6-acetyllysine	SPRLAAQKLALSPLS	CHHHHHHHHCCCCHH	0	0	0	0
3116	L	0	0	0	0	0	0	0
3117	A	0	0	0	0	0	0	0
3118	L	0	0	0	0	0	0	0
3119	S	Phosphoserine	AAQKLALSPLSLGKE	HHHHHCCCCHHHCCC	0	0	0	0
3120	P	0	0	0	0	0	0	0
3121	L	0	0	0	0	0	0	0
3122	S	Phosphoserine	KLALSPLSLGKENLA	HHCCCCHHHCCCCCH	0	0	0	0
3123	L	0	0	0	0	0	0	0
3124	G	0	0	0	0	0	0	0
3125	K	0	0	0	0	0	0	0
3126	E	0	0	0	0	0	0	0
3127	N	0	0	0	0	0	0	0
3128	L	0	0	0	0	0	0	0
3129	A	0	0	0	0	0	0	0
3130	E	0	0	0	0	0	0	0
3131	S	Phosphoserine	GKENLAESSKPTAGG	CCCCCHHCCCCCCCC	0	0	0	0
3132	S	Phosphoserine	KENLAESSKPTAGGS	CCCCHHCCCCCCCCC	0	0	0	0
3133	K	N6-acetyllysine	ENLAESSKPTAGGSR	CCCHHCCCCCCCCCH	0	0	0	0
3134	P	0	0	0	0	0	0	0
3135	T	Phosphothreonine	LAESSKPTAGGSRSQ	CHHCCCCCCCCCHHC	0	0	0	0
3136	A	0	0	0	0	0	0	0
3137	G	0	0	0	0	0	0	0
3138	G	0	0	0	0	0	0	0
3139	S	Phosphoserine	SKPTAGGSRSQKVKV	CCCCCCCCHHCCEEE	0	0	0	0
3140	R	0	0	0	0	0	0	0
3141	S	0	0	0	0	0	0	0
3142	Q	0	0	0	0	0	0	0
3143	K	0	0	0	0	0	0	0
3144	V	0	0	0	0	0	0	0
3145	K	0	0	0	0	0	0	0
3146	V	0	0	0	0	0	0	0
3147	A	0	0	0	0	0	0	0
3148	Q	0	0	0	0	0	0	0
3149	R	0	0	0	0	0	0	0
3150	S	Phosphoserine	KVKVAQRSPVDSGTI	CEEEEECCCCCCCCC	0	0	0	0
3151	P	0	0	0	0	0	0	0
3152	V	0	0	0	0	0	0	0
3153	D	0	0	0	0	0	0	0
3154	S	Phosphoserine	AQRSPVDSGTILREP	EECCCCCCCCCCCCC	0	0	0	0
3155	G	0	0	0	0	0	0	0
3156	T	Phosphothreonine	RSPVDSGTILREPTT	CCCCCCCCCCCCCCC	0	0	0	0
3157	I	0	0	0	0	0	0	0
3158	L	0	0	0	0	0	0	0
3159	R	0	0	0	0	0	0	0
3160	E	0	0	0	0	0	0	0
3161	P	0	0	0	0	0	0	0
3162	T	0	0	0	0	0	0	0
3163	T	0	0	0	0	0	0	0
3164	K	0	0	0	0	0	0	0
3165	S	Phosphoserine	LREPTTKSVPVNNLP	CCCCCCCCCCCCCCC	0	0	0	0
3166	V	0	0	0	0	0	0	0
3167	P	0	0	0	0	0	0	0
3168	V	0	0	0	0	0	0	0
3169	N	0	0	0	0	0	0	0
3170	N	0	0	0	0	0	0	0
3171	L	0	0	0	0	0	0	0
3172	P	0	0	0	0	0	0	0
3173	E	0	0	0	0	0	0	0
3174	R	0	0	0	0	0	0	0
3175	S	Phosphoserine	VNNLPERSPTDSPRE	CCCCCCCCCCCCCCC	0	0	0	0
3176	P	0	0	0	0	0	0	0
3177	T	Phosphothreonine	NLPERSPTDSPREGL	CCCCCCCCCCCCCCC	0	0	0	0
3178	D	0	0	0	0	0	0	0
3179	S	Phosphoserine	PERSPTDSPREGLRV	CCCCCCCCCCCCCEE	0	0	0	0
3180	P	0	0	0	0	0	0	0
3181	R	0	0	0	0	0	0	0
3182	E	0	0	0	0	0	0	0
3183	G	0	0	0	0	0	0	0
3184	L	0	0	0	0	0	0	0
3185	R	0	0	0	0	0	0	0
3186	V	0	0	0	0	0	0	0
3187	K	0	0	0	0	0	0	0
3188	R	0	0	0	0	0	0	0
3189	G	0	0	0	0	0	0	0
3190	R	0	0	0	0	0	0	0
3191	L	0	0	0	0	0	0	0
3192	V	0	0	0	0	0	0	0
3193	P	0	0	0	0	0	0	0
3194	S	Phosphoserine	KRGRLVPSPKAGLES	CCCEECCCCCCCCCC	0	0	0	0
3195	P	0	0	0	0	0	0	0
3196	K	0	0	0	0	0	0	0
3197	A	0	0	0	0	0	0	0
3198	G	0	0	0	0	0	0	0
3199	L	0	0	0	0	0	0	0
3200	E	0	0	0	0	0	0	0
3201	S	0	0	0	0	0	0	0
3202	N	0	0	0	0	0	0	0
3203	G	0	0	0	0	0	0	0
3204	S	0	0	0	0	0	0	0
3205	E	0	0	0	0	0	0	0
3206	N	0	0	0	0	0	0	0
3207	C	S-farnesyl cysteine	ESNGSENCKVQ----	CCCCCCCCCCC----	0	0	0	0
3208	K	0	0	0	0	0	0	0
3209	V	0	0	0	0	0	0	0
3210	Q	0	0	0	0	0	0	0
