location	residue	Modification	seq	secStruc	RelatedDisease	VariantPosition	ResidueChange	DaPSbySAP
1	M	0	0	0	0	0	0	0
2	R	0	0	0	0	0	0	0
3	L	0	0	0	0	0	0	0
4	L	0	0	0	0	0	0	0
5	A	0	0	0	0	0	0	0
6	K	0	0	0	0	0	0	0
7	I	0	0	0	0	0	0	0
8	I	0	0	0	0	0	0	0
9	C	0	0	0	0	0	0	0
10	L	0	0	0	0	0	0	0
11	M	0	0	0	0	0	0	0
12	L	0	0	0	0	0	0	0
13	W	0	0	0	0	0	0	0
14	A	0	0	0	0	0	0	0
15	I	0	0	0	0	0	0	0
16	C	0	0	0	0	0	0	0
17	V	0	0	0	0	0	0	0
18	A	0	0	0	0	0	0	0
19	E	0	0	0	0	0	0	0
20	D	0	0	0	0	0	0	0
21	C	0	0	0	0	0	0	0
22	N	0	0	0	0	0	0	0
23	E	0	0	0	0	0	0	0
24	L	0	0	0	0	0	0	0
25	P	0	0	0	0	0	0	0
26	P	0	0	0	0	0	0	0
27	R	0	0	0	0	0	0	0
28	R	0	0	0	0	0	0	0
29	N	0	0	0	0	0	0	0
30	T	0	0	0	0	0	0	0
31	E	0	0	0	0	0	0	0
32	I	0	0	0	0	0	0	0
33	L	N-linked Glycosylation	PRRNTEILTGSWSDQ	CCCCCEECCCCCCCC	0	0	0	0
34	T	0	0	0	0	0	0	0
35	G	0	0	0	0	0	0	0
36	S	0	0	0	0	0	0	0
37	W	0	0	0	0	0	0	0
38	S	0	0	0	0	0	0	0
39	D	0	0	0	0	0	0	0
40	Q	0	0	0	0	0	0	0
41	T	0	0	0	0	0	0	0
42	Y	0	0	0	0	0	0	0
43	P	0	0	0	0	0	0	0
44	E	0	0	0	0	0	0	0
45	G	0	0	0	0	0	0	0
46	T	0	0	0	0	0	0	0
47	Q	0	0	0	0	0	0	0
48	A	0	0	0	0	0	0	0
49	I	0	0	0	0	0	0	0
50	Y	N-linked Glycosylation	PEGTQAIYKCRPGYR	CCCCCEEEEECCCCE	0	0	0	0
51	K	0	0	0	0	0	0	0
52	C	0	0	0	0	0	0	0
53	R	0	0	0	0	0	0	0
54	P	0	0	0	0	0	0	0
55	G	0	0	0	0	0	0	0
56	Y	0	0	0	0	0	0	0
57	R	0	0	0	0	0	0	0
58	S	0	0	0	0	0	0	0
59	L	0	0	0	0	0	0	0
60	G	0	0	0	0	0	0	0
61	N	0	0	0	0	0	0	0
62	V	0	0	0	0	0	0	0
63	I	0	0	0	0	0	0	0
64	M	0	0	0	0	0	0	0
65	V	0	0	0	0	0	0	0
66	C	0	0	0	0	0	0	0
67	R	0	0	0	0	0	0	0
68	K	0	0	0	0	0	0	0
69	G	0	0	0	0	0	0	0
70	E	0	0	0	0	0	0	0
71	W	0	0	0	0	0	0	0
72	V	0	0	0	0	0	0	0
73	A	0	0	0	0	0	0	0
74	L	0	0	0	0	0	0	0
75	N	0	0	0	0	0	0	0
76	P	0	0	0	0	0	0	0
77	L	0	0	0	0	0	0	0
78	R	0	0	0	0	0	0	0
79	K	0	0	0	0	0	0	0
80	C	0	0	0	0	0	0	0
81	Q	0	0	0	0	0	0	0
82	K	0	0	0	0	0	0	0
83	R	0	0	0	0	0	0	0
84	P	0	0	0	0	0	0	0
85	C	0	0	0	0	0	0	0
86	G	0	0	0	0	0	0	0
87	H	0	0	0	0	0	0	0
88	P	0	0	0	0	0	0	0
89	G	0	0	0	0	0	0	0
90	D	0	0	0	0	0	0	0
91	T	0	0	0	0	0	0	0
92	P	0	0	0	0	0	0	0
93	F	0	0	0	0	0	0	0
94	G	0	0	0	0	0	0	0
95	T	0	0	0	0	0	0	0
96	F	0	0	0	0	0	0	0
97	T	0	0	0	0	0	0	0
98	L	0	0	0	0	0	0	0
99	T	0	0	0	0	0	0	0
100	G	0	0	0	0	0	0	0
101	G	0	0	0	0	0	0	0
102	N	0	0	0	0	0	0	0
103	V	0	0	0	0	0	0	0
104	F	0	0	0	0	0	0	0
105	E	0	0	0	0	0	0	0
106	Y	0	0	0	0	0	0	0
107	G	0	0	0	0	0	0	0
108	V	0	0	0	0	0	0	0
109	K	0	0	0	0	0	0	0
110	A	0	0	0	0	0	0	0
111	V	0	0	0	0	0	0	0
112	Y	0	0	0	0	0	0	0
113	T	0	0	0	0	0	0	0
114	C	0	0	0	0	0	0	0
115	N	0	0	0	0	0	0	0
116	E	0	0	0	0	0	0	0
117	G	0	0	0	0	0	0	0
118	Y	0	0	0	0	0	0	0
119	Q	0	0	0	0	0	0	0
120	L	0	0	0	0	0	0	0
121	L	0	0	0	0	0	0	0
122	G	0	0	0	0	0	0	0
123	E	0	0	0	0	0	0	0
124	I	0	0	0	0	0	0	0
125	N	0	0	0	0	0	0	0
126	Y	0	0	0	0	0	0	0
127	R	0	0	0	0	0	0	0
128	E	0	0	0	0	0	0	0
129	C	0	0	0	0	0	0	0
130	D	0	0	0	0	0	0	0
131	T	0	0	0	0	0	0	0
132	D	0	0	0	0	0	0	0
133	G	0	0	0	0	0	0	0
134	W	0	0	0	0	0	0	0
135	T	0	0	0	0	0	0	0
136	N	0	0	0	0	0	0	0
137	D	0	0	0	0	0	0	0
138	I	0	0	0	0	0	0	0
139	P	0	0	0	0	0	0	0
140	I	0	0	0	0	0	0	0
141	C	0	0	0	0	0	0	0
142	E	0	0	0	0	0	0	0
143	V	0	0	0	0	0	0	0
144	V	0	0	0	0	0	0	0
145	K	0	0	0	0	0	0	0
146	C	N-linked Glycosylation	PICEVVKCLPVTAPE	CEEEEEEEEEEECCC	0	0	0	0
147	L	0	0	0	0	0	0	0
148	P	0	0	0	0	0	0	0
149	V	0	0	0	0	0	0	0
150	T	Phosphothreonine	VVKCLPVTAPENGKI	EEEEEEEECCCCCEE	0	0	0	0
151	A	0	0	0	0	0	0	0
152	P	0	0	0	0	0	0	0
153	E	0	0	0	0	0	0	0
154	N	0	0	0	0	0	0	0
155	G	0	0	0	0	0	0	0
156	K	0	0	0	0	0	0	0
157	I	0	0	0	0	0	0	0
158	V	0	0	0	0	0	0	0
159	S	Phosphoserine	PENGKIVSSAMEPDR	CCCCEEEECCCCCCC	0	0	0	0
160	S	Phosphoserine	ENGKIVSSAMEPDRE	CCCEEEECCCCCCCC	0	0	0	0
161	A	0	0	0	0	0	0	0
162	M	0	0	0	0	0	0	0
163	E	0	0	0	0	0	0	0
164	P	0	0	0	0	0	0	0
165	D	0	0	0	0	0	0	0
166	R	0	0	0	0	0	0	0
167	E	0	0	0	0	0	0	0
168	Y	0	0	0	0	0	0	0
169	H	0	0	0	0	0	0	0
170	F	0	0	0	0	0	0	0
171	G	0	0	0	0	0	0	0
172	Q	0	0	0	0	0	0	0
173	A	0	0	0	0	0	0	0
174	V	0	0	0	0	0	0	0
175	R	0	0	0	0	0	0	0
176	F	0	0	0	0	0	0	0
177	V	0	0	0	0	0	0	0
178	C	0	0	0	0	0	0	0
179	N	0	0	0	0	0	0	0
180	S	0	0	0	0	0	0	0
181	G	0	0	0	0	0	0	0
182	Y	0	0	0	0	0	0	0
183	K	0	0	0	0	0	0	0
184	I	0	0	0	0	0	0	0
185	E	0	0	0	0	0	0	0
186	G	0	0	0	0	0	0	0
187	D	0	0	0	0	0	0	0
188	E	0	0	0	0	0	0	0
189	E	0	0	0	0	0	0	0
190	M	0	0	0	0	0	0	0
191	H	0	0	0	0	0	0	0
192	C	0	0	0	0	0	0	0
193	S	0	0	0	0	0	0	0
194	D	0	0	0	0	0	0	0
195	D	0	0	0	0	0	0	0
196	G	0	0	0	0	0	0	0
197	F	0	0	0	0	0	0	0
198	W	0	0	0	0	0	0	0
199	S	0	0	0	0	0	0	0
200	K	0	0	0	0	0	0	0
201	E	0	0	0	0	0	0	0
202	K	0	0	0	0	0	0	0
203	P	0	0	0	0	0	0	0
204	K	N-acetyllysine	FWSKEKPKCVEISCK	CCCCCCCCEEEEEEC	0	0	0	0
205	C	0	0	0	0	0	0	0
206	V	0	0	0	0	0	0	0
207	E	0	0	0	0	0	0	0
208	I	0	0	0	0	0	0	0
209	S	0	0	0	0	0	0	0
210	C	0	0	0	0	0	0	0
211	K	0	0	0	0	0	0	0
212	S	0	0	0	0	0	0	0
213	P	0	0	0	0	0	0	0
214	D	0	0	0	0	0	0	0
215	V	0	0	0	0	0	0	0
216	I	0	0	0	0	0	0	0
217	N	N-linked Glycosylation	CKSPDVINGSPISQK	ECCCCCCCCCCCCEE	0	0	0	0
218	G	0	0	0	0	0	0	0
219	S	Phosphoserine	SPDVINGSPISQKII	CCCCCCCCCCCEEEE	0	0	0	0
220	P	0	0	0	0	0	0	0
221	I	0	0	0	0	0	0	0
222	S	0	0	0	0	0	0	0
223	Q	0	0	0	0	0	0	0
224	K	0	0	0	0	0	0	0
225	I	0	0	0	0	0	0	0
226	I	0	0	0	0	0	0	0
227	Y	0	0	0	0	0	0	0
228	K	0	0	0	0	0	0	0
229	E	0	0	0	0	0	0	0
230	N	0	0	0	0	0	0	0
231	E	0	0	0	0	0	0	0
232	R	0	0	0	0	0	0	0
233	F	0	0	0	0	0	0	0
234	Q	0	0	0	0	0	0	0
235	Y	0	0	0	0	0	0	0
236	K	0	0	0	0	0	0	0
237	C	0	0	0	0	0	0	0
238	N	0	0	0	0	0	0	0
239	M	0	0	0	0	0	0	0
240	G	0	0	0	0	0	0	0
241	Y	0	0	0	0	0	0	0
242	E	0	0	0	0	0	0	0
243	Y	0	0	0	0	0	0	0
244	S	0	0	0	0	0	0	0
245	E	0	0	0	0	0	0	0
246	R	0	0	0	0	0	0	0
247	G	0	0	0	0	0	0	0
248	D	0	0	0	0	0	0	0
249	A	0	0	0	0	0	0	0
250	V	0	0	0	0	0	0	0
251	C	0	0	0	0	0	0	0
252	T	0	0	0	0	0	0	0
253	E	0	0	0	0	0	0	0
254	S	0	0	0	0	0	0	0
255	G	0	0	0	0	0	0	0
256	W	0	0	0	0	0	0	0
257	R	0	0	0	0	0	0	0
258	P	0	0	0	0	0	0	0
259	L	0	0	0	0	0	0	0
260	P	0	0	0	0	0	0	0
261	S	0	0	0	0	0	0	0
262	C	0	0	0	0	0	0	0
263	E	0	0	0	0	0	0	0
264	E	0	0	0	0	0	0	0
265	K	0	0	0	0	0	0	0
266	S	0	0	0	0	0	0	0
267	C	0	0	0	0	0	0	0
268	D	0	0	0	0	0	0	0
269	N	0	0	0	0	0	0	0
270	P	0	0	0	0	0	0	0
271	Y	0	0	0	0	0	0	0
272	I	0	0	0	0	0	0	0
273	P	0	0	0	0	0	0	0
274	N	0	0	0	0	0	0	0
275	G	0	0	0	0	0	0	0
276	D	0	0	0	0	0	0	0
277	Y	0	0	0	0	0	0	0
278	S	0	0	0	0	0	0	0
279	P	0	0	0	0	0	0	0
280	L	0	0	0	0	0	0	0
281	R	0	0	0	0	0	0	0
282	I	0	0	0	0	0	0	0
283	K	0	0	0	0	0	0	0
284	H	0	0	0	0	0	0	0
285	R	0	0	0	0	0	0	0
286	T	0	0	0	0	0	0	0
287	G	0	0	0	0	0	0	0
288	D	0	0	0	0	0	0	0
289	E	0	0	0	0	0	0	0
290	I	0	0	0	0	0	0	0
291	T	0	0	0	0	0	0	0
292	Y	0	0	0	0	0	0	0
293	Q	0	0	0	0	0	0	0
294	C	0	0	0	0	0	0	0
295	R	0	0	0	0	0	0	0
296	N	0	0	0	0	0	0	0
297	G	0	0	0	0	0	0	0
298	F	0	0	0	0	0	0	0
299	Y	0	0	0	0	0	0	0
300	P	0	0	0	0	0	0	0
301	A	0	0	0	0	0	0	0
302	T	0	0	0	0	0	0	0
303	R	0	0	0	0	0	0	0
304	G	0	0	0	0	0	0	0
305	N	0	0	0	0	0	0	0
306	T	0	0	0	0	0	0	0
307	A	0	0	0	0	0	0	0
308	K	0	0	0	0	0	0	0
309	C	0	0	0	0	0	0	0
310	T	0	0	0	0	0	0	0
311	S	0	0	0	0	0	0	0
312	T	0	0	0	0	0	0	0
313	G	0	0	0	0	0	0	0
314	W	0	0	0	0	0	0	0
315	I	0	0	0	0	0	0	0
316	P	0	0	0	0	0	0	0
317	A	0	0	0	0	0	0	0
318	P	0	0	0	0	0	0	0
319	R	0	0	0	0	0	0	0
320	C	0	0	0	0	0	0	0
321	T	0	0	0	0	0	0	0
322	L	0	0	0	0	0	0	0
323	K	0	0	0	0	0	0	0
324	P	0	0	0	0	0	0	0
325	C	0	0	0	0	0	0	0
326	D	0	0	0	0	0	0	0
327	Y	0	0	0	0	0	0	0
328	P	0	0	0	0	0	0	0
329	D	0	0	0	0	0	0	0
330	I	0	0	0	0	0	0	0
331	K	0	0	0	0	0	0	0
332	H	0	0	0	0	0	0	0
333	G	0	0	0	0	0	0	0
334	G	0	0	0	0	0	0	0
335	L	0	0	0	0	0	0	0
336	Y	0	0	0	0	0	0	0
337	H	0	0	0	0	0	0	0
338	E	0	0	0	0	0	0	0
339	N	0	0	0	0	0	0	0
340	M	0	0	0	0	0	0	0
341	R	0	0	0	0	0	0	0
342	R	0	0	0	0	0	0	0
343	P	0	0	0	0	0	0	0
344	Y	0	0	0	0	0	0	0
345	F	0	0	0	0	0	0	0
346	P	0	0	0	0	0	0	0
347	V	0	0	0	0	0	0	0
348	A	0	0	0	0	0	0	0
349	V	0	0	0	0	0	0	0
350	G	0	0	0	0	0	0	0
351	K	0	0	0	0	0	0	0
352	Y	0	0	0	0	0	0	0
353	Y	0	0	0	0	0	0	0
354	S	0	0	0	0	0	0	0
355	Y	0	0	0	0	0	0	0
356	Y	0	0	0	0	0	0	0
357	C	0	0	0	0	0	0	0
358	D	0	0	0	0	0	0	0
359	E	0	0	0	0	0	0	0
360	H	0	0	0	0	0	0	0
361	F	0	0	0	0	0	0	0
362	E	0	0	0	0	0	0	0
363	T	0	0	0	0	0	0	0
364	P	0	0	0	0	0	0	0
365	S	0	0	0	0	0	0	0
366	G	0	0	0	0	0	0	0
367	S	0	0	0	0	0	0	0
368	Y	0	0	0	0	0	0	0
369	W	0	0	0	0	0	0	0
370	D	0	0	0	0	0	0	0
371	H	0	0	0	0	0	0	0
372	I	0	0	0	0	0	0	0
373	H	0	0	0	0	0	0	0
374	C	0	0	0	0	0	0	0
375	T	0	0	0	0	0	0	0
376	Q	0	0	0	0	0	0	0
377	D	0	0	0	0	0	0	0
378	G	0	0	0	0	0	0	0
379	W	0	0	0	0	0	0	0
380	S	0	0	0	0	0	0	0
381	P	0	0	0	0	0	0	0
382	A	0	0	0	0	0	0	0
383	V	0	0	0	0	0	0	0
384	P	0	0	0	0	0	0	0
385	C	0	0	0	0	0	0	0
386	L	0	0	0	0	0	0	0
387	R	0	0	0	0	0	0	0
388	K	0	0	0	0	0	0	0
389	C	0	0	0	0	0	0	0
390	Y	0	0	0	0	0	0	0
391	F	0	0	0	0	0	0	0
392	P	0	0	0	0	0	0	0
393	Y	0	0	0	0	0	0	0
394	L	0	0	0	0	0	0	0
395	E	0	0	0	0	0	0	0
396	N	0	0	0	0	0	0	0
397	G	0	0	0	0	0	0	0
398	Y	0	0	0	0	0	0	0
399	N	0	0	0	0	0	0	0
400	Q	0	0	0	0	0	0	0
401	N	0	0	0	0	0	0	0
402	Y	0	0	0	0	0	0	0
403	G	0	0	0	0	0	0	0
404	R	0	0	0	0	0	0	0
405	K	0	0	0	0	0	0	0
406	F	0	0	0	0	0	0	0
407	V	0	0	0	0	0	0	0
408	Q	0	0	0	0	0	0	0
409	G	0	0	0	0	0	0	0
410	K	0	0	0	0	0	0	0
411	S	0	0	0	0	0	0	0
412	I	0	0	0	0	0	0	0
413	D	0	0	0	0	0	0	0
414	V	0	0	0	0	0	0	0
415	A	0	0	0	0	0	0	0
416	C	0	0	0	0	0	0	0
417	H	0	0	0	0	0	0	0
418	P	0	0	0	0	0	0	0
419	G	0	0	0	0	0	0	0
420	Y	0	0	0	0	0	0	0
421	A	0	0	0	0	0	0	0
422	L	0	0	0	0	0	0	0
423	P	0	0	0	0	0	0	0
424	K	0	0	0	0	0	0	0
425	A	0	0	0	0	0	0	0
426	Q	0	0	0	0	0	0	0
427	T	Phosphothreonine	YALPKAQTTVTCMEN	CCCCCCCEEEEECCC	0	0	0	0
428	T	0	0	0	0	0	0	0
429	V	0	0	0	0	0	0	0
430	T	0	0	0	0	0	0	0
431	C	0	0	0	0	0	0	0
432	M	0	0	0	0	0	0	0
433	E	0	0	0	0	0	0	0
434	N	0	0	0	0	0	0	0
435	G	0	0	0	0	0	0	0
436	W	0	0	0	0	0	0	0
437	S	0	0	0	0	0	0	0
438	P	0	0	0	0	0	0	0
439	T	0	0	0	0	0	0	0
440	P	0	0	0	0	0	0	0
441	R	0	0	0	0	0	0	0
442	C	0	0	0	0	0	0	0
443	I	0	0	0	0	0	0	0
444	R	0	0	0	0	0	0	0
445	V	0	0	0	0	0	0	0
446	K	0	0	0	0	0	0	0
447	T	0	0	0	0	0	0	0
448	C	0	0	0	0	0	0	0
449	S	0	0	0	0	0	0	0
450	K	0	0	0	0	0	0	0
451	S	Phosphoserine	RVKTCSKSSIDIENG	EEEECCCCCEECCCC	0	0	0	0
452	S	Phosphoserine	VKTCSKSSIDIENGF	EEECCCCCEECCCCE	0	0	0	0
453	I	0	0	0	0	0	0	0
454	D	0	0	0	0	0	0	0
455	I	0	0	0	0	0	0	0
456	E	0	0	0	0	0	0	0
457	N	0	0	0	0	0	0	0
458	G	0	0	0	0	0	0	0
459	F	0	0	0	0	0	0	0
460	I	0	0	0	0	0	0	0
461	S	0	0	0	0	0	0	0
462	E	0	0	0	0	0	0	0
463	S	0	0	0	0	0	0	0
464	Q	0	0	0	0	0	0	0
465	Y	0	0	0	0	0	0	0
466	T	0	0	0	0	0	0	0
467	Y	0	0	0	0	0	0	0
468	A	0	0	0	0	0	0	0
469	L	0	0	0	0	0	0	0
470	K	0	0	0	0	0	0	0
471	E	0	0	0	0	0	0	0
472	K	0	0	0	0	0	0	0
473	A	0	0	0	0	0	0	0
474	K	0	0	0	0	0	0	0
475	Y	0	0	0	0	0	0	0
476	Q	0	0	0	0	0	0	0
477	C	0	0	0	0	0	0	0
478	K	0	0	0	0	0	0	0
479	L	0	0	0	0	0	0	0
480	G	0	0	0	0	0	0	0
481	Y	0	0	0	0	0	0	0
482	V	0	0	0	0	0	0	0
483	T	0	0	0	0	0	0	0
484	A	0	0	0	0	0	0	0
485	D	0	0	0	0	0	0	0
486	G	0	0	0	0	0	0	0
487	E	0	0	0	0	0	0	0
488	T	0	0	0	0	0	0	0
489	S	0	0	0	0	0	0	0
490	G	0	0	0	0	0	0	0
491	S	0	0	0	0	0	0	0
492	I	0	0	0	0	0	0	0
493	T	0	0	0	0	0	0	0
494	C	0	0	0	0	0	0	0
495	G	0	0	0	0	0	0	0
496	K	0	0	0	0	0	0	0
497	D	0	0	0	0	0	0	0
498	G	0	0	0	0	0	0	0
499	W	0	0	0	0	0	0	0
500	S	0	0	0	0	0	0	0
501	A	0	0	0	0	0	0	0
502	Q	0	0	0	0	0	0	0
503	P	0	0	0	0	0	0	0
504	T	0	0	0	0	0	0	0
505	C	0	0	0	0	0	0	0
506	I	0	0	0	0	0	0	0
507	K	0	0	0	0	0	0	0
508	S	0	0	0	0	0	0	0
509	C	0	0	0	0	0	0	0
510	D	0	0	0	0	0	0	0
511	I	0	0	0	0	0	0	0
512	P	0	0	0	0	0	0	0
513	V	0	0	0	0	0	0	0
514	F	0	0	0	0	0	0	0
515	M	0	0	0	0	0	0	0
516	N	0	0	0	0	0	0	0
517	A	0	0	0	0	0	0	0
518	R	0	0	0	0	0	0	0
519	T	0	0	0	0	0	0	0
520	K	0	0	0	0	0	0	0
521	N	0	0	0	0	0	0	0
522	D	0	0	0	0	0	0	0
523	F	0	0	0	0	0	0	0
524	T	0	0	0	0	0	0	0
525	W	0	0	0	0	0	0	0
526	F	0	0	0	0	0	0	0
527	K	0	0	0	0	0	0	0
528	L	0	0	0	0	0	0	0
529	N	N-linked (GlcNAc)	DFTWFKLNDTLDYEC	CCCEEECCCCCCEEE	0	0	0	0
530	D	0	0	0	0	0	0	0
531	T	0	0	0	0	0	0	0
532	L	0	0	0	0	0	0	0
533	D	0	0	0	0	0	0	0
534	Y	0	0	0	0	0	0	0
535	E	0	0	0	0	0	0	0
536	C	0	0	0	0	0	0	0
537	H	0	0	0	0	0	0	0
538	D	0	0	0	0	0	0	0
539	G	0	0	0	0	0	0	0
540	Y	0	0	0	0	0	0	0
541	E	0	0	0	0	0	0	0
542	S	0	0	0	0	0	0	0
543	N	0	0	0	0	0	0	0
544	T	0	0	0	0	0	0	0
545	G	0	0	0	0	0	0	0
546	S	0	0	0	0	0	0	0
547	T	0	0	0	0	0	0	0
548	T	0	0	0	0	0	0	0
549	G	0	0	0	0	0	0	0
550	S	0	0	0	0	0	0	0
551	I	0	0	0	0	0	0	0
552	V	0	0	0	0	0	0	0
553	C	0	0	0	0	0	0	0
554	G	0	0	0	0	0	0	0
555	Y	0	0	0	0	0	0	0
556	N	0	0	0	0	0	0	0
557	G	0	0	0	0	0	0	0
558	W	0	0	0	0	0	0	0
559	S	0	0	0	0	0	0	0
560	D	0	0	0	0	0	0	0
561	L	0	0	0	0	0	0	0
562	P	0	0	0	0	0	0	0
563	I	0	0	0	0	0	0	0
564	C	0	0	0	0	0	0	0
565	Y	0	0	0	0	0	0	0
566	E	0	0	0	0	0	0	0
567	R	0	0	0	0	0	0	0
568	E	0	0	0	0	0	0	0
569	C	0	0	0	0	0	0	0
570	E	0	0	0	0	0	0	0
571	L	0	0	0	0	0	0	0
572	P	0	0	0	0	0	0	0
573	K	0	0	0	0	0	0	0
574	I	0	0	0	0	0	0	0
575	D	0	0	0	0	0	0	0
576	V	0	0	0	0	0	0	0
577	H	0	0	0	0	0	0	0
578	L	0	0	0	0	0	0	0
579	V	0	0	0	0	0	0	0
580	P	0	0	0	0	0	0	0
581	D	0	0	0	0	0	0	0
582	R	0	0	0	0	0	0	0
583	K	N-acetyllysine	VHLVPDRKKDQYKVG	EEECCCCCCCCCCHH	0	0	0	0
584	K	0	0	0	0	0	0	0
585	D	0	0	0	0	0	0	0
586	Q	0	0	0	0	0	0	0
587	Y	Phosphotyrosine	PDRKKDQYKVGEVLK	CCCCCCCCCHHCEEE	0	0	0	0
588	K	N-acetyllysine	DRKKDQYKVGEVLKF	CCCCCCCCHHCEEEE	0	0	0	0
589	V	0	0	0	0	0	0	0
590	G	0	0	0	0	0	0	0
591	E	0	0	0	0	0	0	0
592	V	0	0	0	0	0	0	0
593	L	0	0	0	0	0	0	0
594	K	0	0	0	0	0	0	0
595	F	0	0	0	0	0	0	0
596	S	0	0	0	0	0	0	0
597	C	0	0	0	0	0	0	0
598	K	0	0	0	0	0	0	0
599	P	0	0	0	0	0	0	0
600	G	0	0	0	0	0	0	0
601	F	0	0	0	0	0	0	0
602	T	0	0	0	0	0	0	0
603	I	0	0	0	0	0	0	0
604	V	0	0	0	0	0	0	0
605	G	0	0	0	0	0	0	0
606	P	0	0	0	0	0	0	0
607	N	0	0	0	0	0	0	0
608	S	0	0	0	0	0	0	0
609	V	0	0	0	0	0	0	0
610	Q	0	0	0	0	0	0	0
611	C	0	0	0	0	0	0	0
612	Y	0	0	0	0	0	0	0
613	H	0	0	0	0	0	0	0
614	F	0	0	0	0	0	0	0
615	G	0	0	0	0	0	0	0
616	L	0	0	0	0	0	0	0
617	S	0	0	0	0	0	0	0
618	P	0	0	0	0	0	0	0
619	D	0	0	0	0	0	0	0
620	L	0	0	0	0	0	0	0
621	P	0	0	0	0	0	0	0
622	I	0	0	0	0	0	0	0
623	C	0	0	0	0	0	0	0
624	K	0	0	0	0	0	0	0
625	E	0	0	0	0	0	0	0
626	Q	0	0	0	0	0	0	0
627	V	0	0	0	0	0	0	0
628	Q	0	0	0	0	0	0	0
629	S	0	0	0	0	0	0	0
630	C	0	0	0	0	0	0	0
631	G	0	0	0	0	0	0	0
632	P	0	0	0	0	0	0	0
633	P	0	0	0	0	0	0	0
634	P	0	0	0	0	0	0	0
635	E	0	0	0	0	0	0	0
636	L	0	0	0	0	0	0	0
637	L	0	0	0	0	0	0	0
638	N	0	0	0	0	0	0	0
639	G	0	0	0	0	0	0	0
640	N	0	0	0	0	0	0	0
641	V	0	0	0	0	0	0	0
642	K	0	0	0	0	0	0	0
643	E	0	0	0	0	0	0	0
644	K	0	0	0	0	0	0	0
645	T	0	0	0	0	0	0	0
646	K	0	0	0	0	0	0	0
647	E	0	0	0	0	0	0	0
648	E	0	0	0	0	0	0	0
649	Y	0	0	0	0	0	0	0
650	G	0	0	0	0	0	0	0
651	H	0	0	0	0	0	0	0
652	S	0	0	0	0	0	0	0
653	E	0	0	0	0	0	0	0
654	V	0	0	0	0	0	0	0
655	V	0	0	0	0	0	0	0
656	E	0	0	0	0	0	0	0
657	Y	0	0	0	0	0	0	0
658	Y	0	0	0	0	0	0	0
659	C	0	0	0	0	0	0	0
660	N	0	0	0	0	0	0	0
661	P	0	0	0	0	0	0	0
662	R	0	0	0	0	0	0	0
663	F	0	0	0	0	0	0	0
664	L	0	0	0	0	0	0	0
665	M	0	0	0	0	0	0	0
666	K	0	0	0	0	0	0	0
667	G	0	0	0	0	0	0	0
668	P	0	0	0	0	0	0	0
669	N	0	0	0	0	0	0	0
670	K	0	0	0	0	0	0	0
671	I	0	0	0	0	0	0	0
672	Q	0	0	0	0	0	0	0
673	C	0	0	0	0	0	0	0
674	V	0	0	0	0	0	0	0
675	D	0	0	0	0	0	0	0
676	G	0	0	0	0	0	0	0
677	E	0	0	0	0	0	0	0
678	W	0	0	0	0	0	0	0
679	T	0	0	0	0	0	0	0
680	T	0	0	0	0	0	0	0
681	L	0	0	0	0	0	0	0
682	P	0	0	0	0	0	0	0
683	V	0	0	0	0	0	0	0
684	C	0	0	0	0	0	0	0
685	I	0	0	0	0	0	0	0
686	V	0	0	0	0	0	0	0
687	E	0	0	0	0	0	0	0
688	E	0	0	0	0	0	0	0
689	S	0	0	0	0	0	0	0
690	T	0	0	0	0	0	0	0
691	C	0	0	0	0	0	0	0
692	G	0	0	0	0	0	0	0
693	D	0	0	0	0	0	0	0
694	I	0	0	0	0	0	0	0
695	P	0	0	0	0	0	0	0
696	E	0	0	0	0	0	0	0
697	L	0	0	0	0	0	0	0
698	E	0	0	0	0	0	0	0
699	H	0	0	0	0	0	0	0
700	G	0	0	0	0	0	0	0
701	W	0	0	0	0	0	0	0
702	A	0	0	0	0	0	0	0
703	Q	0	0	0	0	0	0	0
704	L	0	0	0	0	0	0	0
705	S	0	0	0	0	0	0	0
706	S	0	0	0	0	0	0	0
707	P	0	0	0	0	0	0	0
708	P	0	0	0	0	0	0	0
709	Y	0	0	0	0	0	0	0
710	Y	0	0	0	0	0	0	0
711	Y	0	0	0	0	0	0	0
712	G	0	0	0	0	0	0	0
713	D	0	0	0	0	0	0	0
714	S	0	0	0	0	0	0	0
715	V	0	0	0	0	0	0	0
716	E	0	0	0	0	0	0	0
717	F	0	0	0	0	0	0	0
718	N	N-linked (GlcNAc)	YGDSVEFNCSESFTM	CCCCEEEECCCCEEE	0	0	0	0
719	C	0	0	0	0	0	0	0
720	S	0	0	0	0	0	0	0
721	E	0	0	0	0	0	0	0
722	S	0	0	0	0	0	0	0
723	F	0	0	0	0	0	0	0
724	T	0	0	0	0	0	0	0
725	M	0	0	0	0	0	0	0
726	I	0	0	0	0	0	0	0
727	G	0	0	0	0	0	0	0
728	H	0	0	0	0	0	0	0
729	R	0	0	0	0	0	0	0
730	S	0	0	0	0	0	0	0
731	I	0	0	0	0	0	0	0
732	T	0	0	0	0	0	0	0
733	C	0	0	0	0	0	0	0
734	I	0	0	0	0	0	0	0
735	H	0	0	0	0	0	0	0
736	G	0	0	0	0	0	0	0
737	V	0	0	0	0	0	0	0
738	W	0	0	0	0	0	0	0
739	T	0	0	0	0	0	0	0
740	Q	0	0	0	0	0	0	0
741	L	0	0	0	0	0	0	0
742	P	0	0	0	0	0	0	0
743	Q	0	0	0	0	0	0	0
744	C	0	0	0	0	0	0	0
745	V	0	0	0	0	0	0	0
746	A	0	0	0	0	0	0	0
747	I	0	0	0	0	0	0	0
748	D	0	0	0	0	0	0	0
749	K	0	0	0	0	0	0	0
750	L	0	0	0	0	0	0	0
751	K	0	0	0	0	0	0	0
752	K	0	0	0	0	0	0	0
753	C	0	0	0	0	0	0	0
754	K	0	0	0	0	0	0	0
755	S	0	0	0	0	0	0	0
756	S	0	0	0	0	0	0	0
757	N	0	0	0	0	0	0	0
758	L	0	0	0	0	0	0	0
759	I	0	0	0	0	0	0	0
760	I	0	0	0	0	0	0	0
761	L	0	0	0	0	0	0	0
762	E	0	0	0	0	0	0	0
763	E	0	0	0	0	0	0	0
764	H	0	0	0	0	0	0	0
765	L	0	0	0	0	0	0	0
766	K	0	0	0	0	0	0	0
767	N	0	0	0	0	0	0	0
768	K	0	0	0	0	0	0	0
769	K	0	0	0	0	0	0	0
770	E	0	0	0	0	0	0	0
771	F	0	0	0	0	0	0	0
772	D	0	0	0	0	0	0	0
773	H	0	0	0	0	0	0	0
774	N	0	0	0	0	0	0	0
775	S	0	0	0	0	0	0	0
776	N	0	0	0	0	0	0	0
777	I	0	0	0	0	0	0	0
778	R	0	0	0	0	0	0	0
779	Y	0	0	0	0	0	0	0
780	R	0	0	0	0	0	0	0
781	C	0	0	0	0	0	0	0
782	R	0	0	0	0	0	0	0
783	G	0	0	0	0	0	0	0
784	K	0	0	0	0	0	0	0
785	E	0	0	0	0	0	0	0
786	G	0	0	0	0	0	0	0
787	W	0	0	0	0	0	0	0
788	I	0	0	0	0	0	0	0
789	H	0	0	0	0	0	0	0
790	T	0	0	0	0	0	0	0
791	V	0	0	0	0	0	0	0
792	C	0	0	0	0	0	0	0
793	I	0	0	0	0	0	0	0
794	N	0	0	0	0	0	0	0
795	G	0	0	0	0	0	0	0
796	R	0	0	0	0	0	0	0
797	W	0	0	0	0	0	0	0
798	D	0	0	0	0	0	0	0
799	P	0	0	0	0	0	0	0
800	E	0	0	0	0	0	0	0
801	V	0	0	0	0	0	0	0
802	N	N-linked (GlcNAc)	GRWDPEVNCSMAQIQ	CEECCCCCEEEEEEE	0	0	0	0
803	C	0	0	0	0	0	0	0
804	S	0	0	0	0	0	0	0
805	M	0	0	0	0	0	0	0
806	A	0	0	0	0	0	0	0
807	Q	0	0	0	0	0	0	0
808	I	0	0	0	0	0	0	0
809	Q	0	0	0	0	0	0	0
810	L	0	0	0	0	0	0	0
811	C	0	0	0	0	0	0	0
812	P	0	0	0	0	0	0	0
813	P	0	0	0	0	0	0	0
814	P	0	0	0	0	0	0	0
815	P	0	0	0	0	0	0	0
816	Q	0	0	0	0	0	0	0
817	I	0	0	0	0	0	0	0
818	P	0	0	0	0	0	0	0
819	N	0	0	0	0	0	0	0
820	S	0	0	0	0	0	0	0
821	H	0	0	0	0	0	0	0
822	N	N-linked (GlcNAc)	PQIPNSHNMTTTLNY	CCCCCCCCCEEEEEC	0	0	0	0
823	M	0	0	0	0	0	0	0
824	T	0	0	0	0	0	0	0
825	T	0	0	0	0	0	0	0
826	T	0	0	0	0	0	0	0
827	L	0	0	0	0	0	0	0
828	N	0	0	0	0	0	0	0
829	Y	0	0	0	0	0	0	0
830	R	0	0	0	0	0	0	0
831	D	0	0	0	0	0	0	0
832	G	0	0	0	0	0	0	0
833	E	0	0	0	0	0	0	0
834	K	0	0	0	0	0	0	0
835	V	0	0	0	0	0	0	0
836	S	0	0	0	0	0	0	0
837	V	0	0	0	0	0	0	0
838	L	0	0	0	0	0	0	0
839	C	0	0	0	0	0	0	0
840	Q	0	0	0	0	0	0	0
841	E	0	0	0	0	0	0	0
842	N	0	0	0	0	0	0	0
843	Y	0	0	0	0	0	0	0
844	L	0	0	0	0	0	0	0
845	I	0	0	0	0	0	0	0
846	Q	0	0	0	0	0	0	0
847	E	0	0	0	0	0	0	0
848	G	0	0	0	0	0	0	0
849	E	0	0	0	0	0	0	0
850	E	0	0	0	0	0	0	0
851	I	0	0	0	0	0	0	0
852	T	0	0	0	0	0	0	0
853	C	0	0	0	0	0	0	0
854	K	0	0	0	0	0	0	0
855	D	0	0	0	0	0	0	0
856	G	0	0	0	0	0	0	0
857	R	0	0	0	0	0	0	0
858	W	0	0	0	0	0	0	0
859	Q	0	0	0	0	0	0	0
860	S	0	0	0	0	0	0	0
861	I	0	0	0	0	0	0	0
862	P	0	0	0	0	0	0	0
863	L	0	0	0	0	0	0	0
864	C	0	0	0	0	0	0	0
865	V	0	0	0	0	0	0	0
866	E	0	0	0	0	0	0	0
867	K	0	0	0	0	0	0	0
868	I	0	0	0	0	0	0	0
869	P	0	0	0	0	0	0	0
870	C	0	0	0	0	0	0	0
871	S	0	0	0	0	0	0	0
872	Q	0	0	0	0	0	0	0
873	P	0	0	0	0	0	0	0
874	P	0	0	0	0	0	0	0
875	Q	0	0	0	0	0	0	0
876	I	0	0	0	0	0	0	0
877	E	0	0	0	0	0	0	0
878	H	0	0	0	0	0	0	0
879	G	0	0	0	0	0	0	0
880	T	0	0	0	0	0	0	0
881	I	0	0	0	0	0	0	0
882	N	N-linked Glycosylation	QIEHGTINSSRSSQE	CCCCCCCCCCCCCCC	0	0	0	0
883	S	0	0	0	0	0	0	0
884	S	0	0	0	0	0	0	0
885	R	0	0	0	0	0	0	0
886	S	0	0	0	0	0	0	0
887	S	0	0	0	0	0	0	0
888	Q	0	0	0	0	0	0	0
889	E	0	0	0	0	0	0	0
890	S	0	0	0	0	0	0	0
891	Y	0	0	0	0	0	0	0
892	A	0	0	0	0	0	0	0
893	H	0	0	0	0	0	0	0
894	G	0	0	0	0	0	0	0
895	T	0	0	0	0	0	0	0
896	K	0	0	0	0	0	0	0
897	L	0	0	0	0	0	0	0
898	S	0	0	0	0	0	0	0
899	Y	0	0	0	0	0	0	0
900	T	0	0	0	0	0	0	0
901	C	0	0	0	0	0	0	0
902	E	0	0	0	0	0	0	0
903	G	0	0	0	0	0	0	0
904	G	0	0	0	0	0	0	0
905	F	0	0	0	0	0	0	0
906	R	0	0	0	0	0	0	0
907	I	0	0	0	0	0	0	0
908	S	0	0	0	0	0	0	0
909	E	0	0	0	0	0	0	0
910	E	0	0	0	0	0	0	0
911	N	N-linked Glycosylation	GFRISEENETTCYMG	CEEECCCCCCEEECC	0	0	0	0
912	E	0	0	0	0	0	0	0
913	T	0	0	0	0	0	0	0
914	T	0	0	0	0	0	0	0
915	C	0	0	0	0	0	0	0
916	Y	0	0	0	0	0	0	0
917	M	0	0	0	0	0	0	0
918	G	0	0	0	0	0	0	0
919	K	0	0	0	0	0	0	0
920	W	0	0	0	0	0	0	0
921	S	0	0	0	0	0	0	0
922	S	0	0	0	0	0	0	0
923	P	0	0	0	0	0	0	0
924	P	0	0	0	0	0	0	0
925	Q	0	0	0	0	0	0	0
926	C	0	0	0	0	0	0	0
927	E	0	0	0	0	0	0	0
928	G	0	0	0	0	0	0	0
929	L	0	0	0	0	0	0	0
930	P	0	0	0	0	0	0	0
931	C	0	0	0	0	0	0	0
932	K	0	0	0	0	0	0	0
933	S	0	0	0	0	0	0	0
934	P	0	0	0	0	0	0	0
935	P	0	0	0	0	0	0	0
936	E	0	0	0	0	0	0	0
937	I	0	0	0	0	0	0	0
938	S	0	0	0	0	0	0	0
939	H	0	0	0	0	0	0	0
940	G	0	0	0	0	0	0	0
941	V	0	0	0	0	0	0	0
942	V	0	0	0	0	0	0	0
943	A	0	0	0	0	0	0	0
944	H	0	0	0	0	0	0	0
945	M	0	0	0	0	0	0	0
946	S	0	0	0	0	0	0	0
947	D	0	0	0	0	0	0	0
948	S	0	0	0	0	0	0	0
949	Y	0	0	0	0	0	0	0
950	Q	0	0	0	0	0	0	0
951	Y	0	0	0	0	0	0	0
952	G	0	0	0	0	0	0	0
953	E	0	0	0	0	0	0	0
954	E	0	0	0	0	0	0	0
955	V	0	0	0	0	0	0	0
956	T	0	0	0	0	0	0	0
957	Y	0	0	0	0	0	0	0
958	K	0	0	0	0	0	0	0
959	C	0	0	0	0	0	0	0
960	F	0	0	0	0	0	0	0
961	E	0	0	0	0	0	0	0
962	G	0	0	0	0	0	0	0
963	F	0	0	0	0	0	0	0
964	G	0	0	0	0	0	0	0
965	I	0	0	0	0	0	0	0
966	D	0	0	0	0	0	0	0
967	G	0	0	0	0	0	0	0
968	P	0	0	0	0	0	0	0
969	A	0	0	0	0	0	0	0
970	I	0	0	0	0	0	0	0
971	A	0	0	0	0	0	0	0
972	K	0	0	0	0	0	0	0
973	C	0	0	0	0	0	0	0
974	L	0	0	0	0	0	0	0
975	G	0	0	0	0	0	0	0
976	E	0	0	0	0	0	0	0
977	K	0	0	0	0	0	0	0
978	W	0	0	0	0	0	0	0
979	S	0	0	0	0	0	0	0
980	H	0	0	0	0	0	0	0
981	P	0	0	0	0	0	0	0
982	P	0	0	0	0	0	0	0
983	S	0	0	0	0	0	0	0
984	C	0	0	0	0	0	0	0
985	I	0	0	0	0	0	0	0
986	K	0	0	0	0	0	0	0
987	T	0	0	0	0	0	0	0
988	D	0	0	0	0	0	0	0
989	C	0	0	0	0	0	0	0
990	L	0	0	0	0	0	0	0
991	S	0	0	0	0	0	0	0
992	L	0	0	0	0	0	0	0
993	P	0	0	0	0	0	0	0
994	S	0	0	0	0	0	0	0
995	F	0	0	0	0	0	0	0
996	E	0	0	0	0	0	0	0
997	N	0	0	0	0	0	0	0
998	A	0	0	0	0	0	0	0
999	I	0	0	0	0	0	0	0
1000	P	0	0	0	0	0	0	0
1001	M	0	0	0	0	0	0	0
1002	G	0	0	0	0	0	0	0
1003	E	0	0	0	0	0	0	0
1004	K	0	0	0	0	0	0	0
1005	K	0	0	0	0	0	0	0
1006	D	0	0	0	0	0	0	0
1007	V	0	0	0	0	0	0	0
1008	Y	Phosphotyrosine	MGEKKDVYKAGEQVT	CCCCCCHHHCCCEEE	0	0	0	0
1009	K	0	0	0	0	0	0	0
1010	A	0	0	0	0	0	0	0
1011	G	0	0	0	0	0	0	0
1012	E	0	0	0	0	0	0	0
1013	Q	0	0	0	0	0	0	0
1014	V	0	0	0	0	0	0	0
1015	T	0	0	0	0	0	0	0
1016	Y	0	0	0	0	0	0	0
1017	T	0	0	0	0	0	0	0
1018	C	0	0	0	0	0	0	0
1019	A	0	0	0	0	0	0	0
1020	T	0	0	0	0	0	0	0
1021	Y	0	0	0	0	0	0	0
1022	Y	0	0	0	0	0	0	0
1023	K	0	0	0	0	0	0	0
1024	M	0	0	0	0	0	0	0
1025	D	0	0	0	0	0	0	0
1026	G	0	0	0	0	0	0	0
1027	A	0	0	0	0	0	0	0
1028	S	0	0	0	0	0	0	0
1029	N	N-linked Glycosylation	YKMDGASNVTCINSR	EECCCCCCEEEEECC	0	0	0	0
1030	V	0	0	0	0	0	0	0
1031	T	0	0	0	0	0	0	0
1032	C	0	0	0	0	0	0	0
1033	I	0	0	0	0	0	0	0
1034	N	0	0	0	0	0	0	0
1035	S	0	0	0	0	0	0	0
1036	R	0	0	0	0	0	0	0
1037	W	0	0	0	0	0	0	0
1038	T	0	0	0	0	0	0	0
1039	G	0	0	0	0	0	0	0
1040	R	0	0	0	0	0	0	0
1041	P	0	0	0	0	0	0	0
1042	T	0	0	0	0	0	0	0
1043	C	0	0	0	0	0	0	0
1044	R	0	0	0	0	0	0	0
1045	D	0	0	0	0	0	0	0
1046	T	0	0	0	0	0	0	0
1047	S	0	0	0	0	0	0	0
1048	C	0	0	0	0	0	0	0
1049	V	0	0	0	0	0	0	0
1050	N	0	0	0	0	0	0	0
1051	P	0	0	0	0	0	0	0
1052	P	0	0	0	0	0	0	0
1053	T	0	0	0	0	0	0	0
1054	V	0	0	0	0	0	0	0
1055	Q	0	0	0	0	0	0	0
1056	N	0	0	0	0	0	0	0
1057	A	0	0	0	0	0	0	0
1058	Y	0	0	0	0	0	0	0
1059	I	0	0	0	0	0	0	0
1060	V	0	0	0	0	0	0	0
1061	S	0	0	0	0	0	0	0
1062	R	0	0	0	0	0	0	0
1063	Q	0	0	0	0	0	0	0
1064	M	0	0	0	0	0	0	0
1065	S	0	0	0	0	0	0	0
1066	K	0	0	0	0	0	0	0
1067	Y	0	0	0	0	0	0	0
1068	P	0	0	0	0	0	0	0
1069	S	0	0	0	0	0	0	0
1070	G	0	0	0	0	0	0	0
1071	E	0	0	0	0	0	0	0
1072	R	0	0	0	0	0	0	0
1073	V	0	0	0	0	0	0	0
1074	R	0	0	0	0	0	0	0
1075	Y	0	0	0	0	0	0	0
1076	Q	0	0	0	0	0	0	0
1077	C	0	0	0	0	0	0	0
1078	R	0	0	0	0	0	0	0
1079	S	0	0	0	0	0	0	0
1080	P	0	0	0	0	0	0	0
1081	Y	0	0	0	0	0	0	0
1082	E	0	0	0	0	0	0	0
1083	M	0	0	0	0	0	0	0
1084	F	0	0	0	0	0	0	0
1085	G	0	0	0	0	0	0	0
1086	D	0	0	0	0	0	0	0
1087	E	0	0	0	0	0	0	0
1088	E	0	0	0	0	0	0	0
1089	V	0	0	0	0	0	0	0
1090	M	0	0	0	0	0	0	0
1091	C	0	0	0	0	0	0	0
1092	L	0	0	0	0	0	0	0
1093	N	0	0	0	0	0	0	0
1094	G	0	0	0	0	0	0	0
1095	N	N-linked (GlcNAc)	EVMCLNGNWTEPPQC	EEEEECCCCCCCCCC	0	0	0	0
1096	W	0	0	0	0	0	0	0
1097	T	0	0	0	0	0	0	0
1098	E	0	0	0	0	0	0	0
1099	P	0	0	0	0	0	0	0
1100	P	0	0	0	0	0	0	0
1101	Q	0	0	0	0	0	0	0
1102	C	0	0	0	0	0	0	0
1103	K	0	0	0	0	0	0	0
1104	D	0	0	0	0	0	0	0
1105	S	0	0	0	0	0	0	0
1106	T	0	0	0	0	0	0	0
1107	G	0	0	0	0	0	0	0
1108	K	0	0	0	0	0	0	0
1109	C	0	0	0	0	0	0	0
1110	G	0	0	0	0	0	0	0
1111	P	0	0	0	0	0	0	0
1112	P	0	0	0	0	0	0	0
1113	P	0	0	0	0	0	0	0
1114	P	0	0	0	0	0	0	0
1115	I	0	0	0	0	0	0	0
1116	D	0	0	0	0	0	0	0
1117	N	0	0	0	0	0	0	0
1118	G	0	0	0	0	0	0	0
1119	D	0	0	0	0	0	0	0
1120	I	0	0	0	0	0	0	0
1121	T	0	0	0	0	0	0	0
1122	S	0	0	0	0	0	0	0
1123	F	0	0	0	0	0	0	0
1124	P	0	0	0	0	0	0	0
1125	L	0	0	0	0	0	0	0
1126	S	0	0	0	0	0	0	0
1127	V	0	0	0	0	0	0	0
1128	Y	0	0	0	0	0	0	0
1129	A	0	0	0	0	0	0	0
1130	P	0	0	0	0	0	0	0
1131	A	0	0	0	0	0	0	0
1132	S	0	0	0	0	0	0	0
1133	S	0	0	0	0	0	0	0
1134	V	0	0	0	0	0	0	0
1135	E	0	0	0	0	0	0	0
1136	Y	0	0	0	0	0	0	0
1137	Q	0	0	0	0	0	0	0
1138	C	0	0	0	0	0	0	0
1139	Q	0	0	0	0	0	0	0
1140	N	0	0	0	0	0	0	0
1141	L	0	0	0	0	0	0	0
1142	Y	0	0	0	0	0	0	0
1143	Q	0	0	0	0	0	0	0
1144	L	0	0	0	0	0	0	0
1145	E	0	0	0	0	0	0	0
1146	G	0	0	0	0	0	0	0
1147	N	0	0	0	0	0	0	0
1148	K	0	0	0	0	0	0	0
1149	R	0	0	0	0	0	0	0
1150	I	0	0	0	0	0	0	0
1151	T	0	0	0	0	0	0	0
1152	C	0	0	0	0	0	0	0
1153	R	0	0	0	0	0	0	0
1154	N	0	0	0	0	0	0	0
1155	G	0	0	0	0	0	0	0
1156	Q	0	0	0	0	0	0	0
1157	W	0	0	0	0	0	0	0
1158	S	0	0	0	0	0	0	0
1159	E	0	0	0	0	0	0	0
1160	P	0	0	0	0	0	0	0
1161	P	0	0	0	0	0	0	0
1162	K	0	0	0	0	0	0	0
1163	C	0	0	0	0	0	0	0
1164	L	0	0	0	0	0	0	0
1165	H	0	0	0	0	0	0	0
1166	P	0	0	0	0	0	0	0
1167	C	0	0	0	0	0	0	0
1168	V	0	0	0	0	0	0	0
1169	I	0	0	0	0	0	0	0
1170	S	0	0	0	0	0	0	0
1171	R	0	0	0	0	0	0	0
1172	E	0	0	0	0	0	0	0
1173	I	0	0	0	0	0	0	0
1174	M	0	0	0	0	0	0	0
1175	E	0	0	0	0	0	0	0
1176	N	0	0	0	0	0	0	0
1177	Y	0	0	0	0	0	0	0
1178	N	0	0	0	0	0	0	0
1179	I	0	0	0	0	0	0	0
1180	A	0	0	0	0	0	0	0
1181	L	0	0	0	0	0	0	0
1182	R	0	0	0	0	0	0	0
1183	W	0	0	0	0	0	0	0
1184	T	0	0	0	0	0	0	0
1185	A	0	0	0	0	0	0	0
1186	K	0	0	0	0	0	0	0
1187	Q	0	0	0	0	0	0	0
1188	K	0	0	0	0	0	0	0
1189	L	0	0	0	0	0	0	0
1190	Y	0	0	0	0	0	0	0
1191	S	0	0	0	0	0	0	0
1192	R	0	0	0	0	0	0	0
1193	T	0	0	0	0	0	0	0
1194	G	0	0	0	0	0	0	0
1195	E	0	0	0	0	0	0	0
1196	S	0	0	0	0	0	0	0
1197	V	0	0	0	0	0	0	0
1198	E	0	0	0	0	0	0	0
1199	F	0	0	0	0	0	0	0
1200	V	0	0	0	0	0	0	0
1201	C	0	0	0	0	0	0	0
1202	K	0	0	0	0	0	0	0
1203	R	0	0	0	0	0	0	0
1204	G	0	0	0	0	0	0	0
1205	Y	Phosphotyrosine	EFVCKRGYRLSSRSH	EEEECCCCCCCCCCE	Advanced age-related macular degeneration:atrophic macular degeneration, age-related macular degeneration, wet macular degeneration	1210 (5)	0	0
1206	R	0	0	0	0	0	0	0
1207	L	0	0	0	0	0	0	0
1208	S	0	0	0	0	0	0	0
1209	S	0	0	0	0	0	0	0
1210	R	0	0	0	0	0	C	1205
1211	S	0	0	0	0	0	0	0
1212	H	0	0	0	0	0	0	0
1213	T	0	0	0	0	0	0	0
1214	L	0	0	0	0	0	0	0
1215	R	0	0	0	0	0	0	0
1216	T	0	0	0	0	0	0	0
1217	T	0	0	0	0	0	0	0
1218	C	0	0	0	0	0	0	0
1219	W	0	0	0	0	0	0	0
1220	D	0	0	0	0	0	0	0
1221	G	0	0	0	0	0	0	0
1222	K	0	0	0	0	0	0	0
1223	L	0	0	0	0	0	0	0
1224	E	0	0	0	0	0	0	0
1225	Y	0	0	0	0	0	0	0
1226	P	0	0	0	0	0	0	0
1227	T	0	0	0	0	0	0	0
1228	C	0	0	0	0	0	0	0
1229	A	0	0	0	0	0	0	0
1230	K	0	0	0	0	0	0	0
1231	R	0	0	0	0	0	0	0
