location	residue	Modification	seq	secStruc	RelatedDisease	VariantPosition	ResidueChange	DaPSbySAP
1	M	0	0	0	0	0	0	0
2	P	0	0	0	0	0	0	0
3	L	0	0	0	0	0	0	0
4	L	0	0	0	0	0	0	0
5	T	0	0	0	0	0	0	0
6	L	0	0	0	0	0	0	0
7	Y	0	0	0	0	0	0	0
8	L	0	0	0	0	0	0	0
9	L	0	0	0	0	0	0	0
10	L	0	0	0	0	0	0	0
11	F	0	0	0	0	0	0	0
12	W	0	0	0	0	0	0	0
13	L	0	0	0	0	0	0	0
14	S	0	0	0	0	0	0	0
15	G	0	0	0	0	0	0	0
16	Y	0	0	0	0	0	0	0
17	S	0	0	0	0	0	0	0
18	I	0	0	0	0	0	0	0
19	V	0	0	0	0	0	0	0
20	T	0	0	0	0	0	0	0
21	Q	0	0	0	0	0	0	0
22	I	0	0	0	0	0	0	0
23	T	0	0	0	0	0	0	0
24	G	0	0	0	0	0	0	0
25	P	0	0	0	0	0	0	0
26	T	0	0	0	0	0	0	0
27	T	0	0	0	0	0	0	0
28	V	0	0	0	0	0	0	0
29	N	0	0	0	0	0	0	0
30	G	0	0	0	0	0	0	0
31	L	0	0	0	0	0	0	0
32	E	0	0	0	0	0	0	0
33	R	0	0	0	0	0	0	0
34	G	0	0	0	0	0	0	0
35	S	0	0	0	0	0	0	0
36	L	0	0	0	0	0	0	0
37	T	0	0	0	0	0	0	0
38	V	0	0	0	0	0	0	0
39	Q	0	0	0	0	0	0	0
40	C	0	0	0	0	0	0	0
41	V	0	0	0	0	0	0	0
42	Y	0	0	0	0	0	0	0
43	R	0	0	0	0	0	0	0
44	S	0	0	0	0	0	0	0
45	G	0	0	0	0	0	0	0
46	W	0	0	0	0	0	0	0
47	E	0	0	0	0	0	0	0
48	T	0	0	0	0	0	0	0
49	Y	0	0	0	0	0	0	0
50	L	0	0	0	0	0	0	0
51	K	0	0	0	0	0	0	0
52	W	0	0	0	0	0	0	0
53	W	N-linked Glycosylation	WETYLKWWCRGAIWR	HHHHHHHHHHCHHHH	0	0	0	0
54	C	0	0	0	0	0	0	0
55	R	0	0	0	0	0	0	0
56	G	0	0	0	0	0	0	0
57	A	0	0	0	0	0	0	0
58	I	0	0	0	0	0	0	0
59	W	0	0	0	0	0	0	0
60	R	0	0	0	0	0	0	0
61	D	0	0	0	0	0	0	0
62	C	0	0	0	0	0	0	0
63	K	0	0	0	0	0	0	0
64	I	0	0	0	0	0	0	0
65	L	0	0	0	0	0	0	0
66	V	0	0	0	0	0	0	0
67	K	0	0	0	0	0	0	0
68	T	0	0	0	0	0	0	0
69	S	0	0	0	0	0	0	0
70	G	0	0	0	0	0	0	0
71	S	0	0	0	0	0	0	0
72	E	0	0	0	0	0	0	0
73	Q	0	0	0	0	0	0	0
74	E	0	0	0	0	0	0	0
75	V	0	0	0	0	0	0	0
76	K	N-acetyllysine	SGSEQEVKRDRVSIK	CCCCHHEEECCEEEE	0	0	0	0
77	R	0	0	0	0	0	0	0
78	D	0	0	0	0	0	0	0
79	R	0	0	0	0	0	0	0
80	V	0	0	0	0	0	0	0
81	S	0	0	0	0	0	0	0
82	I	0	0	0	0	0	0	0
83	K	0	0	0	0	0	0	0
84	D	0	0	0	0	0	0	0
85	N	0	0	0	0	0	0	0
86	Q	0	0	0	0	0	0	0
87	K	0	0	0	0	0	0	0
88	N	0	0	0	0	0	0	0
89	R	0	0	0	0	0	0	0
90	T	0	0	0	0	0	0	0
91	F	0	0	0	0	0	0	0
92	T	0	0	0	0	0	0	0
93	V	0	0	0	0	0	0	0
94	T	0	0	0	0	0	0	0
95	M	0	0	0	0	0	0	0
96	E	0	0	0	0	0	0	0
97	D	0	0	0	0	0	0	0
98	L	0	0	0	0	0	0	0
99	M	0	0	0	0	0	0	0
100	K	0	0	0	0	0	0	0
101	T	0	0	0	0	0	0	0
102	D	0	0	0	0	0	0	0
103	A	0	0	0	0	0	0	0
104	D	0	0	0	0	0	0	0
105	T	0	0	0	0	0	0	0
106	Y	0	0	0	0	0	0	0
107	W	0	0	0	0	0	0	0
108	C	0	0	0	0	0	0	0
109	G	0	0	0	0	0	0	0
110	I	0	0	0	0	0	0	0
111	E	0	0	0	0	0	0	0
112	K	0	0	0	0	0	0	0
113	T	0	0	0	0	0	0	0
114	G	0	0	0	0	0	0	0
115	N	0	0	0	0	0	0	0
116	D	0	0	0	0	0	0	0
117	L	0	0	0	0	0	0	0
118	G	0	0	0	0	0	0	0
119	V	0	0	0	0	0	0	0
120	T	0	0	0	0	0	0	0
121	V	0	0	0	0	0	0	0
122	Q	0	0	0	0	0	0	0
123	V	0	0	0	0	0	0	0
124	T	0	0	0	0	0	0	0
125	I	0	0	0	0	0	0	0
126	D	0	0	0	0	0	0	0
127	P	0	0	0	0	0	0	0
128	A	0	0	0	0	0	0	0
129	P	0	0	0	0	0	0	0
130	V	0	0	0	0	0	0	0
131	T	0	0	0	0	0	0	0
132	Q	0	0	0	0	0	0	0
133	E	0	0	0	0	0	0	0
134	E	0	0	0	0	0	0	0
135	T	0	0	0	0	0	0	0
136	S	0	0	0	0	0	0	0
137	S	0	0	0	0	0	0	0
138	S	0	0	0	0	0	0	0
139	P	0	0	0	0	0	0	0
140	T	0	0	0	0	0	0	0
141	L	0	0	0	0	0	0	0
142	T	0	0	0	0	0	0	0
143	G	0	0	0	0	0	0	0
144	H	0	0	0	0	0	0	0
145	H	0	0	0	0	0	0	0
146	L	0	0	0	0	0	0	0
147	D	0	0	0	0	0	0	0
148	N	0	0	0	0	0	0	0
149	R	0	0	0	0	0	0	0
150	H	0	0	0	0	0	0	0
151	K	0	0	0	0	0	0	0
152	L	0	0	0	0	0	0	0
153	L	0	0	0	0	0	0	0
154	K	0	0	0	0	0	0	0
155	L	0	0	0	0	0	0	0
156	S	0	0	0	0	0	0	0
157	V	0	0	0	0	0	0	0
158	L	0	0	0	0	0	0	0
159	L	0	0	0	0	0	0	0
160	P	0	0	0	0	0	0	0
161	L	0	0	0	0	0	0	0
162	I	0	0	0	0	0	0	0
163	F	0	0	0	0	0	0	0
164	T	0	0	0	0	0	0	0
165	I	0	0	0	0	0	0	0
166	L	0	0	0	0	0	0	0
167	L	0	0	0	0	0	0	0
168	L	0	0	0	0	0	0	0
169	L	0	0	0	0	0	0	0
170	L	0	0	0	0	0	0	0
171	V	0	0	0	0	0	0	0
172	A	0	0	0	0	0	0	0
173	A	0	0	0	0	0	0	0
174	S	0	0	0	0	0	0	0
175	L	0	0	0	0	0	0	0
176	L	0	0	0	0	0	0	0
177	A	0	0	0	0	0	0	0
178	W	0	0	0	0	0	0	0
179	R	0	0	0	0	0	0	0
180	M	0	0	0	0	0	0	0
181	M	0	0	0	0	0	0	0
182	K	0	0	0	0	0	0	0
183	Y	0	0	0	0	0	0	0
184	Q	0	0	0	0	0	0	0
185	Q	0	0	0	0	0	0	0
186	K	0	0	0	0	0	0	0
187	A	0	0	0	0	0	0	0
188	A	0	0	0	0	0	0	0
189	G	0	0	0	0	0	0	0
190	M	0	0	0	0	0	0	0
191	S	0	0	0	0	0	0	0
192	P	0	0	0	0	0	0	0
193	E	0	0	0	0	0	0	0
194	Q	0	0	0	0	0	0	0
195	V	0	0	0	0	0	0	0
196	L	0	0	0	0	0	0	0
197	Q	0	0	0	0	0	0	0
198	P	0	0	0	0	0	0	0
199	L	0	0	0	0	0	0	0
200	E	0	0	0	0	0	0	0
201	G	0	0	0	0	0	0	0
202	D	0	0	0	0	0	0	0
203	L	0	0	0	0	0	0	0
204	C	0	0	0	0	0	0	0
205	Y	Phosphotyrosine	PLEGDLCYADLTLQL	HCCCCCEEEEEEEEE	0	0	0	0
206	A	0	0	0	0	0	0	0
207	D	0	0	0	0	0	0	0
208	L	0	0	0	0	0	0	0
209	T	0	0	0	0	0	0	0
210	L	0	0	0	0	0	0	0
211	Q	0	0	0	0	0	0	0
212	L	0	0	0	0	0	0	0
213	A	0	0	0	0	0	0	0
214	G	0	0	0	0	0	0	0
215	T	0	0	0	0	0	0	0
216	S	0	0	0	0	0	0	0
217	P	0	0	0	0	0	0	0
218	Q	0	0	0	0	0	0	0
219	K	0	0	0	0	0	0	0
220	A	0	0	0	0	0	0	0
221	T	0	0	0	0	0	0	0
222	T	0	0	0	0	0	0	0
223	K	0	0	0	0	0	0	0
224	L	0	0	0	0	0	0	0
225	S	0	0	0	0	0	0	0
226	S	0	0	0	0	0	0	0
227	A	0	0	0	0	0	0	0
228	Q	0	0	0	0	0	0	0
229	V	0	0	0	0	0	0	0
230	D	0	0	0	0	0	0	0
231	Q	0	0	0	0	0	0	0
232	V	0	0	0	0	0	0	0
233	E	0	0	0	0	0	R	236
234	V	0	0	0	0	0	0	0
235	E	0	0	0	0	0	0	0
236	Y	Phosphotyrosine	VDQVEVEYVTMASLP	CCEEEEEEEEEECCC	Lymphocyte counts:lymphocyte count	233 (3)	0	0
237	V	0	0	0	0	0	0	0
238	T	0	0	0	0	0	0	0
239	M	0	0	0	0	0	0	0
240	A	0	0	0	0	0	0	0
241	S	0	0	0	0	0	0	0
242	L	0	0	0	0	0	0	0
243	P	0	0	0	0	0	0	0
244	K	0	0	0	0	0	0	0
245	E	0	0	0	0	0	0	0
246	D	0	0	0	0	0	0	0
247	I	0	0	0	0	0	0	0
248	S	0	0	0	0	0	0	0
249	Y	Phosphotyrosine	LPKEDISYASLTLGA	CCHHHCCEEEEEECC	0	0	0	0
250	A	0	0	0	0	0	0	0
251	S	0	0	0	0	0	0	0
252	L	0	0	0	0	0	0	0
253	T	0	0	0	0	0	0	0
254	L	0	0	0	0	0	0	0
255	G	0	0	0	0	0	0	0
256	A	0	0	0	0	0	0	0
257	E	0	0	0	0	0	0	0
258	D	0	0	0	0	0	0	0
259	Q	0	0	0	0	0	0	0
260	E	0	0	0	0	0	0	0
261	P	0	0	0	0	0	0	0
262	T	0	0	0	0	0	0	0
263	Y	Phosphotyrosine	AEDQEPTYCNMGHLS	CCCCCCCCCCHHCHH	0	0	0	0
264	C	0	0	0	0	0	0	0
265	N	0	0	0	0	0	0	0
266	M	0	0	0	0	0	0	0
267	G	0	0	0	0	0	0	0
268	H	0	0	0	0	0	0	0
269	L	0	0	0	0	0	0	0
270	S	0	0	0	0	0	0	0
271	S	0	0	0	0	0	0	0
272	H	0	0	0	0	0	0	0
273	L	0	0	0	0	0	0	0
274	P	0	0	0	0	0	0	0
275	G	0	0	0	0	0	0	0
276	R	0	0	0	0	0	0	0
277	G	0	0	0	0	0	0	0
278	P	0	0	0	0	0	0	0
279	E	0	0	0	0	0	0	0
280	E	0	0	0	0	0	0	0
281	P	0	0	0	0	0	0	0
282	T	0	0	0	0	0	0	0
283	E	0	0	0	0	0	0	0
284	Y	Phosphotyrosine	GPEEPTEYSTISRP-	CCCCCCCCCCCCCC-	0	0	0	0
285	S	Phosphoserine	PEEPTEYSTISRP--	CCCCCCCCCCCCC--	0	0	0	0
286	T	Phosphothreonine	EEPTEYSTISRP---	CCCCCCCCCCCC---	0	0	0	0
287	I	0	0	0	0	0	0	0
288	S	0	0	0	0	0	0	0
289	R	0	0	0	0	0	0	0
290	P	0	0	0	0	0	0	0
