location	residue	Modification	seq	secStruc	RelatedDisease	VariantPosition	ResidueChange	DaPSbySAP
1	M	0	0	0	0	0	0	0
2	L	0	0	0	0	0	0	0
3	A	0	0	0	0	0	0	0
4	S	0	0	0	0	0	0	0
5	G	0	0	0	0	0	0	0
6	M	0	0	0	0	0	0	0
7	L	0	0	0	0	0	0	0
8	L	0	0	0	0	0	0	0
9	V	0	0	0	0	0	0	0
10	A	0	0	0	0	0	0	0
11	L	0	0	0	0	0	0	0
12	L	0	0	0	0	0	0	0
13	V	0	0	0	0	0	0	0
14	C	0	0	0	0	0	0	0
15	L	0	0	0	0	0	0	0
16	T	0	0	0	0	0	0	0
17	V	0	0	0	0	0	0	0
18	M	0	0	0	0	0	0	0
19	V	0	0	0	0	0	0	0
20	L	0	0	0	0	0	0	0
21	M	0	0	0	0	0	0	0
22	S	Phosphoserine	LTVMVLMSVWQQRKS	HHHHHHHHHHHHHHH	0	0	0	0
23	V	0	0	0	0	0	0	0
24	W	0	0	0	0	0	0	0
25	Q	0	0	0	0	0	0	0
26	Q	0	0	0	0	0	0	0
27	R	0	0	0	0	0	0	0
28	K	0	0	0	0	0	0	0
29	S	0	0	0	0	0	0	0
30	K	0	0	0	0	0	0	0
31	G	0	0	0	0	0	0	0
32	K	0	0	0	0	0	0	0
33	L	0	0	0	0	0	0	0
34	P	0	0	0	0	0	0	0
35	P	0	0	0	0	0	0	0
36	G	0	0	0	0	0	0	0
37	P	0	0	0	0	0	0	0
38	T	0	0	0	0	0	0	0
39	P	0	0	0	0	0	0	0
40	L	0	0	0	0	0	0	0
41	P	0	0	0	0	0	0	0
42	F	0	0	0	0	0	0	0
43	I	0	0	0	0	0	0	0
44	G	0	0	0	0	0	0	0
45	N	0	0	0	0	0	0	0
46	Y	0	0	0	0	0	0	0
47	L	0	0	0	0	0	0	0
48	Q	0	0	0	0	0	0	0
49	L	0	0	0	0	0	0	0
50	N	0	0	0	0	0	0	0
51	T	0	0	0	0	0	0	0
52	E	0	0	0	0	0	0	0
53	Q	0	0	0	0	0	0	0
54	M	0	0	0	0	0	0	0
55	Y	0	0	0	0	0	0	0
56	N	0	0	0	0	0	0	0
57	S	0	0	0	0	0	0	0
58	L	0	0	0	0	0	0	0
59	M	0	0	0	0	0	0	0
60	K	0	0	0	0	0	0	0
61	I	0	0	0	0	0	0	0
62	S	0	0	0	0	0	0	0
63	E	0	0	0	0	0	0	0
64	R	0	0	0	0	0	0	0
65	Y	0	0	0	0	0	0	0
66	G	0	0	0	0	0	0	0
67	P	0	0	0	0	0	0	0
68	V	0	0	0	0	0	0	0
69	F	0	0	0	0	0	0	0
70	T	0	0	0	0	0	0	0
71	I	0	0	0	0	0	0	0
72	H	0	0	0	0	0	0	0
73	L	0	0	0	0	0	0	0
74	G	0	0	0	0	0	0	0
75	P	0	0	0	0	0	0	0
76	R	0	0	0	0	0	0	0
77	R	0	0	0	0	0	0	0
78	V	0	0	0	0	0	0	0
79	V	0	0	0	0	0	0	0
80	V	0	0	0	0	0	0	0
81	L	0	0	0	0	0	0	0
82	C	0	0	0	0	0	0	0
83	G	0	0	0	0	0	0	0
84	H	0	0	0	0	0	0	0
85	D	0	0	0	0	0	0	0
86	A	0	0	0	0	0	0	0
87	V	0	0	0	0	0	0	0
88	R	0	0	0	0	0	0	0
89	E	0	0	0	0	0	0	0
90	A	0	0	0	0	0	0	0
91	L	0	0	0	0	0	0	0
92	V	0	0	0	0	0	0	0
93	D	0	0	0	0	0	0	0
94	Q	0	0	0	0	0	0	0
95	A	0	0	0	0	0	0	0
96	E	0	0	0	0	0	0	0
97	E	0	0	0	0	0	0	0
98	F	0	0	0	0	0	0	0
99	S	0	0	0	0	0	0	0
100	G	0	0	0	0	0	0	0
101	R	0	0	0	0	0	0	0
102	G	0	0	0	0	0	0	0
103	E	0	0	0	0	0	0	0
104	Q	0	0	0	0	0	0	0
105	A	0	0	0	0	0	0	0
106	T	0	0	0	0	0	0	0
107	F	0	0	0	0	0	0	0
108	D	0	0	0	0	0	0	0
109	W	0	0	0	0	0	0	0
110	V	0	0	0	0	0	0	0
111	F	0	0	0	0	0	0	0
112	K	0	0	0	0	0	0	0
113	G	0	0	0	0	0	0	0
114	Y	0	0	0	0	0	0	0
115	G	0	0	0	0	0	0	0
116	V	0	0	0	0	0	0	0
117	V	0	0	0	0	0	0	0
118	F	0	0	0	0	0	0	0
119	S	0	0	0	0	0	0	0
120	N	0	0	0	0	0	0	0
121	G	0	0	0	0	0	0	0
122	E	0	0	0	0	0	0	0
123	R	0	0	0	0	0	0	0
124	A	0	0	0	0	0	0	0
125	K	0	0	0	0	0	0	0
126	Q	0	0	0	0	0	0	0
127	L	0	0	0	0	0	0	0
128	R	0	0	0	0	0	0	0
129	R	0	0	0	0	0	0	0
130	F	0	0	0	0	0	0	0
131	S	Phosphoserine	AKQLRRFSIATLRDF	HHHHHHCCHHHHHHC	0	0	0	0
132	I	0	0	0	0	0	0	0
133	A	0	0	0	0	0	0	0
134	T	0	0	0	0	0	0	0
135	L	0	0	0	0	0	0	0
136	R	0	0	0	0	0	0	0
137	D	0	0	0	0	0	0	0
138	F	0	0	0	0	0	0	0
139	G	0	0	0	0	0	0	0
140	V	0	0	0	0	0	0	0
141	G	0	0	0	0	0	0	0
142	K	0	0	0	0	0	0	0
143	R	0	0	0	0	0	0	0
144	G	0	0	0	0	0	0	0
145	I	0	0	0	0	0	0	0
146	E	0	0	0	0	0	0	0
147	E	0	0	0	0	0	0	0
148	R	0	0	0	0	0	0	0
149	I	0	0	0	0	0	0	0
150	Q	0	0	0	0	0	0	0
151	E	0	0	0	0	0	0	0
152	E	0	0	0	0	0	0	0
153	A	0	0	0	0	0	0	0
154	G	0	0	0	0	0	0	0
155	F	0	0	0	0	0	0	0
156	L	0	0	0	0	0	0	0
157	I	0	0	0	0	0	0	0
158	D	0	0	0	0	0	0	0
159	A	0	0	0	0	0	0	0
160	L	0	0	0	0	0	H	163
161	R	0	0	0	0	0	0	0
162	G	0	0	0	0	0	0	0
163	T	Phosphothreonine	LIDALRGTGGANIDP	HHHHHHCCCCCCCCH	Smoking behavior:smoking behavior	160 (3)	0	0
164	G	0	0	0	0	0	0	0
165	G	0	0	0	0	0	0	0
166	A	0	0	0	0	0	0	0
167	N	0	0	0	0	0	0	0
168	I	0	0	0	0	0	0	0
169	D	0	0	0	0	0	0	0
170	P	0	0	0	0	0	0	0
171	T	0	0	0	0	0	0	0
172	F	0	0	0	0	0	0	0
173	F	0	0	0	0	0	0	0
174	L	0	0	0	0	0	0	0
175	S	Phosphoserine	IDPTFFLSRTVSNVI	CCHHHHHCHHHHHHH	0	0	0	0
176	R	0	0	0	0	0	0	0
177	T	Phosphothreonine	PTFFLSRTVSNVISS	HHHHHCHHHHHHHHH	0	0	0	0
178	V	0	0	0	0	0	0	0
179	S	0	0	0	0	0	0	0
180	N	0	0	0	0	0	0	0
181	V	0	0	0	0	0	0	0
182	I	0	0	0	0	0	0	0
183	S	Phosphoserine	RTVSNVISSIVFGDR	HHHHHHHHHHHHCCC	0	0	0	0
184	S	Phosphoserine	TVSNVISSIVFGDRF	HHHHHHHHHHHCCCC	0	0	0	0
185	I	0	0	0	0	0	0	0
186	V	0	0	0	0	0	0	0
187	F	0	0	0	0	0	0	0
188	G	0	0	0	0	0	0	0
189	D	0	0	0	0	0	0	0
190	R	0	0	0	0	0	0	0
191	F	0	0	0	0	0	0	0
192	D	0	0	0	0	0	0	0
193	Y	0	0	0	0	0	0	0
194	K	0	0	0	0	0	0	0
195	D	0	0	0	0	0	0	0
196	K	0	0	0	0	0	0	0
197	E	0	0	0	0	0	0	0
198	F	0	0	0	0	0	0	0
199	L	0	0	0	0	0	0	0
200	S	0	0	0	0	0	0	0
201	L	0	0	0	0	0	0	0
202	L	0	0	0	0	0	0	0
203	R	0	0	0	0	0	0	0
204	M	0	0	0	0	0	0	0
205	M	0	0	0	0	0	0	0
206	L	0	0	0	0	0	0	0
207	G	0	0	0	0	0	0	0
208	I	0	0	0	0	0	0	0
209	F	0	0	0	0	0	0	0
210	Q	0	0	0	0	0	0	0
211	F	0	0	0	0	0	0	0
212	T	0	0	0	0	0	0	0
213	S	0	0	0	0	0	0	0
214	T	0	0	0	0	0	0	0
215	S	0	0	0	0	0	0	0
216	T	0	0	0	0	0	0	0
217	G	0	0	0	0	0	0	0
218	Q	0	0	0	0	0	0	0
219	L	0	0	0	0	0	0	0
220	Y	0	0	0	0	0	0	0
221	E	0	0	0	0	0	0	0
222	M	0	0	0	0	0	0	0
223	F	0	0	0	0	0	0	0
224	S	0	0	0	0	0	0	0
225	S	0	0	0	0	0	0	0
226	V	0	0	0	0	0	0	0
227	M	0	0	0	0	0	0	0
228	K	0	0	0	0	0	0	0
229	H	0	0	0	0	0	0	0
230	L	0	0	0	0	0	0	0
231	P	0	0	0	0	0	0	0
232	G	0	0	0	0	0	0	0
233	P	0	0	0	0	0	0	0
234	Q	0	0	0	0	0	0	0
235	Q	0	0	0	0	0	0	0
236	Q	0	0	0	0	0	0	0
237	A	0	0	0	0	0	0	0
238	F	0	0	0	0	0	0	0
239	Q	0	0	0	0	0	0	0
240	L	0	0	0	0	0	0	0
241	L	0	0	0	0	0	0	0
242	Q	0	0	0	0	0	0	0
243	G	0	0	0	0	0	0	0
244	L	0	0	0	0	0	0	0
245	E	0	0	0	0	0	0	0
246	D	0	0	0	0	0	0	0
247	F	0	0	0	0	0	0	0
248	I	0	0	0	0	0	0	0
249	A	0	0	0	0	0	0	0
250	K	0	0	0	0	0	0	0
251	K	0	0	0	0	0	0	0
252	V	0	0	0	0	0	0	0
253	E	0	0	0	0	0	0	0
254	H	0	0	0	0	0	0	0
255	N	0	0	0	0	0	0	0
256	Q	0	0	0	0	0	0	0
257	R	0	0	0	0	0	0	0
258	T	0	0	0	0	0	0	0
259	L	0	0	0	0	0	0	0
260	D	0	0	0	0	0	0	0
261	P	0	0	0	0	0	0	0
262	N	0	0	0	0	0	0	0
263	S	0	0	0	0	0	0	0
264	P	0	0	0	0	0	0	0
265	R	0	0	0	0	0	0	0
266	D	0	0	0	0	0	0	0
267	F	0	0	0	0	0	0	0
268	I	0	0	0	0	0	0	0
269	D	0	0	0	0	0	0	0
270	S	0	0	0	0	0	0	0
271	F	0	0	0	0	0	0	0
272	L	0	0	0	0	0	0	0
273	I	0	0	0	0	0	0	0
274	R	0	0	0	0	0	0	0
275	M	0	0	0	0	0	0	0
276	Q	0	0	0	0	0	0	0
277	E	0	0	0	0	0	0	0
278	E	0	0	0	0	0	0	0
279	E	0	0	0	0	0	0	0
280	K	0	0	0	0	0	0	0
281	N	0	0	0	0	0	0	0
282	P	0	0	0	0	0	0	0
283	N	0	0	0	0	0	0	0
284	T	0	0	0	0	0	0	0
285	E	0	0	0	0	0	0	0
286	F	0	0	0	0	0	0	0
287	Y	0	0	0	0	0	0	0
288	L	0	0	0	0	0	0	0
289	K	0	0	0	0	0	0	0
290	N	0	0	0	0	0	0	0
291	L	0	0	0	0	0	0	0
292	V	0	0	0	0	0	0	0
293	M	0	0	0	0	0	0	0
294	T	0	0	0	0	0	0	0
295	T	Phosphothreonine	LKNLVMTTLNLFIGG	HHHHHHHHHHHHCCC	0	0	0	0
296	L	0	0	0	0	0	0	0
297	N	0	0	0	0	0	0	0
298	L	0	0	0	0	0	0	0
299	F	0	0	0	0	0	0	0
300	I	0	0	0	0	0	0	0
301	G	0	0	0	0	0	0	0
302	G	0	0	0	0	0	0	0
303	T	0	0	0	0	0	0	0
304	E	0	0	0	0	0	0	0
305	T	0	0	0	0	0	0	0
306	V	0	0	0	0	0	0	0
307	S	0	0	0	0	0	0	0
308	T	0	0	0	0	0	0	0
309	T	0	0	0	0	0	0	0
310	L	0	0	0	0	0	0	0
311	R	0	0	0	0	0	0	0
312	Y	0	0	0	0	0	0	0
313	G	0	0	0	0	0	0	0
314	F	0	0	0	0	0	0	0
315	L	0	0	0	0	0	0	0
316	L	0	0	0	0	0	0	0
317	L	0	0	0	0	0	0	0
318	M	0	0	0	0	0	0	0
319	K	0	0	0	0	0	0	0
320	H	0	0	0	0	0	0	0
321	P	0	0	0	0	0	0	0
322	E	0	0	0	0	0	0	0
323	V	0	0	0	0	0	0	0
324	E	0	0	0	0	0	0	0
325	A	0	0	0	0	0	0	0
326	K	0	0	0	0	0	0	0
327	V	0	0	0	0	0	0	0
328	H	0	0	0	0	0	0	0
329	E	0	0	0	0	0	0	0
330	E	0	0	0	0	0	0	0
331	I	0	0	0	0	0	0	0
332	D	0	0	0	0	0	0	0
333	R	0	0	0	0	0	0	0
334	V	0	0	0	0	0	0	0
335	I	0	0	0	0	0	0	0
336	G	0	0	0	0	0	0	0
337	K	0	0	0	0	0	0	0
338	N	0	0	0	0	0	0	0
339	R	0	0	0	0	0	0	0
340	Q	0	0	0	0	0	0	0
341	P	0	0	0	0	0	0	0
342	K	0	0	0	0	0	0	0
343	F	0	0	0	0	0	0	0
344	E	0	0	0	0	0	0	0
345	D	0	0	0	0	0	0	0
346	R	0	0	0	0	0	0	0
347	A	0	0	0	0	0	0	0
348	K	0	0	0	0	0	0	0
349	M	0	0	0	0	0	0	0
350	P	0	0	0	0	0	0	0
351	Y	0	0	0	0	0	0	0
352	M	0	0	0	0	0	0	0
353	E	0	0	0	0	0	0	0
354	A	0	0	0	0	0	0	0
355	V	0	0	0	0	0	0	0
356	I	0	0	0	0	0	0	0
357	H	0	0	0	0	0	0	0
358	E	0	0	0	0	0	0	0
359	I	0	0	0	0	0	0	0
360	Q	0	0	0	0	0	0	0
361	R	0	0	0	0	0	0	0
362	F	0	0	0	0	0	0	0
363	G	0	0	0	0	0	0	0
364	D	0	0	0	0	0	0	0
365	V	0	0	0	0	0	0	0
366	I	0	0	0	0	0	0	0
367	P	0	0	0	0	0	0	0
368	M	0	0	0	0	0	0	0
369	S	0	0	0	0	0	0	0
370	L	0	0	0	0	0	0	0
371	A	0	0	0	0	0	0	0
372	R	0	0	0	0	0	0	0
373	R	0	0	0	0	0	0	0
374	V	0	0	0	0	0	0	0
375	K	0	0	0	0	0	0	0
376	K	0	0	0	0	0	0	0
377	D	0	0	0	0	0	0	0
378	T	0	0	0	0	0	0	0
379	K	0	0	0	0	0	0	0
380	F	0	0	0	0	0	0	0
381	R	0	0	0	0	0	0	0
382	D	0	0	0	0	0	0	0
383	F	0	0	0	0	0	0	0
384	F	0	0	0	0	0	0	0
385	L	0	0	0	0	0	0	0
386	P	0	0	0	0	0	0	0
387	K	0	0	0	0	0	0	0
388	G	0	0	0	0	0	0	0
389	T	0	0	0	0	0	0	0
390	E	0	0	0	0	0	0	0
391	V	0	0	0	0	0	0	0
392	F	0	0	0	0	0	0	0
393	P	0	0	0	0	0	0	0
394	M	0	0	0	0	0	0	0
395	L	0	0	0	0	0	0	0
396	G	0	0	0	0	0	0	0
397	S	0	0	0	0	0	0	0
398	V	0	0	0	0	0	0	0
399	L	0	0	0	0	0	0	0
400	R	0	0	0	0	0	0	0
401	D	0	0	0	0	0	0	0
402	P	0	0	0	0	0	0	0
403	S	Phosphoserine	GSVLRDPSFFSNPQD	CHHHCCHHHCCCCCC	0	0	0	0
404	F	0	0	0	0	0	0	0
405	F	0	0	0	0	0	0	0
406	S	0	0	0	0	0	0	0
407	N	0	0	0	0	0	0	0
408	P	0	0	0	0	0	0	0
409	Q	0	0	0	0	0	0	0
410	D	0	0	0	0	0	0	0
411	F	0	0	0	0	0	0	0
412	N	0	0	0	0	0	0	0
413	P	0	0	0	0	0	0	0
414	Q	0	0	0	0	0	0	0
415	H	0	0	0	0	0	0	0
416	F	0	0	0	0	0	0	0
417	L	0	0	0	0	0	0	0
418	N	0	0	0	0	0	0	0
419	E	0	0	0	0	0	0	0
420	K	0	0	0	0	0	0	0
421	G	0	0	0	0	0	0	0
422	Q	0	0	0	0	0	0	0
423	F	0	0	0	0	0	0	0
424	K	0	0	0	0	0	0	0
425	K	0	0	0	0	0	0	0
426	S	0	0	0	0	0	0	0
427	D	0	0	0	0	0	0	0
428	A	0	0	0	0	0	0	0
429	F	0	0	0	0	0	0	0
430	V	0	0	0	0	0	0	0
431	P	0	0	0	0	0	0	0
432	F	0	0	0	0	0	0	0
433	S	0	0	0	0	0	0	0
434	I	0	0	0	0	0	0	0
435	G	0	0	0	0	0	0	0
436	K	N-acetyllysine	FVPFSIGKRNCFGEG	CCCCCCCCCCCCCHH	0	0	0	0
437	R	0	0	0	0	0	0	0
438	N	0	0	0	0	0	0	0
439	C	0	0	0	0	0	0	0
440	F	0	0	0	0	0	0	0
441	G	0	0	0	0	0	0	0
442	E	0	0	0	0	0	0	0
443	G	0	0	0	0	0	0	0
444	L	0	0	0	0	0	0	0
445	A	0	0	0	0	0	0	0
446	R	0	0	0	0	0	0	0
447	M	0	0	0	0	0	0	0
448	E	0	0	0	0	0	0	0
449	L	0	0	0	0	0	0	0
450	F	0	0	0	0	0	0	0
451	L	0	0	0	0	0	0	0
452	F	0	0	0	0	0	0	0
453	F	0	0	0	0	0	0	0
454	T	0	0	0	0	0	0	0
455	T	0	0	0	0	0	0	0
456	V	0	0	0	0	0	0	0
457	M	0	0	0	0	0	0	0
458	Q	0	0	0	0	0	0	0
459	N	0	0	0	0	0	0	0
460	F	0	0	0	0	0	0	0
461	R	0	0	0	0	0	0	0
462	L	0	0	0	0	0	0	0
463	K	0	0	0	0	0	0	0
464	S	0	0	0	0	0	0	0
465	S	0	0	0	0	0	0	0
466	Q	0	0	0	0	0	0	0
467	S	0	0	0	0	0	0	0
468	P	0	0	0	0	0	0	0
469	K	0	0	0	0	0	0	0
470	D	0	0	0	0	0	0	0
471	I	0	0	0	0	0	0	0
472	D	0	0	0	0	0	0	0
473	V	0	0	0	0	0	0	0
474	S	0	0	0	0	0	0	0
475	P	0	0	0	0	0	0	0
476	K	0	0	0	0	0	0	0
477	H	0	0	0	0	0	0	0
478	V	0	0	0	0	0	0	0
479	G	0	0	0	0	0	0	0
480	F	0	0	0	0	0	0	0
481	A	0	0	0	0	0	0	0
482	T	Phosphothreonine	PKHVGFATIPRNYTM	CCCCEEEECCCCCEE	0	0	0	0
483	I	0	0	0	0	0	0	0
484	P	0	0	0	0	0	0	0
485	R	0	0	0	0	0	0	0
486	N	0	0	0	0	0	0	0
487	Y	0	0	0	0	0	0	0
488	T	Phosphothreonine	ATIPRNYTMSFLPR-	EECCCCCEECCCCC-	0	0	0	0
489	M	0	0	0	0	0	0	0
490	S	0	0	0	0	0	0	0
491	F	0	0	0	0	0	0	0
492	L	0	0	0	0	0	0	0
493	P	0	0	0	0	0	0	0
494	R	0	0	0	0	0	0	0
