location	residue	Modification	seq	secStruc	RelatedDisease	VariantPosition	ResidueChange	DaPSbySAP
1	M	0	0	0	0	0	0	0
2	E	0	0	0	0	0	0	0
3	T	0	0	0	0	0	0	0
4	R	0	0	0	0	0	0	0
5	S	0	0	0	0	0	0	0
6	S	0	0	0	0	0	0	0
7	K	0	0	0	0	0	0	0
8	T	0	0	0	0	0	0	0
9	R	0	0	0	0	0	0	0
10	R	0	0	0	0	0	0	0
11	S	0	0	0	0	0	0	0
12	L	0	0	0	0	0	0	0
13	A	0	0	0	0	0	0	0
14	S	0	0	0	0	0	0	0
15	R	0	0	0	0	0	0	0
16	T	0	0	0	0	0	0	0
17	N	0	0	0	0	0	0	0
18	E	0	0	0	0	0	0	0
19	C	0	0	0	0	0	0	0
20	Q	0	0	0	0	0	0	0
21	G	0	0	0	0	0	0	0
22	T	0	0	0	0	0	0	0
23	M	0	0	0	0	0	0	0
24	W	0	0	0	0	0	0	0
25	A	0	0	0	0	0	0	0
26	P	0	0	0	0	0	0	0
27	T	0	0	0	0	0	0	0
28	S	0	0	0	0	0	0	0
29	P	0	0	0	0	0	0	0
30	P	0	0	0	0	0	0	0
31	A	0	0	0	0	0	0	0
32	G	0	0	0	0	0	0	0
33	S	0	0	0	0	0	0	0
34	S	0	0	0	0	0	0	0
35	S	0	0	0	0	0	0	0
36	P	0	0	0	0	0	0	0
37	S	0	0	0	0	0	0	0
38	Q	0	0	0	0	0	0	0
39	P	0	0	0	0	0	0	0
40	T	0	0	0	0	0	0	0
41	W	0	0	0	0	0	0	0
42	K	0	0	0	0	0	0	0
43	S	0	0	0	0	0	0	0
44	S	0	0	0	0	0	0	0
45	L	0	0	0	0	0	0	0
46	Y	0	0	0	0	0	0	0
47	S	0	0	0	0	0	0	0
48	S	0	0	0	0	0	0	0
49	L	0	0	0	0	0	0	0
50	A	0	0	0	0	0	0	0
51	Y	0	0	0	0	0	0	0
52	S	0	0	0	0	0	0	0
53	E	0	0	0	0	0	0	0
54	A	0	0	0	0	0	0	0
55	F	0	0	0	0	0	0	0
56	H	0	0	0	0	0	0	0
57	Y	0	0	0	0	0	0	0
58	S	0	0	0	0	0	0	0
59	F	0	0	0	0	0	0	0
60	A	0	0	0	0	0	0	0
61	A	0	0	0	0	0	0	0
62	R	0	0	0	0	0	0	0
63	P	0	0	0	0	0	0	0
64	R	0	0	0	0	0	0	0
65	R	0	0	0	0	0	0	0
66	L	0	0	0	0	0	0	0
67	T	0	0	0	0	0	0	0
68	Q	0	0	0	0	0	0	0
69	L	0	0	0	0	0	0	0
70	A	0	0	0	0	0	0	0
71	L	0	0	0	0	0	0	0
72	A	0	0	0	0	0	0	0
73	Q	0	0	0	0	0	0	0
74	R	0	0	0	0	0	0	0
75	P	0	0	0	0	0	0	0
76	E	0	0	0	0	0	0	0
77	P	0	0	0	0	0	0	0
78	Q	0	0	0	0	0	0	0
79	L	0	0	0	0	0	P;R	85,86
80	L	0	0	0	0	0	0	0
81	R	0	0	0	0	0	0	0
82	L	0	0	0	0	0	0	0
83	R	0	0	0	0	0	0	0
84	P	0	0	0	0	0	0	0
85	S	Phosphoserine	QLLRLRPSSLRTQDI	CCEECCHHHCCHHCH	Carotid intima media thickness:carotid artery intima media thickness	79 (6)	0	0
86	S	Phosphoserine	LLRLRPSSLRTQDIS	CEECCHHHCCHHCHH	Carotid intima media thickness:carotid artery intima media thickness	79 (7)	0	0
87	L	0	0	0	0	0	0	0
88	R	0	0	0	0	0	0	0
89	T	0	0	0	0	0	0	0
90	Q	0	0	0	0	0	0	0
91	D	0	0	0	0	0	0	0
92	I	0	0	0	0	0	0	0
93	S	0	0	0	0	0	0	0
94	H	0	0	0	0	0	0	0
95	L	0	0	0	0	0	0	0
96	L	0	0	0	0	0	0	0
97	T	0	0	0	0	0	0	0
98	G	0	0	0	0	0	0	0
99	V	0	0	0	0	0	0	0
100	F	0	0	0	0	0	0	0
101	R	0	0	0	0	0	0	0
102	N	0	0	0	0	0	0	0
103	L	0	0	0	0	0	0	0
104	Y	0	0	0	0	0	0	0
105	S	0	0	0	0	0	0	0
106	A	0	0	0	0	0	0	0
107	E	0	0	0	0	0	0	0
108	V	0	0	0	0	0	0	0
109	I	0	0	0	0	0	0	0
110	G	0	0	0	0	0	0	0
111	D	0	0	0	0	0	0	0
112	E	0	0	0	0	0	0	0
113	V	0	0	0	0	0	0	0
114	S	0	0	0	0	0	0	0
115	A	0	0	0	0	0	0	0
116	S	0	0	0	0	0	0	0
117	L	0	0	0	0	0	0	0
118	I	0	0	0	0	0	0	0
119	K	0	0	0	0	0	0	0
120	A	0	0	0	0	0	0	0
121	R	0	0	0	0	0	0	0
122	G	0	0	0	0	0	0	0
123	S	0	0	0	0	0	0	0
124	E	0	0	0	0	0	0	0
125	N	0	0	0	0	0	0	0
126	E	0	0	0	0	0	0	0
127	R	0	0	0	0	0	0	0
128	H	0	0	0	0	0	0	0
129	E	0	0	0	0	0	0	0
130	E	0	0	0	0	0	0	0
131	F	0	0	0	0	0	0	0
132	V	0	0	0	0	0	0	0
133	D	0	0	0	0	0	0	0
134	Q	0	0	0	0	0	0	0
135	L	0	0	0	0	0	0	0
136	Q	0	0	0	0	0	0	0
137	Q	0	0	0	0	0	0	0
138	I	0	0	0	0	0	0	0
139	R	0	0	0	0	0	0	0
140	E	0	0	0	0	0	0	0
141	L	0	0	0	0	0	0	0
142	Y	0	0	0	0	0	0	0
143	K	0	0	0	0	0	0	0
144	Q	0	0	0	0	0	0	0
145	R	0	0	0	0	0	0	0
146	L	0	0	0	0	0	0	0
147	D	0	0	0	0	0	0	0
148	E	0	0	0	0	0	0	0
149	F	0	0	0	0	0	0	0
150	E	0	0	0	0	0	0	0
151	M	0	0	0	0	0	0	0
152	L	0	0	0	0	0	0	0
153	E	0	0	0	0	0	0	0
154	R	0	0	0	0	0	0	0
155	H	0	0	0	0	0	0	0
156	I	0	0	0	0	0	0	0
157	T	0	0	0	0	0	0	0
158	Q	0	0	0	0	0	0	0
159	A	0	0	0	0	0	0	0
160	Q	0	0	0	0	0	0	0
161	A	0	0	0	0	0	0	0
162	R	0	0	0	0	0	0	0
163	A	0	0	0	0	0	0	0
164	I	0	0	0	0	0	0	0
165	A	0	0	0	0	0	0	0
166	E	0	0	0	0	0	0	0
167	N	0	0	0	0	0	0	0
168	E	0	0	0	0	0	0	0
169	R	0	0	0	0	0	0	0
170	V	0	0	0	0	0	0	0
171	M	0	0	0	0	0	0	0
172	S	0	0	0	0	0	0	0
173	Q	0	0	0	0	0	0	0
174	A	0	0	0	0	0	0	0
175	G	0	0	0	0	0	0	0
176	V	0	0	0	0	0	0	0
177	Q	0	0	0	0	0	0	0
178	D	0	0	0	0	0	0	0
179	L	0	0	0	0	0	0	0
180	E	0	0	0	0	0	0	0
181	S	0	0	0	0	0	0	0
182	L	0	0	0	0	0	0	0
183	V	0	0	0	0	0	0	0
184	R	0	0	0	0	0	0	0
185	L	0	0	0	0	0	0	0
186	P	0	0	0	0	0	0	0
187	P	0	0	0	0	0	0	0
188	V	0	0	0	0	0	0	0
189	K	0	0	0	0	0	0	0
190	S	0	0	0	0	0	0	0
191	V	0	0	0	0	0	0	0
192	S	0	0	0	0	0	0	0
193	R	0	0	0	0	0	0	0
194	W	0	0	0	0	0	0	0
195	C	0	0	0	0	0	0	0
196	I	0	0	0	0	0	0	0
197	D	0	0	0	0	0	0	0
198	S	0	0	0	0	0	0	0
199	E	0	0	0	0	0	0	0
200	L	0	0	0	0	0	0	0
201	L	0	0	0	0	0	0	0
202	R	0	0	0	0	0	0	0
203	K	0	0	0	0	0	0	0
204	H	0	0	0	0	0	0	0
205	H	0	0	0	0	0	0	0
206	L	0	0	0	0	0	0	0
207	I	0	0	0	0	0	0	0
208	S	0	0	0	0	0	0	0
209	P	0	0	0	0	0	0	0
210	E	0	0	0	0	0	0	0
211	D	0	0	0	0	0	0	0
212	Y	0	0	0	0	0	0	0
213	Y	0	0	0	0	0	0	0
214	T	0	0	0	0	0	0	0
215	D	0	0	0	0	0	0	0
216	T	0	0	0	0	0	0	0
217	V	0	0	0	0	0	0	0
218	P	0	0	0	0	0	0	0
219	F	0	0	0	0	0	0	0
220	H	0	0	0	0	0	0	0
221	S	0	0	0	0	0	0	0
222	A	0	0	0	0	0	0	0
223	P	0	0	0	0	0	0	0
224	K	0	0	0	0	0	0	0
225	G	0	0	0	0	0	0	0
226	I	0	0	0	0	0	0	0
227	S	0	0	0	0	0	0	0
228	L	0	0	0	0	0	0	0
229	P	0	0	0	0	0	0	0
230	G	0	0	0	0	0	0	0
231	C	0	0	0	0	0	0	0
232	S	0	0	0	0	0	0	0
233	K	0	0	0	0	0	0	0
234	L	0	0	0	0	0	0	0
235	T	0	0	0	0	0	0	0
236	F	0	0	0	0	0	0	0
237	S	0	0	0	0	0	0	0
238	C	0	0	0	0	0	0	0
239	E	0	0	0	0	0	0	0
240	K	0	0	0	0	0	0	0
241	R	0	0	0	0	0	0	0
242	S	0	0	0	0	0	0	0
243	V	0	0	0	0	0	0	0
244	Q	0	0	0	0	0	0	0
245	K	0	0	0	0	0	0	0
246	K	0	0	0	0	0	0	0
247	E	0	0	0	0	0	0	0
248	L	0	0	0	0	0	0	0
249	N	0	0	0	0	0	0	0
250	K	0	0	0	0	0	0	0
251	K	0	0	0	0	0	0	0
252	L	0	0	0	0	0	0	0
253	E	0	0	0	0	0	0	0
254	D	0	0	0	0	0	0	0
255	S	0	0	0	0	0	0	0
256	C	0	0	0	0	0	0	0
257	R	0	0	0	0	0	0	0
258	K	0	0	0	0	0	0	0
259	K	0	0	0	0	0	0	0
260	L	0	0	0	0	0	0	0
261	A	0	0	0	0	0	0	0
262	E	0	0	0	0	0	0	0
263	F	0	0	0	0	0	0	0
264	E	0	0	0	0	0	0	0
265	D	0	0	0	0	0	0	0
266	E	0	0	0	0	0	0	0
267	L	0	0	0	0	0	0	0
268	D	0	0	0	0	0	0	0
269	H	0	0	0	0	0	0	0
270	T	0	0	0	0	0	0	0
271	V	0	0	0	0	0	0	0
272	D	0	0	0	0	0	0	0
273	S	0	0	0	0	0	0	0
274	L	0	0	0	0	0	0	0
275	T	0	0	0	0	0	0	0
276	W	0	0	0	0	0	0	0
277	N	0	0	0	0	0	0	0
278	L	0	0	0	0	0	0	0
279	T	0	0	0	0	0	0	0
280	P	0	0	0	0	0	0	0
281	K	0	0	0	0	0	0	0
282	A	0	0	0	0	0	0	0
283	K	0	0	0	0	0	0	0
284	E	0	0	0	0	0	0	0
285	R	0	0	0	0	0	0	0
286	T	0	0	0	0	0	0	0
287	R	0	0	0	0	0	0	0
288	E	0	0	0	0	0	0	0
289	P	0	0	0	0	0	0	0
290	L	0	0	0	0	0	0	0
291	K	0	0	0	0	0	0	0
292	K	0	0	0	0	0	0	0
293	A	0	0	0	0	0	0	0
294	S	0	0	0	0	0	0	0
295	Q	0	0	0	0	0	0	0
296	P	0	0	0	0	0	0	0
297	R	0	0	0	0	0	0	0
298	N	0	0	0	0	0	0	0
299	K	0	0	0	0	0	0	0
300	N	0	0	0	0	0	0	0
301	W	0	0	0	0	0	0	0
302	M	0	0	0	0	0	0	0
303	N	0	0	0	0	0	0	0
304	H	0	0	0	0	0	0	0
305	L	0	0	0	0	0	0	0
306	R	0	0	0	0	0	0	0
307	V	0	0	0	0	0	0	0
308	P	0	0	0	0	0	0	0
309	Q	0	0	0	0	0	0	0
310	R	0	0	0	0	0	0	0
311	E	0	0	0	0	0	0	0
312	L	0	0	0	0	0	0	0
313	D	0	0	0	0	0	0	0
314	R	0	0	0	0	0	0	0
315	L	0	0	0	0	0	0	0
316	L	0	0	0	0	0	0	0
317	L	0	0	0	0	0	0	0
318	A	0	0	0	0	0	0	0
319	R	0	0	0	0	0	0	0
320	M	0	0	0	0	0	0	0
321	E	0	0	0	0	0	0	0
322	S	Phosphoserine	LLLARMESRNHFLKN	HHHHHHHHCCCCCCC	0	0	0	0
323	R	0	0	0	0	0	0	0
324	N	0	0	0	0	0	0	0
325	H	0	0	0	0	0	0	0
326	F	0	0	0	0	0	0	0
327	L	0	0	0	0	0	0	0
328	K	0	0	0	0	0	0	0
329	N	0	0	0	0	0	0	0
330	P	0	0	0	0	0	0	0
331	R	0	0	0	0	0	0	0
332	F	0	0	0	0	0	0	0
333	F	0	0	0	0	0	0	0
334	P	0	0	0	0	0	0	0
335	P	0	0	0	0	0	0	0
336	N	0	0	0	0	0	0	0
337	T	Phosphothreonine	PRFFPPNTRYGGKSL	CCCCCCCCCCCCEEE	0	0	0	0
338	R	0	0	0	0	0	0	0
339	Y	0	0	0	0	0	0	0
340	G	0	0	0	0	0	0	0
341	G	0	0	0	0	0	0	0
342	K	0	0	0	0	0	0	0
343	S	0	0	0	0	0	0	0
344	L	0	0	0	0	0	0	0
345	V	0	0	0	0	0	0	0
346	F	0	0	0	0	0	0	0
347	P	0	0	0	0	0	0	0
348	P	0	0	0	0	0	0	0
349	K	0	0	0	0	0	0	0
350	K	0	0	0	0	0	0	0
351	P	0	0	0	0	0	0	0
352	A	0	0	0	0	0	0	0
353	P	0	0	0	0	0	0	0
354	I	0	0	0	0	0	0	0
355	G	0	0	0	0	0	0	0
356	E	0	0	0	0	0	0	0
357	F	0	0	0	0	0	0	0
358	Q	0	0	0	0	0	0	0
359	S	0	0	0	0	0	0	0
360	T	0	0	0	0	0	0	0
361	E	0	0	0	0	0	0	0
362	P	0	0	0	0	0	0	0
363	E	0	0	0	0	0	0	0
364	Q	0	0	0	0	0	0	0
365	S	0	0	0	0	0	0	0
366	C	0	0	0	0	0	0	0
367	A	0	0	0	0	0	0	0
368	D	0	0	0	0	0	0	0
369	T	0	0	0	0	0	0	0
370	P	0	0	0	0	0	0	0
371	V	0	0	0	0	0	0	0
372	F	0	0	0	0	0	0	0
373	L	0	0	0	0	0	0	0
374	A	0	0	0	0	0	0	0
375	K	0	0	0	0	0	0	0
376	P	0	0	0	0	0	0	0
377	P	0	0	0	0	0	0	0
378	I	0	0	0	0	0	0	0
379	G	0	0	0	0	0	0	0
380	F	0	0	0	0	0	0	0
381	F	0	0	0	0	0	0	0
382	T	0	0	0	0	0	0	0
383	D	0	0	0	0	0	0	0
384	Y	0	0	0	0	0	0	0
385	E	0	0	0	0	0	0	0
386	I	0	0	0	0	0	0	0
387	G	0	0	0	0	0	0	0
388	P	0	0	0	0	0	0	0
389	V	0	0	0	0	0	0	0
390	Y	0	0	0	0	0	0	0
391	E	0	0	0	0	0	0	0
392	M	0	0	0	0	0	0	0
393	V	0	0	0	0	0	0	0
394	I	0	0	0	0	0	0	0
395	A	0	0	0	0	0	0	0
396	L	0	0	0	0	0	0	0
397	Q	0	0	0	0	0	0	0
398	N	0	0	0	0	0	0	0
399	T	0	0	0	0	0	0	0
400	T	0	0	0	0	0	0	0
401	T	0	0	0	0	0	0	0
402	T	0	0	0	0	0	0	0
403	S	0	0	0	0	0	0	0
404	R	0	0	0	0	0	0	0
405	Y	0	0	0	0	0	0	0
406	L	0	0	0	0	0	0	0
407	R	0	0	0	0	0	0	0
408	V	0	0	0	0	0	0	0
409	L	0	0	0	0	0	0	0
410	P	0	0	0	0	0	0	0
411	P	0	0	0	0	0	0	0
412	S	0	0	0	0	0	0	0
413	T	0	0	0	0	0	0	0
414	P	0	0	0	0	0	0	0
415	Y	0	0	0	0	0	0	0
416	F	0	0	0	0	0	0	0
417	A	0	0	0	0	0	0	0
418	L	0	0	0	0	0	0	0
419	G	0	0	0	0	0	0	0
420	L	0	0	0	0	0	0	0
421	G	0	0	0	0	0	0	0
422	M	0	0	0	0	0	0	0
423	F	0	0	0	0	0	0	0
424	P	0	0	0	0	0	0	0
425	G	0	0	0	0	0	0	0
426	K	0	0	0	0	0	0	0
427	G	0	0	0	0	0	0	0
428	G	0	0	0	0	0	0	0
429	M	0	0	0	0	0	0	0
430	V	0	0	0	0	0	0	0
431	A	0	0	0	0	0	0	0
432	P	0	0	0	0	0	0	0
433	G	0	0	0	0	0	0	0
434	M	0	0	0	0	0	0	0
435	T	0	0	0	0	0	0	0
436	C	0	0	0	0	0	0	0
437	Q	0	0	0	0	0	0	0
438	Y	0	0	0	0	0	0	0
439	I	0	0	0	0	0	0	0
440	V	0	0	0	0	0	0	0
441	Q	0	0	0	0	0	0	0
442	F	0	0	0	0	0	0	0
443	F	0	0	0	0	0	0	0
444	P	0	0	0	0	0	0	0
445	D	0	0	0	0	0	0	0
446	C	0	0	0	0	0	0	0
447	L	0	0	0	0	0	0	0
448	G	0	0	0	0	0	0	0
449	D	0	0	0	0	0	0	0
450	F	0	0	0	0	0	0	0
451	D	0	0	0	0	0	0	0
452	D	0	0	0	0	0	0	0
453	F	0	0	0	0	0	0	0
454	I	0	0	0	0	0	0	0
455	L	0	0	0	0	0	0	0
456	V	0	0	0	0	0	0	0
457	E	0	0	0	0	0	0	0
458	T	0	0	0	0	0	0	0
459	Q	0	0	0	0	0	0	0
460	S	0	0	0	0	0	0	0
461	A	0	0	0	0	0	0	0
462	H	0	0	0	0	0	0	0
463	T	0	0	0	0	0	0	0
464	L	0	0	0	0	0	0	0
465	L	0	0	0	0	0	0	0
466	I	0	0	0	0	0	0	0
467	P	0	0	0	0	0	0	0
468	L	0	0	0	0	0	0	0
469	Q	0	0	0	0	0	0	0
470	A	0	0	0	0	0	0	0
471	R	0	0	0	0	0	0	0
472	R	0	0	0	0	0	0	0
473	P	0	0	0	0	0	0	0
474	P	0	0	0	0	0	0	0
475	P	0	0	0	0	0	0	0
476	V	0	0	0	0	0	0	0
477	L	0	0	0	0	0	0	0
478	T	0	0	0	0	0	0	0
479	L	0	0	0	0	0	0	0
480	S	0	0	0	0	0	0	0
481	P	0	0	0	0	0	0	0
482	V	0	0	0	0	0	0	0
483	L	0	0	0	0	0	0	0
484	D	0	0	0	0	0	0	0
485	C	0	0	0	0	0	0	0
486	G	0	0	0	0	0	0	0
487	Y	0	0	0	0	0	0	0
488	C	0	0	0	0	0	0	0
489	L	0	0	0	0	0	0	0
490	I	0	0	0	0	0	0	0
491	G	0	0	0	0	0	0	0
492	G	0	0	0	0	0	0	0
493	V	0	0	0	0	0	0	0
494	K	0	0	0	0	0	0	0
495	M	0	0	0	0	0	0	0
496	T	0	0	0	0	0	0	0
497	R	0	0	0	0	0	0	0
498	F	0	0	0	0	0	0	0
499	I	0	0	0	0	0	0	0
500	C	0	0	0	0	0	0	0
501	K	0	0	0	0	0	0	0
502	N	0	0	0	0	0	0	0
503	V	0	0	0	0	0	0	0
504	G	0	0	0	0	0	0	0
505	F	0	0	0	0	0	0	0
506	S	0	0	0	0	0	0	0
507	V	0	0	0	0	0	0	0
508	G	0	0	0	0	0	0	0
509	R	0	0	0	0	0	0	0
510	F	0	0	0	0	0	0	0
511	C	0	0	0	0	0	0	0
512	I	0	0	0	0	0	0	0
513	M	0	0	0	0	0	0	0
514	P	0	0	0	0	0	0	0
515	K	0	0	0	0	0	0	0
516	T	0	0	0	0	0	0	0
517	S	0	0	0	0	0	0	0
518	W	0	0	0	0	0	0	0
519	P	0	0	0	0	0	0	0
520	P	0	0	0	0	0	0	0
521	L	0	0	0	0	0	0	0
522	S	0	0	0	0	0	0	0
523	F	0	0	0	0	0	0	0
524	K	0	0	0	0	0	0	0
525	A	0	0	0	0	0	0	0
526	I	0	0	0	0	0	0	0
527	A	0	0	0	0	0	0	0
528	T	0	0	0	0	0	0	0
529	V	0	0	0	0	0	0	0
530	G	0	0	0	0	0	0	0
531	F	0	0	0	0	0	0	0
532	V	0	0	0	0	0	0	0
533	E	0	0	0	0	0	0	0
534	Q	0	0	0	0	0	0	0
535	P	0	0	0	0	0	0	0
536	P	0	0	0	0	0	0	0
537	F	0	0	0	0	0	0	0
538	G	0	0	0	0	0	0	0
539	I	0	0	0	0	0	0	0
540	L	0	0	0	0	0	0	0
541	P	0	0	0	0	0	0	0
542	S	0	0	0	0	0	0	0
543	V	0	0	0	0	0	0	0
544	F	0	0	0	0	0	0	0
545	E	0	0	0	0	0	0	0
546	L	0	0	0	0	0	0	0
547	A	0	0	0	0	0	0	0
548	P	0	0	0	0	0	0	0
549	G	0	0	0	0	0	0	0
550	H	0	0	0	0	0	0	0
551	A	0	0	0	0	0	0	0
552	I	0	0	0	0	0	0	0
553	L	0	0	0	0	0	0	0
554	V	0	0	0	0	0	0	0
555	E	0	0	0	0	0	0	0
556	V	0	0	0	0	0	0	0
557	L	0	0	0	0	0	0	0
558	F	0	0	0	0	0	0	0
559	S	0	0	0	0	0	0	0
560	P	0	0	0	0	0	0	0
561	K	0	0	0	0	0	0	0
562	S	0	0	0	0	0	0	0
563	L	0	0	0	0	0	0	0
564	G	0	0	0	0	0	0	0
565	K	0	0	0	0	0	0	0
566	A	0	0	0	0	0	0	0
567	E	0	0	0	0	0	0	0
568	Q	0	0	0	0	0	0	0
569	T	0	0	0	0	0	0	0
570	F	0	0	0	0	0	0	0
571	I	0	0	0	0	0	0	0
572	I	0	0	0	0	0	0	0
573	M	0	0	0	0	0	0	0
574	C	0	0	0	0	0	0	0
575	D	0	0	0	0	0	0	0
576	N	0	0	0	0	0	0	0
577	C	0	0	0	0	0	0	0
578	Q	0	0	0	0	0	0	0
579	I	0	0	0	0	0	0	0
580	K	0	0	0	0	0	0	0
581	E	0	0	0	0	0	0	0
582	L	0	0	0	0	0	0	0
583	V	0	0	0	0	0	0	0
584	T	0	0	0	0	0	0	0
585	I	0	0	0	0	0	0	0
586	G	0	0	0	0	0	0	0
587	I	0	0	0	0	0	0	0
588	G	0	0	0	0	0	0	0
589	Q	0	0	0	0	0	0	0
590	L	0	0	0	0	0	0	0
591	I	0	0	0	0	0	0	0
592	A	0	0	0	0	0	0	0
593	L	0	0	0	0	0	0	0
594	D	0	0	0	0	0	0	0
595	L	0	0	0	0	0	0	0
596	I	0	0	0	0	0	0	0
597	Y	0	0	0	0	0	0	0
598	I	0	0	0	0	0	0	0
599	S	0	0	0	0	0	0	0
600	G	0	0	0	0	0	0	0
601	E	0	0	0	0	0	0	0
602	K	0	0	0	0	0	0	0
603	S	0	0	0	0	0	0	0
604	Q	0	0	0	0	0	0	0
605	P	0	0	0	0	0	0	0
606	D	0	0	0	0	0	0	0
607	P	0	0	0	0	0	0	0
608	G	0	0	0	0	0	0	0
609	E	0	0	0	0	0	0	0
610	L	0	0	0	0	0	0	0
611	T	0	0	0	0	0	0	0
612	D	0	0	0	0	0	0	0
613	L	0	0	0	0	0	0	0
614	T	0	0	0	0	0	0	0
615	A	0	0	0	0	0	0	0
616	Q	0	0	0	0	0	0	0
617	H	0	0	0	0	0	0	0
618	F	0	0	0	0	0	0	0
619	I	0	0	0	0	0	0	0
620	R	0	0	0	0	0	0	0
621	F	0	0	0	0	0	0	0
622	E	0	0	0	0	0	0	0
623	P	0	0	0	0	0	0	0
624	E	0	0	0	0	0	0	0
625	N	0	0	0	0	0	0	0
626	L	0	0	0	0	0	0	0
627	R	0	0	0	0	0	0	0
628	S	0	0	0	0	0	0	0
629	T	0	0	0	0	0	0	0
630	A	0	0	0	0	0	0	0
631	R	0	0	0	0	0	0	0
632	K	0	0	0	0	0	0	0
633	Q	0	0	0	0	0	0	0
634	L	0	0	0	0	0	0	0
635	I	0	0	0	0	0	0	0
636	I	0	0	0	0	0	0	0
637	R	0	0	0	0	0	0	0
638	N	0	0	0	0	0	0	0
639	A	0	0	0	0	0	0	0
640	T	0	0	0	0	0	0	0
641	H	0	0	0	0	0	0	0
642	V	0	0	0	0	0	0	0
643	E	0	0	0	0	0	0	0
644	L	0	0	0	0	0	0	0
645	A	0	0	0	0	0	0	0
646	F	0	0	0	0	0	0	0
647	Y	0	0	0	0	0	0	0
648	W	0	0	0	0	0	0	0
649	Q	0	0	0	0	0	0	0
650	I	0	0	0	0	0	0	0
651	M	0	0	0	0	0	0	0
652	K	0	0	0	0	0	0	0
653	P	0	0	0	0	0	0	0
654	N	0	0	0	0	0	0	0
655	L	0	0	0	0	0	0	0
656	Q	0	0	0	0	0	0	0
657	P	0	0	0	0	0	0	0
658	L	0	0	0	0	0	0	0
659	M	0	0	0	0	0	0	0
660	P	0	0	0	0	0	0	0
661	G	0	0	0	0	0	0	0
662	E	0	0	0	0	0	0	0
663	T	0	0	0	0	0	0	0
664	F	0	0	0	0	0	0	0
665	S	0	0	0	0	0	0	0
666	M	0	0	0	0	0	0	0
667	D	0	0	0	0	0	0	0
668	S	0	0	0	0	0	0	0
669	I	0	0	0	0	0	0	0
670	K	0	0	0	0	0	0	0
671	C	0	0	0	0	0	0	0
672	Y	0	0	0	0	0	0	0
673	P	0	0	0	0	0	0	0
674	D	0	0	0	0	0	0	0
675	K	0	0	0	0	0	0	0
676	E	0	0	0	0	0	0	0
677	T	0	0	0	0	0	0	0
678	A	0	0	0	0	0	0	0
679	F	0	0	0	0	0	0	0
680	S	0	0	0	0	0	0	0
681	I	0	0	0	0	0	0	0
682	M	0	0	0	0	0	0	0
683	P	0	0	0	0	0	0	0
684	R	0	0	0	0	0	0	0
685	K	0	0	0	0	0	0	0
686	G	0	0	0	0	0	0	0
687	V	0	0	0	0	0	0	0
688	L	0	0	0	0	0	0	0
689	S	0	0	0	0	0	0	0
690	P	0	0	0	0	0	0	0
691	H	0	0	0	0	0	0	0
692	T	0	0	0	0	0	0	0
693	D	0	0	0	0	0	0	0
694	H	0	0	0	0	0	0	0
695	E	0	0	0	0	0	0	0
696	F	0	0	0	0	0	0	0
697	I	0	0	0	0	0	0	0
698	L	0	0	0	0	0	0	0
699	S	0	0	0	0	0	0	0
700	F	0	0	0	0	0	0	0
701	S	0	0	0	0	0	0	0
702	P	0	0	0	0	0	0	0
703	H	0	0	0	0	0	0	0
704	E	0	0	0	0	0	0	0
705	L	0	0	0	0	0	0	0
706	R	0	0	0	0	0	0	0
707	D	0	0	0	0	0	0	0
708	F	0	0	0	0	0	0	0
709	H	0	0	0	0	0	0	0
710	S	0	0	0	0	0	0	0
711	V	0	0	0	0	0	0	0
712	L	0	0	0	0	0	0	0
713	Q	0	0	0	0	0	0	0
714	M	0	0	0	0	0	0	0
715	V	0	0	0	0	0	0	0
716	L	0	0	0	0	0	0	0
717	E	0	0	0	0	0	0	0
718	E	0	0	0	0	0	0	0
719	V	0	0	0	0	0	0	0
720	P	0	0	0	0	0	0	0
721	E	0	0	0	0	0	0	0
722	P	0	0	0	0	0	0	0
723	V	0	0	0	0	0	0	0
724	S	0	0	0	0	0	0	0
725	S	0	0	0	0	0	0	0
726	E	0	0	0	0	0	0	0
727	A	0	0	0	0	0	0	0
728	E	0	0	0	0	0	0	0
729	S	0	0	0	0	0	0	0
730	L	0	0	0	0	0	0	0
731	G	0	0	0	0	0	0	0
732	H	0	0	0	0	0	0	0
733	S	0	0	0	0	0	0	0
734	S	0	0	0	0	0	0	0
735	Y	0	0	0	0	0	0	0
736	S	0	0	0	0	0	0	0
737	V	0	0	0	0	0	0	0
738	D	0	0	0	0	0	0	0
739	D	0	0	0	0	0	0	0
740	V	0	0	0	0	0	0	0
741	I	0	0	0	0	0	0	0
742	V	0	0	0	0	0	0	0
743	L	0	0	0	0	0	0	0
744	E	0	0	0	0	0	0	0
745	I	0	0	0	0	0	0	0
746	E	0	0	0	0	0	0	0
747	V	0	0	0	0	0	0	0
748	K	0	0	0	0	0	0	0
749	G	0	0	0	0	0	0	0
750	S	0	0	0	0	0	0	0
751	V	0	0	0	0	0	0	0
752	E	0	0	0	0	0	0	0
753	P	0	0	0	0	0	0	0
754	F	0	0	0	0	0	0	0
755	Q	0	0	0	0	0	0	0
756	V	0	0	0	0	0	0	0
757	L	0	0	0	0	0	0	0
758	L	0	0	0	0	0	0	0
759	E	0	0	0	0	0	0	0
760	P	0	0	0	0	0	0	0
761	Y	0	0	0	0	0	0	0
762	A	0	0	0	0	0	0	0
763	L	0	0	0	0	0	0	0
764	I	0	0	0	0	0	0	0
765	I	0	0	0	0	0	0	0
766	P	0	0	0	0	0	0	0
767	G	0	0	0	0	0	0	0
768	E	0	0	0	0	0	0	0
769	N	0	0	0	0	0	0	0
770	Y	0	0	0	0	0	0	0
771	I	0	0	0	0	0	0	0
772	G	0	0	0	0	0	0	0
773	I	0	0	0	0	0	0	0
774	N	0	0	0	0	0	0	0
775	V	0	0	0	0	0	0	0
776	K	0	0	0	0	0	0	0
777	K	0	0	0	0	0	0	0
778	A	0	0	0	0	0	0	0
779	F	0	0	0	0	0	0	0
780	K	0	0	0	0	0	0	0
781	M	0	0	0	0	0	0	0
782	W	0	0	0	0	0	0	0
783	N	0	0	0	0	0	0	0
784	N	0	0	0	0	0	0	0
785	S	0	0	0	0	0	0	0
786	K	0	0	0	0	0	0	0
787	S	0	0	0	0	0	0	0
788	P	0	0	0	0	0	0	0
789	I	0	0	0	0	0	0	0
790	R	0	0	0	0	0	0	0
791	Y	0	0	0	0	0	0	0
792	L	0	0	0	0	0	0	0
793	W	0	0	0	0	0	0	0
794	G	0	0	0	0	0	0	0
795	K	0	0	0	0	0	0	0
796	I	0	0	0	0	0	0	0
797	S	0	0	0	0	0	0	0
798	D	0	0	0	0	0	0	0
799	C	0	0	0	0	0	0	0
800	H	0	0	0	0	0	0	0
801	I	0	0	0	0	0	0	0
802	I	0	0	0	0	0	0	0
803	E	0	0	0	0	0	0	0
804	V	0	0	0	0	0	0	0
805	E	0	0	0	0	0	0	0
806	P	0	0	0	0	0	0	0
807	G	0	0	0	0	0	0	0
808	T	0	0	0	0	0	0	0
809	G	0	0	0	0	0	0	0
810	V	0	0	0	0	0	0	0
811	I	0	0	0	0	0	0	0
812	E	0	0	0	0	0	0	0
813	P	0	0	0	0	0	0	0
814	S	0	0	0	0	0	0	0
815	E	0	0	0	0	0	0	0
816	V	0	0	0	0	0	0	0
817	G	0	0	0	0	0	0	0
818	D	0	0	0	0	0	0	0
819	F	0	0	0	0	0	0	0
820	E	0	0	0	0	0	0	0
821	L	0	0	0	0	0	0	0
822	N	0	0	0	0	0	0	0
823	F	0	0	0	0	0	0	0
824	T	0	0	0	0	0	0	0
825	G	0	0	0	0	0	0	0
826	G	0	0	0	0	0	0	0
827	V	0	0	0	0	0	0	0
828	P	0	0	0	0	0	0	0
829	G	0	0	0	0	0	0	0
830	P	0	0	0	0	0	0	0
831	T	0	0	0	0	0	0	0
832	S	0	0	0	0	0	0	0
833	Q	0	0	0	0	0	0	0
834	D	0	0	0	0	0	0	0
835	L	0	0	0	0	0	0	0
836	L	0	0	0	0	0	0	0
837	C	0	0	0	0	0	0	0
838	E	0	0	0	0	0	0	0
839	I	0	0	0	0	0	0	0
840	E	0	0	0	0	0	0	0
841	D	0	0	0	0	0	0	0
842	S	0	0	0	0	0	0	0
843	P	0	0	0	0	0	0	0
844	S	0	0	0	0	0	0	0
845	P	0	0	0	0	0	0	0
846	V	0	0	0	0	0	0	0
847	V	0	0	0	0	0	0	0
848	L	0	0	0	0	0	0	0
849	H	0	0	0	0	0	0	0
850	I	0	0	0	0	0	0	0
851	E	0	0	0	0	0	0	0
852	A	0	0	0	0	0	0	0
853	V	0	0	0	0	0	0	0
854	F	0	0	0	0	0	0	0
855	K	0	0	0	0	0	0	0
856	G	0	0	0	0	0	0	0
857	P	0	0	0	0	0	0	0
858	A	0	0	0	0	0	0	0
859	L	0	0	0	0	0	0	0
860	I	0	0	0	0	0	0	0
861	I	0	0	0	0	0	0	0
862	N	0	0	0	0	0	0	0
863	V	0	0	0	0	0	0	0
864	S	0	0	0	0	0	0	0
865	A	0	0	0	0	0	0	0
866	L	0	0	0	0	0	0	0
867	Q	0	0	0	0	0	0	0
868	F	0	0	0	0	0	0	0
869	G	0	0	0	0	0	0	0
870	L	0	0	0	0	0	0	0
871	L	0	0	0	0	0	0	0
872	R	0	0	0	0	0	0	0
873	L	0	0	0	0	0	0	0
874	G	0	0	0	0	0	0	0
875	Q	0	0	0	0	0	0	0
876	K	0	0	0	0	0	0	0
877	A	0	0	0	0	0	0	0
878	T	0	0	0	0	0	0	0
879	N	0	0	0	0	0	0	0
880	S	0	0	0	0	0	0	0
881	I	0	0	0	0	0	0	0
882	Q	0	0	0	0	0	0	0
883	I	0	0	0	0	0	0	0
884	R	0	0	0	0	0	0	0
885	N	0	0	0	0	0	0	0
886	V	0	0	0	0	0	0	0
887	S	0	0	0	0	0	0	0
888	Q	0	0	0	0	0	0	0
889	L	0	0	0	0	0	0	0
890	P	0	0	0	0	0	0	0
891	A	0	0	0	0	0	0	0
892	T	0	0	0	0	0	0	0
893	W	0	0	0	0	0	0	0
894	R	0	0	0	0	0	0	0
895	M	0	0	0	0	0	0	0
896	K	0	0	0	0	0	0	0
897	E	0	0	0	0	0	0	0
898	S	0	0	0	0	0	0	0
899	P	0	0	0	0	0	0	0
900	V	0	0	0	0	0	0	0
901	S	0	0	0	0	0	0	0
902	L	0	0	0	0	0	0	0
903	Q	0	0	0	0	0	0	0
904	E	0	0	0	0	0	0	0
905	R	0	0	0	0	0	0	0
906	P	0	0	0	0	0	0	0
907	E	0	0	0	0	0	0	0
908	D	0	0	0	0	0	0	0
909	V	0	0	0	0	0	0	0
910	S	0	0	0	0	0	0	0
911	P	0	0	0	0	0	0	0
912	F	0	0	0	0	0	0	0
913	D	0	0	0	0	0	0	0
914	I	0	0	0	0	0	0	0
915	E	0	0	0	0	0	0	0
916	P	0	0	0	0	0	0	0
917	S	0	0	0	0	0	0	0
918	S	0	0	0	0	0	0	0
919	G	0	0	0	0	0	0	0
920	Q	0	0	0	0	0	0	0
921	L	0	0	0	0	0	0	0
922	H	0	0	0	0	0	0	0
923	S	0	0	0	0	0	0	0
924	L	0	0	0	0	0	0	0
925	G	0	0	0	0	0	0	0
926	E	0	0	0	0	0	0	0
927	C	0	0	0	0	0	0	0
928	R	0	0	0	0	0	0	0
929	V	0	0	0	0	0	0	0
930	D	0	0	0	0	0	0	0
931	I	0	0	0	0	0	0	0
932	T	0	0	0	0	0	0	0
933	L	0	0	0	0	0	0	0
934	E	0	0	0	0	0	0	0
935	A	0	0	0	0	0	0	0
936	L	0	0	0	0	0	0	0
937	H	0	0	0	0	0	0	0
938	C	0	0	0	0	0	0	0
939	Q	0	0	0	0	0	0	0
940	H	0	0	0	0	0	0	0
941	L	0	0	0	0	0	0	0
942	E	0	0	0	0	0	0	0
943	T	0	0	0	0	0	0	0
944	V	0	0	0	0	0	0	0
945	L	0	0	0	0	0	0	0
946	E	0	0	0	0	0	0	0
947	L	0	0	0	0	0	0	0
948	E	0	0	0	0	0	0	0
949	V	0	0	0	0	0	0	0
950	E	0	0	0	0	0	0	0
951	N	0	0	0	0	0	0	0
952	G	0	0	0	0	0	0	0
953	A	0	0	0	0	0	0	0
954	W	0	0	0	0	0	0	0
955	S	0	0	0	0	0	0	0
956	Y	0	0	0	0	0	0	0
957	L	0	0	0	0	0	0	0
958	P	0	0	0	0	0	0	0
959	V	0	0	0	0	0	0	0
960	Y	0	0	0	0	0	0	0
961	A	0	0	0	0	0	0	0
962	E	0	0	0	0	0	0	0
963	V	0	0	0	0	0	0	0
964	Q	0	0	0	0	0	0	0
965	K	0	0	0	0	0	0	0
966	P	0	0	0	0	0	0	0
967	H	0	0	0	0	0	0	0
968	V	0	0	0	0	0	0	0
969	Y	0	0	0	0	0	0	0
970	L	0	0	0	0	0	0	0
971	Q	0	0	0	0	0	0	0
972	S	0	0	0	0	0	0	0
973	S	0	0	0	0	0	0	0
974	Q	0	0	0	0	0	0	0
975	V	0	0	0	0	0	0	0
976	E	0	0	0	0	0	0	0
977	V	0	0	0	0	0	0	0
978	R	0	0	0	0	0	0	0
979	N	0	0	0	0	0	0	0
980	L	0	0	0	0	0	0	0
981	Y	0	0	0	0	0	0	0
982	L	0	0	0	0	0	0	0
983	G	0	0	0	0	0	0	0
984	V	0	0	0	0	0	0	0
985	P	0	0	0	0	0	0	0
986	T	0	0	0	0	0	0	0
987	K	0	0	0	0	0	0	0
988	T	0	0	0	0	0	0	0
989	T	0	0	0	0	0	0	0
990	I	0	0	0	0	0	0	0
991	T	0	0	0	0	0	0	0
992	L	0	0	0	0	0	0	0
993	I	0	0	0	0	0	0	0
994	N	0	0	0	0	0	0	0
995	G	0	0	0	0	0	0	0
996	T	0	0	0	0	0	0	0
997	L	0	0	0	0	0	0	0
998	L	0	0	0	0	0	0	0
999	P	0	0	0	0	0	0	0
1000	T	0	0	0	0	0	0	0
1001	Q	0	0	0	0	0	0	0
1002	F	0	0	0	0	0	0	0
1003	H	0	0	0	0	0	0	0
1004	W	0	0	0	0	0	0	0
1005	G	0	0	0	0	0	0	0
1006	K	0	0	0	0	0	0	0
1007	L	0	0	0	0	0	0	0
1008	L	0	0	0	0	0	0	0
1009	G	0	0	0	0	0	0	0
1010	H	0	0	0	0	0	0	0
1011	Q	0	0	0	0	0	0	0
1012	A	0	0	0	0	0	0	0
1013	E	0	0	0	0	0	0	0
1014	F	0	0	0	0	0	0	0
1015	C	0	0	0	0	0	0	0
1016	M	0	0	0	0	0	0	0
1017	V	0	0	0	0	0	0	0
1018	T	0	0	0	0	0	0	0
1019	V	0	0	0	0	0	0	0
1020	S	0	0	0	0	0	0	0
1021	P	0	0	0	0	0	0	0
1022	K	0	0	0	0	0	0	0
1023	H	0	0	0	0	0	0	0
1024	G	0	0	0	0	0	0	0
1025	L	0	0	0	0	0	0	0
1026	L	0	0	0	0	0	0	0
1027	G	0	0	0	0	0	0	0
1028	P	0	0	0	0	0	0	0
1029	S	0	0	0	0	0	0	0
1030	E	0	0	0	0	0	0	0
1031	E	0	0	0	0	0	0	0
1032	C	0	0	0	0	0	0	0
1033	Q	0	0	0	0	0	0	0
1034	L	0	0	0	0	0	0	0
1035	K	0	0	0	0	0	0	0
1036	L	0	0	0	0	0	0	0
1037	E	0	0	0	0	0	0	0
1038	L	0	0	0	0	0	0	0
1039	T	0	0	0	0	0	0	0
1040	A	0	0	0	0	0	0	0
1041	H	0	0	0	0	0	0	0
1042	T	0	0	0	0	0	0	0
1043	Q	0	0	0	0	0	0	0
1044	E	0	0	0	0	0	0	0
1045	E	0	0	0	0	0	0	0
1046	L	0	0	0	0	0	0	0
1047	T	0	0	0	0	0	0	0
1048	H	0	0	0	0	0	0	0
1049	L	0	0	0	0	0	0	0
1050	A	0	0	0	0	0	0	0
1051	L	0	0	0	0	0	0	0
1052	P	0	0	0	0	0	0	0
1053	C	0	0	0	0	0	0	0
1054	H	0	0	0	0	0	0	0
1055	V	0	0	0	0	0	0	0
1056	S	0	0	0	0	0	0	0
1057	G	0	0	0	0	0	0	0
1058	M	0	0	0	0	0	0	0
1059	K	0	0	0	0	0	0	0
1060	K	0	0	0	0	0	0	0
1061	P	0	0	0	0	0	0	0
1062	L	0	0	0	0	0	0	0
1063	V	0	0	0	0	0	0	0
1064	L	0	0	0	0	0	0	0
1065	G	0	0	0	0	0	0	0
1066	I	0	0	0	0	0	0	0
1067	S	0	0	0	0	0	0	0
1068	G	0	0	0	0	0	0	0
1069	K	0	0	0	0	0	0	0
1070	P	0	0	0	0	0	0	0
1071	Q	0	0	0	0	0	0	0
1072	G	0	0	0	0	0	0	0
1073	L	0	0	0	0	0	0	0
1074	Q	0	0	0	0	0	0	0
1075	V	0	0	0	0	0	0	0
1076	A	0	0	0	0	0	0	0
1077	I	0	0	0	0	0	0	0
1078	T	0	0	0	0	0	0	0
1079	I	0	0	0	0	0	0	0
1080	S	0	0	0	0	0	0	0
1081	K	0	0	0	0	0	0	0
1082	E	0	0	0	0	0	0	0
1083	S	0	0	0	0	0	0	0
1084	S	0	0	0	0	0	0	0
1085	D	0	0	0	0	0	0	0
1086	C	0	0	0	0	0	0	0
1087	S	0	0	0	0	0	0	0
1088	T	0	0	0	0	0	0	0
1089	E	0	0	0	0	0	0	0
1090	Q	0	0	0	0	0	0	0
1091	W	0	0	0	0	0	0	0
1092	P	0	0	0	0	0	0	0
1093	G	0	0	0	0	0	0	0
1094	H	0	0	0	0	0	0	0
1095	P	0	0	0	0	0	0	0
1096	K	0	0	0	0	0	0	0
1097	E	0	0	0	0	0	0	0
1098	L	0	0	0	0	0	0	0
1099	R	0	0	0	0	0	0	0
1100	L	0	0	0	0	0	0	0
1101	D	0	0	0	0	0	0	0
1102	F	0	0	0	0	0	0	0
1103	G	0	0	0	0	0	0	0
1104	S	0	0	0	0	0	0	0
1105	A	0	0	0	0	0	0	0
1106	V	0	0	0	0	0	0	0
1107	P	0	0	0	0	0	0	0
1108	L	0	0	0	0	0	0	0
1109	R	0	0	0	0	0	0	0
1110	T	0	0	0	0	0	0	0
1111	R	0	0	0	0	0	0	0
1112	V	0	0	0	0	0	0	0
1113	T	0	0	0	0	0	0	0
1114	R	0	0	0	0	0	0	0
1115	Q	0	0	0	0	0	0	0
1116	L	0	0	0	0	0	0	0
1117	I	0	0	0	0	0	0	0
1118	L	0	0	0	0	0	0	0
1119	T	0	0	0	0	0	0	0
1120	N	0	0	0	0	0	0	0
1121	R	0	0	0	0	0	0	0
1122	S	0	0	0	0	0	0	0
1123	P	0	0	0	0	0	0	0
1124	I	0	0	0	0	0	0	0
1125	R	0	0	0	0	0	0	0
1126	T	0	0	0	0	0	0	0
1127	R	0	0	0	0	0	0	0
1128	F	0	0	0	0	0	0	0
1129	S	0	0	0	0	0	0	0
1130	L	0	0	0	0	0	0	0
1131	K	0	0	0	0	0	0	0
1132	F	0	0	0	0	0	0	0
1133	E	0	0	0	0	0	0	0
1134	Y	Phosphotyrosine	RFSLKFEYFGSPQNS	EEEEEEEECCCCCCC	0	0	0	0
1135	F	0	0	0	0	0	0	0
1136	G	0	0	0	0	0	0	0
1137	S	0	0	0	0	0	0	0
1138	P	0	0	0	0	0	0	0
1139	Q	0	0	0	0	0	0	0
1140	N	0	0	0	0	0	0	0
1141	S	Phosphoserine	YFGSPQNSLSKKTSL	ECCCCCCCCCCCCCC	0	0	0	0
1142	L	0	0	0	0	0	0	0
1143	S	0	0	0	0	0	0	0
1144	K	0	0	0	0	0	0	0
1145	K	0	0	0	0	0	0	0
1146	T	0	0	0	0	0	0	0
1147	S	Phosphoserine	NSLSKKTSLPNMPPA	CCCCCCCCCCCCCHH	0	0	0	0
1148	L	0	0	0	0	0	0	0
1149	P	0	0	0	0	0	0	0
1150	N	0	0	0	0	0	0	0
1151	M	0	0	0	0	0	0	0
1152	P	0	0	0	0	0	0	0
1153	P	0	0	0	0	0	0	0
1154	A	0	0	0	0	0	0	0
1155	L	0	0	0	0	0	0	0
1156	L	0	0	0	0	0	0	0
1157	K	0	0	0	0	0	0	0
1158	T	0	0	0	0	0	0	0
1159	V	0	0	0	0	0	0	0
1160	R	0	0	0	0	0	0	0
1161	M	0	0	0	0	0	0	0
1162	Q	0	0	0	0	0	0	0
1163	E	0	0	0	0	0	0	0
1164	H	0	0	0	0	0	0	0
1165	L	0	0	0	0	0	0	0
1166	A	0	0	0	0	0	0	0
1167	K	0	0	0	0	0	0	0
1168	R	0	0	0	0	0	0	0
1169	E	0	0	0	0	0	0	0
1170	Q	0	0	0	0	0	0	0
1171	L	0	0	0	0	0	0	0
1172	D	0	0	0	0	0	0	0
1173	F	0	0	0	0	0	0	0
1174	M	0	0	0	0	0	0	0
1175	E	0	0	0	0	0	0	0
1176	S	0	0	0	0	0	0	0
1177	M	0	0	0	0	0	0	0
1178	L	0	0	0	0	0	0	0
1179	S	0	0	0	0	0	0	0
1180	H	0	0	0	0	0	0	0
1181	G	0	0	0	0	0	0	0
1182	K	0	0	0	0	0	0	0
1183	G	0	0	0	0	0	0	0
1184	A	0	0	0	0	0	0	0
1185	A	0	0	0	0	0	0	0
1186	F	0	0	0	0	0	0	0
1187	F	0	0	0	0	0	0	0
1188	P	0	0	0	0	0	0	0
1189	H	0	0	0	0	0	0	0
1190	F	0	0	0	0	0	0	0
1191	S	0	0	0	0	0	0	0
1192	Q	0	0	0	0	0	0	0
1193	G	0	0	0	0	0	0	0
1194	M	0	0	0	0	0	0	0
1195	L	0	0	0	0	0	0	0
1196	G	0	0	0	0	0	0	0
1197	P	0	0	0	0	0	0	0
1198	Y	0	0	0	0	0	0	0
1199	Q	0	0	0	0	0	0	0
1200	Q	0	0	0	0	0	0	0
1201	L	0	0	0	0	0	0	0
1202	C	0	0	0	0	0	0	0
1203	I	0	0	0	0	0	0	0
1204	D	0	0	0	0	0	0	0
1205	I	0	0	0	0	0	0	0
1206	T	0	0	0	0	0	0	0
1207	G	0	0	0	0	0	0	0
1208	C	0	0	0	0	0	0	0
1209	A	0	0	0	0	0	0	0
1210	N	0	0	0	0	0	0	0
1211	M	0	0	0	0	0	0	0
1212	W	0	0	0	0	0	0	0
1213	G	0	0	0	0	0	0	0
1214	E	0	0	0	0	0	0	0
1215	Y	0	0	0	0	0	0	0
1216	W	0	0	0	0	0	0	0
1217	D	0	0	0	0	0	0	0
1218	N	0	0	0	0	0	0	0
1219	L	0	0	0	0	0	0	0
1220	I	0	0	0	0	0	0	0
1221	C	0	0	0	0	0	0	0
1222	T	0	0	0	0	0	0	0
1223	V	0	0	0	0	0	0	0
1224	G	0	0	0	0	0	0	0
1225	D	0	0	0	0	0	0	0
1226	L	0	0	0	0	0	0	0
1227	L	0	0	0	0	0	0	0
1228	P	0	0	0	0	0	0	0
1229	E	0	0	0	0	0	0	0
1230	V	0	0	0	0	0	0	0
1231	I	0	0	0	0	0	0	0
1232	P	0	0	0	0	0	0	0
1233	V	0	0	0	0	0	0	0
1234	H	0	0	0	0	0	0	0
1235	M	0	0	0	0	0	0	0
1236	A	0	0	0	0	0	0	0
1237	A	0	0	0	0	0	0	0
1238	V	0	0	0	0	0	0	0
1239	G	0	0	0	0	0	0	0
1240	C	0	0	0	0	0	0	0
1241	P	0	0	0	0	0	0	0
1242	I	0	0	0	0	0	0	0
1243	S	0	0	0	0	0	0	0
1244	S	0	0	0	0	0	0	0
1245	L	0	0	0	0	0	0	0
1246	R	0	0	0	0	0	0	0
1247	T	0	0	0	0	0	0	0
1248	T	0	0	0	0	0	0	0
1249	S	0	0	0	0	0	0	0
1250	Y	0	0	0	0	0	0	0
1251	T	0	0	0	0	0	0	0
1252	I	0	0	0	0	0	0	0
1253	D	0	0	0	0	0	0	0
1254	Q	0	0	0	0	0	0	0
1255	A	0	0	0	0	0	0	0
1256	Q	0	0	0	0	0	0	0
1257	K	0	0	0	0	0	0	0
1258	E	0	0	0	0	0	0	0
1259	P	0	0	0	0	0	0	0
1260	A	0	0	0	0	0	0	0
1261	M	0	0	0	0	0	0	0
1262	R	0	0	0	0	0	0	0
1263	F	0	0	0	0	0	0	0
1264	G	0	0	0	0	0	0	0
1265	T	0	0	0	0	0	0	0
1266	Q	0	0	0	0	0	0	0
1267	V	0	0	0	0	0	0	0
1268	S	0	0	0	0	0	0	0
1269	G	0	0	0	0	0	0	0
1270	G	0	0	0	0	0	0	0
1271	D	0	0	0	0	0	0	0
1272	T	0	0	0	0	0	0	0
1273	V	0	0	0	0	0	0	0
1274	T	0	0	0	0	0	0	0
1275	R	0	0	0	0	0	0	0
1276	T	0	0	0	0	0	0	0
1277	L	0	0	0	0	0	0	0
1278	R	0	0	0	0	0	0	0
1279	L	0	0	0	0	0	0	0
1280	N	0	0	0	0	0	0	0
1281	N	0	0	0	0	0	0	0
1282	S	0	0	0	0	0	0	0
1283	S	0	0	0	0	0	0	0
1284	P	0	0	0	0	0	0	0
1285	C	0	0	0	0	0	0	0
1286	D	0	0	0	0	0	0	0
1287	I	0	0	0	0	0	0	0
1288	R	0	0	0	0	0	0	0
1289	L	0	0	0	0	0	0	0
1290	D	0	0	0	0	0	0	0
1291	W	0	0	0	0	0	0	0
1292	E	0	0	0	0	0	0	0
1293	T	0	0	0	0	0	0	0
1294	Y	0	0	0	0	0	0	0
1295	V	0	0	0	0	0	0	0
1296	P	0	0	0	0	0	0	0
1297	E	0	0	0	0	0	0	0
1298	D	0	0	0	0	0	0	0
1299	K	0	0	0	0	0	0	0
1300	E	0	0	0	0	0	0	0
1301	D	0	0	0	0	0	0	0
1302	R	0	0	0	0	0	0	0
1303	L	0	0	0	0	0	0	0
1304	V	0	0	0	0	0	0	0
1305	E	0	0	0	0	0	0	0
1306	L	0	0	0	0	0	0	0
1307	L	0	0	0	0	0	0	0
1308	V	0	0	0	0	0	0	0
1309	F	0	0	0	0	0	0	0
1310	Y	0	0	0	0	0	0	0
1311	G	0	0	0	0	0	0	0
1312	P	0	0	0	0	0	0	0
1313	P	0	0	0	0	0	0	0
1314	F	0	0	0	0	0	0	0
1315	P	0	0	0	0	0	0	0
1316	L	0	0	0	0	0	0	0
1317	R	0	0	0	0	0	0	0
1318	D	0	0	0	0	0	0	0
1319	Q	0	0	0	0	0	0	0
1320	A	0	0	0	0	0	0	0
1321	G	0	0	0	0	0	0	0
1322	N	0	0	0	0	0	0	0
1323	E	0	0	0	0	0	0	0
1324	L	0	0	0	0	0	0	0
1325	V	0	0	0	0	0	0	0
1326	C	0	0	0	0	0	0	0
1327	P	0	0	0	0	0	0	0
1328	D	0	0	0	0	0	0	0
1329	T	0	0	0	0	0	0	0
1330	P	0	0	0	0	0	0	0
1331	E	0	0	0	0	0	0	0
1332	G	0	0	0	0	0	0	0
1333	G	0	0	0	0	0	0	0
1334	C	0	0	0	0	0	0	0
1335	L	0	0	0	0	0	0	0
1336	L	0	0	0	0	0	0	0
1337	W	0	0	0	0	0	0	0
1338	S	0	0	0	0	0	0	0
1339	P	0	0	0	0	0	0	0
1340	G	0	0	0	0	0	0	0
1341	P	0	0	0	0	0	0	0
1342	S	0	0	0	0	0	0	0
1343	S	0	0	0	0	0	0	0
1344	S	0	0	0	0	0	0	0
1345	S	0	0	0	0	0	0	0
1346	E	0	0	0	0	0	0	0
1347	F	0	0	0	0	0	0	0
1348	S	0	0	0	0	0	0	0
1349	H	0	0	0	0	0	0	0
1350	E	0	0	0	0	0	0	0
1351	T	0	0	0	0	0	0	0
1352	D	0	0	0	0	0	0	0
1353	S	0	0	0	0	0	0	0
1354	S	Phosphoserine	FSHETDSSVEGSSSA	CCCCCCCCCCCCCHH	0	0	0	0
1355	V	0	0	0	0	0	0	0
1356	E	0	0	0	0	0	0	0
1357	G	0	0	0	0	0	0	0
1358	S	0	0	0	0	0	0	0
1359	S	0	0	0	0	0	0	0
1360	S	0	0	0	0	0	0	0
1361	A	0	0	0	0	0	0	0
1362	S	0	0	0	0	0	0	0
1363	N	0	0	0	0	0	0	0
1364	R	0	0	0	0	0	0	0
1365	V	0	0	0	0	0	0	0
1366	A	0	0	0	0	0	0	0
1367	Q	0	0	0	0	0	0	0
1368	K	0	0	0	0	0	0	0
1369	L	0	0	0	0	0	0	0
1370	I	0	0	0	0	0	0	0
1371	S	0	0	0	0	0	0	0
1372	V	0	0	0	0	0	0	0
1373	I	0	0	0	0	0	0	0
1374	L	0	0	0	0	0	0	0
1375	Q	0	0	0	0	0	0	0
1376	A	0	0	0	0	0	0	0
1377	H	0	0	0	0	0	0	0
1378	E	0	0	0	0	0	0	0
1379	G	0	0	0	0	0	0	0
1380	V	0	0	0	0	0	0	0
1381	P	0	0	0	0	0	0	0
1382	S	0	0	0	0	0	0	0
1383	G	0	0	0	0	0	0	0
1384	H	0	0	0	0	0	0	0
1385	L	0	0	0	0	0	0	0
1386	Y	0	0	0	0	0	0	0
1387	C	0	0	0	0	0	0	0
1388	I	0	0	0	0	0	0	0
1389	S	0	0	0	0	0	0	0
1390	P	0	0	0	0	0	0	0
1391	K	0	0	0	0	0	0	0
1392	Q	0	0	0	0	0	0	0
1393	V	0	0	0	0	0	0	0
1394	V	0	0	0	0	0	0	0
1395	V	0	0	0	0	0	0	0
1396	P	0	0	0	0	0	0	0
1397	A	0	0	0	0	0	0	0
1398	G	0	0	0	0	0	0	0
1399	G	0	0	0	0	0	0	0
1400	S	0	0	0	0	0	0	0
1401	S	0	0	0	0	0	0	0
1402	T	0	0	0	0	0	0	0
1403	I	0	0	0	0	0	0	0
1404	Y	0	0	0	0	0	0	0
1405	I	0	0	0	0	0	0	0
1406	S	0	0	0	0	0	0	0
1407	F	0	0	0	0	0	0	0
1408	T	0	0	0	0	0	0	0
1409	P	0	0	0	0	0	0	0
1410	M	0	0	0	0	0	0	0
1411	V	0	0	0	0	0	0	0
1412	L	0	0	0	0	0	0	0
1413	S	0	0	0	0	0	0	0
1414	P	0	0	0	0	0	0	0
1415	E	0	0	0	0	0	0	0
1416	I	0	0	0	0	0	0	0
1417	L	0	0	0	0	0	0	0
1418	H	0	0	0	0	0	0	0
1419	K	0	0	0	0	0	0	0
1420	V	0	0	0	0	0	0	0
1421	E	0	0	0	0	0	0	0
1422	C	0	0	0	0	0	0	0
1423	T	0	0	0	0	0	0	0
1424	G	0	0	0	0	0	0	0
1425	Y	0	0	0	0	0	0	0
1426	A	0	0	0	0	0	0	0
1427	L	0	0	0	0	0	0	0
1428	G	0	0	0	0	0	0	0
1429	F	0	0	0	0	0	0	0
1430	M	0	0	0	0	0	0	0
1431	S	0	0	0	0	0	0	0
1432	L	0	0	0	0	0	0	0
1433	D	0	0	0	0	0	0	0
1434	S	0	0	0	0	0	0	0
1435	K	0	0	0	0	0	0	0
1436	V	0	0	0	0	0	0	0
1437	E	0	0	0	0	0	0	0
1438	R	0	0	0	0	0	0	0
1439	E	0	0	0	0	0	0	0
1440	I	0	0	0	0	0	0	0
1441	P	0	0	0	0	0	0	0
1442	G	0	0	0	0	0	0	0
1443	K	0	0	0	0	0	0	0
1444	R	0	0	0	0	0	0	0
1445	H	0	0	0	0	0	0	0
1446	R	0	0	0	0	0	0	0
1447	L	0	0	0	0	0	0	0
1448	Q	0	0	0	0	0	0	0
1449	D	0	0	0	0	0	0	0
1450	F	0	0	0	0	0	0	0
1451	A	0	0	0	0	0	0	0
1452	V	0	0	0	0	0	0	0
1453	G	0	0	0	0	0	0	0
1454	P	0	0	0	0	0	0	0
1455	L	0	0	0	0	0	0	0
1456	K	0	0	0	0	0	0	0
1457	L	0	0	0	0	0	0	0
1458	D	0	0	0	0	0	0	0
1459	L	0	0	0	0	0	0	0
1460	H	0	0	0	0	0	0	0
1461	S	0	0	0	0	0	0	0
1462	Y	0	0	0	0	0	0	0
1463	V	0	0	0	0	0	0	0
1464	R	0	0	0	0	0	0	0
1465	P	0	0	0	0	0	0	0
1466	A	0	0	0	0	0	0	0
1467	Q	0	0	0	0	0	0	0
1468	L	0	0	0	0	0	0	0
1469	S	0	0	0	0	0	0	0
1470	V	0	0	0	0	0	0	0
1471	E	0	0	0	0	0	0	0
1472	L	0	0	0	0	0	0	0
1473	D	0	0	0	0	0	0	0
1474	Y	0	0	0	0	0	0	0
1475	G	0	0	0	0	0	0	0
1476	G	0	0	0	0	0	0	0
1477	S	0	0	0	0	0	0	0
1478	M	0	0	0	0	0	0	0
1479	E	0	0	0	0	0	0	0
1480	F	0	0	0	0	0	0	0
1481	Q	0	0	0	0	0	0	0
1482	C	0	0	0	0	0	0	0
1483	Q	0	0	0	0	0	0	0
1484	A	0	0	0	0	0	0	0
1485	S	0	0	0	0	0	0	0
1486	D	0	0	0	0	0	0	0
1487	L	0	0	0	0	0	0	0
1488	I	0	0	0	0	0	0	0
1489	P	0	0	0	0	0	0	0
1490	E	0	0	0	0	0	0	0
1491	Q	0	0	0	0	0	0	0
1492	P	0	0	0	0	0	0	0
1493	C	0	0	0	0	0	0	0
1494	S	0	0	0	0	0	0	0
1495	G	0	0	0	0	0	0	0
1496	V	0	0	0	0	0	0	0
1497	L	0	0	0	0	0	0	0
1498	S	0	0	0	0	0	0	0
1499	E	0	0	0	0	0	0	0
1500	L	0	0	0	0	0	0	0
1501	V	0	0	0	0	0	0	0
1502	T	0	0	0	0	0	0	0
1503	T	0	0	0	0	0	0	0
1504	H	0	0	0	0	0	0	0
1505	H	0	0	0	0	0	0	0
1506	L	0	0	0	0	0	0	0
1507	K	0	0	0	0	0	0	0
1508	L	0	0	0	0	0	0	0
1509	T	0	0	0	0	0	0	0
1510	N	0	0	0	0	0	0	0
1511	T	0	0	0	0	0	0	0
1512	T	0	0	0	0	0	0	0
1513	E	0	0	0	0	0	0	0
1514	I	0	0	0	0	0	0	0
1515	P	0	0	0	0	0	0	0
1516	H	0	0	0	0	0	0	0
1517	Y	0	0	0	0	0	0	0
1518	F	0	0	0	0	0	0	0
1519	R	0	0	0	0	0	0	0
1520	L	0	0	0	0	0	0	0
1521	M	0	0	0	0	0	0	0
1522	V	0	0	0	0	0	0	0
1523	S	0	0	0	0	0	0	0
1524	R	0	0	0	0	0	0	0
1525	P	0	0	0	0	0	0	0
1526	F	0	0	0	0	0	0	0
1527	S	0	0	0	0	0	0	0
1528	V	0	0	0	0	0	0	0
1529	S	0	0	0	0	0	0	0
1530	Q	0	0	0	0	0	0	0
1531	D	0	0	0	0	0	0	0
1532	G	0	0	0	0	0	0	0
1533	A	0	0	0	0	0	0	0
1534	S	0	0	0	0	0	0	0
1535	Q	0	0	0	0	0	0	0
1536	D	0	0	0	0	0	0	0
1537	H	0	0	0	0	0	0	0
1538	R	0	0	0	0	0	0	0
1539	A	0	0	0	0	0	0	0
1540	P	0	0	0	0	0	0	0
1541	G	0	0	0	0	0	0	0
1542	P	0	0	0	0	0	0	0
1543	G	0	0	0	0	0	0	0
1544	Q	0	0	0	0	0	0	0
1545	K	0	0	0	0	0	0	0
1546	Q	0	0	0	0	0	0	0
1547	E	0	0	0	0	0	0	0
1548	C	0	0	0	0	0	0	0
1549	E	0	0	0	0	0	0	0
1550	E	0	0	0	0	0	0	0
1551	E	0	0	0	0	0	0	0
1552	T	0	0	0	0	0	0	0
1553	A	0	0	0	0	0	0	0
1554	S	0	0	0	0	0	0	0
1555	A	0	0	0	0	0	0	0
1556	D	0	0	0	0	0	0	0
1557	K	0	0	0	0	0	0	0
1558	Q	0	0	0	0	0	0	0
1559	L	0	0	0	0	0	0	0
1560	V	0	0	0	0	0	0	0
1561	L	0	0	0	0	0	0	0
1562	Q	0	0	0	0	0	0	0
1563	A	0	0	0	0	0	0	0
1564	Q	0	0	0	0	0	0	0
1565	E	0	0	0	0	0	0	0
1566	N	0	0	0	0	0	0	0
1567	M	0	0	0	0	0	0	0
1568	L	0	0	0	0	0	0	0
1569	V	0	0	0	0	0	0	0
1570	N	0	0	0	0	0	0	0
1571	V	0	0	0	0	0	0	0
1572	S	0	0	0	0	0	0	0
1573	F	0	0	0	0	0	0	0
1574	S	0	0	0	0	0	0	0
1575	L	0	0	0	0	0	0	0
1576	S	0	0	0	0	0	0	0
1577	L	0	0	0	0	0	0	0
1578	E	0	0	0	0	0	0	0
1579	L	0	0	0	0	0	0	0
1580	L	0	0	0	0	0	0	0
1581	S	0	0	0	0	0	0	0
1582	Y	0	0	0	0	0	0	0
1583	Q	0	0	0	0	0	0	0
1584	K	0	0	0	0	0	0	0
1585	L	0	0	0	0	0	0	0
1586	P	0	0	0	0	0	0	0
1587	A	0	0	0	0	0	0	0
1588	D	0	0	0	0	0	0	0
1589	Q	0	0	0	0	0	0	0
1590	T	0	0	0	0	0	0	0
1591	L	0	0	0	0	0	0	0
1592	P	0	0	0	0	0	0	0
1593	G	0	0	0	0	0	0	0
1594	V	0	0	0	0	0	0	0
1595	D	0	0	0	0	0	0	0
1596	I	0	0	0	0	0	0	0
1597	Q	0	0	0	0	0	0	0
1598	Q	0	0	0	0	0	0	0
1599	S	0	0	0	0	0	0	0
1600	A	0	0	0	0	0	0	0
1601	S	0	0	0	0	0	0	0
1602	G	0	0	0	0	0	0	0
1603	E	0	0	0	0	0	0	0
1604	R	0	0	0	0	0	0	0
1605	E	0	0	0	0	0	0	0
1606	M	0	0	0	0	0	0	0
1607	V	0	0	0	0	0	0	0
1608	F	0	0	0	0	0	0	0
1609	T	0	0	0	0	0	0	0
1610	Q	0	0	0	0	0	0	0
1611	N	0	0	0	0	0	0	0
1612	L	0	0	0	0	0	0	0
1613	L	0	0	0	0	0	0	0
1614	L	0	0	0	0	0	0	0
1615	E	0	0	0	0	0	0	0
1616	Y	0	0	0	0	0	0	0
1617	T	0	0	0	0	0	0	0
1618	N	0	0	0	0	0	0	0
1619	Q	0	0	0	0	0	0	0
1620	T	0	0	0	0	0	0	0
1621	T	0	0	0	0	0	0	0
1622	Q	0	0	0	0	0	0	0
1623	V	0	0	0	0	0	0	0
1624	V	0	0	0	0	0	0	0
1625	P	0	0	0	0	0	0	0
1626	L	0	0	0	0	0	0	0
1627	R	0	0	0	0	0	0	0
1628	A	0	0	0	0	0	0	0
1629	V	0	0	0	0	0	0	0
1630	V	0	0	0	0	0	0	0
1631	A	0	0	0	0	0	0	0
1632	V	0	0	0	0	0	0	0
1633	P	0	0	0	0	0	0	0
1634	E	0	0	0	0	0	0	0
1635	L	0	0	0	0	0	0	0
1636	Q	0	0	0	0	0	0	0
1637	L	0	0	0	0	0	0	0
1638	S	0	0	0	0	0	0	0
1639	T	0	0	0	0	0	0	0
1640	S	0	0	0	0	0	0	0
1641	W	0	0	0	0	0	0	0
1642	V	0	0	0	0	0	0	0
1643	D	0	0	0	0	0	0	0
1644	F	0	0	0	0	0	0	0
1645	G	0	0	0	0	0	0	0
1646	T	0	0	0	0	0	0	0
1647	C	0	0	0	0	0	0	0
1648	F	0	0	0	0	0	0	0
1649	V	0	0	0	0	0	0	0
1650	S	0	0	0	0	0	0	0
1651	Q	0	0	0	0	0	0	0
1652	Q	0	0	0	0	0	0	0
1653	R	0	0	0	0	0	0	0
1654	V	0	0	0	0	0	0	0
1655	R	0	0	0	0	0	0	0
1656	E	0	0	0	0	0	0	0
1657	V	0	0	0	0	0	0	0
1658	Y	0	0	0	0	0	0	0
1659	L	0	0	0	0	0	0	0
1660	M	0	0	0	0	0	0	0
1661	N	0	0	0	0	0	0	0
1662	L	0	0	0	0	0	0	0
1663	S	0	0	0	0	0	0	0
1664	G	0	0	0	0	0	0	0
1665	C	0	0	0	0	0	0	0
1666	R	0	0	0	0	0	0	0
1667	S	0	0	0	0	0	0	0
1668	Y	0	0	0	0	0	0	0
1669	W	0	0	0	0	0	0	0
1670	T	0	0	0	0	0	0	0
1671	M	0	0	0	0	0	0	0
1672	L	0	0	0	0	0	0	0
1673	M	0	0	0	0	0	0	0
1674	G	0	0	0	0	0	0	0
1675	Q	0	0	0	0	0	0	0
1676	Q	0	0	0	0	0	0	0
1677	E	0	0	0	0	0	0	0
1678	P	0	0	0	0	0	0	0
1679	A	0	0	0	0	0	0	0
1680	K	0	0	0	0	0	0	0
1681	A	0	0	0	0	0	0	0
1682	A	0	0	0	0	0	0	0
1683	V	0	0	0	0	0	0	0
1684	A	0	0	0	0	0	0	0
1685	F	0	0	0	0	0	0	0
1686	R	0	0	0	0	0	0	0
1687	V	0	0	0	0	0	0	0
1688	S	0	0	0	0	0	0	0
1689	P	0	0	0	0	0	0	0
1690	N	0	0	0	0	0	0	0
1691	S	0	0	0	0	0	0	0
1692	G	0	0	0	0	0	0	0
1693	L	0	0	0	0	0	0	0
1694	L	0	0	0	0	0	0	0
1695	E	0	0	0	0	0	0	0
1696	A	0	0	0	0	0	0	0
1697	R	0	0	0	0	0	0	0
1698	S	0	0	0	0	0	0	0
1699	A	0	0	0	0	0	0	0
1700	N	0	0	0	0	0	0	0
1701	A	0	0	0	0	0	0	0
1702	P	0	0	0	0	0	0	0
1703	P	0	0	0	0	0	0	0
1704	T	0	0	0	0	0	0	0
1705	S	0	0	0	0	0	0	0
1706	I	0	0	0	0	0	0	0
1707	A	0	0	0	0	0	0	0
1708	L	0	0	0	0	0	0	0
1709	Q	0	0	0	0	0	0	0
1710	V	0	0	0	0	0	0	0
1711	F	0	0	0	0	0	0	0
1712	F	0	0	0	0	0	0	0
1713	T	0	0	0	0	0	0	0
1714	A	0	0	0	0	0	0	0
1715	R	0	0	0	0	0	0	0
1716	S	0	0	0	0	0	0	0
1717	S	0	0	0	0	0	0	0
1718	E	0	0	0	0	0	0	0
1719	L	0	0	0	0	0	0	0
1720	Y	0	0	0	0	0	0	0
1721	E	0	0	0	0	0	0	0
1722	S	0	0	0	0	0	0	0
1723	T	0	0	0	0	0	0	0
1724	M	0	0	0	0	0	0	0
1725	V	0	0	0	0	0	0	0
1726	V	0	0	0	0	0	0	0
1727	E	0	0	0	0	0	0	0
1728	G	0	0	0	0	0	0	0
1729	V	0	0	0	0	0	0	0
1730	L	0	0	0	0	0	0	0
1731	G	0	0	0	0	0	0	0
1732	E	0	0	0	0	0	0	0
1733	K	0	0	0	0	0	0	0
1734	S	0	0	0	0	0	0	0
1735	C	0	0	0	0	0	0	0
1736	T	0	0	0	0	0	0	0
1737	L	0	0	0	0	0	0	0
1738	R	0	0	0	0	0	0	0
1739	L	0	0	0	0	0	0	0
1740	R	0	0	0	0	0	0	0
1741	G	0	0	0	0	0	0	0
1742	Q	0	0	0	0	0	0	0
1743	G	0	0	0	0	0	0	0
1744	S	0	0	0	0	0	0	0
1745	Y	0	0	0	0	0	0	0
1746	D	0	0	0	0	0	0	0
1747	E	0	0	0	0	0	0	0
1748	R	0	0	0	0	0	0	0
1749	Y	0	0	0	0	0	0	0
1750	M	0	0	0	0	0	0	0
1751	L	0	0	0	0	0	0	0
1752	P	0	0	0	0	0	0	0
1753	H	0	0	0	0	0	0	0
1754	Q	0	0	0	0	0	0	0
1755	P	0	0	0	0	0	0	0
