location	residue	Modification	seq	secStruc	RelatedDisease	VariantPosition	ResidueChange	DaPSbySAP
1	M	0	0	0	0	0	0	0
2	S	0	0	0	0	0	0	0
3	W	0	0	0	0	0	0	0
4	K	0	0	0	0	0	0	0
5	K	0	0	0	0	0	0	0
6	A	0	0	0	0	0	0	0
7	L	0	0	0	0	0	0	0
8	R	0	0	0	0	0	0	0
9	I	0	0	0	0	0	0	0
10	P	0	0	0	0	0	0	0
11	G	0	0	0	0	0	0	0
12	G	0	0	0	0	0	0	0
13	L	0	0	0	0	0	0	0
14	R	0	0	0	0	0	0	0
15	A	0	0	0	0	0	0	0
16	A	0	0	0	0	0	0	0
17	T	0	0	0	0	0	0	0
18	V	0	0	0	0	0	0	0
19	T	Phosphothreonine	GLRAATVTLMLAMLS	HHHHHHHHHHHHHHC	0	0	0	0
20	L	0	0	0	0	0	0	0
21	M	0	0	0	0	0	0	0
22	L	0	0	0	0	0	0	0
23	A	0	0	0	0	0	0	0
24	M	0	0	0	0	0	0	0
25	L	0	0	0	0	0	0	0
26	S	0	0	0	0	0	0	0
27	T	0	0	0	0	0	0	0
28	P	0	0	0	0	0	0	0
29	V	0	0	0	0	0	0	0
30	A	0	0	0	0	0	0	0
31	E	0	0	0	0	0	0	0
32	G	0	0	0	0	0	0	0
33	R	0	0	0	0	0	0	0
34	D	0	0	0	0	0	0	0
35	S	0	0	0	0	0	0	0
36	P	0	0	0	0	0	0	0
37	E	0	0	0	0	0	0	0
38	D	0	0	0	0	0	0	0
39	F	0	0	0	0	0	0	0
40	V	0	0	0	0	0	0	0
41	Y	0	0	0	0	0	0	0
42	Q	0	0	0	0	0	0	0
43	F	0	0	0	0	0	0	0
44	K	0	0	0	0	0	0	0
45	A	0	0	0	0	0	0	0
46	M	0	0	0	0	0	0	0
47	C	0	0	0	0	0	0	0
48	Y	0	0	0	0	0	0	0
49	F	0	0	0	0	0	0	0
50	T	0	0	0	0	0	0	0
51	N	0	0	0	0	0	0	0
52	G	0	0	0	0	0	0	0
53	T	0	0	0	0	0	0	0
54	E	0	0	0	0	0	0	0
55	R	0	0	0	0	0	0	0
56	V	0	0	0	0	0	0	0
57	R	0	0	0	0	0	0	0
58	Y	0	0	0	0	0	0	0
59	V	0	0	0	0	0	0	0
60	T	0	0	0	0	0	0	0
61	R	0	0	0	0	0	0	0
62	Y	0	0	0	0	0	0	0
63	I	0	0	0	0	0	0	0
64	Y	0	0	0	0	0	0	0
65	N	0	0	0	0	0	0	0
66	R	0	0	0	0	0	0	0
67	E	0	0	0	0	0	0	0
68	E	0	0	0	0	0	0	0
69	Y	0	0	0	0	0	0	0
70	A	0	0	0	0	0	0	0
71	R	0	0	0	0	0	0	0
72	F	0	0	0	0	0	0	0
73	D	0	0	0	0	0	0	0
74	S	Phosphoserine	EEYARFDSDVEVYRA	HHHHCCCCCCCEEEE	0	0	0	0
75	D	0	0	0	0	0	0	0
76	V	0	0	0	0	0	0	0
77	E	0	0	0	0	0	0	0
78	V	0	0	0	0	0	0	0
79	Y	0	0	0	0	0	0	0
80	R	0	0	0	0	0	0	0
81	A	0	0	0	0	0	0	0
82	V	0	0	0	0	0	0	0
83	T	0	0	0	0	0	0	0
84	P	0	0	0	0	0	0	0
85	L	0	0	0	0	0	0	0
86	G	0	0	0	0	0	0	0
87	P	0	0	0	0	0	0	0
88	P	0	0	0	0	0	0	0
89	D	0	0	0	0	0	0	0
90	A	0	0	0	0	0	0	0
91	E	0	0	0	0	0	0	0
92	Y	0	0	0	0	0	0	0
93	W	0	0	0	0	0	0	0
94	N	0	0	0	0	0	0	0
95	S	0	0	0	0	0	0	0
96	Q	0	0	0	0	0	0	0
97	K	Ubiquitinlysine	AEYWNSQKEVLERTR	HHHHHHHHHHHHHHH	Autism spectrum disorder or schizophrenia:schizophrenia, autism spectrum disorder	99 (2)	0	0
98	E	0	0	0	0	0	0	0
99	V	0	0	0	0	0	L;V;I	97
100	L	0	0	0	0	0	0	0
101	E	0	0	0	0	0	0	0
102	R	0	0	0	0	0	0	0
103	T	0	0	0	0	0	0	0
104	R	0	0	0	0	0	0	0
105	A	0	0	0	0	0	0	0
106	E	0	0	0	0	0	0	0
107	L	0	0	0	0	0	0	0
108	D	0	0	0	0	0	0	0
109	T	0	0	0	0	0	0	0
110	V	0	0	0	0	0	0	0
111	C	0	0	0	0	0	0	0
112	R	0	0	0	0	0	0	0
113	H	0	0	0	0	0	0	0
114	N	0	0	0	0	0	0	0
115	Y	0	0	0	0	0	0	0
116	Q	0	0	0	0	0	0	0
117	L	0	0	0	0	0	0	0
118	E	0	0	0	0	0	0	0
119	L	0	0	0	0	0	0	0
120	R	0	0	0	0	0	0	0
121	T	0	0	0	0	0	0	0
122	T	0	0	0	0	0	0	0
123	L	0	0	0	0	0	0	0
124	Q	0	0	0	0	0	0	0
125	R	0	0	0	0	0	0	0
126	R	0	0	0	0	0	0	0
127	V	0	0	0	0	0	0	0
128	E	0	0	0	0	0	0	0
129	P	0	0	0	0	0	0	0
130	T	0	0	0	0	0	0	0
131	V	0	0	0	0	0	0	0
132	T	0	0	0	0	0	0	0
133	I	0	0	0	0	0	0	0
134	S	0	0	0	0	0	0	0
135	P	0	0	0	0	0	0	0
136	S	0	0	0	0	0	0	0
137	R	0	0	0	0	0	0	0
138	T	0	0	0	0	0	0	0
139	E	0	0	0	0	0	0	0
140	A	0	0	0	0	0	0	0
141	L	0	0	0	0	0	0	0
142	N	0	0	0	0	0	0	0
143	H	0	0	0	0	0	0	0
144	H	0	0	0	0	0	0	0
145	N	0	0	0	0	0	0	0
146	L	0	0	0	0	0	0	0
147	L	0	0	0	0	0	0	0
148	V	0	0	0	0	0	0	0
149	C	0	0	0	0	0	0	0
150	S	0	0	0	0	0	0	0
151	V	0	0	0	0	0	0	0
152	T	0	0	0	0	0	0	0
153	D	0	0	0	0	0	0	0
154	F	0	0	0	0	0	0	0
155	Y	0	0	0	0	0	0	0
156	P	0	0	0	0	0	0	0
157	A	0	0	0	0	0	0	0
158	Q	0	0	0	0	0	0	0
159	I	0	0	0	0	0	0	0
160	K	Ubiquitinlysine	DFYPAQIKVRWFRND	CEECEEEEEEEEECC	0	0	0	0
161	V	0	0	0	0	0	0	0
162	R	0	0	0	0	0	0	0
163	W	0	0	0	0	0	0	0
164	F	0	0	0	0	0	0	0
165	R	0	0	0	0	0	0	0
166	N	0	0	0	0	0	0	0
167	D	0	0	0	0	0	0	0
168	Q	0	0	0	0	0	0	0
169	E	0	0	0	0	0	0	0
170	E	0	0	0	0	0	0	0
171	T	0	0	0	0	0	0	0
172	T	0	0	0	0	0	0	0
173	G	0	0	0	0	0	0	0
174	V	0	0	0	0	0	0	0
175	V	0	0	0	0	0	0	0
176	S	0	0	0	0	0	0	0
177	T	0	0	0	0	0	0	0
178	P	0	0	0	0	0	0	0
179	L	0	0	0	0	0	0	0
180	I	0	0	0	0	0	0	0
181	R	0	0	0	0	0	0	0
182	N	0	0	0	0	0	0	0
183	G	0	0	0	0	0	0	0
184	D	0	0	0	0	0	0	0
185	W	0	0	0	0	0	0	0
186	T	0	0	0	0	0	0	0
187	F	0	0	0	0	0	0	0
188	Q	0	0	0	0	0	0	0
189	I	0	0	0	0	0	0	0
190	L	0	0	0	0	0	0	0
191	V	0	0	0	0	0	0	0
192	M	0	0	0	0	0	0	0
193	L	0	0	0	0	0	0	0
194	E	0	0	0	0	0	0	0
195	M	0	0	0	0	0	0	0
196	T	0	0	0	0	0	0	0
197	P	0	0	0	0	0	0	0
198	Q	0	0	0	0	0	0	0
199	H	0	0	0	0	0	0	0
200	G	0	0	0	0	0	0	0
201	D	0	0	0	0	0	0	0
202	V	0	0	0	0	0	0	0
203	Y	0	0	0	0	0	0	0
204	T	0	0	0	0	0	0	0
205	C	0	0	0	0	0	0	0
206	H	0	0	0	0	0	0	0
207	V	0	0	0	0	0	0	0
208	E	0	0	0	0	0	0	0
209	H	0	0	0	0	0	0	0
210	P	0	0	0	0	0	0	0
211	S	0	0	0	0	0	0	0
212	L	0	0	0	0	0	0	0
213	Q	0	0	0	0	0	0	0
214	N	0	0	0	0	0	0	0
215	P	0	0	0	0	0	0	0
216	I	0	0	0	0	0	0	0
217	T	0	0	0	0	0	0	0
218	V	0	0	0	0	0	0	0
219	E	0	0	0	0	0	0	0
220	W	0	0	0	0	0	0	0
221	R	0	0	0	0	0	0	0
222	A	0	0	0	0	0	0	0
223	Q	0	0	0	0	0	0	0
224	S	0	0	0	0	0	0	0
225	E	0	0	0	0	0	0	0
226	S	0	0	0	0	0	0	0
227	A	0	0	0	0	0	0	0
228	Q	0	0	0	0	0	0	0
229	S	0	0	0	0	0	0	0
230	K	0	0	0	0	0	0	0
231	M	0	0	0	0	0	0	0
232	L	0	0	0	0	0	0	0
233	S	0	0	0	0	0	0	0
234	G	0	0	0	0	0	0	0
235	I	0	0	0	0	0	0	0
236	G	0	0	0	0	0	0	0
237	G	0	0	0	0	0	0	0
238	F	0	0	0	0	0	0	0
239	V	0	0	0	0	0	0	0
240	L	0	0	0	0	0	0	0
241	G	0	0	0	0	0	0	0
242	L	0	0	0	0	0	0	0
243	I	0	0	0	0	0	0	0
244	F	0	0	0	0	0	0	0
245	L	0	0	0	0	0	0	0
246	G	0	0	0	0	0	0	0
247	L	0	0	0	0	0	0	0
248	G	0	0	0	0	0	0	0
249	L	0	0	0	0	0	0	0
250	I	0	0	0	0	0	0	0
251	I	0	0	0	0	0	0	0
252	H	0	0	0	0	0	0	0
253	H	0	0	0	0	0	0	0
254	R	0	0	0	0	0	0	0
255	S	Phosphoserine	GLIIHHRSQKGLLH-	HHHHCHHHHCCCCC-	0	0	0	0
256	Q	0	0	0	0	0	0	0
257	K	Ubiquitinlysine	IIHHRSQKGLLH---	HHCHHHHCCCCC---	0	0	0	0
258	G	0	0	0	0	0	0	0
259	L	0	0	0	0	0	0	0
260	L	0	0	0	0	0	0	0
261	H	0	0	0	0	0	0	0
