location	residue	Modification	seq	secStruc	RelatedDisease	VariantPosition	ResidueChange	DaPSbySAP
1	M	0	0	0	0	0	0	0
2	A	0	0	0	0	0	0	0
3	I	0	0	0	0	0	0	0
4	S	0	0	0	0	0	0	0
5	G	0	0	0	0	0	0	0
6	V	0	0	0	0	0	0	0
7	P	0	0	0	0	0	0	0
8	V	0	0	0	0	0	0	0
9	L	0	0	0	0	0	0	0
10	G	0	0	0	0	0	0	0
11	F	0	0	0	0	0	0	0
12	F	0	0	0	0	0	0	0
13	I	0	0	0	0	0	0	0
14	I	0	0	0	0	0	0	0
15	A	0	0	0	0	0	0	0
16	V	0	0	0	0	0	0	0
17	L	0	0	0	0	0	0	0
18	M	0	0	0	0	0	0	0
19	S	0	0	0	0	0	0	0
20	A	0	0	0	0	0	0	0
21	Q	0	0	0	0	0	0	0
22	E	0	0	0	0	0	0	0
23	S	0	0	0	0	0	0	0
24	W	0	0	0	0	0	0	0
25	A	0	0	0	0	0	0	0
26	I	0	0	0	0	0	0	0
27	K	0	0	0	0	0	0	0
28	E	0	0	0	0	0	0	0
29	E	0	0	0	0	0	0	0
30	H	0	0	0	0	0	0	0
31	V	0	0	0	0	0	0	0
32	I	0	0	0	0	0	0	0
33	I	0	0	0	0	0	0	0
34	Q	0	0	0	0	0	0	0
35	A	0	0	0	0	0	0	0
36	E	0	0	0	0	0	0	0
37	F	0	0	0	0	0	0	0
38	Y	0	0	0	0	0	0	0
39	L	0	0	0	0	0	0	0
40	N	0	0	0	0	0	0	0
41	P	0	0	0	0	0	0	0
42	D	0	0	0	0	0	0	0
43	Q	0	0	0	0	0	0	0
44	S	0	0	0	0	0	0	0
45	G	0	0	0	0	0	0	0
46	E	0	0	0	0	0	0	0
47	F	0	0	0	0	0	0	0
48	M	0	0	0	0	0	0	0
49	F	0	0	0	0	0	0	0
50	D	0	0	0	0	0	0	0
51	F	0	0	0	0	0	0	0
52	D	0	0	0	0	0	0	0
53	G	0	0	0	0	0	0	0
54	D	0	0	0	0	0	0	0
55	E	0	0	0	0	0	0	0
56	I	0	0	0	0	0	0	0
57	F	0	0	0	0	0	0	0
58	H	0	0	0	0	0	0	0
59	V	0	0	0	0	0	0	0
60	D	0	0	0	0	0	0	0
61	M	0	0	0	0	0	0	0
62	A	0	0	0	0	0	0	0
63	K	0	0	0	0	0	0	0
64	K	0	0	0	0	0	0	0
65	E	0	0	0	0	0	0	0
66	T	0	0	0	0	0	0	0
67	V	0	0	0	0	0	0	0
68	W	0	0	0	0	0	0	0
69	R	0	0	0	0	0	0	0
70	L	0	0	0	0	0	0	0
71	E	0	0	0	0	0	0	0
72	E	0	0	0	0	0	0	0
73	F	0	0	0	0	0	0	0
74	G	0	0	0	0	0	0	0
75	R	0	0	0	0	0	0	0
76	F	0	0	0	0	0	0	0
77	A	0	0	0	0	0	0	0
78	S	0	0	0	0	0	0	0
79	F	0	0	0	0	0	0	0
80	E	0	0	0	0	0	0	0
81	A	0	0	0	0	0	0	0
82	Q	0	0	0	0	0	0	0
83	G	0	0	0	0	0	0	0
84	A	0	0	0	0	0	0	0
85	L	0	0	0	0	0	0	0
86	A	0	0	0	0	0	0	0
87	N	0	0	0	0	0	0	0
88	I	0	0	0	0	0	0	0
89	A	0	0	0	0	0	0	0
90	V	0	0	0	0	0	0	0
91	D	0	0	0	0	0	0	0
92	K	Ubiquitinlysine	LANIAVDKANLEIMT	HHHHEEEHHHHEEEE	0	0	0	0
93	A	0	0	0	0	0	0	0
94	N	0	0	0	0	0	0	0
95	L	0	0	0	0	0	0	0
96	E	0	0	0	0	0	0	0
97	I	0	0	0	0	0	0	0
98	M	0	0	0	0	0	0	0
99	T	0	0	0	0	0	0	0
100	K	Ubiquitinlysine	ANLEIMTKRSNYTPI	HHHEEEECCCCCCCC	0	0	0	0
101	R	0	0	0	0	0	0	0
102	S	0	0	0	0	0	0	0
103	N	N-linked (GlcNAc)	EIMTKRSNYTPITNV	EEEECCCCCCCCCCC	0	0	0	0
104	Y	0	0	0	0	0	0	0
105	T	0	0	0	0	0	0	0
106	P	0	0	0	0	0	0	0
107	I	0	0	0	0	0	0	0
108	T	0	0	0	0	0	0	0
109	N	0	0	0	0	0	0	0
110	V	0	0	0	0	0	0	0
111	P	0	0	0	0	0	0	0
112	P	0	0	0	0	0	0	0
113	E	0	0	0	0	0	0	0
114	V	0	0	0	0	0	0	0
115	T	0	0	0	0	0	0	0
116	V	0	0	0	0	0	0	0
117	L	0	0	0	0	0	0	0
118	T	0	0	0	0	0	0	0
119	N	0	0	0	0	0	0	0
120	S	0	0	0	0	0	0	0
121	P	0	0	0	0	0	0	0
122	V	0	0	0	0	0	0	0
123	E	0	0	0	0	0	0	0
124	L	0	0	0	0	0	0	0
125	R	0	0	0	0	0	0	0
126	E	0	0	0	0	0	0	0
127	P	0	0	0	0	0	0	0
128	N	0	0	0	0	0	0	0
129	V	0	0	0	0	0	0	0
130	L	0	0	0	0	0	0	0
131	I	0	0	0	0	0	0	0
132	C	0	0	0	0	0	0	0
133	F	0	0	0	0	0	0	0
134	I	0	0	0	0	0	0	0
135	D	0	0	0	0	0	0	0
136	K	0	0	0	0	0	0	0
137	F	0	0	0	0	0	0	0
138	T	0	0	0	0	0	0	0
139	P	0	0	0	0	0	0	0
140	P	0	0	0	0	0	0	0
141	V	0	0	0	0	0	0	0
142	V	0	0	0	0	0	0	0
143	N	N-linked (GlcNAc)	KFTPPVVNVTWLRNG	CCCCCEEEEEEEECC	0	0	0	0
144	V	0	0	0	0	0	0	0
145	T	0	0	0	0	0	0	0
146	W	0	0	0	0	0	0	0
147	L	0	0	0	0	0	0	0
148	R	0	0	0	0	0	0	0
149	N	0	0	0	0	0	0	0
150	G	0	0	0	0	0	0	0
151	K	Ubiquitinlysine	VTWLRNGKPVTTGVS	EEEEECCEECCCCCE	0	0	0	0
152	P	0	0	0	0	0	0	0
153	V	0	0	0	0	0	0	0
154	T	0	0	0	0	0	0	0
155	T	0	0	0	0	0	0	0
156	G	0	0	0	0	0	0	0
157	V	0	0	0	0	0	0	0
158	S	0	0	0	0	0	0	0
159	E	0	0	0	0	0	0	0
160	T	0	0	0	0	0	0	0
161	V	0	0	0	0	0	0	0
162	F	0	0	0	0	0	0	0
163	L	0	0	0	0	0	0	0
164	P	0	0	0	0	0	0	0
165	R	0	0	0	0	0	0	0
166	E	0	0	0	0	0	0	0
167	D	0	0	0	0	0	0	0
168	H	0	0	0	0	0	0	0
169	L	0	0	0	0	0	0	0
170	F	0	0	0	0	0	0	0
171	R	0	0	0	0	0	0	0
172	K	Ubiquitinlysine	REDHLFRKFHYLPFL	CCCCHHHCCCCCCCC	0	0	0	0
173	F	0	0	0	0	0	0	0
174	H	0	0	0	0	0	0	0
175	Y	0	0	0	0	0	0	0
176	L	0	0	0	0	0	0	0
177	P	0	0	0	0	0	0	0
178	F	0	0	0	0	0	0	0
179	L	0	0	0	0	0	0	0
180	P	0	0	0	0	0	0	0
181	S	0	0	0	0	0	0	0
182	T	0	0	0	0	0	0	0
183	E	0	0	0	0	0	0	0
184	D	0	0	0	0	0	0	0
185	V	0	0	0	0	0	0	0
186	Y	0	0	0	0	0	0	0
187	D	0	0	0	0	0	0	0
188	C	0	0	0	0	0	0	0
189	R	0	0	0	0	0	0	0
190	V	0	0	0	0	0	0	0
191	E	0	0	0	0	0	0	0
192	H	0	0	0	0	0	0	0
193	W	0	0	0	0	0	0	0
194	G	0	0	0	0	0	0	0
195	L	0	0	0	0	0	0	0
196	D	0	0	0	0	0	0	0
197	E	0	0	0	0	0	0	0
198	P	0	0	0	0	0	0	0
199	L	0	0	0	0	0	0	0
200	L	0	0	0	0	0	0	0
201	K	0	0	0	0	0	0	0
202	H	0	0	0	0	0	0	0
203	W	0	0	0	0	0	0	0
204	E	0	0	0	0	0	0	0
205	F	0	0	0	0	0	0	0
206	D	0	0	0	0	0	0	0
207	A	0	0	0	0	0	0	0
208	P	0	0	0	0	0	0	0
209	S	0	0	0	0	0	0	0
210	P	0	0	0	0	0	0	0
211	L	0	0	0	0	0	0	0
212	P	0	0	0	0	0	0	0
213	E	0	0	0	0	0	0	0
214	T	0	0	0	0	0	0	0
215	T	0	0	0	0	0	0	0
216	E	0	0	0	0	0	0	0
217	N	0	0	0	0	0	0	0
218	V	0	0	0	0	0	0	0
219	V	0	0	0	0	0	0	0
220	C	0	0	0	0	0	0	0
221	A	0	0	0	0	0	0	0
222	L	0	0	0	0	0	0	0
223	G	0	0	0	0	0	0	0
224	L	0	0	0	0	0	0	0
225	T	0	0	0	0	0	0	0
226	V	0	0	0	0	0	0	0
227	G	0	0	0	0	0	0	0
228	L	0	0	0	0	0	0	0
229	V	0	0	0	0	0	0	0
230	G	0	0	0	0	0	0	0
231	I	0	0	0	0	0	0	0
232	I	0	0	0	0	0	0	0
233	I	0	0	0	0	0	0	0
234	G	0	0	0	0	0	0	0
235	T	0	0	0	0	0	0	0
236	I	0	0	0	0	0	0	0
237	F	0	0	0	0	0	0	0
238	I	0	0	0	0	0	0	0
239	I	0	0	0	0	0	0	0
240	K	0	0	0	0	0	0	0
241	G	0	0	0	0	0	0	0
242	V	0	0	0	0	0	V	244
243	R	0	0	0	0	0	0	0
244	K	Ubiquitinlysine	FIIKGVRKSNAAERR	HHHHCHHHCCHHHHC	Non-obstructive azoospermia:azoospermia	242 (2)	0	0
245	S	0	0	0	0	0	0	0
246	N	0	0	0	0	0	0	0
247	A	0	0	0	0	0	0	0
248	A	0	0	0	0	0	0	0
249	E	0	0	0	0	0	0	0
250	R	0	0	0	0	0	0	0
251	R	0	0	0	0	0	0	0
252	G	0	0	0	0	0	0	0
253	P	0	0	0	0	0	0	0
254	L	0	0	0	0	0	0	0
