location	residue	Modification	seq	secStruc	RelatedDisease	VariantPosition	ResidueChange	DaPSbySAP
1	M	0	0	0	0	0	0	0
2	P	0	0	0	0	0	0	0
3	S	0	0	0	0	0	0	0
4	P	0	0	0	0	0	0	0
5	Q	0	0	0	0	0	0	0
6	T	0	0	0	0	0	0	0
7	D	0	0	0	0	0	0	0
8	T	0	0	0	0	0	0	0
9	P	0	0	0	0	0	0	0
10	G	0	0	0	0	0	0	0
11	P	0	0	0	0	0	0	0
12	E	0	0	0	0	0	0	0
13	L	0	0	0	0	0	0	0
14	Q	0	0	0	0	0	0	0
15	S	0	0	0	0	0	0	0
16	P	0	0	0	0	0	0	0
17	K	0	0	0	0	0	0	0
18	E	0	0	0	0	0	0	0
19	A	0	0	0	0	0	0	0
20	E	0	0	0	0	0	0	0
21	E	0	0	0	0	0	0	0
22	P	0	0	0	0	0	0	0
23	Q	0	0	0	0	0	0	0
24	T	Phosphothreonine	KEAEEPQTPAQGSRR	HHCCCCCCCCCCCCC	0	0	0	0
25	P	0	0	0	0	0	0	0
26	A	0	0	0	0	0	0	0
27	Q	0	0	0	0	0	0	0
28	G	0	0	0	0	0	0	0
29	S	Phosphoserine	PQTPAQGSRRTSSRK	CCCCCCCCCCCCCCC	0	0	0	0
30	R	0	0	0	0	0	0	0
31	R	0	0	0	0	0	0	0
32	T	Phosphothreonine	PAQGSRRTSSRKEPN	CCCCCCCCCCCCCCC	0	0	0	0
33	S	Phosphoserine	AQGSRRTSSRKEPNA	CCCCCCCCCCCCCCC	0	0	0	0
34	S	Phosphoserine	QGSRRTSSRKEPNAH	CCCCCCCCCCCCCCC	0	0	0	0
35	R	0	0	0	0	0	0	0
36	K	0	0	0	0	0	0	0
37	E	0	0	0	0	0	0	0
38	P	0	0	0	0	0	0	0
39	N	0	0	0	0	0	0	0
40	A	0	0	0	0	0	0	0
41	H	0	0	0	0	0	0	0
42	R	0	0	0	0	0	0	0
43	K	0	0	0	0	0	0	0
44	D	0	0	0	0	0	0	0
45	G	0	0	0	0	0	0	0
46	T	0	0	0	0	0	0	0
47	R	0	0	0	0	0	0	0
48	L	0	0	0	0	0	0	0
49	G	0	0	0	0	0	0	0
50	L	0	0	0	0	0	0	0
51	G	0	0	0	0	0	0	0
52	S	Phosphoserine	GTRLGLGSLRQAFSR	CCCCCHHHHHHHHHH	0	0	0	0
53	L	0	0	0	0	0	0	0
54	R	0	0	0	0	0	0	0
55	Q	0	0	0	0	0	0	0
56	A	0	0	0	0	0	0	0
57	F	0	0	0	0	0	0	0
58	S	0	0	0	0	0	0	0
59	R	0	0	0	0	0	0	0
60	A	0	0	0	0	0	0	0
61	S	0	0	0	0	0	0	0
62	Q	0	0	0	0	0	0	0
63	R	0	0	0	0	0	0	0
64	A	0	0	0	0	0	0	0
65	L	0	0	0	0	0	0	0
66	T	0	0	0	0	0	0	0
67	Q	0	0	0	0	0	0	0
68	V	0	0	0	0	0	0	0
69	S	0	0	0	0	0	0	0
70	K	0	0	0	0	0	0	0
71	E	0	0	0	0	0	0	0
72	D	0	0	0	0	0	0	0
73	T	0	0	0	0	0	0	0
74	G	0	0	0	0	0	0	0
75	L	0	0	0	0	0	0	0
76	F	0	0	0	0	0	0	0
77	R	0	0	0	0	0	W	82
78	R	0	0	0	0	0	0	0
79	S	0	0	0	0	0	0	0
80	S	0	0	0	0	0	0	0
81	C	0	0	0	0	0	0	0
82	S	Phosphoserine	LFRRSSCSLFRSFRQ	CCCHHHHHHHHHHHH	Platelet count:platelet count	77 (5)	0	0
83	L	0	0	0	0	0	0	0
84	F	0	0	0	0	0	0	0
85	R	0	0	0	0	0	0	0
86	S	0	0	0	0	0	0	0
87	F	0	0	0	0	0	0	0
88	R	0	0	0	0	0	0	0
89	Q	0	0	0	0	0	0	0
90	A	0	0	0	0	0	0	0
91	L	0	0	0	0	0	0	0
92	N	0	0	0	0	0	0	0
93	D	0	0	0	0	0	0	0
94	G	0	0	0	0	0	0	0
95	P	0	0	0	0	0	0	0
96	A	0	0	0	0	0	0	0
97	T	0	0	0	0	0	0	0
98	G	0	0	0	0	0	0	0
99	H	0	0	0	0	0	0	0
100	S	0	0	0	0	0	0	0
101	Q	0	0	0	0	0	0	0
102	A	0	0	0	0	0	0	0
103	T	0	0	0	0	0	0	0
104	P	0	0	0	0	0	0	0
105	E	0	0	0	0	0	0	0
106	V	0	0	0	0	0	0	0
107	P	0	0	0	0	0	0	0
108	S	0	0	0	0	0	0	0
109	G	0	0	0	0	0	0	0
110	V	0	0	0	0	0	0	0
111	M	0	0	0	0	0	0	0
112	N	0	0	0	0	0	0	0
113	G	0	0	0	0	0	0	0
114	V	0	0	0	0	0	0	0
115	S	0	0	0	0	0	0	0
116	Q	0	0	0	0	0	0	0
117	Q	0	0	0	0	0	0	0
118	A	0	0	0	0	0	0	0
119	S	0	0	0	0	0	0	0
120	T	0	0	0	0	0	0	0
121	G	0	0	0	0	0	0	0
122	A	0	0	0	0	0	0	0
123	A	0	0	0	0	0	0	0
124	S	0	0	0	0	0	0	0
125	E	0	0	0	0	0	0	0
126	E	0	0	0	0	0	0	0
127	L	0	0	0	0	0	0	0
128	K	0	0	0	0	0	0	0
129	P	0	0	0	0	0	0	0
130	E	0	0	0	0	0	0	0
131	A	0	0	0	0	0	0	0
132	E	0	0	0	0	0	0	0
133	G	0	0	0	0	0	0	0
134	K	0	0	0	0	0	0	0
135	S	0	0	0	0	0	0	0
136	V	0	0	0	0	0	0	0
137	A	0	0	0	0	0	0	0
138	D	0	0	0	0	0	0	0
139	L	0	0	0	0	0	0	0
140	I	0	0	0	0	0	0	0
141	T	0	0	0	0	0	0	0
142	E	0	0	0	0	0	0	0
143	R	0	0	0	0	0	0	0
144	Q	0	0	0	0	0	0	0
145	L	0	0	0	0	0	0	0
146	L	0	0	0	0	0	0	0
147	A	0	0	0	0	0	0	0
148	A	0	0	0	0	0	0	0
149	F	0	0	0	0	0	0	0
150	E	0	0	0	0	0	0	0
151	Q	0	0	0	0	0	0	0
152	L	0	0	0	0	0	0	0
153	L	0	0	0	0	0	0	0
154	R	0	0	0	0	0	0	0
155	L	0	0	0	0	0	0	0
156	E	0	0	0	0	0	0	0
157	T	0	0	0	0	0	0	0
158	L	0	0	0	0	0	0	0
159	L	0	0	0	0	0	0	0
160	V	0	0	0	0	0	0	0
161	A	0	0	0	0	0	0	0
162	E	0	0	0	0	0	0	0
163	K	0	0	0	0	0	0	0
164	A	0	0	0	0	0	0	0
165	S	0	0	0	0	0	0	0
166	R	0	0	0	0	0	0	0
167	T	0	0	0	0	0	0	0
168	F	0	0	0	0	0	0	0
169	E	0	0	0	0	0	0	0
170	Q	0	0	0	0	0	0	0
171	D	0	0	0	0	0	0	0
172	P	0	0	0	0	0	0	0
173	T	0	0	0	0	0	0	0
174	A	0	0	0	0	0	0	0
175	F	0	0	0	0	0	0	0
176	A	0	0	0	0	0	0	0
177	R	0	0	0	0	0	0	0
178	R	0	0	0	0	0	0	0
179	A	0	0	0	0	0	0	0
180	M	0	0	0	0	0	0	0
181	D	0	0	0	0	0	0	0
182	V	0	0	0	0	0	0	0
183	C	0	0	0	0	0	0	0
184	L	0	0	0	0	0	0	0
185	L	0	0	0	0	0	0	0
186	Y	0	0	0	0	0	0	0
187	D	0	0	0	0	0	0	0
188	G	0	0	0	0	0	0	0
189	L	0	0	0	0	0	0	0
190	A	0	0	0	0	0	0	0
191	A	0	0	0	0	0	0	0
192	E	0	0	0	0	0	0	0
193	I	0	0	0	0	0	0	0
194	G	0	0	0	0	0	0	0
195	A	0	0	0	0	0	0	0
196	I	0	0	0	0	0	0	0
197	V	0	0	0	0	0	0	0
198	R	0	0	0	0	0	0	0
199	E	0	0	0	0	0	0	0
200	T	0	0	0	0	0	0	0
201	L	0	0	0	0	0	0	0
202	D	0	0	0	0	0	0	0
203	S	0	0	0	0	0	0	0
204	D	0	0	0	0	0	0	0
205	G	0	0	0	0	0	0	0
206	V	0	0	0	0	0	0	0
207	D	0	0	0	0	0	0	0
208	A	0	0	0	0	0	0	0
209	A	0	0	0	0	0	0	0
210	A	0	0	0	0	0	0	0
211	L	0	0	0	0	0	0	0
212	A	0	0	0	0	0	0	0
213	E	0	0	0	0	0	0	0
214	L	0	0	0	0	0	0	0
215	A	0	0	0	0	0	0	0
216	R	0	0	0	0	0	0	0
217	V	0	0	0	0	0	0	0
218	V	0	0	0	0	0	0	0
219	S	0	0	0	0	0	0	0
220	A	0	0	0	0	0	0	0
221	E	0	0	0	0	0	0	0
222	E	0	0	0	0	0	0	0
223	E	0	0	0	0	0	0	0
224	A	0	0	0	0	0	0	0
225	H	0	0	0	0	0	0	0
226	P	0	0	0	0	0	0	0
227	S	Phosphoserine	AEEEAHPSPPDDGDF	HHHHCCCCCCCCCCC	0	0	0	0
228	P	0	0	0	0	0	0	0
229	P	0	0	0	0	0	0	0
230	D	0	0	0	0	0	0	0
231	D	0	0	0	0	0	0	0
232	G	0	0	0	0	0	0	0
233	D	0	0	0	0	0	0	0
234	F	0	0	0	0	0	0	0
235	L	0	0	0	0	0	0	0
236	R	0	0	0	0	0	0	0
237	T	0	0	0	0	0	0	0
238	P	0	0	0	0	0	0	0
239	R	0	0	0	0	0	0	0
240	R	0	0	0	0	0	0	0
241	W	0	0	0	0	0	0	0
242	R	0	0	0	0	0	0	0
243	Q	0	0	0	0	0	0	0
244	H	0	0	0	0	0	0	0
245	W	0	0	0	0	0	0	0
246	E	0	0	0	0	0	0	0
247	E	0	0	0	0	0	0	0
248	A	0	0	0	0	0	0	0
249	V	0	0	0	0	0	0	0
250	R	0	0	0	0	0	0	0
251	R	0	0	0	0	0	0	0
252	S	0	0	0	0	0	0	0
253	A	0	0	0	0	0	0	0
254	Q	0	0	0	0	0	0	0
255	E	0	0	0	0	0	0	0
256	R	0	0	0	0	0	0	0
257	V	0	0	0	0	0	0	0
258	R	0	0	0	0	0	0	0
259	R	0	0	0	0	0	0	0
260	P	0	0	0	0	0	0	0
261	G	0	0	0	0	0	0	0
262	A	0	0	0	0	0	0	0
263	G	0	0	0	0	0	0	0
264	W	0	0	0	0	0	0	0
265	A	0	0	0	0	0	0	0
266	F	0	0	0	0	0	0	0
267	G	0	0	0	0	0	0	0
268	E	0	0	0	0	0	0	0
269	A	0	0	0	0	0	0	0
270	E	0	0	0	0	0	0	0
271	G	0	0	0	0	0	0	0
272	A	0	0	0	0	0	0	0
273	S	0	0	0	0	0	0	0
274	G	0	0	0	0	0	0	0
275	L	0	0	0	0	0	0	0
276	A	0	0	0	0	0	0	0
277	Q	0	0	0	0	0	0	0
278	L	0	0	0	0	0	0	0
279	L	0	0	0	0	0	0	0
280	A	0	0	0	0	0	0	0
281	E	0	0	0	0	0	0	0
282	L	0	0	0	0	0	0	0
283	G	0	0	0	0	0	0	0
284	G	0	0	0	0	0	0	0
285	L	0	0	0	0	0	0	0
286	V	0	0	0	0	0	0	0
287	R	0	0	0	0	0	0	0
288	R	0	0	0	0	0	0	0
289	D	0	0	0	0	0	0	0
290	L	0	0	0	0	0	0	0
291	Q	0	0	0	0	0	0	0
292	K	0	0	0	0	0	0	0
293	V	0	0	0	0	0	0	0
294	R	0	0	0	0	0	0	0
295	Q	0	0	0	0	0	0	0
296	E	0	0	0	0	0	0	0
297	V	0	0	0	0	0	0	0
298	Q	0	0	0	0	0	0	0
299	P	0	0	0	0	0	0	0
300	A	0	0	0	0	0	0	0
301	Y	0	0	0	0	0	0	0
302	A	0	0	0	0	0	0	0
303	A	0	0	0	0	0	0	0
304	A	0	0	0	0	0	0	0
305	G	0	0	0	0	0	0	0
306	F	0	0	0	0	0	0	0
307	P	0	0	0	0	0	0	0
308	A	0	0	0	0	0	0	0
309	W	0	0	0	0	0	0	0
310	E	0	0	0	0	0	0	0
311	V	0	0	0	0	0	0	0
312	Y	0	0	0	0	0	0	0
313	L	0	0	0	0	0	0	0
314	R	0	0	0	0	0	0	0
315	A	0	0	0	0	0	0	0
316	F	0	0	0	0	0	0	0
317	H	0	0	0	0	0	0	0
318	S	0	0	0	0	0	0	0
319	A	0	0	0	0	0	0	0
320	V	0	0	0	0	0	0	0
321	A	0	0	0	0	0	0	0
322	Q	0	0	0	0	0	0	0
323	R	0	0	0	0	0	0	0
324	L	0	0	0	0	0	0	0
325	Q	0	0	0	0	0	0	0
326	E	0	0	0	0	0	0	0
327	L	0	0	0	0	0	0	0
328	A	0	0	0	0	0	0	0
329	R	0	0	0	0	0	0	0
330	D	0	0	0	0	0	0	0
331	A	0	0	0	0	0	0	0
332	R	0	0	0	0	0	0	0
333	G	0	0	0	0	0	0	0
334	C	0	0	0	0	0	0	0
335	E	0	0	0	0	0	0	0
336	Q	0	0	0	0	0	0	0
337	L	0	0	0	0	0	0	0
338	Y	0	0	0	0	0	0	0
339	I	0	0	0	0	0	0	0
340	L	0	0	0	0	0	0	0
341	L	0	0	0	0	0	0	0
342	D	0	0	0	0	0	0	0
343	W	0	0	0	0	0	0	0
344	A	0	0	0	0	0	0	0
345	A	0	0	0	0	0	0	0
346	N	0	0	0	0	0	0	0
347	V	0	0	0	0	0	0	0
348	Y	0	0	0	0	0	0	0
349	G	0	0	0	0	0	0	0
350	S	0	0	0	0	0	0	0
351	P	0	0	0	0	0	0	0
352	D	0	0	0	0	0	0	0
353	F	0	0	0	0	0	0	0
354	L	0	0	0	0	0	0	0
355	G	0	0	0	0	0	0	0
356	A	0	0	0	0	0	0	0
357	P	0	0	0	0	0	0	0
358	G	0	0	0	0	0	0	0
359	L	0	0	0	0	0	0	0
360	A	0	0	0	0	0	0	0
361	L	0	0	0	0	0	0	0
362	P	0	0	0	0	0	0	0
363	A	0	0	0	0	0	0	0
364	E	0	0	0	0	0	0	0
365	P	0	0	0	0	0	0	0
366	L	0	0	0	0	0	0	0
367	P	0	0	0	0	0	0	0
368	P	0	0	0	0	0	0	0
369	L	0	0	0	0	0	0	0
370	L	0	0	0	0	0	0	0
371	A	0	0	0	0	0	0	0
372	P	0	0	0	0	0	0	0
373	D	0	0	0	0	0	0	0
374	V	0	0	0	0	0	0	0
375	W	0	0	0	0	0	0	0
376	A	0	0	0	0	0	0	0
377	R	0	0	0	0	0	0	0
378	L	0	0	0	0	0	0	0
379	E	0	0	0	0	0	0	0
380	S	0	0	0	0	0	0	0
381	D	0	0	0	0	0	0	0
382	Y	0	0	0	0	0	0	0
383	T	0	0	0	0	0	0	0
384	S	0	0	0	0	0	0	0
385	F	0	0	0	0	0	0	0
386	L	0	0	0	0	0	0	0
387	E	0	0	0	0	0	0	0
388	A	0	0	0	0	0	0	0
389	K	0	0	0	0	0	0	0
390	I	0	0	0	0	0	0	0
391	A	0	0	0	0	0	0	0
392	S	0	0	0	0	0	0	0
393	C	0	0	0	0	0	0	0
394	F	0	0	0	0	0	0	0
395	D	0	0	0	0	0	0	0
396	S	0	0	0	0	0	0	0
397	I	0	0	0	0	0	0	0
398	L	0	0	0	0	0	0	0
399	Q	0	0	0	0	0	0	0
400	L	0	0	0	0	0	0	0
401	E	0	0	0	0	0	0	0
402	Q	0	0	0	0	0	0	0
403	S	0	0	0	0	0	0	0
404	H	0	0	0	0	0	0	0
405	W	0	0	0	0	0	0	0
406	A	0	0	0	0	0	0	0
407	A	0	0	0	0	0	0	0
408	A	0	0	0	0	0	0	0
409	E	0	0	0	0	0	0	0
410	V	0	0	0	0	0	0	0
411	P	0	0	0	0	0	0	0
412	E	0	0	0	0	0	0	0
413	V	0	0	0	0	0	0	0
414	L	0	0	0	0	0	0	0
415	Q	0	0	0	0	0	0	0
416	G	0	0	0	0	0	0	0
417	L	0	0	0	0	0	0	0
418	Y	0	0	0	0	0	0	0
419	Q	0	0	0	0	0	0	0
420	A	0	0	0	0	0	0	0
421	P	0	0	0	0	0	0	0
422	L	0	0	0	0	0	0	0
423	S	0	0	0	0	0	0	0
424	M	0	0	0	0	0	0	0
425	D	0	0	0	0	0	0	0
426	V	0	0	0	0	0	0	0
427	H	0	0	0	0	0	0	0
428	M	0	0	0	0	0	0	0
429	L	0	0	0	0	0	0	0
430	V	0	0	0	0	0	0	0
431	A	0	0	0	0	0	0	0
432	E	0	0	0	0	0	0	0
433	H	0	0	0	0	0	0	0
434	V	0	0	0	0	0	0	0
435	K	0	0	0	0	0	0	0
436	A	0	0	0	0	0	0	0
437	A	0	0	0	0	0	0	0
438	G	0	0	0	0	0	0	0
439	A	0	0	0	0	0	0	0
440	I	0	0	0	0	0	0	0
441	S	0	0	0	0	0	0	0
442	A	0	0	0	0	0	0	0
443	E	0	0	0	0	0	0	0
444	L	0	0	0	0	0	0	0
445	E	0	0	0	0	0	0	0
446	A	0	0	0	0	0	0	0
447	T	0	0	0	0	0	0	0
448	T	0	0	0	0	0	0	0
449	L	0	0	0	0	0	0	0
450	R	0	0	0	0	0	0	0
451	I	0	0	0	0	0	0	0
452	C	0	0	0	0	0	0	0
453	T	0	0	0	0	0	0	0
454	R	0	0	0	0	0	0	0
455	A	0	0	0	0	0	0	0
456	L	0	0	0	0	0	0	0
457	G	0	0	0	0	0	0	0
458	L	0	0	0	0	0	0	0
459	F	0	0	0	0	0	0	0
460	V	0	0	0	0	0	0	0
461	P	0	0	0	0	0	0	0
462	R	0	0	0	0	0	0	0
463	F	0	0	0	0	0	0	0
464	E	0	0	0	0	0	0	0
465	K	0	0	0	0	0	0	0
466	A	0	0	0	0	0	0	0
467	F	0	0	0	0	0	0	0
468	L	0	0	0	0	0	0	0
469	A	0	0	0	0	0	0	0
470	S	0	0	0	0	0	0	0
471	E	0	0	0	0	0	0	0
472	A	0	0	0	0	0	0	0
473	V	0	0	0	0	0	0	0
474	S	0	0	0	0	0	0	0
475	E	0	0	0	0	0	0	0
476	P	0	0	0	0	0	0	0
477	H	0	0	0	0	0	0	0
478	L	0	0	0	0	0	0	0
479	G	0	0	0	0	0	0	0
480	A	0	0	0	0	0	0	0
481	Y	0	0	0	0	0	0	0
482	I	0	0	0	0	0	0	0
483	N	0	0	0	0	0	0	0
484	A	0	0	0	0	0	0	0
485	C	0	0	0	0	0	0	0
486	E	0	0	0	0	0	0	0
487	E	0	0	0	0	0	0	0
488	L	0	0	0	0	0	0	0
489	R	0	0	0	0	0	0	0
490	T	0	0	0	0	0	0	0
491	S	0	0	0	0	0	0	0
492	L	0	0	0	0	0	0	0
493	L	0	0	0	0	0	0	0
494	S	0	0	0	0	0	0	0
495	R	0	0	0	0	0	0	0
496	F	0	0	0	0	0	0	0
497	P	0	0	0	0	0	0	0
498	G	0	0	0	0	0	0	0
499	T	0	0	0	0	0	0	0
500	Q	0	0	0	0	0	0	0
501	E	0	0	0	0	0	0	0
502	E	0	0	0	0	0	0	0
503	L	0	0	0	0	0	0	0
504	E	0	0	0	0	0	0	0
505	K	0	0	0	0	0	0	0
506	P	0	0	0	0	0	0	0
507	L	0	0	0	0	0	0	0
508	V	0	0	0	0	0	0	0
509	T	0	0	0	0	0	0	0
510	A	0	0	0	0	0	0	0
511	T	0	0	0	0	0	0	0
512	C	0	0	0	0	0	0	0
513	S	Phosphoserine	PLVTATCSFQKHLLQ	CEEEHHHHHHHHHHH	0	0	0	0
514	F	0	0	0	0	0	0	0
515	Q	0	0	0	0	0	0	0
516	K	0	0	0	0	0	0	0
517	H	0	0	0	0	0	0	0
518	L	0	0	0	0	0	0	0
519	L	0	0	0	0	0	0	0
520	Q	0	0	0	0	0	0	0
521	G	0	0	0	0	0	0	0
522	L	0	0	0	0	0	0	0
523	Q	0	0	0	0	0	0	0
524	R	0	0	0	0	0	0	0
525	E	0	0	0	0	0	0	0
526	L	0	0	0	0	0	0	0
527	Q	0	0	0	0	0	0	0
528	P	0	0	0	0	0	0	0
529	L	0	0	0	0	0	0	0
530	F	0	0	0	0	0	0	0
531	R	0	0	0	0	0	0	0
532	V	0	0	0	0	0	0	0
533	V	0	0	0	0	0	0	0
534	C	0	0	0	0	0	0	0
535	T	0	0	0	0	0	0	0
536	R	0	0	0	0	0	0	0
537	D	0	0	0	0	0	0	0
538	W	0	0	0	0	0	0	0
539	L	0	0	0	0	0	0	0
540	T	0	0	0	0	0	0	0
541	Q	0	0	0	0	0	0	0
542	D	0	0	0	0	0	0	0
543	W	0	0	0	0	0	0	0
544	L	0	0	0	0	0	0	0
545	H	0	0	0	0	0	0	0
546	P	0	0	0	0	0	0	0
547	L	0	0	0	0	0	0	0
548	M	0	0	0	0	0	0	0
549	D	0	0	0	0	0	0	0
550	K	0	0	0	0	0	0	0
551	V	0	0	0	0	0	0	0
552	V	0	0	0	0	0	0	0
553	T	0	0	0	0	0	0	0
554	F	0	0	0	0	0	0	0
555	A	0	0	0	0	0	0	0
556	G	0	0	0	0	0	0	0
557	H	0	0	0	0	0	0	0
558	L	0	0	0	0	0	0	0
559	Q	0	0	0	0	0	0	0
560	R	0	0	0	0	0	0	0
561	V	0	0	0	0	0	0	0
562	A	0	0	0	0	0	0	0
563	R	0	0	0	0	0	0	0
564	P	0	0	0	0	0	0	0
565	R	0	0	0	0	0	0	0
566	A	0	0	0	0	0	0	0
567	Q	0	0	0	0	0	0	0
568	E	0	0	0	0	0	0	0
569	T	0	0	0	0	0	0	0
570	L	0	0	0	0	0	0	0
571	Q	0	0	0	0	0	0	0
572	E	0	0	0	0	0	0	0
573	V	0	0	0	0	0	0	0
574	H	0	0	0	0	0	0	0
575	R	0	0	0	0	0	0	0
576	F	0	0	0	0	0	0	0
577	V	0	0	0	0	0	0	0
578	V	0	0	0	0	0	0	0
579	R	0	0	0	0	0	0	0
580	E	0	0	0	0	0	0	0
581	Y	0	0	0	0	0	0	0
582	L	0	0	0	0	0	0	0
583	A	0	0	0	0	0	0	0
584	R	0	0	0	0	0	0	0
585	A	0	0	0	0	0	0	0
586	L	0	0	0	0	0	0	0
587	R	0	0	0	0	0	0	0
588	P	0	0	0	0	0	0	0
589	R	0	0	0	0	0	0	0
590	E	0	0	0	0	0	0	0
591	R	0	0	0	0	0	0	0
592	F	0	0	0	0	0	0	0
593	R	0	0	0	0	0	0	0
594	G	0	0	0	0	0	0	0
595	M	0	0	0	0	0	0	0
596	E	0	0	0	0	0	0	0
597	R	0	0	0	0	0	0	0
598	M	0	0	0	0	0	0	0
599	H	0	0	0	0	0	0	0
600	G	0	0	0	0	0	0	0
601	S	0	0	0	0	0	0	0
602	Q	0	0	0	0	0	0	0
603	K	0	0	0	0	0	0	0
604	M	0	0	0	0	0	0	0
605	S	0	0	0	0	0	0	0
606	L	0	0	0	0	0	0	0
607	D	0	0	0	0	0	0	0
608	A	0	0	0	0	0	0	0
609	Q	0	0	0	0	0	0	0
610	A	0	0	0	0	0	0	0
611	I	0	0	0	0	0	0	0
612	S	0	0	0	0	0	0	0
613	D	0	0	0	0	0	0	0
614	T	0	0	0	0	0	0	0
615	F	0	0	0	0	0	0	0
616	Q	0	0	0	0	0	0	0
617	G	0	0	0	0	0	0	0
618	L	0	0	0	0	0	0	0
619	G	0	0	0	0	0	0	0
620	S	0	0	0	0	0	0	0
621	E	0	0	0	0	0	0	0
622	A	0	0	0	0	0	0	0
623	T	0	0	0	0	0	0	0
624	W	0	0	0	0	0	0	0
625	L	0	0	0	0	0	0	0
626	D	0	0	0	0	0	0	0
627	Q	0	0	0	0	0	0	0
628	A	0	0	0	0	0	0	0
629	I	0	0	0	0	0	0	0
630	Q	0	0	0	0	0	0	0
631	C	0	0	0	0	0	0	0
632	V	0	0	0	0	0	0	0
633	A	0	0	0	0	0	0	0
634	E	0	0	0	0	0	0	0
635	I	0	0	0	0	0	0	0
636	L	0	0	0	0	0	0	0
637	G	0	0	0	0	0	0	0
638	E	0	0	0	0	0	0	0
639	T	0	0	0	0	0	0	0
640	Y	0	0	0	0	0	0	0
641	K	0	0	0	0	0	0	0
642	D	0	0	0	0	0	0	0
643	D	0	0	0	0	0	0	0
644	I	0	0	0	0	0	0	0
645	Q	0	0	0	0	0	0	0
646	R	0	0	0	0	0	0	0
647	H	0	0	0	0	0	0	0
648	L	0	0	0	0	0	0	0
649	E	0	0	0	0	0	0	0
650	T	0	0	0	0	0	0	0
651	L	0	0	0	0	0	0	0
652	I	0	0	0	0	0	0	0
653	R	0	0	0	0	0	0	0
654	S	Phosphoserine	HLETLIRSYPDIRRD	HHHHHHHHCCHHCHH	0	0	0	0
655	Y	Phosphotyrosine	LETLIRSYPDIRRDH	HHHHHHHCCHHCHHH	0	0	0	0
656	P	0	0	0	0	0	0	0
657	D	0	0	0	0	0	0	0
658	I	0	0	0	0	0	0	0
659	R	0	0	0	0	0	0	0
660	R	0	0	0	0	0	0	0
661	D	0	0	0	0	0	0	0
662	H	0	0	0	0	0	0	0
663	I	0	0	0	0	0	0	0
664	L	0	0	0	0	0	0	0
665	A	0	0	0	0	0	0	0
666	I	0	0	0	0	0	0	0
667	L	0	0	0	0	0	0	0
668	A	0	0	0	0	0	0	0
669	L	0	0	0	0	0	0	0
670	R	0	0	0	0	0	0	0
671	R	0	0	0	0	0	0	0
672	L	0	0	0	0	0	0	0
673	G	0	0	0	0	0	0	0
674	R	0	0	0	0	0	0	0
675	Q	0	0	0	0	0	0	0
676	R	0	0	0	0	0	0	0
677	N	0	0	0	0	0	0	0
678	Q	0	0	0	0	0	0	0
679	H	0	0	0	0	0	0	0
680	L	0	0	0	0	0	0	0
681	L	0	0	0	0	0	0	0
682	Q	0	0	0	0	0	0	0
683	H	0	0	0	0	0	0	0
684	T	0	0	0	0	0	0	0
685	Q	0	0	0	0	0	0	0
686	D	0	0	0	0	0	0	0
687	L	0	0	0	0	0	0	0
688	L	0	0	0	0	0	0	0
689	R	0	0	0	0	0	0	0
690	A	0	0	0	0	0	0	0
691	A	0	0	0	0	0	0	0
692	A	0	0	0	0	0	0	0
693	G	0	0	0	0	0	0	0
694	A	0	0	0	0	0	0	0
695	A	0	0	0	0	0	0	0
696	G	0	0	0	0	0	0	0
697	A	0	0	0	0	0	0	0
698	E	0	0	0	0	0	0	0
699	A	0	0	0	0	0	0	0
700	P	0	0	0	0	0	0	0
701	R	0	0	0	0	0	0	0
702	G	0	0	0	0	0	0	0
703	R	0	0	0	0	0	0	0
704	V	0	0	0	0	0	0	0
705	L	0	0	0	0	0	0	0
706	F	0	0	0	0	0	0	0
707	E	0	0	0	0	0	0	0
708	E	0	0	0	0	0	0	0
709	I	0	0	0	0	0	0	0
710	K	0	0	0	0	0	0	0
711	V	0	0	0	0	0	0	0
712	P	0	0	0	0	0	0	0
713	S	0	0	0	0	0	0	0
714	A	0	0	0	0	0	0	0
715	M	0	0	0	0	0	0	0
716	A	0	0	0	0	0	0	0
717	V	0	0	0	0	0	0	0
718	L	0	0	0	0	0	0	0
719	I	0	0	0	0	0	0	0
720	T	0	0	0	0	0	0	0
721	C	0	0	0	0	0	0	0
722	V	0	0	0	0	0	0	0
