location	residue	Modification	seq	secStruc	RelatedDisease	VariantPosition	ResidueChange	DaPSbySAP
1	M	N-acetylmethionine	-------MEEVVIAG	-------CCEEEEEC	0	0	0	0
2	E	0	0	0	0	0	0	0
3	E	0	0	0	0	0	0	0
4	V	0	0	0	0	0	0	0
5	V	0	0	0	0	0	0	0
6	I	0	0	0	0	0	0	0
7	A	0	0	0	0	0	0	0
8	G	0	0	0	0	0	0	0
9	M	0	0	0	0	0	0	0
10	S	0	0	0	0	0	0	0
11	G	0	0	0	0	0	0	0
12	K	0	0	0	0	0	0	0
13	L	0	0	0	0	0	0	0
14	P	0	0	0	0	0	0	0
15	E	0	0	0	0	0	0	0
16	S	0	0	0	0	0	0	0
17	E	0	0	0	0	0	0	0
18	N	0	0	0	0	0	0	0
19	L	0	0	0	0	0	0	0
20	Q	0	0	0	0	0	0	0
21	E	0	0	0	0	0	0	0
22	F	0	0	0	0	0	0	0
23	W	0	0	0	0	0	0	0
24	D	0	0	0	0	0	0	0
25	N	0	0	0	0	0	0	0
26	L	0	0	0	0	0	0	0
27	I	0	0	0	0	0	0	0
28	G	0	0	0	0	0	0	0
29	G	0	0	0	0	0	0	0
30	V	0	0	0	0	0	0	0
31	D	0	0	0	0	0	0	0
32	M	0	0	0	0	0	0	0
33	V	0	0	0	0	0	0	0
34	T	Phosphothreonine	IGGVDMVTDDDRRWK	HCCCCCCCCCCHHHH	0	0	0	0
35	D	0	0	0	0	0	0	0
36	D	0	0	0	0	0	0	0
37	D	0	0	0	0	0	0	0
38	R	0	0	0	0	0	0	0
39	R	0	0	0	0	0	0	0
40	W	0	0	0	0	0	0	0
41	K	Ubiquitinlysine	TDDDRRWKAGLYGLP	CCCCHHHHHHHCCCC	0	0	0	0
42	A	0	0	0	0	0	0	0
43	G	0	0	0	0	0	0	0
44	L	0	0	0	0	0	0	0
45	Y	Phosphotyrosine	RRWKAGLYGLPRRSG	HHHHHHHCCCCCCCC	0	0	0	0
46	G	0	0	0	0	0	0	0
47	L	0	0	0	0	0	0	0
48	P	0	0	0	0	0	0	0
49	R	0	0	0	0	0	0	0
50	R	0	0	0	0	0	0	0
51	S	Phosphoserine	LYGLPRRSGKLKDLS	HCCCCCCCCCCCCHH	0	0	0	0
52	G	0	0	0	0	0	0	0
53	K	0	0	0	0	0	0	0
54	L	0	0	0	0	0	0	0
55	K	0	0	0	0	0	0	0
56	D	0	0	0	0	0	0	0
57	L	0	0	0	0	0	0	0
58	S	0	0	0	0	0	0	0
59	R	0	0	0	0	0	0	0
60	F	0	0	0	0	0	0	0
61	D	0	0	0	0	0	0	0
62	A	0	0	0	0	0	0	0
63	S	Phosphoserine	DLSRFDASFFGVHPK	CHHHCCHHHCCCCHH	0	0	0	0
64	F	0	0	0	0	0	0	0
65	F	0	0	0	0	0	0	0
66	G	0	0	0	0	0	0	0
67	V	0	0	0	0	0	0	0
68	H	0	0	0	0	0	0	0
69	P	0	0	0	0	0	0	0
70	K	N6-malonyllysine	SFFGVHPKQAHTMDP	HHCCCCHHHCCCCCH	0	0	0	0
71	Q	0	0	0	0	0	0	0
72	A	0	0	0	0	0	0	0
73	H	0	0	0	0	0	0	0
74	T	0	0	0	0	0	0	0
75	M	0	0	0	0	0	0	0
76	D	0	0	0	0	0	0	0
77	P	0	0	0	0	0	0	0
78	Q	0	0	0	0	0	0	0
79	L	0	0	0	0	0	0	0
80	R	0	0	0	0	0	0	0
81	L	0	0	0	0	0	0	0
82	L	0	0	0	0	0	0	0
83	L	0	0	0	0	0	0	0
84	E	0	0	0	0	0	0	0
85	V	0	0	0	0	0	0	0
86	T	0	0	0	0	0	0	0
87	Y	0	0	0	0	0	0	0
88	E	0	0	0	0	0	0	0
89	A	0	0	0	0	0	0	0
90	I	0	0	0	0	0	0	0
91	V	0	0	0	0	0	0	0
92	D	0	0	0	0	0	0	0
93	G	0	0	0	0	0	0	0
94	G	0	0	0	0	0	0	0
95	I	0	0	0	0	0	0	0
96	N	0	0	0	0	0	0	0
97	P	0	0	0	0	0	0	0
98	D	0	0	0	0	0	0	0
99	S	0	0	0	0	0	0	0
100	L	0	0	0	0	0	0	0
101	R	0	0	0	0	0	0	0
102	G	0	0	0	0	0	0	0
103	T	0	0	0	0	0	0	0
104	H	0	0	0	0	0	0	0
105	T	0	0	0	0	0	0	0
106	G	0	0	0	0	0	0	0
107	V	0	0	0	0	0	0	0
108	W	0	0	0	0	0	0	0
109	V	0	0	0	0	0	0	0
110	G	0	0	0	0	0	0	0
111	V	0	0	0	0	0	0	0
112	S	0	0	0	0	0	0	0
113	G	0	0	0	0	0	0	0
114	S	0	0	0	0	0	0	0
115	E	0	0	0	0	0	0	0
116	T	0	0	0	0	0	0	0
117	S	0	0	0	0	0	0	0
118	E	0	0	0	0	0	0	0
119	A	0	0	0	0	0	0	0
120	L	0	0	0	0	0	0	0
121	S	0	0	0	0	0	0	0
122	R	0	0	0	0	0	0	0
123	D	0	0	0	0	0	0	0
124	P	0	0	0	0	0	0	0
125	E	0	0	0	0	0	0	0
126	T	0	0	0	0	0	0	0
127	L	0	0	0	0	0	0	0
128	V	0	0	0	0	0	0	0
129	G	0	0	0	0	0	0	0
130	Y	0	0	0	0	0	0	0
131	S	0	0	0	0	0	0	0
132	M	0	0	0	0	0	0	0
133	V	0	0	0	0	0	0	0
134	G	0	0	0	0	0	0	0
135	C	0	0	0	0	0	0	0
136	Q	0	0	0	0	0	0	0
137	R	0	0	0	0	0	0	0
138	A	0	0	0	0	0	0	0
139	M	0	0	0	0	0	0	0
140	M	0	0	0	0	0	0	0
141	A	0	0	0	0	0	0	0
142	N	0	0	0	0	0	0	0
143	R	0	0	0	0	0	0	0
144	L	0	0	0	0	0	0	0
145	S	0	0	0	0	0	0	0
146	F	0	0	0	0	0	0	0
147	F	0	0	0	0	0	0	0
148	F	0	0	0	0	0	0	0
149	D	0	0	0	0	0	0	0
150	F	0	0	0	0	0	0	0
151	R	0	0	0	0	0	0	0
152	G	0	0	0	0	0	0	0
153	P	0	0	0	0	0	0	0
154	S	0	0	0	0	0	0	0
155	I	0	0	0	0	0	0	0
156	A	0	0	0	0	0	0	0
157	L	0	0	0	0	0	0	0
158	D	0	0	0	0	0	0	0
159	T	0	0	0	0	0	0	0
160	A	0	0	0	0	0	0	0
161	C	0	0	0	0	0	0	0
162	S	0	0	0	0	0	0	0
163	S	0	0	0	0	0	0	0
164	S	0	0	0	0	0	0	0
165	L	0	0	0	0	0	0	0
166	M	0	0	0	0	0	0	0
167	A	0	0	0	0	0	0	0
168	L	0	0	0	0	0	0	0
169	Q	0	0	0	0	0	0	0
170	N	0	0	0	0	0	0	0
171	A	0	0	0	0	0	0	0
172	Y	0	0	0	0	0	0	0
173	Q	0	0	0	0	0	0	0
174	A	0	0	0	0	0	0	0
175	I	0	0	0	0	0	0	0
176	H	0	0	0	0	0	0	0
177	S	0	0	0	0	0	0	0
178	G	0	0	0	0	0	0	0
179	Q	0	0	0	0	0	0	0
180	C	0	0	0	0	0	0	0
181	P	0	0	0	0	0	0	0
182	A	0	0	0	0	0	0	0
183	A	0	0	0	0	0	0	0
184	I	0	0	0	0	0	0	0
185	V	0	0	0	0	0	0	0
186	G	0	0	0	0	0	0	0
187	G	0	0	0	0	0	0	0
188	I	0	0	0	0	0	0	0
189	N	0	0	0	0	0	0	0
190	V	0	0	0	0	0	0	0
191	L	0	0	0	0	0	0	0
192	L	0	0	0	0	0	0	0
193	K	0	0	0	0	0	0	0
194	P	0	0	0	0	0	0	0
195	N	0	0	0	0	0	0	0
196	T	0	0	0	0	0	0	0
197	S	0	0	0	0	0	0	0
198	V	0	0	0	0	0	0	0
199	Q	0	0	0	0	0	0	0
200	F	0	0	0	0	0	0	0
201	L	0	0	0	0	0	0	0
202	R	0	0	0	0	0	0	0
203	L	0	0	0	0	0	0	0
204	G	0	0	0	0	0	0	0
205	M	0	0	0	0	0	0	0
206	L	0	0	0	0	0	0	0
207	S	Phosphoserine	FLRLGMLSPEGTCKA	HHEECCCCCCCCCCE	0	0	0	0
208	P	0	0	0	0	0	0	0
209	E	0	0	0	0	0	0	0
210	G	0	0	0	0	0	0	0
211	T	0	0	0	0	0	0	0
212	C	S-glutathionyl cysteine	MLSPEGTCKAFDTAG	CCCCCCCCCEECCCC	0	0	0	0
213	K	Ubiquitinlysine	LSPEGTCKAFDTAGN	CCCCCCCCEECCCCC	0	0	0	0
214	A	0	0	0	0	0	0	0
215	F	0	0	0	0	0	0	0
216	D	0	0	0	0	0	0	0
217	T	Phosphothreonine	GTCKAFDTAGNGYCR	CCCCEECCCCCCCCC	0	0	0	0
218	A	0	0	0	0	0	0	0
219	G	0	0	0	0	0	0	0
220	N	0	0	0	0	0	0	0
221	G	0	0	0	0	0	0	0
222	Y	Phosphotyrosine	FDTAGNGYCRSEGVV	ECCCCCCCCCCCCCE	0	0	0	0
223	C	0	0	0	0	0	0	0
224	R	0	0	0	0	0	0	0
225	S	Phosphoserine	AGNGYCRSEGVVAVL	CCCCCCCCCCCEEEE	0	0	0	0
226	E	0	0	0	0	0	0	0
227	G	0	0	0	0	0	0	0
228	V	0	0	0	0	0	0	0
229	V	0	0	0	0	0	0	0
230	A	0	0	0	0	0	0	0
231	V	0	0	0	0	0	0	0
232	L	0	0	0	0	0	0	0
233	L	0	0	0	0	0	0	0
234	T	0	0	0	0	0	0	0
235	K	N6-malonyllysine	VVAVLLTKKSLARRV	CEEEEEECHHHHHHH	0	0	0	0
236	K	0	0	0	0	0	0	0
237	S	0	0	0	0	0	0	0
238	L	0	0	0	0	0	0	0
239	A	0	0	0	0	0	0	0
240	R	0	0	0	0	0	0	0
241	R	0	0	0	0	0	0	0
242	V	0	0	0	0	0	0	0
243	Y	0	0	0	0	0	0	0
244	A	0	0	0	0	0	0	0
245	T	Phosphothreonine	LARRVYATILNAGTN	HHHHHHHHHHCCCCC	0	0	0	0
246	I	0	0	0	0	0	0	0
247	L	0	0	0	0	0	0	0
248	N	0	0	0	0	0	0	0
249	A	0	0	0	0	0	0	0
250	G	0	0	0	0	0	0	0
251	T	Phosphothreonine	ATILNAGTNTDGFKE	HHHHCCCCCCCCCHH	0	0	0	0
252	N	0	0	0	0	0	0	0
253	T	Phosphothreonine	ILNAGTNTDGFKEQG	HHCCCCCCCCCHHCC	0	0	0	0
254	D	0	0	0	0	0	0	0
255	G	0	0	0	0	0	0	0
256	F	0	0	0	0	0	0	0
257	K	Ubiquitinlysine	GTNTDGFKEQGVTFP	CCCCCCCHHCCCCCC	0	0	0	0
258	E	0	0	0	0	0	0	0
259	Q	0	0	0	0	0	0	0
260	G	0	0	0	0	0	0	0
261	V	0	0	0	0	0	0	0
262	T	Phosphothreonine	GFKEQGVTFPSGDIQ	CCHHCCCCCCCCCHH	0	0	0	0
263	F	0	0	0	0	0	0	0
264	P	0	0	0	0	0	0	0
265	S	Phosphoserine	EQGVTFPSGDIQEQL	HCCCCCCCCCHHHHH	0	0	0	0
266	G	0	0	0	0	0	0	0
267	D	0	0	0	0	0	0	0
268	I	0	0	0	0	0	0	0
269	Q	0	0	0	0	0	0	0
270	E	0	0	0	0	0	0	0
271	Q	0	0	0	0	0	0	0
272	L	0	0	0	0	0	0	0
273	I	0	0	0	0	0	0	0
274	R	0	0	0	0	0	0	0
275	S	0	0	0	0	0	0	0
276	L	0	0	0	0	0	0	0
277	Y	Phosphotyrosine	EQLIRSLYQSAGVAP	HHHHHHHHHHCCCCH	0	0	0	0
278	Q	0	0	0	0	0	0	0
279	S	0	0	0	0	0	0	0
280	A	0	0	0	0	0	0	0
281	G	0	0	0	0	0	0	0
282	V	0	0	0	0	0	0	0
283	A	0	0	0	0	0	0	0
284	P	0	0	0	0	0	0	0
285	E	0	0	0	0	0	0	0
286	S	0	0	0	0	0	0	0
287	F	0	0	0	0	0	0	0
288	E	0	0	0	0	0	0	0
289	Y	0	0	0	0	0	0	0
290	I	0	0	0	0	0	0	0
291	E	0	0	0	0	0	0	0
292	A	0	0	0	0	0	0	0
293	H	0	0	0	0	0	0	0
294	G	0	0	0	0	0	0	0
295	T	0	0	0	0	0	0	0
296	G	0	0	0	0	0	0	0
297	T	0	0	0	0	0	0	0
298	K	N6-malonyllysine	EAHGTGTKVGDPQEL	HCCCCCCCCCCHHHH	0	0	0	0
299	V	0	0	0	0	0	0	0
300	G	0	0	0	0	0	0	0
301	D	0	0	0	0	0	0	0
302	P	0	0	0	0	0	0	0
303	Q	0	0	0	0	0	0	0
304	E	0	0	0	0	0	0	0
305	L	0	0	0	0	0	0	0
306	N	0	0	0	0	0	0	0
307	G	0	0	0	0	0	0	0
308	I	0	0	0	0	0	0	0
309	T	0	0	0	0	0	0	0
310	R	0	0	0	0	0	0	0
311	A	0	0	0	0	0	0	0
312	L	0	0	0	0	0	0	0
313	C	0	0	0	0	0	0	0
314	A	0	0	0	0	0	0	0
315	T	0	0	0	0	0	0	0
316	R	0	0	0	0	0	0	0
317	Q	0	0	0	0	0	0	0
318	E	0	0	0	0	0	0	0
319	P	0	0	0	0	0	0	0
320	L	0	0	0	0	0	0	0
321	L	0	0	0	0	0	0	0
322	I	0	0	0	0	0	0	0
323	G	0	0	0	0	0	0	0
324	S	0	0	0	0	0	0	0
325	T	0	0	0	0	0	0	0
326	K	Ubiquitinlysine	PLLIGSTKSNMGHPE	CEEEECCCCCCCCCC	0	0	0	0
327	S	0	0	0	0	0	0	0
328	N	0	0	0	0	0	0	0
329	M	0	0	0	0	0	0	0
330	G	0	0	0	0	0	0	0
331	H	0	0	0	0	0	0	0
332	P	0	0	0	0	0	0	0
333	E	0	0	0	0	0	0	0
334	P	0	0	0	0	0	0	0
335	A	0	0	0	0	0	0	0
336	S	0	0	0	0	0	0	0
337	G	0	0	0	0	0	0	0
338	L	0	0	0	0	0	0	0
339	A	0	0	0	0	0	0	0
340	A	0	0	0	0	0	0	0
341	L	0	0	0	0	0	0	0
342	A	0	0	0	0	0	0	0
343	K	0	0	0	0	0	0	0
344	V	0	0	0	0	0	0	0
345	L	0	0	0	0	0	0	0
346	L	0	0	0	0	0	0	0
347	S	0	0	0	0	0	0	0
348	L	0	0	0	0	0	0	0
349	E	0	0	0	0	0	0	0
350	H	0	0	0	0	0	0	0
351	G	0	0	0	0	0	0	0
352	L	0	0	0	0	0	0	0
353	W	0	0	0	0	0	0	0
354	A	0	0	0	0	0	0	0
355	P	0	0	0	0	0	0	0
356	N	0	0	0	0	0	0	0
357	L	0	0	0	0	0	0	0
358	H	0	0	0	0	0	0	0
359	F	0	0	0	0	0	0	0
360	H	0	0	0	0	0	0	0
361	S	Phosphoserine	APNLHFHSPNPEIPA	CCCCEECCCCCCCCH	0	0	0	0
362	P	0	0	0	0	0	0	0
363	N	0	0	0	0	0	0	0
364	P	0	0	0	0	0	0	0
365	E	0	0	0	0	0	0	0
366	I	0	0	0	0	0	0	0
367	P	0	0	0	0	0	0	0
368	A	0	0	0	0	0	0	0
369	L	0	0	0	0	0	0	0
370	L	0	0	0	0	0	0	0
371	D	0	0	0	0	0	0	0
372	G	0	0	0	0	0	0	0
373	R	0	0	0	0	0	0	0
374	L	0	0	0	0	0	0	0
375	Q	0	0	0	0	0	0	0
376	V	0	0	0	0	0	0	0
377	V	0	0	0	0	0	0	0
378	D	0	0	0	0	0	0	0
379	Q	0	0	0	0	0	0	0
380	P	0	0	0	0	0	0	0
381	L	0	0	0	0	0	0	0
382	P	0	0	0	0	0	0	0
383	V	0	0	0	0	0	0	0
384	R	0	0	0	0	0	0	0
385	G	0	0	0	0	0	0	0
386	G	0	0	0	0	0	0	0
387	N	0	0	0	0	0	0	0
388	V	0	0	0	0	0	0	0
389	G	0	0	0	0	0	0	0
390	I	0	0	0	0	0	0	0
391	N	0	0	0	0	0	0	0
392	S	0	0	0	0	0	0	0
393	F	0	0	0	0	0	0	0
394	G	0	0	0	0	0	0	0
395	F	0	0	0	0	0	0	0
396	G	0	0	0	0	0	0	0
397	G	0	0	0	0	0	0	0
398	S	0	0	0	0	0	0	0
399	N	0	0	0	0	0	0	0
400	V	0	0	0	0	0	0	0
401	H	0	0	0	0	0	0	0
402	I	0	0	0	0	0	0	0
403	I	0	0	0	0	0	0	0
404	L	0	0	0	0	0	0	0
405	R	0	0	0	0	0	0	0
406	P	0	0	0	0	0	0	0
407	N	0	0	0	0	0	0	0
408	T	0	0	0	0	0	0	0
409	Q	0	0	0	0	0	0	0
410	P	0	0	0	0	0	0	0
411	P	0	0	0	0	0	0	0
412	P	0	0	0	0	0	0	0
413	A	0	0	0	0	0	0	0
414	P	0	0	0	0	0	0	0
415	A	0	0	0	0	0	0	0
416	P	0	0	0	0	0	0	0
417	H	0	0	0	0	0	0	0
418	A	0	0	0	0	0	0	0
419	T	0	0	0	0	0	0	0
420	L	0	0	0	0	0	0	0
421	P	0	0	0	0	0	0	0
422	R	0	0	0	0	0	0	0
423	L	0	0	0	0	0	0	0
424	L	0	0	0	0	0	0	0
425	R	0	0	0	0	0	0	0
426	A	0	0	0	0	0	0	0
427	S	0	0	0	0	0	0	0
428	G	0	0	0	0	0	0	0
429	R	0	0	0	0	0	0	0
430	T	0	0	0	0	0	0	0
431	P	0	0	0	0	0	0	0
432	E	0	0	0	0	0	0	0
433	A	0	0	0	0	0	0	0
434	V	0	0	0	0	0	0	0
435	Q	0	0	0	0	0	0	0
436	K	Ubiquitinlysine	RTPEAVQKLLEQGLR	CCHHHHHHHHHHCCC	0	0	0	0
437	L	0	0	0	0	0	0	0
438	L	0	0	0	0	0	0	0
439	E	0	0	0	0	0	0	0
440	Q	0	0	0	0	0	0	0
441	G	0	0	0	0	0	0	0
442	L	0	0	0	0	0	0	0
443	R	0	0	0	0	0	0	0
444	H	0	0	0	0	0	0	0
445	S	0	0	0	0	0	0	0
446	Q	0	0	0	0	0	0	0
447	D	0	0	0	0	0	0	0
448	L	0	0	0	0	0	0	0
449	A	0	0	0	0	0	0	0
450	F	0	0	0	0	0	0	0
451	L	0	0	0	0	0	0	0
452	S	0	0	0	0	0	0	0
453	M	0	0	0	0	0	0	0
454	L	0	0	0	0	0	0	0
455	N	0	0	0	0	0	0	0
456	D	0	0	0	0	0	0	0
457	I	0	0	0	0	0	0	0
458	A	0	0	0	0	0	0	0
459	A	0	0	0	0	0	0	0
460	V	0	0	0	0	0	0	0
461	P	0	0	0	0	0	0	0
462	A	0	0	0	0	0	0	0
463	T	0	0	0	0	0	0	0
464	A	0	0	0	0	0	0	0
465	M	0	0	0	0	0	0	0
466	P	0	0	0	0	0	0	0
467	F	0	0	0	0	0	0	0
468	R	0	0	0	0	0	0	0
469	G	0	0	0	0	0	0	0
470	Y	0	0	0	0	0	0	0
471	A	0	0	0	0	0	0	0
472	V	0	0	0	0	0	0	0
473	L	0	0	0	0	0	0	0
474	G	0	0	0	0	0	0	0
475	G	0	0	0	0	0	0	0
476	E	0	0	0	0	0	0	0
477	R	0	0	0	0	0	0	0
478	G	0	0	0	0	0	0	0
479	G	0	0	0	0	0	0	0
480	P	0	0	0	0	0	0	0
481	E	0	0	0	0	0	0	0
482	V	0	0	0	0	0	0	0
483	Q	0	0	0	0	0	0	0
484	Q	0	0	0	0	0	0	0
485	V	0	0	0	0	0	0	0
486	P	0	0	0	0	0	0	0
487	A	0	0	0	0	0	0	0
488	G	0	0	0	0	0	0	0
489	E	0	0	0	0	0	0	0
490	R	0	0	0	0	0	0	0
491	P	0	0	0	0	0	0	0
492	L	0	0	0	0	0	0	0
493	W	0	0	0	0	0	0	0
494	F	0	0	0	0	0	0	0
495	I	0	0	0	0	0	0	0
496	C	0	0	0	0	0	0	0
497	S	0	0	0	0	0	0	0
498	G	0	0	0	0	0	0	0
499	M	0	0	0	0	0	0	0
500	G	0	0	0	0	0	0	0
501	T	0	0	0	0	0	0	0
502	Q	0	0	0	0	0	0	0
503	W	0	0	0	0	0	0	0
504	R	0	0	0	0	0	0	0
505	G	0	0	0	0	0	0	0
506	M	0	0	0	0	0	0	0
507	G	0	0	0	0	0	0	0
508	L	0	0	0	0	0	0	0
509	S	Phosphoserine	QWRGMGLSLMRLDRF	CCCCCCHHHHHHHHH	0	0	0	0
510	L	0	0	0	0	0	0	0
511	M	0	0	0	0	0	0	0
512	R	0	0	0	0	0	0	0
513	L	0	0	0	0	0	0	0
514	D	0	0	0	0	0	0	0
515	R	0	0	0	0	0	0	0
516	F	0	0	0	0	0	0	0
517	R	0	0	0	0	0	0	0
518	D	0	0	0	0	0	0	0
519	S	0	0	0	0	0	0	0
520	I	0	0	0	0	0	0	0
521	L	0	0	0	0	0	0	0
522	R	0	0	0	0	0	0	0
523	S	0	0	0	0	0	0	0
524	D	0	0	0	0	0	0	0
525	E	0	0	0	0	0	0	0
526	A	0	0	0	0	0	0	0
527	V	0	0	0	0	0	0	0
528	K	Ubiquitinlysine	LRSDEAVKPFGLKVS	HCCCCCCHHHCCCHH	0	0	0	0
529	P	0	0	0	0	0	0	0
530	F	0	0	0	0	0	0	0
531	G	0	0	0	0	0	0	0
532	L	0	0	0	0	0	0	0
533	K	0	0	0	0	0	0	0
534	V	0	0	0	0	0	0	0
535	S	0	0	0	0	0	0	0
536	Q	0	0	0	0	0	0	0
537	L	0	0	0	0	0	0	0
538	L	0	0	0	0	0	0	0
539	L	0	0	0	0	0	0	0
540	S	0	0	0	0	0	0	0
541	T	0	0	0	0	0	0	0
542	D	0	0	0	0	0	0	0
543	E	0	0	0	0	0	0	0
544	S	0	0	0	0	0	0	0
545	T	0	0	0	0	0	0	0
546	F	0	0	0	0	0	0	0
547	D	0	0	0	0	0	0	0
548	D	0	0	0	0	0	0	0
549	I	0	0	0	0	0	0	0
550	V	0	0	0	0	0	0	0
551	H	0	0	0	0	0	0	0
552	S	0	0	0	0	0	0	0
553	F	0	0	0	0	0	0	0
554	V	0	0	0	0	0	0	0
555	S	0	0	0	0	0	0	0
556	L	0	0	0	0	0	0	0
557	T	0	0	0	0	0	0	0
558	A	0	0	0	0	0	0	0
559	I	0	0	0	0	0	0	0
560	Q	0	0	0	0	0	0	0
561	I	0	0	0	0	0	0	0
562	G	0	0	0	0	0	0	0
563	L	0	0	0	0	0	0	0
564	I	0	0	0	0	0	0	0
565	D	0	0	0	0	0	0	0
566	L	0	0	0	0	0	0	0
567	L	0	0	0	0	0	0	0
568	S	0	0	0	0	0	0	0
569	C	0	0	0	0	0	0	0
570	M	0	0	0	0	0	0	0
571	G	0	0	0	0	0	0	0
572	L	0	0	0	0	0	0	0
573	R	0	0	0	0	0	0	0
574	P	0	0	0	0	0	0	0
575	D	0	0	0	0	0	0	0
576	G	0	0	0	0	0	0	0
577	I	0	0	0	0	0	0	0
578	V	0	0	0	0	0	0	0
579	G	0	0	0	0	0	0	0
580	H	0	0	0	0	0	0	0
581	S	0	0	0	0	0	0	0
582	L	0	0	0	0	0	0	0
583	G	0	0	0	0	0	0	0
584	E	0	0	0	0	0	0	0
585	V	0	0	0	0	0	0	0
586	A	0	0	0	0	0	0	0
587	C	0	0	0	0	0	0	0
588	G	0	0	0	0	0	0	0
589	Y	0	0	0	0	0	0	0
590	A	0	0	0	0	0	0	0
591	D	0	0	0	0	0	0	0
592	G	0	0	0	0	0	0	0
593	C	0	0	0	0	0	0	0
594	L	0	0	0	0	0	0	0
595	S	0	0	0	0	0	0	0
596	Q	0	0	0	0	0	0	0
597	E	0	0	0	0	0	0	0
598	E	0	0	0	0	0	0	0
599	A	0	0	0	0	0	0	0
600	V	0	0	0	0	0	0	0
601	L	0	0	0	0	0	0	0
602	A	0	0	0	0	0	0	0
603	A	0	0	0	0	0	0	0
604	Y	0	0	0	0	0	0	0
605	W	0	0	0	0	0	0	0
606	R	0	0	0	0	0	0	0
607	G	0	0	0	0	0	0	0
608	Q	0	0	0	0	0	0	0
609	C	0	0	0	0	0	0	0
610	I	0	0	0	0	0	0	0
611	K	N6-acetyllysine	YWRGQCIKEAHLPPG	HHHCHHHHHCCCCCC	0	0	0	0
612	E	0	0	0	0	0	0	0
613	A	0	0	0	0	0	0	0
614	H	0	0	0	0	0	0	0
615	L	0	0	0	0	0	0	0
616	P	0	0	0	0	0	0	0
617	P	0	0	0	0	0	0	0
618	G	0	0	0	0	0	0	0
619	A	0	0	0	0	0	0	0
620	M	0	0	0	0	0	0	0
621	A	0	0	0	0	0	0	0
622	A	0	0	0	0	0	0	0
623	V	0	0	0	0	0	0	0
624	G	0	0	0	0	0	0	0
625	L	0	0	0	0	0	0	0
626	S	0	0	0	0	0	0	0
627	W	0	0	0	0	0	0	0
628	E	0	0	0	0	0	0	0
629	E	0	0	0	0	0	0	0
630	C	S-glutathionyl cysteine	VGLSWEECKQRCPPG	HCCCHHHHHHHCCCC	0	0	0	0
631	K	N6-acetyllysine	GLSWEECKQRCPPGV	CCCHHHHHHHCCCCC	0	0	0	0
632	Q	0	0	0	0	0	0	0
633	R	0	0	0	0	0	0	0
634	C	S-nitrosocysteine	WEECKQRCPPGVVPA	HHHHHHHCCCCCCCC	0	0	0	0
635	P	0	0	0	0	0	0	0
636	P	0	0	0	0	0	0	0
637	G	0	0	0	0	0	0	0
638	V	0	0	0	0	0	0	0
639	V	0	0	0	0	0	0	0
640	P	0	0	0	0	0	0	0
641	A	0	0	0	0	0	0	0
642	C	S-nitrosocysteine	PPGVVPACHNSKDTV	CCCCCCCCCCCCCEE	0	0	0	0
643	H	0	0	0	0	0	0	0
644	N	0	0	0	0	0	0	0
645	S	0	0	0	0	0	0	0
646	K	N6-acetyllysine	VPACHNSKDTVTISG	CCCCCCCCCEEEECC	0	0	0	0
647	D	0	0	0	0	0	0	0
648	T	0	0	0	0	0	0	0
649	V	0	0	0	0	0	0	0
650	T	0	0	0	0	0	0	0
651	I	0	0	0	0	0	0	0
652	S	0	0	0	0	0	0	0
653	G	0	0	0	0	0	0	0
654	P	0	0	0	0	0	0	0
655	Q	0	0	0	0	0	0	0
656	A	0	0	0	0	0	0	0
657	P	0	0	0	0	0	0	0
658	V	0	0	0	0	0	0	0
659	F	0	0	0	0	0	0	0
660	E	0	0	0	0	0	0	0
661	F	0	0	0	0	0	0	0
662	V	0	0	0	0	0	0	0
663	E	0	0	0	0	0	0	0
664	Q	0	0	0	0	0	0	0
665	L	0	0	0	0	0	0	0
666	R	0	0	0	0	0	0	0
667	K	Ubiquitinlysine	EFVEQLRKEGVFAKE	HHHHHHHHCCCCEEE	0	0	0	0
668	E	0	0	0	0	0	0	0
669	G	0	0	0	0	0	0	0
670	V	0	0	0	0	0	0	0
671	F	0	0	0	0	0	0	0
672	A	0	0	0	0	0	0	0
673	K	Ubiquitinlysine	RKEGVFAKEVRTGGM	HHCCCCEEECCCCCC	0	0	0	0
674	E	0	0	0	0	0	0	0
675	V	0	0	0	0	0	0	0
676	R	0	0	0	0	0	0	0
677	T	0	0	0	0	0	0	0
678	G	0	0	0	0	0	0	0
679	G	0	0	0	0	0	0	0
680	M	0	0	0	0	0	0	0
681	A	0	0	0	0	0	0	0
682	F	0	0	0	0	0	0	0
683	H	0	0	0	0	0	0	0
684	S	0	0	0	0	0	0	0
685	Y	0	0	0	0	0	0	0
686	F	0	0	0	0	0	0	0
687	M	0	0	0	0	0	0	0
688	E	0	0	0	0	0	0	0
689	A	0	0	0	0	0	0	0
690	I	0	0	0	0	0	0	0
691	A	0	0	0	0	0	0	0
692	P	0	0	0	0	0	0	0
693	P	0	0	0	0	0	0	0
694	L	0	0	0	0	0	0	0
695	L	0	0	0	0	0	0	0
696	Q	0	0	0	0	0	0	0
697	E	0	0	0	0	0	0	0
698	L	0	0	0	0	0	0	0
699	K	0	0	0	0	0	0	0
700	K	0	0	0	0	0	0	0
701	V	0	0	0	0	0	0	0
702	I	0	0	0	0	0	0	0
703	R	0	0	0	0	0	0	0
704	E	0	0	0	0	0	0	0
705	P	0	0	0	0	0	0	0
706	K	0	0	0	0	0	0	0
707	P	0	0	0	0	0	0	0
708	R	0	0	0	0	0	0	0
709	S	0	0	0	0	0	0	0
710	A	0	0	0	0	0	0	0
711	R	0	0	0	0	0	0	0
712	W	0	0	0	0	0	0	0
713	L	0	0	0	0	0	0	0
714	S	0	0	0	0	0	0	0
715	T	0	0	0	0	0	0	0
716	S	0	0	0	0	0	0	0
717	I	0	0	0	0	0	0	0
718	P	0	0	0	0	0	0	0
719	E	0	0	0	0	0	0	0
720	A	0	0	0	0	0	0	0
721	Q	0	0	0	0	0	0	0
722	W	0	0	0	0	0	0	0
723	H	0	0	0	0	0	0	0
724	S	Phosphoserine	IPEAQWHSSLARTSS	CCHHHHHHHCCCCCC	0	0	0	0
725	S	Phosphoserine	PEAQWHSSLARTSSA	CHHHHHHHCCCCCCC	0	0	0	0
726	L	0	0	0	0	0	0	0
727	A	0	0	0	0	0	0	0
728	R	0	0	0	0	0	0	0
729	T	0	0	0	0	0	0	0
730	S	0	0	0	0	0	0	0
731	S	0	0	0	0	0	0	0
732	A	0	0	0	0	0	0	0
733	E	0	0	0	0	0	0	0
734	Y	0	0	0	0	0	0	0
735	N	0	0	0	0	0	0	0
736	V	0	0	0	0	0	0	0
737	N	0	0	0	0	0	0	0
738	N	0	0	0	0	0	0	0
739	L	0	0	0	0	0	0	0
740	V	0	0	0	0	0	0	0
741	S	0	0	0	0	0	0	0
742	P	0	0	0	0	0	0	0
743	V	0	0	0	0	0	0	0
744	L	0	0	0	0	0	0	0
745	F	0	0	0	0	0	0	0
746	Q	0	0	0	0	0	0	0
747	E	0	0	0	0	0	0	0
748	A	0	0	0	0	0	0	0
749	L	0	0	0	0	0	0	0
750	W	0	0	0	0	0	0	0
751	H	0	0	0	0	0	0	0
752	V	0	0	0	0	0	0	0
753	P	0	0	0	0	0	0	0
754	E	0	0	0	0	0	0	0
755	H	0	0	0	0	0	0	0
756	A	0	0	0	0	0	0	0
757	V	0	0	0	0	0	0	0
758	V	0	0	0	0	0	0	0
759	L	0	0	0	0	0	0	0
760	E	0	0	0	0	0	0	0
761	I	0	0	0	0	0	0	0
762	A	0	0	0	0	0	0	0
763	P	0	0	0	0	0	0	0
764	H	0	0	0	0	0	0	0
765	A	0	0	0	0	0	0	0
766	L	0	0	0	0	0	0	0
767	L	0	0	0	0	0	0	0
768	Q	0	0	0	0	0	0	0
769	A	0	0	0	0	0	0	0
770	V	0	0	0	0	0	0	0
771	L	0	0	0	0	0	0	0
772	K	N6-acetyllysine	ALLQAVLKRGLKPSC	HHHHHHHHCCCCCCC	0	0	0	0
773	R	0	0	0	0	0	0	0
774	G	0	0	0	0	0	0	0
775	L	0	0	0	0	0	0	0
776	K	N6-acetyllysine	AVLKRGLKPSCTIIP	HHHHCCCCCCCEEEE	0	0	0	0
777	P	0	0	0	0	0	0	0
778	S	0	0	0	0	0	0	0
779	C	0	0	0	0	0	0	0
780	T	0	0	0	0	0	0	0
781	I	0	0	0	0	0	0	0
782	I	0	0	0	0	0	0	0
783	P	0	0	0	0	0	0	0
784	L	0	0	0	0	0	0	0
785	M	0	0	0	0	0	0	0
786	K	N6-succinyllysine	CTIIPLMKKDHRDNL	CEEEECCCCCCCCCH	0	0	0	0
787	K	N-acetyllysine	TIIPLMKKDHRDNLE	EEEECCCCCCCCCHH	0	0	0	0
788	D	0	0	0	0	0	0	0
789	H	0	0	0	0	0	0	0
790	R	0	0	0	0	0	0	0
791	D	0	0	0	0	0	0	0
792	N	0	0	0	0	0	0	0
793	L	0	0	0	0	0	0	0
794	E	0	0	0	0	0	0	0
795	F	0	0	0	0	0	0	0
796	F	0	0	0	0	0	0	0
797	L	0	0	0	0	0	0	0
798	A	0	0	0	0	0	0	0
799	G	0	0	0	0	0	0	0
800	I	0	0	0	0	0	0	0
801	G	0	0	0	0	0	0	0
802	R	0	0	0	0	0	0	0
803	L	0	0	0	0	0	0	0
804	H	0	0	0	0	0	0	0
805	L	0	0	0	0	0	0	0
806	S	0	0	0	0	0	0	0
807	G	0	0	0	0	0	0	0
808	I	0	0	0	0	0	0	0
809	D	0	0	0	0	0	0	0
810	A	0	0	0	0	0	0	0
811	N	0	0	0	0	0	0	0
812	P	0	0	0	0	0	0	0
813	N	0	0	0	0	0	0	0
814	A	0	0	0	0	0	0	0
815	L	0	0	0	0	0	0	0
816	F	0	0	0	0	0	0	0
817	P	0	0	0	0	0	0	0
818	P	0	0	0	0	0	0	0
819	V	0	0	0	0	0	0	0
820	E	0	0	0	0	0	0	0
821	F	0	0	0	0	0	0	0
822	P	0	0	0	0	0	0	0
823	A	0	0	0	0	0	0	0
824	P	0	0	0	0	0	0	0
825	R	0	0	0	0	0	0	0
826	G	0	0	0	0	0	0	0
827	T	Phosphothreonine	EFPAPRGTPLISPLI	CCCCCCCCCCCCCCC	0	0	0	0
828	P	0	0	0	0	0	0	0
829	L	0	0	0	0	0	0	0
830	I	0	0	0	0	0	0	0
831	S	Phosphoserine	PRGTPLISPLIKWDH	CCCCCCCCCCCCCCC	0	0	0	0
832	P	0	0	0	0	0	0	0
833	L	0	0	0	0	0	0	0
834	I	0	0	0	0	0	0	0
835	K	0	0	0	0	0	0	0
836	W	0	0	0	0	0	0	0
837	D	0	0	0	0	0	0	0
838	H	0	0	0	0	0	0	0
839	S	0	0	0	0	0	0	0
840	L	0	0	0	0	0	0	0
841	A	0	0	0	0	0	0	0
842	W	0	0	0	0	0	0	0
843	D	0	0	0	0	0	0	0
844	V	0	0	0	0	0	0	0
845	P	0	0	0	0	0	0	0
846	A	0	0	0	0	0	0	0
847	A	0	0	0	0	0	0	0
848	E	0	0	0	0	0	0	0
849	D	0	0	0	0	0	0	0
850	F	0	0	0	0	0	0	0
851	P	0	0	0	0	0	0	0
852	N	0	0	0	0	0	0	0
853	G	0	0	0	0	0	0	0
854	S	0	0	0	0	0	0	0
855	G	0	0	0	0	0	0	0
856	S	0	0	0	0	0	0	0
857	P	0	0	0	0	0	0	0
858	S	0	0	0	0	0	0	0
859	A	0	0	0	0	0	0	0
860	A	0	0	0	0	0	0	0
861	I	0	0	0	0	0	0	0
862	Y	0	0	0	0	0	0	0
863	N	0	0	0	0	0	0	0
864	I	0	0	0	0	0	0	0
865	D	0	0	0	0	0	0	0
866	T	0	0	0	0	0	0	0
867	S	0	0	0	0	0	0	0
868	S	0	0	0	0	0	0	0
869	E	0	0	0	0	0	0	0
870	S	0	0	0	0	0	0	0
871	P	0	0	0	0	0	0	0
872	D	0	0	0	0	0	0	0
873	H	0	0	0	0	0	0	0
874	Y	0	0	0	0	0	0	0
875	L	0	0	0	0	0	0	0
876	V	0	0	0	0	0	0	0
877	D	0	0	0	0	0	0	0
878	H	0	0	0	0	0	0	0
879	T	0	0	0	0	0	0	0
880	L	0	0	0	0	0	0	0
881	D	0	0	0	0	0	0	0
882	G	0	0	0	0	0	0	0
883	R	0	0	0	0	0	0	0
884	V	0	0	0	0	0	0	0
885	L	0	0	0	0	0	0	0
886	F	0	0	0	0	0	0	0
887	P	0	0	0	0	0	0	0
888	A	0	0	0	0	0	0	0
889	T	0	0	0	0	0	0	0
890	G	0	0	0	0	0	0	0
891	Y	0	0	0	0	0	0	0
892	L	0	0	0	0	0	0	0
893	S	0	0	0	0	0	0	0
894	I	0	0	0	0	0	0	0
895	V	0	0	0	0	0	0	0
896	W	0	0	0	0	0	0	0
897	K	0	0	0	0	0	0	0
898	T	Phosphothreonine	YLSIVWKTLARALGL	HHHHHHHHHHHHCCC	0	0	0	0
899	L	0	0	0	0	0	0	0
900	A	0	0	0	0	0	0	0
901	R	0	0	0	0	0	0	0
902	A	0	0	0	0	0	0	0
903	L	0	0	0	0	0	0	0
904	G	0	0	0	0	0	0	0
905	L	0	0	0	0	0	0	0
906	G	0	0	0	0	0	0	0
907	V	0	0	0	0	0	0	0
908	E	0	0	0	0	0	0	0
909	Q	0	0	0	0	0	0	0
910	L	0	0	0	0	0	0	0
911	P	0	0	0	0	0	0	0
912	V	0	0	0	0	0	0	0
913	V	0	0	0	0	0	0	0
914	F	0	0	0	0	0	0	0
915	E	0	0	0	0	0	0	0
916	D	0	0	0	0	0	0	0
917	V	0	0	0	0	0	0	0
918	V	0	0	0	0	0	0	0
919	L	0	0	0	0	0	0	0
920	H	0	0	0	0	0	0	0
921	Q	0	0	0	0	0	0	0
922	A	0	0	0	0	0	0	0
923	T	0	0	0	0	0	0	0
924	I	0	0	0	0	0	0	0
925	L	0	0	0	0	0	0	0
926	P	0	0	0	0	0	0	0
927	K	0	0	0	0	0	0	0
928	T	Phosphothreonine	QATILPKTGTVSLEV	EEEECCCCCEEEEEE	0	0	0	0
929	G	0	0	0	0	0	0	0
930	T	0	0	0	0	0	0	0
931	V	0	0	0	0	0	0	0
932	S	0	0	0	0	0	0	0
933	L	0	0	0	0	0	0	0
934	E	0	0	0	0	0	0	0
935	V	0	0	0	0	0	0	0
936	R	0	0	0	0	0	0	0
937	L	0	0	0	0	0	0	0
938	L	0	0	0	0	0	0	0
939	E	0	0	0	0	0	0	0
940	A	0	0	0	0	0	0	0
941	S	0	0	0	0	0	0	0
942	R	0	0	0	0	0	0	0
943	A	0	0	0	0	0	0	0
944	F	0	0	0	0	0	0	0
945	E	0	0	0	0	0	0	0
946	V	0	0	0	0	0	0	0
947	S	0	0	0	0	0	0	0
948	E	0	0	0	0	0	0	0
949	N	0	0	0	0	0	0	0
950	G	0	0	0	0	0	0	0
951	N	0	0	0	0	0	0	0
952	L	0	0	0	0	0	0	0
953	V	0	0	0	0	0	0	0
954	V	0	0	0	0	0	0	0
955	S	0	0	0	0	0	0	0
956	G	0	0	0	0	0	0	0
957	K	0	0	0	0	0	0	0
958	V	0	0	0	0	0	0	0
959	Y	0	0	0	0	0	0	0
960	Q	0	0	0	0	0	0	0
961	W	0	0	0	0	0	0	0
962	D	0	0	0	0	0	0	0
963	D	0	0	0	0	0	0	0
964	P	0	0	0	0	0	0	0
965	D	0	0	0	0	0	0	0
966	P	0	0	0	0	0	0	0
967	R	0	0	0	0	0	0	0
968	L	0	0	0	0	0	0	0
969	F	0	0	0	0	0	0	0
970	D	0	0	0	0	0	0	0
971	H	0	0	0	0	0	0	0
972	P	0	0	0	0	0	0	0
973	E	0	0	0	0	0	0	0
974	S	Phosphoserine	RLFDHPESPTPNPTE	CCCCCCCCCCCCCCC	0	0	0	0
975	P	0	0	0	0	0	0	0
976	T	Phosphothreonine	FDHPESPTPNPTEPL	CCCCCCCCCCCCCCC	0	0	0	0
977	P	0	0	0	0	0	0	0
978	N	0	0	0	0	0	0	0
979	P	0	0	0	0	0	0	0
980	T	0	0	0	0	0	0	0
981	E	0	0	0	0	0	0	0
982	P	0	0	0	0	0	0	0
983	L	0	0	0	0	0	0	0
984	F	0	0	0	0	0	0	0
985	L	0	0	0	0	0	0	0
986	A	0	0	0	0	0	0	0
987	Q	0	0	0	0	0	0	0
988	A	0	0	0	0	0	0	0
989	E	0	0	0	0	0	0	0
990	V	0	0	0	0	0	0	0
991	Y	0	0	0	0	0	0	0
992	K	Ubiquitinlysine	LAQAEVYKELRLRGY	HHHHHHHHHHHHCCC	0	0	0	0
993	E	0	0	0	0	0	0	0
994	L	0	0	0	0	0	0	0
995	R	0	0	0	0	0	0	0
996	L	0	0	0	0	0	0	0
997	R	0	0	0	0	0	0	0
998	G	0	0	0	0	0	0	0
999	Y	0	0	0	0	0	0	0
1000	D	0	0	0	0	0	0	0
1001	Y	0	0	0	0	0	0	0
1002	G	0	0	0	0	0	0	0
1003	P	0	0	0	0	0	0	0
1004	H	0	0	0	0	0	0	0
1005	F	0	0	0	0	0	0	0
1006	Q	0	0	0	0	0	0	0
1007	G	0	0	0	0	0	0	0
1008	I	0	0	0	0	0	0	0
1009	L	0	0	0	0	0	0	0
1010	E	0	0	0	0	0	0	0
1011	A	0	0	0	0	0	0	0
1012	S	0	0	0	0	0	0	0
1013	L	0	0	0	0	0	0	0
1014	E	0	0	0	0	0	0	0
1015	G	0	0	0	0	0	0	0
1016	D	0	0	0	0	0	0	0
1017	S	0	0	0	0	0	0	0
1018	G	0	0	0	0	0	0	0
1019	R	0	0	0	0	0	0	0
1020	L	0	0	0	0	0	0	0
1021	L	0	0	0	0	0	0	0
1022	W	0	0	0	0	0	0	0
1023	K	0	0	0	0	0	0	0
1024	D	0	0	0	0	0	0	0
1025	N	0	0	0	0	0	0	0
1026	W	0	0	0	0	0	0	0
1027	V	0	0	0	0	0	0	0
1028	S	Phosphoserine	LWKDNWVSFMDTMLQ	EECCCHHHHHHHHHH	0	0	0	0
1029	F	0	0	0	0	0	0	0
1030	M	0	0	0	0	0	0	0
1031	D	0	0	0	0	0	0	0
1032	T	Phosphothreonine	NWVSFMDTMLQMSIL	CHHHHHHHHHHHHHH	0	0	0	0
1033	M	0	0	0	0	0	0	0
1034	L	0	0	0	0	0	0	0
1035	Q	0	0	0	0	0	0	0
1036	M	0	0	0	0	0	0	0
1037	S	0	0	0	0	0	0	0
1038	I	0	0	0	0	0	0	0
1039	L	0	0	0	0	0	0	0
1040	G	0	0	0	0	0	0	0
1041	S	0	0	0	0	0	0	0
1042	A	0	0	0	0	0	0	0
1043	K	0	0	0	0	0	0	0
1044	H	0	0	0	0	0	0	0
1045	G	0	0	0	0	0	0	0
1046	L	0	0	0	0	0	0	0
1047	Y	Phosphotyrosine	GSAKHGLYLPTRVTA	CHHCCCEECCCEEEE	0	0	0	0
1048	L	0	0	0	0	0	0	0
1049	P	0	0	0	0	0	0	0
1050	T	0	0	0	0	0	0	0
1051	R	0	0	0	0	0	0	0
1052	V	0	0	0	0	0	0	0
1053	T	0	0	0	0	0	0	0
1054	A	0	0	0	0	0	0	0
1055	I	0	0	0	0	0	0	0
1056	H	0	0	0	0	0	0	0
1057	I	0	0	0	0	0	0	0
1058	D	0	0	0	0	0	0	0
1059	P	0	0	0	0	0	0	0
1060	A	0	0	0	0	0	0	0
1061	T	0	0	0	0	0	0	0
1062	H	0	0	0	0	0	0	0
1063	R	0	0	0	0	0	0	0
1064	Q	0	0	0	0	0	0	0
1065	K	Ubiquitinlysine	DPATHRQKLYTLQDK	CCCCCHHHEEEHHHH	0	0	0	0
1066	L	0	0	0	0	0	0	0
1067	Y	0	0	0	0	0	0	0
1068	T	0	0	0	0	0	0	0
1069	L	0	0	0	0	0	0	0
1070	Q	0	0	0	0	0	0	0
1071	D	0	0	0	0	0	0	0
1072	K	N6-malonyllysine	KLYTLQDKAQVADVV	HEEEHHHHHHHHHHH	0	0	0	0
1073	A	0	0	0	0	0	0	0
1074	Q	0	0	0	0	0	0	0
1075	V	0	0	0	0	0	0	0
1076	A	0	0	0	0	0	0	0
1077	D	0	0	0	0	0	0	0
1078	V	0	0	0	0	0	0	0
1079	V	0	0	0	0	0	0	0
1080	V	0	0	0	0	0	0	0
1081	S	Phosphoserine	QVADVVVSRWLRVTV	HHHHHHHHCEEEEEE	0	0	0	0
1082	R	0	0	0	0	0	0	0
1083	W	0	0	0	0	0	0	0
1084	L	0	0	0	0	0	0	0
1085	R	0	0	0	0	0	0	0
1086	V	0	0	0	0	0	0	0
1087	T	0	0	0	0	0	0	0
1088	V	0	0	0	0	0	0	0
1089	A	0	0	0	0	0	0	0
1090	G	0	0	0	0	0	0	0
1091	G	0	0	0	0	0	0	0
1092	V	0	0	0	0	0	0	0
1093	H	0	0	0	0	0	0	0
1094	I	0	0	0	0	0	0	0
1095	S	0	0	0	0	0	0	0
1096	G	0	0	0	0	0	0	0
1097	L	0	0	0	0	0	0	0
1098	H	0	0	0	0	0	0	0
1099	T	0	0	0	0	0	0	0
1100	E	0	0	0	0	0	0	0
1101	S	0	0	0	0	0	0	0
1102	A	0	0	0	0	0	0	0
1103	P	0	0	0	0	0	0	0
1104	R	0	0	0	0	0	0	0
1105	R	0	0	0	0	0	0	0
1106	Q	0	0	0	0	0	0	0
1107	Q	0	0	0	0	0	0	0
1108	E	0	0	0	0	0	0	0
1109	Q	0	0	0	0	0	0	0
1110	Q	0	0	0	0	0	0	0
1111	V	0	0	0	0	0	0	0
1112	P	0	0	0	0	0	0	0
1113	I	0	0	0	0	0	0	0
1114	L	0	0	0	0	0	0	0
1115	E	0	0	0	0	0	0	0
1116	K	N6-acetyllysine	QQVPILEKFCFTPHT	HCCCCHHHHCCCCCC	0	0	0	0
1117	F	0	0	0	0	0	0	0
1118	C	S-nitrosocysteine	VPILEKFCFTPHTEE	CCCHHHHCCCCCCCC	0	0	0	0
1119	F	0	0	0	0	0	0	0
1120	T	0	0	0	0	0	0	0
1121	P	0	0	0	0	0	0	0
1122	H	0	0	0	0	0	0	0
1123	T	0	0	0	0	0	0	0
1124	E	0	0	0	0	0	0	0
1125	E	0	0	0	0	0	0	0
1126	G	0	0	0	0	0	0	0
1127	C	S-nitrosocysteine	TPHTEEGCLSERAAL	CCCCCCCCHHHHHHH	0	0	0	0
1128	L	0	0	0	0	0	0	0
1129	S	0	0	0	0	0	0	0
1130	E	0	0	0	0	0	0	0
1131	R	0	0	0	0	0	0	0
1132	A	0	0	0	0	0	0	0
1133	A	0	0	0	0	0	0	0
1134	L	0	0	0	0	0	0	0
1135	Q	0	0	0	0	0	0	0
1136	E	0	0	0	0	0	0	0
1137	E	0	0	0	0	0	0	0
1138	L	0	0	0	0	0	0	0
1139	Q	0	0	0	0	0	0	0
1140	L	0	0	0	0	0	0	0
1141	C	S-glutathionyl cysteine	LQEELQLCKGLVQAL	HHHHHHHHHHHHHHH	0	0	0	0
1142	K	Ubiquitinlysine	QEELQLCKGLVQALQ	HHHHHHHHHHHHHHH	0	0	0	0
1143	G	0	0	0	0	0	0	0
1144	L	0	0	0	0	0	0	0
1145	V	0	0	0	0	0	0	0
1146	Q	0	0	0	0	0	0	0
1147	A	0	0	0	0	0	0	0
1148	L	0	0	0	0	0	0	0
1149	Q	0	0	0	0	0	0	0
1150	T	0	0	0	0	0	0	0
1151	K	Ubiquitinlysine	LVQALQTKVTQQGLK	HHHHHHHHHHHCCCE	0	0	0	0
1152	V	0	0	0	0	0	0	0
1153	T	0	0	0	0	0	0	0
1154	Q	0	0	0	0	0	0	0
1155	Q	0	0	0	0	0	0	0
1156	G	0	0	0	0	0	0	0
1157	L	0	0	0	0	0	0	0
1158	K	Ubiquitinlysine	KVTQQGLKMVVPGLD	HHHHCCCEEEECCCC	0	0	0	0
1159	M	0	0	0	0	0	0	0
1160	V	0	0	0	0	0	0	0
1161	V	0	0	0	0	0	0	0
1162	P	0	0	0	0	0	0	0
1163	G	0	0	0	0	0	0	0
1164	L	0	0	0	0	0	0	0
1165	D	0	0	0	0	0	0	0
1166	G	0	0	0	0	0	0	0
1167	A	0	0	0	0	0	0	0
1168	Q	0	0	0	0	0	0	0
1169	I	0	0	0	0	0	0	0
1170	P	0	0	0	0	0	0	0
1171	R	0	0	0	0	0	0	0
1172	D	0	0	0	0	0	0	0
1173	P	0	0	0	0	0	0	0
1174	S	Phosphoserine	AQIPRDPSQQELPRL	CCCCCCCCHHHHHHH	0	0	0	0
1175	Q	0	0	0	0	0	0	0
1176	Q	0	0	0	0	0	0	0
1177	E	0	0	0	0	0	0	0
1178	L	0	0	0	0	0	0	0
1179	P	0	0	0	0	0	0	0
1180	R	0	0	0	0	0	0	0
1181	L	0	0	0	0	0	0	0
1182	L	0	0	0	0	0	0	0
1183	S	Phosphoserine	QELPRLLSAACRLQL	HHHHHHHHHHHHHHC	0	0	0	0
1184	A	0	0	0	0	0	0	0
1185	A	0	0	0	0	0	0	0
1186	C	S-glutathionyl cysteine	PRLLSAACRLQLNGN	HHHHHHHHHHHCCCC	0	0	0	0
1187	R	0	0	0	0	0	0	0
1188	L	0	0	0	0	0	0	0
1189	Q	0	0	0	0	0	0	0
1190	L	0	0	0	0	0	0	0
1191	N	0	0	0	0	0	0	0
1192	G	0	0	0	0	0	0	0
1193	N	0	0	0	0	0	0	0
1194	L	0	0	0	0	0	0	0
1195	Q	0	0	0	0	0	0	0
1196	L	0	0	0	0	0	0	0
1197	E	0	0	0	0	0	0	0
1198	L	0	0	0	0	0	0	0
1199	A	0	0	0	0	0	0	0
1200	Q	0	0	0	0	0	0	0
1201	V	0	0	0	0	0	0	0
1202	L	0	0	0	0	0	0	0
1203	A	0	0	0	0	0	0	0
1204	Q	0	0	0	0	0	0	0
1205	E	0	0	0	0	0	0	0
1206	R	0	0	0	0	0	0	0
1207	P	0	0	0	0	0	0	0
1208	K	0	0	0	0	0	0	0
1209	L	0	0	0	0	0	0	0
1210	P	0	0	0	0	0	0	0
1211	E	0	0	0	0	0	0	0
1212	D	0	0	0	0	0	0	0
1213	P	0	0	0	0	0	0	0
1214	L	0	0	0	0	0	0	0
1215	L	0	0	0	0	0	0	0
1216	S	0	0	0	0	0	0	0
1217	G	0	0	0	0	0	0	0
1218	L	0	0	0	0	0	0	0
1219	L	0	0	0	0	0	0	0
1220	D	0	0	0	0	0	0	0
1221	S	Phosphoserine	LLSGLLDSPALKACL	CHHCCCCCHHHHHHH	0	0	0	0
1222	P	0	0	0	0	0	0	0
1223	A	0	0	0	0	0	0	0
1224	L	0	0	0	0	0	0	0
1225	K	0	0	0	0	0	0	0
1226	A	0	0	0	0	0	0	0
1227	C	S-glutathionyl cysteine	DSPALKACLDTAVEN	CCHHHHHHHHHHHHH	0	0	0	0
1228	L	0	0	0	0	0	0	0
1229	D	0	0	0	0	0	0	0
1230	T	0	0	0	0	0	0	0
1231	A	0	0	0	0	0	0	0
1232	V	0	0	0	0	0	0	0
1233	E	0	0	0	0	0	0	0
1234	N	0	0	0	0	0	0	0
1235	M	0	0	0	0	0	0	0
1236	P	0	0	0	0	0	0	0
1237	S	0	0	0	0	0	0	0
1238	L	0	0	0	0	0	0	0
1239	K	N6-malonyllysine	VENMPSLKMKVVEVL	HHHCCHHHHHHHHHH	0	0	0	0
1240	M	0	0	0	0	0	0	0
1241	K	N6-acetyllysine	NMPSLKMKVVEVLAG	HCCHHHHHHHHHHHC	0	0	0	0
1242	V	0	0	0	0	0	0	0
1243	V	0	0	0	0	0	0	0
1244	E	0	0	0	0	0	0	0
1245	V	0	0	0	0	0	0	0
1246	L	0	0	0	0	0	0	0
1247	A	0	0	0	0	0	0	0
1248	G	0	0	0	0	0	0	0
1249	H	0	0	0	0	0	0	0
1250	G	0	0	0	0	0	0	0
1251	H	0	0	0	0	0	0	0
1252	L	0	0	0	0	0	0	0
1253	Y	0	0	0	0	0	0	0
1254	S	0	0	0	0	0	0	0
1255	R	0	0	0	0	0	0	0
1256	I	0	0	0	0	0	0	0
1257	P	0	0	0	0	0	0	0
1258	G	0	0	0	0	0	0	0
1259	L	0	0	0	0	0	0	0
1260	L	0	0	0	0	0	0	0
1261	S	0	0	0	0	0	0	0
1262	P	0	0	0	0	0	0	0
1263	H	0	0	0	0	0	0	0
1264	P	0	0	0	0	0	0	0
1265	L	0	0	0	0	0	0	0
1266	L	0	0	0	0	0	0	0
1267	Q	0	0	0	0	0	0	0
1268	L	0	0	0	0	0	0	0
1269	S	0	0	0	0	0	0	0
1270	Y	0	0	0	0	0	0	0
1271	T	0	0	0	0	0	0	0
1272	A	0	0	0	0	0	0	0
1273	T	Phosphothreonine	LQLSYTATDRHPQAL	EEEEEECCCCCHHHH	0	0	0	0
1274	D	0	0	0	0	0	0	0
1275	R	0	0	0	0	0	0	0
1276	H	0	0	0	0	0	0	0
1277	P	0	0	0	0	0	0	0
1278	Q	0	0	0	0	0	0	0
1279	A	0	0	0	0	0	0	0
1280	L	0	0	0	0	0	0	0
1281	E	0	0	0	0	0	0	0
1282	A	0	0	0	0	0	0	0
1283	A	0	0	0	0	0	0	0
1284	Q	0	0	0	0	0	0	0
1285	A	0	0	0	0	0	0	0
1286	E	0	0	0	0	0	0	0
1287	L	0	0	0	0	0	0	0
1288	Q	0	0	0	0	0	0	0
1289	Q	0	0	0	0	0	0	0
1290	H	0	0	0	0	0	0	0
1291	D	0	0	0	0	0	0	0
1292	V	0	0	0	0	0	0	0
1293	A	0	0	0	0	0	0	0
1294	Q	0	0	0	0	0	0	0
1295	G	0	0	0	0	0	0	0
1296	Q	0	0	0	0	0	0	0
1297	W	0	0	0	0	0	0	0
1298	D	0	0	0	0	0	0	0
1299	P	0	0	0	0	0	0	0
1300	A	0	0	0	0	0	0	0
1301	D	0	0	0	0	0	0	0
1302	P	0	0	0	0	0	0	0
1303	A	0	0	0	0	0	0	0
1304	P	0	0	0	0	0	0	0
1305	S	0	0	0	0	0	0	0
1306	A	0	0	0	0	0	0	0
1307	L	0	0	0	0	0	0	0
1308	G	0	0	0	0	0	0	0
1309	S	0	0	0	0	0	0	0
1310	A	0	0	0	0	0	0	0
1311	D	0	0	0	0	0	0	0
1312	L	0	0	0	0	0	0	0
1313	L	0	0	0	0	0	0	0
1314	V	0	0	0	0	0	0	0
1315	C	0	0	0	0	0	0	0
1316	N	0	0	0	0	0	0	0
1317	C	0	0	0	0	0	0	0
1318	A	0	0	0	0	0	0	0
1319	V	0	0	0	0	0	0	0
1320	A	0	0	0	0	0	0	0
1321	A	0	0	0	0	0	0	0
1322	L	0	0	0	0	0	0	0
1323	G	0	0	0	0	0	0	0
1324	D	0	0	0	0	0	0	0
1325	P	0	0	0	0	0	0	0
1326	A	0	0	0	0	0	0	0
1327	S	0	0	0	0	0	0	0
1328	A	0	0	0	0	0	0	0
1329	L	0	0	0	0	0	0	0
1330	S	0	0	0	0	0	0	0
1331	N	0	0	0	0	0	0	0
1332	M	0	0	0	0	0	0	0
1333	V	0	0	0	0	0	0	0
1334	A	0	0	0	0	0	0	0
1335	A	0	0	0	0	0	0	0
1336	L	0	0	0	0	0	0	0
1337	R	0	0	0	0	0	0	0
1338	E	0	0	0	0	0	0	0
1339	G	0	0	0	0	0	0	0
1340	G	0	0	0	0	0	0	0
1341	F	0	0	0	0	0	0	0
1342	L	0	0	0	0	0	0	0
1343	L	0	0	0	0	0	0	0
1344	L	0	0	0	0	0	0	0
1345	H	0	0	0	0	0	0	0
1346	T	0	0	0	0	0	0	0
1347	L	0	0	0	0	0	0	0
1348	L	0	0	0	0	0	0	0
1349	R	0	0	0	0	0	0	0
1350	G	0	0	0	0	0	0	0
1351	H	0	0	0	0	0	0	0
1352	P	0	0	0	0	0	0	0
1353	L	0	0	0	0	0	0	0
1354	G	0	0	0	0	0	0	0
1355	D	0	0	0	0	0	0	0
1356	I	0	0	0	0	0	0	0
1357	V	0	0	0	0	0	0	0
1358	A	0	0	0	0	0	0	0
1359	F	0	0	0	0	0	0	0
1360	L	0	0	0	0	0	0	0
1361	T	0	0	0	0	0	0	0
1362	S	0	0	0	0	0	0	0
1363	T	0	0	0	0	0	0	0
1364	E	0	0	0	0	0	0	0
1365	P	0	0	0	0	0	0	0
1366	Q	0	0	0	0	0	0	0
1367	Y	Phosphotyrosine	LTSTEPQYGQGILSQ	HHCCCCCCCCCCCCH	0	0	0	0
1368	G	0	0	0	0	0	0	0
1369	Q	0	0	0	0	0	0	0
1370	G	0	0	0	0	0	0	0
1371	I	0	0	0	0	0	0	0
1372	L	0	0	0	0	0	0	0
1373	S	Phosphoserine	QYGQGILSQDAWESL	CCCCCCCCHHHHHHH	0	0	0	0
1374	Q	0	0	0	0	0	0	0
1375	D	0	0	0	0	0	0	0
1376	A	0	0	0	0	0	0	0
1377	W	0	0	0	0	0	0	0
1378	E	0	0	0	0	0	0	0
1379	S	Phosphoserine	LSQDAWESLFSRVSL	CCHHHHHHHHHHHHH	0	0	0	0
1380	L	0	0	0	0	0	0	0
1381	F	0	0	0	0	0	0	0
1382	S	Phosphoserine	DAWESLFSRVSLRLV	HHHHHHHHHHHHHHH	0	0	0	0
1383	R	0	0	0	0	0	0	0
1384	V	0	0	0	0	0	0	0
1385	S	0	0	0	0	0	0	0
1386	L	0	0	0	0	0	0	0
1387	R	0	0	0	0	0	0	0
1388	L	0	0	0	0	0	0	0
1389	V	0	0	0	0	0	0	0
1390	G	0	0	0	0	0	0	0
1391	L	0	0	0	0	0	0	0
1392	K	Ubiquitinlysine	SLRLVGLKKSFYGST	HHHHHCCCCHHCCCE	0	0	0	0
1393	K	Ubiquitinlysine	LRLVGLKKSFYGSTL	HHHHCCCCHHCCCEE	0	0	0	0
1394	S	0	0	0	0	0	0	0
1395	F	0	0	0	0	0	0	0
1396	Y	0	0	0	0	0	0	0
1397	G	0	0	0	0	0	0	0
1398	S	0	0	0	0	0	0	0
1399	T	0	0	0	0	0	0	0
1400	L	0	0	0	0	0	0	0
1401	F	0	0	0	0	0	0	0
1402	L	0	0	0	0	0	0	0
1403	C	0	0	0	0	0	0	0
1404	R	0	0	0	0	0	0	0
1405	R	0	0	0	0	0	0	0
1406	P	0	0	0	0	0	0	0
1407	T	Phosphothreonine	LFLCRRPTPQDSPIF	EEEEECCCCCCCCCE	0	0	0	0
1408	P	0	0	0	0	0	0	0
1409	Q	0	0	0	0	0	0	0
1410	D	0	0	0	0	0	0	0
1411	S	Phosphoserine	RRPTPQDSPIFLPVD	ECCCCCCCCCEEECC	0	0	0	0
1412	P	0	0	0	0	0	0	0
1413	I	0	0	0	0	0	0	0
1414	F	0	0	0	0	0	0	0
1415	L	0	0	0	0	0	0	0
1416	P	0	0	0	0	0	0	0
1417	V	0	0	0	0	0	0	0
1418	D	0	0	0	0	0	0	0
1419	D	0	0	0	0	0	0	0
1420	T	Phosphothreonine	IFLPVDDTSFRWVES	CEEECCCCCCHHHHH	0	0	0	0
1421	S	Phosphoserine	FLPVDDTSFRWVESL	EEECCCCCCHHHHHH	0	0	0	0
1422	F	0	0	0	0	0	0	0
1423	R	0	0	0	0	0	0	0
1424	W	0	0	0	0	0	0	0
1425	V	0	0	0	0	0	0	0
1426	E	0	0	0	0	0	0	0
1427	S	0	0	0	0	0	0	0
1428	L	0	0	0	0	0	0	0
1429	K	Ubiquitinlysine	FRWVESLKGILADED	CHHHHHHCCHHCCCC	0	0	0	0
1430	G	0	0	0	0	0	0	0
1431	I	0	0	0	0	0	0	0
1432	L	0	0	0	0	0	0	0
1433	A	0	0	0	0	0	0	0
1434	D	0	0	0	0	0	0	0
1435	E	0	0	0	0	0	0	0
1436	D	0	0	0	0	0	0	0
1437	S	0	0	0	0	0	0	0
1438	S	0	0	0	0	0	0	0
1439	R	0	0	0	0	0	0	0
1440	P	0	0	0	0	0	0	0
1441	V	0	0	0	0	0	0	0
1442	W	0	0	0	0	0	0	0
1443	L	0	0	0	0	0	0	0
1444	K	N6-acetyllysine	SSRPVWLKAINCATS	CCCCHHHHHHHCCCC	0	0	0	0
1445	A	0	0	0	0	0	0	0
1446	I	0	0	0	0	0	0	0
1447	N	0	0	0	0	0	0	0
1448	C	0	0	0	0	0	0	0
1449	A	0	0	0	0	0	0	0
1450	T	0	0	0	0	0	0	0
1451	S	0	0	0	0	0	0	0
1452	G	0	0	0	0	0	0	0
1453	V	0	0	0	0	0	0	0
1454	V	0	0	0	0	0	0	0
1455	G	0	0	0	0	0	0	0
1456	L	0	0	0	0	0	0	0
1457	V	0	0	0	0	0	0	0
1458	N	0	0	0	0	0	0	0
1459	C	0	0	0	0	0	0	0
1460	L	0	0	0	0	0	0	0
1461	R	0	0	0	0	0	0	0
1462	R	0	0	0	0	0	0	0
1463	E	0	0	0	0	0	0	0
1464	P	0	0	0	0	0	0	0
1465	G	0	0	0	0	0	0	0
1466	G	0	0	0	0	0	0	0
1467	N	0	0	0	0	0	0	0
1468	R	0	0	0	0	0	0	0
1469	L	0	0	0	0	0	0	0
1470	R	0	0	0	0	0	0	0
1471	C	S-glutathionyl cysteine	PGGNRLRCVLLSNLS	CCCCEEEEEEEECCC	0	0	0	0
1472	V	0	0	0	0	0	0	0
1473	L	0	0	0	0	0	0	0
1474	L	0	0	0	0	0	0	0
1475	S	0	0	0	0	0	0	0
1476	N	0	0	0	0	0	0	0
1477	L	0	0	0	0	0	0	0
1478	S	0	0	0	0	0	0	0
1479	S	Phosphoserine	VLLSNLSSTSHVPEV	EEEECCCCCCCCCCC	0	0	0	0
1480	T	0	0	0	0	0	0	0
1481	S	0	0	0	0	0	0	0
1482	H	0	0	0	0	0	0	0
1483	V	0	0	0	0	0	0	0
1484	P	0	0	0	0	0	0	0
1485	E	0	0	0	0	0	0	0
1486	V	0	0	0	0	0	0	0
1487	D	0	0	0	0	0	0	0
1488	P	0	0	0	0	0	0	0
1489	G	0	0	0	0	0	0	0
1490	S	0	0	0	0	0	0	0
1491	A	0	0	0	0	0	0	0
1492	E	0	0	0	0	0	0	0
1493	L	0	0	0	0	0	0	0
1494	Q	0	0	0	0	0	0	0
1495	K	0	0	0	0	0	0	0
1496	V	0	0	0	0	0	0	0
1497	L	0	0	0	0	0	0	0
1498	Q	0	0	0	0	0	0	0
1499	G	0	0	0	0	0	0	0
1500	D	0	0	0	0	0	0	0
1501	L	0	0	0	0	0	0	0
1502	V	0	0	0	0	0	0	0
1503	M	0	0	0	0	0	0	0
1504	N	0	0	0	0	0	0	0
1505	V	0	0	0	0	0	0	0
1506	Y	Phosphotyrosine	GDLVMNVYRDGAWGA	CCCEEEEEECCHHHH	0	0	0	0
1507	R	0	0	0	0	0	0	0
1508	D	0	0	0	0	0	0	0
1509	G	0	0	0	0	0	0	0
1510	A	0	0	0	0	0	0	0
1511	W	0	0	0	0	0	0	0
1512	G	0	0	0	0	0	0	0
1513	A	0	0	0	0	0	0	0
1514	F	0	0	0	0	0	0	0
1515	R	0	0	0	0	0	0	0
1516	H	0	0	0	0	0	0	0
1517	F	0	0	0	0	0	0	0
1518	L	0	0	0	0	0	0	0
1519	L	0	0	0	0	0	0	0
1520	E	0	0	0	0	0	0	0
1521	E	0	0	0	0	0	0	0
1522	D	0	0	0	0	0	0	0
1523	K	Ubiquitinlysine	HFLLEEDKPEEPTAH	HHHCCCCCCCCCCCH	0	0	0	0
1524	P	0	0	0	0	0	0	0
1525	E	0	0	0	0	0	0	0
1526	E	0	0	0	0	0	0	0
1527	P	0	0	0	0	0	0	0
1528	T	0	0	0	0	0	0	0
1529	A	0	0	0	0	0	0	0
1530	H	0	0	0	0	0	0	0
1531	A	0	0	0	0	0	0	0
1532	F	0	0	0	0	0	0	0
1533	V	0	0	0	0	0	0	0
1534	S	0	0	0	0	0	0	0
1535	T	0	0	0	0	0	0	0
1536	L	0	0	0	0	0	0	0
1537	T	0	0	0	0	0	0	0
1538	R	0	0	0	0	0	0	0
1539	G	0	0	0	0	0	0	0
1540	D	0	0	0	0	0	0	0
1541	L	0	0	0	0	0	0	0
1542	S	Phosphoserine	TLTRGDLSSIRWVCS	CCCCCCHHHHHHHHH	0	0	0	0
1543	S	Phosphoserine	LTRGDLSSIRWVCSS	CCCCCHHHHHHHHHH	0	0	0	0
1544	I	0	0	0	0	0	0	0
1545	R	0	0	0	0	0	0	0
1546	W	0	0	0	0	0	0	0
1547	V	0	0	0	0	0	0	0
1548	C	0	0	0	0	0	0	0
1549	S	0	0	0	0	0	0	0
1550	S	0	0	0	0	0	0	0
1551	L	0	0	0	0	0	0	0
1552	R	0	0	0	0	0	0	0
1553	H	0	0	0	0	0	0	0
1554	A	0	0	0	0	0	0	0
1555	Q	0	0	0	0	0	0	0
1556	P	0	0	0	0	0	0	0
1557	T	0	0	0	0	0	0	0
1558	C	0	0	0	0	0	0	0
1559	P	0	0	0	0	0	0	0
1560	G	0	0	0	0	0	0	0
1561	A	0	0	0	0	0	0	0
1562	Q	0	0	0	0	0	0	0
1563	L	0	0	0	0	0	0	0
1564	C	0	0	0	0	0	0	0
1565	T	0	0	0	0	0	0	0
1566	V	0	0	0	0	0	0	0
1567	Y	0	0	0	0	0	0	0
1568	Y	0	0	0	0	0	0	0
1569	A	0	0	0	0	0	0	0
1570	S	0	0	0	0	0	0	0
1571	L	0	0	0	0	0	0	0
1572	N	0	0	0	0	0	0	0
1573	F	0	0	0	0	0	0	0
1574	R	0	0	0	0	0	0	0
1575	D	0	0	0	0	0	0	0
1576	I	0	0	0	0	0	0	0
1577	M	0	0	0	0	0	0	0
1578	L	0	0	0	0	0	0	0
1579	A	0	0	0	0	0	0	0
1580	T	0	0	0	0	0	0	0
1581	G	0	0	0	0	0	0	0
1582	K	N6-malonyllysine	DIMLATGKLSPDAIP	HHHHHCCCCCCCCCC	0	0	0	0
1583	L	0	0	0	0	0	0	0
1584	S	Phosphoserine	MLATGKLSPDAIPGK	HHHCCCCCCCCCCCC	0	0	0	0
1585	P	0	0	0	0	0	0	0
1586	D	0	0	0	0	0	0	0
1587	A	0	0	0	0	0	0	0
1588	I	0	0	0	0	0	0	0
1589	P	0	0	0	0	0	0	0
1590	G	0	0	0	0	0	0	0
1591	K	Ubiquitinlysine	SPDAIPGKWTSQDSL	CCCCCCCCCCCCCCC	0	0	0	0
1592	W	0	0	0	0	0	0	0
1593	T	Phosphothreonine	DAIPGKWTSQDSLLG	CCCCCCCCCCCCCCC	0	0	0	0
1594	S	Phosphoserine	AIPGKWTSQDSLLGM	CCCCCCCCCCCCCCC	0	0	0	0
1595	Q	0	0	0	0	0	0	0
1596	D	0	0	0	0	0	0	0
1597	S	0	0	0	0	0	0	0
1598	L	0	0	0	0	0	0	0
1599	L	0	0	0	0	0	0	0
1600	G	0	0	0	0	0	0	0
1601	M	0	0	0	0	0	0	0
1602	E	0	0	0	0	0	0	0
1603	F	0	0	0	0	0	0	0
1604	S	0	0	0	0	0	0	0
1605	G	0	0	0	0	0	0	0
1606	R	0	0	0	0	0	0	0
1607	D	0	0	0	0	0	0	0
1608	A	0	0	0	0	0	0	0
1609	S	0	0	0	0	0	0	0
1610	G	0	0	0	0	0	0	0
1611	K	0	0	0	0	0	0	0
1612	R	0	0	0	0	0	0	0
1613	V	0	0	0	0	0	0	0
1614	M	0	0	0	0	0	0	0
1615	G	0	0	0	0	0	0	0
1616	L	0	0	0	0	0	0	0
1617	V	0	0	0	0	0	0	0
1618	P	0	0	0	0	0	0	0
1619	A	0	0	0	0	0	0	0
1620	K	0	0	0	0	0	0	0
1621	G	0	0	0	0	0	0	0
1622	L	0	0	0	0	0	0	0
1623	A	0	0	0	0	0	0	0
1624	T	0	0	0	0	0	0	0
1625	S	0	0	0	0	0	0	0
1626	V	0	0	0	0	0	0	0
1627	L	0	0	0	0	0	0	0
1628	L	0	0	0	0	0	0	0
1629	S	0	0	0	0	0	0	0
1630	P	0	0	0	0	0	0	0
1631	D	0	0	0	0	0	0	0
1632	F	0	0	0	0	0	0	0
1633	L	0	0	0	0	0	0	0
1634	W	0	0	0	0	0	0	0
1635	D	0	0	0	0	0	0	0
1636	V	0	0	0	0	0	0	0
1637	P	0	0	0	0	0	0	0
1638	S	0	0	0	0	0	0	0
1639	N	0	0	0	0	0	0	0
1640	W	0	0	0	0	0	0	0
1641	T	0	0	0	0	0	0	0
1642	L	0	0	0	0	0	0	0
1643	E	0	0	0	0	0	0	0
1644	E	0	0	0	0	0	0	0
1645	A	0	0	0	0	0	0	0
1646	A	0	0	0	0	0	0	0
1647	S	0	0	0	0	0	0	0
1648	V	0	0	0	0	0	0	0
1649	P	0	0	0	0	0	0	0
1650	V	0	0	0	0	0	0	0
1651	V	0	0	0	0	0	0	0
1652	Y	0	0	0	0	0	0	0
1653	S	0	0	0	0	0	0	0
1654	T	0	0	0	0	0	0	0
1655	A	0	0	0	0	0	0	0
1656	Y	0	0	0	0	0	0	0
1657	Y	0	0	0	0	0	0	0
1658	A	0	0	0	0	0	0	0
1659	L	0	0	0	0	0	0	0
1660	V	0	0	0	0	0	0	0
1661	V	0	0	0	0	0	0	0
1662	R	0	0	0	0	0	0	0
1663	G	0	0	0	0	0	0	0
1664	R	0	0	0	0	0	0	0
1665	V	0	0	0	0	0	0	0
1666	R	0	0	0	0	0	0	0
1667	P	0	0	0	0	0	0	0
1668	G	0	0	0	0	0	0	0
1669	E	0	0	0	0	0	0	0
1670	T	0	0	0	0	0	0	0
1671	L	0	0	0	0	0	0	0
1672	L	0	0	0	0	0	0	0
1673	I	0	0	0	0	0	0	0
1674	H	0	0	0	0	0	0	0
1675	S	0	0	0	0	0	0	0
1676	G	0	0	0	0	0	0	0
1677	S	0	0	0	0	0	0	0
1678	G	0	0	0	0	0	0	0
1679	G	0	0	0	0	0	0	0
1680	V	0	0	0	0	0	0	0
1681	G	0	0	0	0	0	0	0
1682	Q	0	0	0	0	0	0	0
1683	A	0	0	0	0	0	0	0
1684	A	0	0	0	0	0	0	0
1685	I	0	0	0	0	0	0	0
1686	A	0	0	0	0	0	0	0
1687	I	0	0	0	0	0	0	0
1688	A	0	0	0	0	0	0	0
1689	L	0	0	0	0	0	0	0
1690	S	0	0	0	0	0	0	0
1691	L	0	0	0	0	0	0	0
1692	G	0	0	0	0	0	0	0
1693	C	0	0	0	0	0	0	0
1694	R	0	0	0	0	0	0	0
1695	V	0	0	0	0	0	0	0
1696	F	0	0	0	0	0	0	0
1697	T	0	0	0	0	0	0	0
1698	T	0	0	0	0	0	0	0
1699	V	0	0	0	0	0	0	0
1700	G	0	0	0	0	0	0	0
1701	S	0	0	0	0	0	0	0
1702	A	0	0	0	0	0	0	0
1703	E	0	0	0	0	0	0	0
1704	K	Ubiquitinlysine	TTVGSAEKRAYLQAR	EECCCHHHHHHHHHH	0	0	0	0
1705	R	0	0	0	0	0	0	0
1706	A	0	0	0	0	0	0	0
1707	Y	0	0	0	0	0	0	0
1708	L	0	0	0	0	0	0	0
1709	Q	0	0	0	0	0	0	0
1710	A	0	0	0	0	0	0	0
1711	R	0	0	0	0	0	0	0
1712	F	0	0	0	0	0	0	0
1713	P	0	0	0	0	0	0	0
1714	Q	0	0	0	0	0	0	0
1715	L	0	0	0	0	0	0	0
1716	D	0	0	0	0	0	0	0
1717	S	0	0	0	0	0	0	0
1718	T	0	0	0	0	0	0	0
1719	S	Phosphoserine	FPQLDSTSFANSRDT	CCCCCCCCCCCCCCC	0	0	0	0
1720	F	0	0	0	0	0	0	0
1721	A	0	0	0	0	0	0	0
1722	N	0	0	0	0	0	0	0
1723	S	Phosphoserine	DSTSFANSRDTSFEQ	CCCCCCCCCCCCHHH	0	0	0	0
1724	R	0	0	0	0	0	0	0
1725	D	0	0	0	0	0	0	0
1726	T	0	0	0	0	0	0	0
1727	S	Phosphoserine	FANSRDTSFEQHVLW	CCCCCCCCHHHHEEE	0	0	0	0
1728	F	0	0	0	0	0	0	0
1729	E	0	0	0	0	0	0	0
1730	Q	0	0	0	0	0	0	0
1731	H	0	0	0	0	0	0	0
1732	V	0	0	0	0	0	0	0
1733	L	0	0	0	0	0	0	0
1734	W	0	0	0	0	0	0	0
1735	H	0	0	0	0	0	0	0
1736	T	0	0	0	0	0	0	0
1737	G	0	0	0	0	0	0	0
1738	G	0	0	0	0	0	0	0
1739	K	Ubiquitinlysine	VLWHTGGKGVDLVLN	EEECCCCCCHHHHHH	0	0	0	0
1740	G	0	0	0	0	0	0	0
1741	V	0	0	0	0	0	0	0
1742	D	0	0	0	0	0	0	0
1743	L	0	0	0	0	0	0	0
1744	V	0	0	0	0	0	0	0
1745	L	0	0	0	0	0	0	0
1746	N	0	0	0	0	0	0	0
1747	S	Phosphoserine	GVDLVLNSLAEEKLQ	CHHHHHHHHHHHHHH	0	0	0	0
1748	L	0	0	0	0	0	0	0
1749	A	0	0	0	0	0	0	0
1750	E	0	0	0	0	0	0	0
1751	E	0	0	0	0	0	0	0
1752	K	Ubiquitinlysine	LNSLAEEKLQASVRC	HHHHHHHHHHHHHHH	0	0	0	0
1753	L	0	0	0	0	0	0	0
1754	Q	0	0	0	0	0	0	0
1755	A	0	0	0	0	0	0	0
1756	S	0	0	0	0	0	0	0
1757	V	0	0	0	0	0	0	0
1758	R	0	0	0	0	0	0	0
1759	C	0	0	0	0	0	0	0
1760	L	0	0	0	0	0	0	0
1761	A	0	0	0	0	0	0	0
1762	T	0	0	0	0	0	0	0
1763	H	0	0	0	0	0	0	0
1764	G	0	0	0	0	0	0	0
1765	R	0	0	0	0	0	0	0
1766	F	0	0	0	0	0	0	0
1767	L	0	0	0	0	0	0	0
1768	E	0	0	0	0	0	0	0
1769	I	0	0	0	0	0	0	0
1770	G	0	0	0	0	0	0	0
1771	K	N6-acetyllysine	GRFLEIGKFDLSQNH	CCCEEEEEEECCCCC	0	0	0	0
1772	F	0	0	0	0	0	0	0
1773	D	0	0	0	0	0	0	0
1774	L	0	0	0	0	0	0	0
1775	S	0	0	0	0	0	0	0
1776	Q	0	0	0	0	0	0	0
1777	N	0	0	0	0	0	0	0
1778	H	0	0	0	0	0	0	0
1779	P	0	0	0	0	0	0	0
1780	L	0	0	0	0	0	0	0
1781	G	0	0	0	0	0	0	0
1782	M	0	0	0	0	0	0	0
1783	A	0	0	0	0	0	0	0
1784	I	0	0	0	0	0	0	0
1785	F	0	0	0	0	0	0	0
1786	L	0	0	0	0	0	0	0
1787	K	0	0	0	0	0	0	0
1788	N	0	0	0	0	0	0	0
1789	V	0	0	0	0	0	0	0
1790	T	0	0	0	0	0	0	0
1791	F	0	0	0	0	0	0	0
1792	H	0	0	0	0	0	0	0
1793	G	0	0	0	0	0	0	0
1794	V	0	0	0	0	0	0	0
1795	L	0	0	0	0	0	0	0
1796	L	0	0	0	0	0	0	0
1797	D	0	0	0	0	0	0	0
1798	A	0	0	0	0	0	0	0
1799	F	0	0	0	0	0	0	0
1800	F	0	0	0	0	0	0	0
1801	N	0	0	0	0	0	0	0
1802	E	0	0	0	0	0	0	0
1803	S	0	0	0	0	0	0	0
1804	S	0	0	0	0	0	0	0
1805	A	0	0	0	0	0	0	0
1806	D	0	0	0	0	0	0	0
1807	W	0	0	0	0	0	0	0
1808	R	0	0	0	0	0	0	0
1809	E	0	0	0	0	0	0	0
1810	V	0	0	0	0	0	0	0
1811	W	0	0	0	0	0	0	0
1812	A	0	0	0	0	0	0	0
1813	L	0	0	0	0	0	0	0
1814	V	0	0	0	0	0	0	0
1815	Q	0	0	0	0	0	0	0
1816	A	0	0	0	0	0	0	0
1817	G	0	0	0	0	0	0	0
1818	I	0	0	0	0	0	0	0
1819	R	0	0	0	0	0	0	0
1820	D	0	0	0	0	0	0	0
1821	G	0	0	0	0	0	0	0
1822	V	0	0	0	0	0	0	0
1823	V	0	0	0	0	0	0	0
1824	R	0	0	0	0	0	0	0
1825	P	0	0	0	0	0	0	0
1826	L	0	0	0	0	0	0	0
1827	K	N6-acetyllysine	DGVVRPLKCTVFHGA	CCCCCEEEEEEEECC	0	0	0	0
1828	C	0	0	0	0	0	0	0
1829	T	0	0	0	0	0	0	0
1830	V	0	0	0	0	0	0	0
1831	F	0	0	0	0	0	0	0
1832	H	0	0	0	0	0	0	0
1833	G	0	0	0	0	0	0	0
1834	A	0	0	0	0	0	0	0
1835	Q	0	0	0	0	0	0	0
1836	V	0	0	0	0	0	0	0
1837	E	0	0	0	0	0	0	0
1838	D	0	0	0	0	0	0	0
1839	A	0	0	0	0	0	0	0
1840	F	0	0	0	0	0	0	0
1841	R	0	0	0	0	0	0	0
1842	Y	0	0	0	0	0	0	0
1843	M	0	0	0	0	0	0	0
1844	A	0	0	0	0	0	0	0
1845	Q	0	0	0	0	0	0	0
1846	G	0	0	0	0	0	0	0
1847	K	Ubiquitinlysine	FRYMAQGKHIGKVVV	HHHHHCCCCHHEEEH	0	0	0	0
1848	H	0	0	0	0	0	0	0
1849	I	0	0	0	0	0	0	0
1850	G	0	0	0	0	0	0	0
1851	K	Ubiquitinlysine	AQGKHIGKVVVQVLA	HCCCCHHEEEHHHHH	0	0	0	0
1852	V	0	0	0	0	0	0	0
1853	V	0	0	0	0	0	0	0
1854	V	0	0	0	0	0	0	0
1855	Q	0	0	0	0	0	0	0
1856	V	0	0	0	0	0	0	0
1857	L	0	0	0	0	0	0	0
1858	A	0	0	0	0	0	0	0
1859	E	0	0	0	0	0	0	0
1860	E	0	0	0	0	0	0	0
1861	P	0	0	0	0	0	0	0
1862	E	0	0	0	0	0	0	0
1863	A	0	0	0	0	0	0	0
1864	V	0	0	0	0	0	0	0
1865	L	0	0	0	0	0	0	0
1866	K	Ubiquitinlysine	EEPEAVLKGAKPKLM	CCHHHHHCCCCHHHH	0	0	0	0
1867	G	0	0	0	0	0	0	0
1868	A	0	0	0	0	0	0	0
1869	K	Ubiquitinlysine	EAVLKGAKPKLMSAI	HHHHCCCCHHHHHHH	0	0	0	0
1870	P	0	0	0	0	0	0	0
1871	K	0	0	0	0	0	0	0
1872	L	0	0	0	0	0	0	0
1873	M	0	0	0	0	0	0	0
1874	S	0	0	0	0	0	0	0
1875	A	0	0	0	0	0	0	0
1876	I	0	0	0	0	0	0	0
1877	S	0	0	0	0	0	0	0
1878	K	Ubiquitinlysine	KLMSAISKTFCPAHK	HHHHHHHHHCCHHCC	0	0	0	0
1879	T	0	0	0	0	0	0	0
1880	F	0	0	0	0	0	0	0
1881	C	0	0	0	0	0	0	0
1882	P	0	0	0	0	0	0	0
1883	A	0	0	0	0	0	0	0
1884	H	0	0	0	0	0	0	0
1885	K	0	0	0	0	0	0	0
1886	S	0	0	0	0	0	0	0
1887	Y	0	0	0	0	0	0	0
1888	I	0	0	0	0	0	0	0
1889	I	0	0	0	0	0	0	0
1890	A	0	0	0	0	0	0	0
1891	G	0	0	0	0	0	0	0
1892	G	0	0	0	0	0	0	0
1893	L	0	0	0	0	0	0	0
1894	G	0	0	0	0	0	0	0
1895	G	0	0	0	0	0	0	0
1896	F	0	0	0	0	0	0	0
1897	G	0	0	0	0	0	0	0
1898	L	0	0	0	0	0	0	0
1899	E	0	0	0	0	0	0	0
1900	L	0	0	0	0	0	0	0
1901	A	0	0	0	0	0	0	0
1902	Q	0	0	0	0	0	0	0
1903	W	0	0	0	0	0	0	0
1904	L	0	0	0	0	0	0	0
1905	I	0	0	0	0	0	0	0
1906	Q	0	0	0	0	0	0	0
1907	R	0	0	0	0	0	0	0
1908	G	0	0	0	0	0	0	0
1909	V	0	0	0	0	0	0	0
1910	Q	0	0	0	0	0	0	0
1911	K	Ubiquitinlysine	LIQRGVQKLVLTSRS	HHHHCCCEEEEECCC	0	0	0	0
1912	L	0	0	0	0	0	0	0
1913	V	0	0	0	0	0	0	0
1914	L	0	0	0	0	0	0	0
1915	T	0	0	0	0	0	0	0
1916	S	0	0	0	0	0	0	0
1917	R	0	0	0	0	0	0	0
1918	S	0	0	0	0	0	0	0
1919	G	0	0	0	0	0	0	0
1920	I	0	0	0	0	0	0	0
1921	R	0	0	0	0	0	0	0
1922	T	0	0	0	0	0	0	0
1923	G	0	0	0	0	0	0	0
1924	Y	0	0	0	0	0	0	0
1925	Q	0	0	0	0	0	0	0
1926	A	0	0	0	0	0	0	0
1927	K	Ubiquitinlysine	IRTGYQAKQVRRWRR	CCCCHHHHHHHHHHH	Major depressive disorder:unipolar depression	1934 (7)	0	0
1928	Q	0	0	0	0	0	0	0
1929	V	0	0	0	0	0	0	0
1930	R	0	0	0	0	0	0	0
1931	R	0	0	0	0	0	0	0
1932	W	0	0	0	0	0	0	0
1933	R	0	0	0	0	0	0	0
1934	R	0	0	0	0	0	H	1927,1927
1935	Q	0	0	0	0	0	0	0
1936	G	0	0	0	0	0	0	0
1937	V	0	0	0	0	0	0	0
1938	Q	0	0	0	0	0	0	0
1939	V	0	0	0	0	0	0	0
1940	Q	0	0	0	0	0	0	0
1941	V	0	0	0	0	0	0	0
1942	S	0	0	0	0	0	0	0
1943	T	0	0	0	0	0	0	0
1944	S	0	0	0	0	0	0	0
1945	N	0	0	0	0	0	0	0
1946	I	0	0	0	0	0	0	0
1947	S	Phosphoserine	QVSTSNISSLEGARG	EEECCCCHHHHCHHH	0	0	0	0
1948	S	Phosphoserine	VSTSNISSLEGARGL	EECCCCHHHHCHHHH	0	0	0	0
1949	L	0	0	0	0	0	0	0
1950	E	0	0	0	0	0	0	0
1951	G	0	0	0	0	0	0	0
1952	A	0	0	0	0	0	0	0
1953	R	0	0	0	0	0	0	0
1954	G	0	0	0	0	0	0	0
1955	L	0	0	0	0	0	0	0
1956	I	0	0	0	0	0	0	0
1957	A	0	0	0	0	0	0	0
1958	E	0	0	0	0	0	0	0
1959	A	0	0	0	0	0	0	0
1960	A	0	0	0	0	0	0	0
1961	Q	0	0	0	0	0	0	0
1962	L	0	0	0	0	0	0	0
1963	G	0	0	0	0	0	0	0
1964	P	0	0	0	0	0	0	0
1965	V	0	0	0	0	0	0	0
1966	G	0	0	0	0	0	0	0
1967	G	0	0	0	0	0	0	0
1968	V	0	0	0	0	0	0	0
1969	F	0	0	0	0	0	0	0
1970	N	0	0	0	0	0	0	0
1971	L	0	0	0	0	0	0	0
1972	A	0	0	0	0	0	0	0
1973	V	0	0	0	0	0	0	0
1974	V	0	0	0	0	0	0	0
1975	L	0	0	0	0	0	0	0
1976	R	0	0	0	0	0	0	0
1977	D	0	0	0	0	0	0	0
1978	G	0	0	0	0	0	0	0
1979	L	0	0	0	0	0	0	0
1980	L	0	0	0	0	0	0	0
1981	E	0	0	0	0	0	0	0
1982	N	0	0	0	0	0	0	0
1983	Q	0	0	0	0	0	0	0
1984	T	0	0	0	0	0	0	0
1985	P	0	0	0	0	0	0	0
1986	E	0	0	0	0	0	0	0
1987	F	0	0	0	0	0	0	0
1988	F	0	0	0	0	0	0	0
1989	Q	0	0	0	0	0	0	0
1990	D	0	0	0	0	0	0	0
1991	V	0	0	0	0	0	0	0
1992	C	S-glutathionyl cysteine	PEFFQDVCKPKYSGT	HHHHHHHHCCCCCCC	0	0	0	0
1993	K	Ubiquitinlysine	EFFQDVCKPKYSGTL	HHHHHHHCCCCCCCC	0	0	0	0
1994	P	0	0	0	0	0	0	0
1995	K	N6-acetyllysine	FQDVCKPKYSGTLNL	HHHHHCCCCCCCCCC	0	0	0	0
1996	Y	0	0	0	0	0	0	0
1997	S	0	0	0	0	0	0	0
1998	G	0	0	0	0	0	0	0
1999	T	Phosphothreonine	CKPKYSGTLNLDRVT	HCCCCCCCCCCHHHH	0	0	0	0
2000	L	0	0	0	0	0	0	0
2001	N	0	0	0	0	0	0	0
2002	L	0	0	0	0	0	0	0
2003	D	0	0	0	0	0	0	0
2004	R	0	0	0	0	0	0	0
2005	V	0	0	0	0	0	0	0
2006	T	0	0	0	0	0	0	0
2007	R	0	0	0	0	0	0	0
2008	E	0	0	0	0	0	0	0
2009	A	0	0	0	0	0	0	0
2010	C	S-glutathionyl cysteine	DRVTREACPELDYFV	HHHHHHHCCCCCEEE	0	0	0	0
2011	P	0	0	0	0	0	0	0
2012	E	0	0	0	0	0	0	0
2013	L	0	0	0	0	0	0	0
2014	D	0	0	0	0	0	0	0
2015	Y	0	0	0	0	0	0	0
2016	F	0	0	0	0	0	0	0
2017	V	0	0	0	0	0	0	0
2018	V	0	0	0	0	0	0	0
2019	F	0	0	0	0	0	0	0
2020	S	0	0	0	0	0	0	0
2021	S	0	0	0	0	0	0	0
2022	V	0	0	0	0	0	0	0
2023	S	0	0	0	0	0	0	0
2024	C	0	0	0	0	0	0	0
2025	G	0	0	0	0	0	0	0
2026	R	0	0	0	0	0	0	0
2027	G	0	0	0	0	0	0	0
2028	N	0	0	0	0	0	0	0
2029	A	0	0	0	0	0	0	0
2030	G	0	0	0	0	0	0	0
2031	Q	0	0	0	0	0	0	0
2032	S	0	0	0	0	0	0	0
2033	N	0	0	0	0	0	0	0
2034	Y	Phosphotyrosine	GNAGQSNYGFANSAM	CCCCCCCCHHCHHHH	0	0	0	0
2035	G	0	0	0	0	0	0	0
2036	F	0	0	0	0	0	0	0
2037	A	0	0	0	0	0	0	0
2038	N	0	0	0	0	0	0	0
2039	S	0	0	0	0	0	0	0
2040	A	0	0	0	0	0	0	0
2041	M	0	0	0	0	0	0	0
2042	E	0	0	0	0	0	0	0
2043	R	0	0	0	0	0	0	0
2044	I	0	0	0	0	0	0	0
2045	C	0	0	0	0	0	0	0
2046	E	0	0	0	0	0	0	0
2047	K	Ubiquitinlysine	AMERICEKRRHEGLP	HHHHHHHHHCCCCCC	0	0	0	0
2048	R	0	0	0	0	0	0	0
2049	R	0	0	0	0	0	0	0
2050	H	0	0	0	0	0	0	0
2051	E	0	0	0	0	0	0	0
2052	G	0	0	0	0	0	0	0
2053	L	0	0	0	0	0	0	0
2054	P	0	0	0	0	0	0	0
2055	G	0	0	0	0	0	0	0
2056	L	0	0	0	0	0	0	0
2057	A	0	0	0	0	0	0	0
2058	V	0	0	0	0	0	0	0
2059	Q	0	0	0	0	0	0	0
2060	W	0	0	0	0	0	0	0
2061	G	0	0	0	0	0	0	0
2062	A	0	0	0	0	0	0	0
2063	I	0	0	0	0	0	0	0
2064	G	0	0	0	0	0	0	0
2065	D	0	0	0	0	0	0	0
2066	V	0	0	0	0	0	0	0
2067	G	0	0	0	0	0	0	0
2068	I	0	0	0	0	0	0	0
2069	L	0	0	0	0	0	0	0
2070	V	0	0	0	0	0	0	0
2071	E	0	0	0	0	0	0	0
2072	T	0	0	0	0	0	0	0
2073	M	0	0	0	0	0	0	0
2074	S	0	0	0	0	0	0	0
2075	T	0	0	0	0	0	0	0
2076	N	0	0	0	0	0	0	0
2077	D	0	0	0	0	0	0	0
2078	T	0	0	0	0	0	0	0
2079	I	0	0	0	0	0	0	0
2080	V	0	0	0	0	0	0	0
2081	S	0	0	0	0	0	0	0
2082	G	0	0	0	0	0	0	0
2083	T	0	0	0	0	0	0	0
2084	L	0	0	0	0	0	0	0
2085	P	0	0	0	0	0	0	0
2086	Q	0	0	0	0	0	0	0
2087	R	0	0	0	0	0	0	0
2088	M	0	0	0	0	0	0	0
2089	A	0	0	0	0	0	0	0
2090	S	0	0	0	0	0	0	0
2091	C	0	0	0	0	0	0	0
2092	L	0	0	0	0	0	0	0
2093	E	0	0	0	0	0	0	0
2094	V	0	0	0	0	0	0	0
2095	L	0	0	0	0	0	0	0
2096	D	0	0	0	0	0	0	0
2097	L	0	0	0	0	0	0	0
2098	F	0	0	0	0	0	0	0
2099	L	0	0	0	0	0	0	0
2100	N	0	0	0	0	0	0	0
2101	Q	0	0	0	0	0	0	0
2102	P	0	0	0	0	0	0	0
2103	H	0	0	0	0	0	0	0
2104	M	0	0	0	0	0	0	0
2105	V	0	0	0	0	0	0	0
2106	L	0	0	0	0	0	0	0
2107	S	0	0	0	0	0	0	0
2108	S	0	0	0	0	0	0	0
2109	F	0	0	0	0	0	0	0
2110	V	0	0	0	0	0	0	0
2111	L	0	0	0	0	0	0	0
2112	A	0	0	0	0	0	0	0
2113	E	0	0	0	0	0	0	0
2114	K	0	0	0	0	0	0	0
2115	A	0	0	0	0	0	0	0
2116	A	0	0	0	0	0	0	0
2117	A	0	0	0	0	0	0	0
2118	Y	0	0	0	0	0	0	0
2119	R	0	0	0	0	0	0	0
2120	D	0	0	0	0	0	0	0
2121	R	0	0	0	0	0	0	0
2122	D	0	0	0	0	0	0	0
2123	S	Phosphoserine	AAYRDRDSQRDLVEA	HHHCCCHHHHHHHHH	0	0	0	0
2124	Q	0	0	0	0	0	0	0
2125	R	0	0	0	0	0	0	0
2126	D	0	0	0	0	0	0	0
2127	L	0	0	0	0	0	0	0
2128	V	0	0	0	0	0	0	0
2129	E	0	0	0	0	0	0	0
2130	A	0	0	0	0	0	0	0
2131	V	0	0	0	0	0	0	0
2132	A	0	0	0	0	0	0	0
2133	H	0	0	0	0	0	0	0
2134	I	0	0	0	0	0	0	0
2135	L	0	0	0	0	0	0	0
2136	G	0	0	0	0	0	0	0
2137	I	0	0	0	0	0	0	0
2138	R	0	0	0	0	0	0	0
2139	D	0	0	0	0	0	0	0
2140	L	0	0	0	0	0	0	0
2141	A	0	0	0	0	0	0	0
2142	A	0	0	0	0	0	0	0
2143	V	0	0	0	0	0	0	0
2144	N	0	0	0	0	0	0	0
2145	L	0	0	0	0	0	0	0
2146	D	0	0	0	0	0	0	0
2147	S	0	0	0	0	0	0	0
2148	S	0	0	0	0	0	0	0
2149	L	0	0	0	0	0	0	0
2150	A	0	0	0	0	0	0	0
2151	D	0	0	0	0	0	0	0
2152	L	0	0	0	0	0	0	0
2153	G	0	0	0	0	0	0	0
2154	L	0	0	0	0	0	0	0
2155	D	0	0	0	0	0	0	0
2156	S	O-(pantetheine 4'-phosphoryl)serine	LADLGLDSLMSVEVR	HHHCCHHHHCCHHHH	0	0	0	0
2157	L	0	0	0	0	0	0	0
2158	M	0	0	0	0	0	0	0
2159	S	Phosphoserine	LGLDSLMSVEVRQTL	CCHHHHCCHHHHHHH	0	0	0	0
2160	V	0	0	0	0	0	0	0
2161	E	0	0	0	0	0	0	0
2162	V	0	0	0	0	0	0	0
2163	R	0	0	0	0	0	0	0
2164	Q	0	0	0	0	0	0	0
2165	T	0	0	0	0	0	0	0
2166	L	0	0	0	0	0	0	0
2167	E	0	0	0	0	0	0	0
2168	R	0	0	0	0	0	0	0
2169	E	0	0	0	0	0	0	0
2170	L	0	0	0	0	0	0	0
2171	N	0	0	0	0	0	0	0
2172	L	0	0	0	0	0	0	0
2173	V	0	0	0	0	0	0	0
2174	L	0	0	0	0	0	0	0
2175	S	Phosphoserine	RELNLVLSVREVRQL	HHHHHHHHHHHHHHH	0	0	0	0
2176	V	0	0	0	0	0	0	0
2177	R	0	0	0	0	0	0	0
2178	E	0	0	0	0	0	0	0
2179	V	0	0	0	0	0	0	0
2180	R	0	0	0	0	0	0	0
2181	Q	0	0	0	0	0	0	0
2182	L	0	0	0	0	0	0	0
2183	T	0	0	0	0	0	0	0
2184	L	0	0	0	0	0	0	0
2185	R	0	0	0	0	0	0	0
2186	K	Ubiquitinlysine	VRQLTLRKLQELSSK	HHHHHHHHHHHHHHC	0	0	0	0
2187	L	0	0	0	0	0	0	0
2188	Q	0	0	0	0	0	0	0
2189	E	0	0	0	0	0	0	0
2190	L	0	0	0	0	0	0	0
2191	S	0	0	0	0	0	0	0
2192	S	Phosphoserine	RKLQELSSKADEASE	HHHHHHHHCCHHHHH	0	0	0	0
2193	K	N6-malonyllysine	KLQELSSKADEASEL	HHHHHHHCCHHHHHH	0	0	0	0
2194	A	0	0	0	0	0	0	0
2195	D	0	0	0	0	0	0	0
2196	E	0	0	0	0	0	0	0
2197	A	0	0	0	0	0	0	0
2198	S	Phosphoserine	SSKADEASELACPTP	HHCCHHHHHHCCCCC	0	0	0	0
2199	E	0	0	0	0	0	0	0
2200	L	0	0	0	0	0	0	0
2201	A	0	0	0	0	0	0	0
2202	C	S-glutathionyl cysteine	DEASELACPTPKEDG	HHHHHHCCCCCCCCC	0	0	0	0
2203	P	0	0	0	0	0	0	0
2204	T	Phosphothreonine	ASELACPTPKEDGLA	HHHHCCCCCCCCCCH	0	0	0	0
2205	P	0	0	0	0	0	0	0
2206	K	N6-malonyllysine	ELACPTPKEDGLAQQ	HHCCCCCCCCCCHHH	0	0	0	0
2207	E	0	0	0	0	0	0	0
2208	D	0	0	0	0	0	0	0
2209	G	0	0	0	0	0	0	0
2210	L	0	0	0	0	0	0	0
2211	A	0	0	0	0	0	0	0
2212	Q	0	0	0	0	0	0	0
2213	Q	0	0	0	0	0	0	0
2214	Q	0	0	0	0	0	0	0
2215	T	Phosphothreonine	DGLAQQQTQLNLRSL	CCCHHHHHHHHHHHH	0	0	0	0
2216	Q	0	0	0	0	0	0	0
2217	L	0	0	0	0	0	0	0
2218	N	0	0	0	0	0	0	0
2219	L	0	0	0	0	0	0	0
2220	R	0	0	0	0	0	0	0
2221	S	0	0	0	0	0	0	0
2222	L	0	0	0	0	0	0	0
2223	L	0	0	0	0	0	0	0
2224	V	0	0	0	0	0	0	0
2225	N	0	0	0	0	0	0	0
2226	P	0	0	0	0	0	0	0
2227	E	0	0	0	0	0	0	0
2228	G	0	0	0	0	0	0	0
2229	P	0	0	0	0	0	0	0
2230	T	0	0	0	0	0	0	0
2231	L	0	0	0	0	0	0	0
2232	M	0	0	0	0	0	0	0
2233	R	0	0	0	0	0	0	0
2234	L	0	0	0	0	0	0	0
2235	N	0	0	0	0	0	0	0
2236	S	Phosphoserine	PTLMRLNSVQSSERP	CCEEECCCCCCCCCC	0	0	0	0
2237	V	0	0	0	0	0	0	0
2238	Q	0	0	0	0	0	0	0
2239	S	Phosphoserine	MRLNSVQSSERPLFL	EECCCCCCCCCCEEE	0	0	0	0
2240	S	Phosphoserine	RLNSVQSSERPLFLV	ECCCCCCCCCCEEEE	0	0	0	0
2241	E	0	0	0	0	0	0	0
2242	R	0	0	0	0	0	0	0
2243	P	0	0	0	0	0	0	0
2244	L	0	0	0	0	0	0	0
2245	F	0	0	0	0	0	0	0
2246	L	0	0	0	0	0	0	0
2247	V	0	0	0	0	0	0	0
2248	H	0	0	0	0	0	0	0
2249	P	0	0	0	0	0	0	0
2250	I	0	0	0	0	0	0	0
2251	E	0	0	0	0	0	0	0
2252	G	0	0	0	0	0	0	0
2253	S	0	0	0	0	0	0	0
2254	T	0	0	0	0	0	0	0
2255	T	0	0	0	0	0	0	0
2256	V	0	0	0	0	0	0	0
2257	F	0	0	0	0	0	0	0
2258	H	0	0	0	0	0	0	0
2259	S	0	0	0	0	0	0	0
2260	L	0	0	0	0	0	0	0
2261	A	0	0	0	0	0	0	0
2262	S	0	0	0	0	0	0	0
2263	R	0	0	0	0	0	0	0
2264	L	0	0	0	0	0	0	0
2265	S	Phosphoserine	HSLASRLSIPTYGLQ	HHHHHHCCCCCCCCC	0	0	0	0
2266	I	0	0	0	0	0	0	0
2267	P	0	0	0	0	0	0	0
2268	T	Phosphothreonine	ASRLSIPTYGLQCTR	HHHCCCCCCCCCCCC	0	0	0	0
2269	Y	Phosphotyrosine	SRLSIPTYGLQCTRA	HHCCCCCCCCCCCCC	0	0	0	0
2270	G	0	0	0	0	0	0	0
2271	L	0	0	0	0	0	0	0
2272	Q	0	0	0	0	0	0	0
2273	C	S-glutathionyl cysteine	IPTYGLQCTRAAPLD	CCCCCCCCCCCCCCH	0	0	0	0
2274	T	0	0	0	0	0	0	0
2275	R	0	0	0	0	0	0	0
2276	A	0	0	0	0	0	0	0
2277	A	0	0	0	0	0	0	0
2278	P	0	0	0	0	0	0	0
2279	L	0	0	0	0	0	0	0
2280	D	0	0	0	0	0	0	0
2281	S	0	0	0	0	0	0	0
2282	I	0	0	0	0	0	0	0
2283	H	0	0	0	0	0	0	0
2284	S	0	0	0	0	0	0	0
2285	L	0	0	0	0	0	0	0
2286	A	0	0	0	0	0	0	0
2287	A	0	0	0	0	0	0	0
2288	Y	0	0	0	0	0	0	0
2289	Y	0	0	0	0	0	0	0
2290	I	0	0	0	0	0	0	0
2291	D	0	0	0	0	0	0	0
2292	C	0	0	0	0	0	0	0
2293	I	0	0	0	0	0	0	0
2294	R	0	0	0	0	0	0	0
2295	Q	0	0	0	0	0	0	0
2296	V	0	0	0	0	0	0	0
2297	Q	0	0	0	0	0	0	0
2298	P	0	0	0	0	0	0	0
2299	E	0	0	0	0	0	0	0
2300	G	0	0	0	0	0	0	0
2301	P	0	0	0	0	0	0	0
2302	Y	0	0	0	0	0	0	0
2303	R	0	0	0	0	0	0	0
2304	V	0	0	0	0	0	0	0
2305	A	0	0	0	0	0	0	0
2306	G	0	0	0	0	0	0	0
2307	Y	0	0	0	0	0	0	0
2308	S	0	0	0	0	0	0	0
2309	Y	0	0	0	0	0	0	0
2310	G	0	0	0	0	0	0	0
2311	A	0	0	0	0	0	0	0
2312	C	0	0	0	0	0	0	0
2313	V	0	0	0	0	0	0	0
2314	A	0	0	0	0	0	0	0
2315	F	0	0	0	0	0	0	0
2316	E	0	0	0	0	0	0	0
2317	M	0	0	0	0	0	0	0
2318	C	0	0	0	0	0	0	0
2319	S	0	0	0	0	0	0	0
2320	Q	0	0	0	0	0	0	0
2321	L	0	0	0	0	0	0	0
2322	Q	0	0	0	0	0	0	0
2323	A	0	0	0	0	0	0	0
2324	Q	0	0	0	0	0	0	0
2325	Q	0	0	0	0	0	0	0
2326	S	0	0	0	0	0	0	0
2327	P	0	0	0	0	0	0	0
2328	A	0	0	0	0	0	0	0
2329	P	0	0	0	0	0	0	0
2330	T	0	0	0	0	0	0	0
2331	H	0	0	0	0	0	0	0
2332	N	0	0	0	0	0	0	0
2333	S	0	0	0	0	0	0	0
2334	L	0	0	0	0	0	0	0
2335	F	0	0	0	0	0	0	0
2336	L	0	0	0	0	0	0	0
2337	F	0	0	0	0	0	0	0
2338	D	0	0	0	0	0	0	0
2339	G	0	0	0	0	0	0	0
2340	S	0	0	0	0	0	0	0
2341	P	0	0	0	0	0	0	0
2342	T	0	0	0	0	0	0	0
2343	Y	0	0	0	0	0	0	0
2344	V	0	0	0	0	0	0	0
2345	L	0	0	0	0	0	0	0
2346	A	0	0	0	0	0	0	0
2347	Y	0	0	0	0	0	0	0
2348	T	0	0	0	0	0	0	0
2349	Q	0	0	0	0	0	0	0
2350	S	0	0	0	0	0	0	0
2351	Y	0	0	0	0	0	0	0
2352	R	0	0	0	0	0	0	0
2353	A	0	0	0	0	0	0	0
2354	K	N6-acetyllysine	YTQSYRAKLTPGCEA	EEHHHHCCCCCCCCC	0	0	0	0
2355	L	0	0	0	0	0	0	0
2356	T	Phosphothreonine	QSYRAKLTPGCEAEA	HHHHCCCCCCCCCHH	0	0	0	0
2357	P	0	0	0	0	0	0	0
2358	G	0	0	0	0	0	0	0
2359	C	0	0	0	0	0	0	0
2360	E	0	0	0	0	0	0	0
2361	A	0	0	0	0	0	0	0
2362	E	0	0	0	0	0	0	0
2363	A	0	0	0	0	0	0	0
2364	E	0	0	0	0	0	0	0
2365	T	0	0	0	0	0	0	0
2366	E	0	0	0	0	0	0	0
2367	A	0	0	0	0	0	0	0
2368	I	0	0	0	0	0	0	0
2369	C	0	0	0	0	0	0	0
2370	F	0	0	0	0	0	0	0
2371	F	0	0	0	0	0	0	0
2372	V	0	0	0	0	0	0	0
2373	Q	0	0	0	0	0	0	0
2374	Q	0	0	0	0	0	0	0
2375	F	0	0	0	0	0	0	0
2376	T	0	0	0	0	0	0	0
2377	D	0	0	0	0	0	0	0
2378	M	0	0	0	0	0	0	0
2379	E	0	0	0	0	0	0	0
2380	H	0	0	0	0	0	0	0
2381	N	0	0	0	0	0	0	0
2382	R	0	0	0	0	0	0	0
2383	V	0	0	0	0	0	0	0
2384	L	0	0	0	0	0	0	0
2385	E	0	0	0	0	0	0	0
2386	A	0	0	0	0	0	0	0
2387	L	0	0	0	0	0	0	0
2388	L	0	0	0	0	0	0	0
2389	P	0	0	0	0	0	0	0
2390	L	0	0	0	0	0	0	0
2391	K	Ubiquitinlysine	LEALLPLKGLEERVA	HHHHHHCCCHHHHHH	0	0	0	0
2392	G	0	0	0	0	0	0	0
2393	L	0	0	0	0	0	0	0
2394	E	0	0	0	0	0	0	0
2395	E	0	0	0	0	0	0	0
2396	R	0	0	0	0	0	0	0
2397	V	0	0	0	0	0	0	0
2398	A	0	0	0	0	0	0	0
2399	A	0	0	0	0	0	0	0
2400	A	0	0	0	0	0	0	0
2401	V	0	0	0	0	0	0	0
2402	D	0	0	0	0	0	0	0
2403	L	0	0	0	0	0	0	0
2404	I	0	0	0	0	0	0	0
2405	I	0	0	0	0	0	0	0
2406	K	N6-acetyllysine	AAVDLIIKSHQGLDR	HHHHHHHHCCCCCCH	0	0	0	0
2407	S	0	0	0	0	0	0	0
2408	H	0	0	0	0	0	0	0
2409	Q	0	0	0	0	0	0	0
2410	G	0	0	0	0	0	0	0
2411	L	0	0	0	0	0	0	0
2412	D	0	0	0	0	0	0	0
2413	R	0	0	0	0	0	0	0
2414	Q	0	0	0	0	0	0	0
2415	E	0	0	0	0	0	0	0
2416	L	0	0	0	0	0	0	0
2417	S	0	0	0	0	0	0	0
2418	F	0	0	0	0	0	0	0
2419	A	0	0	0	0	0	0	0
2420	A	0	0	0	0	0	0	0
2421	R	0	0	0	0	0	0	0
2422	S	0	0	0	0	0	0	0
2423	F	0	0	0	0	0	0	0
2424	Y	Phosphotyrosine	SFAARSFYYKLRAAE	HHHHHHHHHHHHHHH	0	0	0	0
2425	Y	Phosphotyrosine	FAARSFYYKLRAAEQ	HHHHHHHHHHHHHHH	0	0	0	0
2426	K	N6-acetyllysine	AARSFYYKLRAAEQY	HHHHHHHHHHHHHHH	0	0	0	0
2427	L	0	0	0	0	0	0	0
2428	R	0	0	0	0	0	0	0
2429	A	0	0	0	0	0	0	0
2430	A	0	0	0	0	0	0	0
2431	E	0	0	0	0	0	0	0
2432	Q	0	0	0	0	0	0	0
2433	Y	Phosphotyrosine	KLRAAEQYTPKAKYH	HHHHHHHHCCCCEEE	0	0	0	0
2434	T	0	0	0	0	0	0	0
2435	P	0	0	0	0	0	0	0
2436	K	Ubiquitinlysine	AAEQYTPKAKYHGNV	HHHHHCCCCEEECCE	0	0	0	0
2437	A	0	0	0	0	0	0	0
2438	K	N6-acetyllysine	EQYTPKAKYHGNVML	HHHCCCCEEECCEEE	0	0	0	0
2439	Y	Phosphotyrosine	QYTPKAKYHGNVMLL	HHCCCCEEECCEEEE	0	0	0	0
2440	H	0	0	0	0	0	0	0
2441	G	0	0	0	0	0	0	0
2442	N	0	0	0	0	0	0	0
2443	V	0	0	0	0	0	0	0
2444	M	0	0	0	0	0	0	0
2445	L	0	0	0	0	0	0	0
2446	L	0	0	0	0	0	0	0
2447	R	0	0	0	0	0	0	0
2448	A	0	0	0	0	0	0	0
2449	K	Ubiquitinlysine	NVMLLRAKTGGAYGE	CEEEEEEECCCCCCC	0	0	0	0
2450	T	0	0	0	0	0	0	0
2451	G	0	0	0	0	0	0	0
2452	G	0	0	0	0	0	0	0
2453	A	0	0	0	0	0	0	0
2454	Y	0	0	0	0	0	0	0
2455	G	0	0	0	0	0	0	0
2456	E	0	0	0	0	0	0	0
2457	D	0	0	0	0	0	0	0
2458	L	0	0	0	0	0	0	0
2459	G	0	0	0	0	0	0	0
2460	A	0	0	0	0	0	0	0
2461	D	0	0	0	0	0	0	0
2462	Y	0	0	0	0	0	0	0
2463	N	0	0	0	0	0	0	0
2464	L	0	0	0	0	0	0	0
2465	S	0	0	0	0	0	0	0
2466	Q	0	0	0	0	0	0	0
2467	V	0	0	0	0	0	0	0
2468	C	S-glutathionyl cysteine	DYNLSQVCDGKVSVH	CCCHHHHCCCEEEEE	0	0	0	0
2469	D	0	0	0	0	0	0	0
2470	G	0	0	0	0	0	0	0
2471	K	N6-acetyllysine	LSQVCDGKVSVHVIE	HHHHCCCEEEEEEEE	0	0	0	0
2472	V	0	0	0	0	0	0	0
2473	S	0	0	0	0	0	0	0
2474	V	0	0	0	0	0	0	0
2475	H	0	0	0	0	0	0	0
2476	V	0	0	0	0	0	0	0
2477	I	0	0	0	0	0	0	0
2478	E	0	0	0	0	0	0	0
2479	G	0	0	0	0	0	0	0
2480	D	0	0	0	0	0	0	0
2481	H	0	0	0	0	0	0	0
2482	R	0	0	0	0	0	0	0
2483	T	Phosphothreonine	VIEGDHRTLLEGSGL	EEECCCCEECCCCCH	0	0	0	0
2484	L	0	0	0	0	0	0	0
2485	L	0	0	0	0	0	0	0
2486	E	0	0	0	0	0	0	0
2487	G	0	0	0	0	0	0	0
2488	S	Phosphoserine	HRTLLEGSGLESIIS	CCEECCCCCHHHHHH	0	0	0	0
2489	G	0	0	0	0	0	0	0
2490	L	0	0	0	0	0	0	0
2491	E	0	0	0	0	0	0	0
2492	S	0	0	0	0	0	0	0
2493	I	0	0	0	0	0	0	0
2494	I	0	0	0	0	0	0	0
2495	S	0	0	0	0	0	0	0
2496	I	0	0	0	0	0	0	0
2497	I	0	0	0	0	0	0	0
2498	H	0	0	0	0	0	0	0
2499	S	Phosphoserine	SIISIIHSSLAEPRV	HHHHHHHHHHCCCCC	0	0	0	0
2500	S	0	0	0	0	0	0	0
2501	L	0	0	0	0	0	0	0
2502	A	0	0	0	0	0	0	0
2503	E	0	0	0	0	0	0	0
2504	P	0	0	0	0	0	0	0
2505	R	0	0	0	0	0	0	0
2506	V	0	0	0	0	0	0	0
2507	S	0	0	0	0	0	0	0
2508	V	0	0	0	0	0	0	0
2509	R	0	0	0	0	0	0	0
2510	E	0	0	0	0	0	0	0
2511	G	0	0	0	0	0	0	0
