location	residue	Modification	seq	secStruc	RelatedDisease	VariantPosition	ResidueChange	DaPSbySAP
1	M	0	0	0	0	0	0	0
2	R	0	0	0	0	0	0	0
3	S	0	0	0	0	0	0	0
4	M	0	0	0	0	0	0	0
5	K	0	0	0	0	0	0	0
6	A	0	0	0	0	0	0	0
7	L	0	0	0	0	0	0	0
8	Q	0	0	0	0	0	0	0
9	K	0	0	0	0	0	0	0
10	A	0	0	0	0	0	0	0
11	L	0	0	0	0	0	0	0
12	S	0	0	0	0	0	0	0
13	R	0	0	0	0	0	0	0
14	A	0	0	0	0	0	0	0
15	G	0	0	0	0	0	0	0
16	S	0	0	0	0	0	0	0
17	H	0	0	0	0	0	0	0
18	C	0	0	0	0	0	0	0
19	G	0	0	0	0	0	0	0
20	R	0	0	0	0	0	0	0
21	G	0	0	0	0	0	0	0
22	G	0	0	0	0	0	0	0
23	W	0	0	0	0	0	0	0
24	G	0	0	0	0	0	0	0
25	H	0	0	0	0	0	0	0
26	P	0	0	0	0	0	0	0
27	S	0	0	0	0	0	0	0
28	R	0	0	0	0	0	0	0
29	S	0	0	0	0	0	0	0
30	P	0	0	0	0	0	0	0
31	L	0	0	0	0	0	0	0
32	L	0	0	0	0	0	0	0
33	G	0	0	0	0	0	0	0
34	G	0	0	0	0	0	0	0
35	G	0	0	0	0	0	0	0
36	V	0	0	0	0	0	0	0
37	R	0	0	0	0	0	0	0
38	H	0	0	0	0	0	0	0
39	H	0	0	0	0	0	0	0
40	L	0	0	0	0	0	0	0
41	S	0	0	0	0	0	0	0
42	E	0	0	0	0	0	0	0
43	A	0	0	0	0	0	0	0
44	A	0	0	0	0	0	0	0
45	A	0	0	0	0	0	0	0
46	Q	0	0	0	0	0	0	0
47	G	0	0	0	0	0	0	0
48	R	0	0	0	0	0	0	0
49	E	0	0	0	0	0	0	0
50	T	0	0	0	0	0	0	0
51	P	0	0	0	0	0	0	0
52	H	0	0	0	0	0	0	0
53	S	0	0	0	0	0	0	0
54	H	0	0	0	0	0	0	0
55	Q	0	0	0	0	0	0	0
56	P	0	0	0	0	0	0	0
57	Q	0	0	0	0	0	0	0
58	H	0	0	0	0	0	0	0
59	Q	0	0	0	0	0	0	0
60	D	0	0	0	0	0	0	0
61	H	0	0	0	0	0	0	0
62	D	0	0	0	0	0	0	0
63	S	0	0	0	0	0	0	0
64	S	0	0	0	0	0	0	0
65	E	0	0	0	0	0	0	0
66	S	0	0	0	0	0	0	0
67	G	0	0	0	0	0	0	0
68	M	0	0	0	0	0	0	0
69	L	0	0	0	0	0	0	0
70	S	0	0	0	0	0	0	0
71	R	0	0	0	0	0	0	0
72	L	0	0	0	0	0	0	0
73	G	0	0	0	0	0	0	0
74	D	0	0	0	0	0	0	0
75	L	0	0	0	0	0	0	0
76	L	0	0	0	0	0	0	0
77	F	0	0	0	0	0	0	0
78	Y	0	0	0	0	0	0	0
79	T	0	0	0	0	0	0	0
80	I	0	0	0	0	0	0	0
81	A	0	0	0	0	0	0	0
82	E	0	0	0	0	0	0	0
83	G	0	0	0	0	0	0	0
84	Q	0	0	0	0	0	0	0
85	E	0	0	0	0	0	0	0
86	R	0	0	0	0	0	0	0
87	I	0	0	0	0	0	0	0
88	P	0	0	0	0	0	0	0
89	I	0	0	0	0	0	0	0
90	H	0	0	0	0	0	0	0
91	K	0	0	0	0	0	0	0
92	F	0	0	0	0	0	0	0
93	T	0	0	0	0	0	0	0
94	T	0	0	0	0	0	0	0
95	A	0	0	0	0	0	0	0
96	L	0	0	0	0	0	0	0
97	K	0	0	0	0	0	0	0
98	A	0	0	0	0	0	0	0
99	T	0	0	0	0	0	0	0
100	G	0	0	0	0	0	0	0
101	L	0	0	0	0	0	0	0
102	Q	0	0	0	0	0	0	0
103	T	0	0	0	0	0	0	0
104	S	0	0	0	0	0	0	0
105	D	0	0	0	0	0	0	0
106	P	0	0	0	0	0	0	0
107	R	0	0	0	0	0	0	0
108	L	0	0	0	0	0	0	0
109	R	0	0	0	0	0	0	0
110	D	0	0	0	0	0	0	0
111	C	0	0	0	0	0	0	0
112	M	0	0	0	0	0	0	0
113	S	0	0	0	0	0	0	0
114	E	0	0	0	0	0	0	0
115	M	0	0	0	0	0	0	0
116	H	0	0	0	0	0	0	0
117	R	0	0	0	0	0	0	0
118	V	0	0	0	0	0	0	0
119	V	0	0	0	0	0	0	0
120	Q	0	0	0	0	0	0	0
121	E	0	0	0	0	0	0	0
122	S	0	0	0	0	0	0	0
123	S	0	0	0	0	0	0	0
124	S	0	0	0	0	0	0	0
125	G	0	0	0	0	0	0	0
126	G	0	0	0	0	0	0	0
127	L	0	0	0	0	0	0	0
128	L	0	0	0	0	0	0	0
129	D	0	0	0	0	0	0	0
130	R	0	0	0	0	0	0	0
131	D	0	0	0	0	0	0	0
132	L	0	0	0	0	0	0	0
133	F	0	0	0	0	0	0	0
134	R	0	0	0	0	0	0	0
135	K	0	0	0	0	0	0	0
136	C	S-nitrosocysteine	DRDLFRKCVSSNIVL	CHHHHHHHHHCCHHH	0	0	0	0
137	V	0	0	0	0	0	0	0
138	S	0	0	0	0	0	0	0
139	S	0	0	0	0	0	0	0
140	N	0	0	0	0	0	0	0
141	I	0	0	0	0	0	0	0
142	V	0	0	0	0	0	0	0
143	L	0	0	0	0	0	0	0
144	L	0	0	0	0	0	0	0
145	T	0	0	0	0	0	0	0
146	Q	0	0	0	0	0	0	0
147	A	0	0	0	0	0	0	0
148	F	0	0	0	0	0	0	0
149	R	0	0	0	0	0	0	0
150	K	0	0	0	0	0	0	0
151	K	0	0	0	0	0	0	0
152	F	0	0	0	0	0	0	0
153	V	0	0	0	0	0	0	0
154	I	0	0	0	0	0	0	0
155	P	0	0	0	0	0	0	0
156	D	0	0	0	0	0	0	0
157	F	0	0	0	0	0	0	0
158	E	0	0	0	0	0	0	0
159	E	0	0	0	0	0	0	0
160	F	0	0	0	0	0	0	0
161	T	0	0	0	0	0	0	0
162	G	0	0	0	0	0	0	0
163	H	0	0	0	0	0	0	0
164	V	0	0	0	0	0	0	0
165	D	0	0	0	0	0	0	0
166	R	0	0	0	0	0	0	0
167	I	0	0	0	0	0	0	0
168	F	0	0	0	0	0	0	0
169	E	0	0	0	0	0	0	0
170	D	0	0	0	0	0	0	0
171	V	0	0	0	0	0	0	0
172	K	0	0	0	0	0	0	0
173	E	0	0	0	0	0	0	0
174	L	0	0	0	0	0	0	0
175	T	0	0	0	0	0	0	0
176	G	0	0	0	0	0	0	0
177	G	0	0	0	0	0	0	0
178	K	0	0	0	0	0	0	0
179	V	0	0	0	0	0	0	0
180	A	0	0	0	0	0	0	0
181	A	0	0	0	0	0	0	0
182	Y	0	0	0	0	0	0	0
183	I	0	0	0	0	0	0	0
184	P	0	0	0	0	0	0	0
185	Q	0	0	0	0	0	0	0
186	L	0	0	0	0	0	0	0
187	A	0	0	0	0	0	0	0
188	K	0	0	0	0	0	0	0
189	S	0	0	0	0	0	0	0
190	N	0	0	0	0	0	0	0
191	P	0	0	0	0	0	0	0
192	D	0	0	0	0	0	0	0
193	L	0	0	0	0	0	0	0
194	W	0	0	0	0	0	0	0
195	G	0	0	0	0	0	0	0
196	V	0	0	0	0	0	0	0
197	S	0	0	0	0	0	0	0
198	L	0	0	0	0	0	0	0
199	C	0	0	0	0	0	0	0
200	T	0	0	0	0	0	0	0
201	V	0	0	0	0	0	0	0
202	D	0	0	0	0	0	0	0
203	G	0	0	0	0	0	0	0
204	Q	0	0	0	0	0	0	0
205	R	0	0	0	0	0	0	0
206	H	0	0	0	0	0	0	0
207	S	0	0	0	0	0	0	0
208	V	0	0	0	0	0	0	0
209	G	0	0	0	0	0	0	0
210	H	0	0	0	0	0	0	0
211	T	0	0	0	0	0	0	0
212	K	0	0	0	0	0	0	0
213	I	0	0	0	0	0	0	0
214	P	0	0	0	0	0	0	0
215	F	0	0	0	0	0	0	0
216	C	0	0	0	0	0	0	0
217	L	0	0	0	0	0	0	0
218	Q	0	0	0	0	0	0	0
219	S	0	0	0	0	0	0	0
220	C	0	0	0	0	0	0	0
221	V	0	0	0	0	0	0	0
222	K	0	0	0	0	0	0	0
223	P	0	0	0	0	0	0	0
224	L	0	0	0	0	0	0	0
225	T	0	0	0	0	0	0	0
226	Y	0	0	0	0	0	0	0
227	A	0	0	0	0	0	0	0
228	I	0	0	0	0	0	0	0
229	S	0	0	0	0	0	0	0
230	I	0	0	0	0	0	0	0
231	S	0	0	0	0	0	0	0
232	T	0	0	0	0	0	0	0
233	L	0	0	0	0	0	0	0
234	G	0	0	0	0	0	0	0
235	T	0	0	0	0	0	0	0
236	D	0	0	0	0	0	0	0
237	Y	0	0	0	0	0	0	0
238	V	0	0	0	0	0	0	0
239	H	0	0	0	0	0	0	0
240	K	0	0	0	0	0	0	0
241	F	0	0	0	0	0	0	0
242	V	0	0	0	0	0	0	0
243	G	0	0	0	0	0	0	0
244	K	0	0	0	0	0	0	0
245	E	0	0	0	0	0	0	0
246	P	0	0	0	0	0	0	0
247	S	0	0	0	0	0	0	0
248	G	0	0	0	0	0	0	0
249	L	0	0	0	0	0	0	0
250	R	0	0	0	0	0	0	0
251	Y	0	0	0	0	0	0	0
252	N	0	0	0	0	0	0	0
253	K	0	0	0	0	0	0	0
254	L	0	0	0	0	0	0	0
255	S	0	0	0	0	0	0	0
256	L	0	0	0	0	0	0	0
257	N	0	0	0	0	0	0	0
258	E	0	0	0	0	0	0	0
259	E	0	0	0	0	0	0	0
260	G	0	0	0	0	0	0	0
261	I	0	0	0	0	0	0	0
262	P	0	0	0	0	0	0	0
263	H	0	0	0	0	0	0	0
264	N	0	0	0	0	0	0	0
265	P	0	0	0	0	0	0	0
266	M	0	0	0	0	0	0	0
267	V	0	0	0	0	0	0	0
268	N	0	0	0	0	0	0	0
269	A	0	0	0	0	0	0	0
270	G	0	0	0	0	0	0	0
271	A	0	0	0	0	0	0	0
272	I	0	0	0	0	0	0	0
273	V	0	0	0	0	0	0	0
274	V	0	0	0	0	0	0	0
275	S	0	0	0	0	0	0	0
276	S	0	0	0	0	0	0	0
277	L	0	0	0	0	0	0	0
278	I	0	0	0	0	0	0	0
279	K	0	0	0	0	0	0	0
280	M	0	0	0	0	0	0	0
281	D	0	0	0	0	0	0	0
282	C	0	0	0	0	0	0	0
283	N	0	0	0	0	0	0	0
284	K	0	0	0	0	0	0	0
285	A	0	0	0	0	0	0	0
286	E	0	0	0	0	0	0	0
287	K	0	0	0	0	0	0	0
288	F	0	0	0	0	0	0	0
289	D	0	0	0	0	0	0	0
290	F	0	0	0	0	0	0	0
291	V	0	0	0	0	0	0	0
292	L	0	0	0	0	0	0	0
293	Q	0	0	0	0	0	0	0
294	Y	0	0	0	0	0	0	0
295	L	0	0	0	0	0	0	0
296	N	0	0	0	0	0	0	0
297	K	0	0	0	0	0	0	0
298	M	0	0	0	0	0	0	0
299	A	0	0	0	0	0	0	0
300	G	0	0	0	0	0	0	0
301	N	0	0	0	0	0	0	0
302	E	0	0	0	0	0	0	0
303	Y	Phosphotyrosine	NKMAGNEYMGFSNAT	HHHCCCCCCCCCCCE	0	0	0	0
304	M	0	0	0	0	0	0	0
305	G	0	0	0	0	0	0	0
306	F	0	0	0	0	0	0	0
307	S	0	0	0	0	0	0	0
308	N	0	0	0	0	0	0	0
309	A	0	0	0	0	0	0	0
310	T	Phosphothreonine	YMGFSNATFQSEKET	CCCCCCCEEECCHHH	Metabolic traits:metabolite measurement;Blood metabolite levels:blood metabolite measurement;Amino acid levels:blood metabolite measurement, amino acid measurement;Metabolite levels (small molecules and protein measures):blood metabolite measurement, protein measurement, amino acid measurement	316 (6)	0	0
311	F	0	0	0	0	0	0	0
312	Q	0	0	0	0	0	0	0
313	S	0	0	0	0	0	0	0
314	E	0	0	0	0	0	0	0
315	K	0	0	0	0	0	0	0
316	E	0	0	0	0	0	P	310
317	T	0	0	0	0	0	0	0
318	G	0	0	0	0	0	0	0
319	D	0	0	0	0	0	0	0
320	R	0	0	0	0	0	0	0
321	N	0	0	0	0	0	0	0
322	Y	0	0	0	0	0	0	0
323	A	0	0	0	0	0	0	0
324	I	0	0	0	0	0	0	0
325	G	0	0	0	0	0	0	0
326	Y	0	0	0	0	0	0	0
327	Y	0	0	0	0	0	0	0
328	L	0	0	0	0	0	0	0
329	K	0	0	0	0	0	0	0
330	E	0	0	0	0	0	0	0
331	K	0	0	0	0	0	0	0
332	K	0	0	0	0	0	0	0
333	C	0	0	0	0	0	0	0
334	F	0	0	0	0	0	0	0
335	P	0	0	0	0	0	0	0
336	K	0	0	0	0	0	0	0
337	G	0	0	0	0	0	0	0
338	V	0	0	0	0	0	0	0
339	D	0	0	0	0	0	0	0
340	M	0	0	0	0	0	0	0
341	M	0	0	0	0	0	0	0
342	A	0	0	0	0	0	0	0
343	A	0	0	0	0	0	0	0
344	L	0	0	0	0	0	0	0
345	D	0	0	0	0	0	0	0
346	L	0	0	0	0	0	0	0
347	Y	0	0	0	0	0	0	0
348	F	0	0	0	0	0	0	0
349	Q	0	0	0	0	0	0	0
350	L	0	0	0	0	0	0	0
351	C	0	0	0	0	0	0	0
352	S	0	0	0	0	0	0	0
353	V	0	0	0	0	0	0	0
354	E	0	0	0	0	0	0	0
355	V	0	0	0	0	0	0	0
356	T	0	0	0	0	0	0	0
357	C	0	0	0	0	0	0	0
358	E	0	0	0	0	0	0	0
359	S	0	0	0	0	0	0	0
360	G	0	0	0	0	0	0	0
361	S	0	0	0	0	0	0	0
362	V	0	0	0	0	0	0	0
363	M	0	0	0	0	0	0	0
364	A	0	0	0	0	0	0	0
365	A	0	0	0	0	0	0	0
366	T	0	0	0	0	0	0	0
367	L	0	0	0	0	0	0	0
368	A	0	0	0	0	0	0	0
369	N	0	0	0	0	0	0	0
370	G	0	0	0	0	0	0	0
371	G	0	0	0	0	0	0	0
372	I	0	0	0	0	0	0	0
373	C	0	0	0	0	0	0	0
374	P	0	0	0	0	0	0	0
375	I	0	0	0	0	0	0	0
376	T	0	0	0	0	0	0	0
377	G	0	0	0	0	0	0	0
378	E	0	0	0	0	0	0	0
379	S	0	0	0	0	0	0	0
380	V	0	0	0	0	0	0	0
381	L	0	0	0	0	0	0	0
382	S	0	0	0	0	0	0	0
383	A	0	0	0	0	0	0	0
384	E	0	0	0	0	0	0	0
385	A	0	0	0	0	0	0	0
386	V	0	0	0	0	0	0	0
387	R	0	0	0	0	0	0	0
388	N	0	0	0	0	0	0	0
389	T	0	0	0	0	0	0	0
390	L	0	0	0	0	0	0	0
391	S	0	0	0	0	0	0	0
392	L	0	0	0	0	0	0	0
393	M	0	0	0	0	0	0	0
394	H	0	0	0	0	0	0	0
395	S	0	0	0	0	0	0	0
396	C	0	0	0	0	0	0	0
397	G	0	0	0	0	0	0	0
398	M	0	0	0	0	0	0	0
399	Y	0	0	0	0	0	0	0
400	D	0	0	0	0	0	0	0
401	F	0	0	0	0	0	0	0
402	S	0	0	0	0	0	0	0
403	G	0	0	0	0	0	0	0
404	Q	0	0	0	0	0	0	0
405	F	0	0	0	0	0	0	0
406	A	0	0	0	0	0	0	0
407	F	0	0	0	0	0	0	0
408	H	0	0	0	0	0	0	0
409	V	0	0	0	0	0	0	0
410	G	0	0	0	0	0	0	0
411	L	0	0	0	0	0	0	0
412	P	0	0	0	0	0	0	0
413	A	0	0	0	0	0	0	0
414	K	0	0	0	0	0	0	0
415	S	0	0	0	0	0	0	0
416	A	0	0	0	0	0	0	0
417	V	0	0	0	0	0	0	0
418	S	0	0	0	0	0	0	0
419	G	0	0	0	0	0	0	0
420	A	0	0	0	0	0	0	0
421	I	0	0	0	0	0	0	0
422	L	0	0	0	0	0	0	0
423	L	0	0	0	0	0	0	0
424	V	0	0	0	0	0	0	0
425	V	0	0	0	0	0	0	0
426	P	0	0	0	0	0	0	0
427	N	0	0	0	0	0	0	0
428	V	0	0	0	0	0	0	0
429	M	0	0	0	0	0	0	0
430	G	0	0	0	0	0	0	0
431	M	0	0	0	0	0	0	0
432	M	0	0	0	0	0	0	0
433	C	0	0	0	0	0	0	0
434	L	0	0	0	0	0	0	0
435	S	0	0	0	0	0	0	0
436	P	0	0	0	0	0	0	0
437	P	0	0	0	0	0	0	0
438	L	0	0	0	0	0	0	0
439	D	0	0	0	0	0	0	0
440	K	0	0	0	0	0	0	0
441	L	0	0	0	0	0	0	0
442	G	0	0	0	0	0	0	0
443	N	0	0	0	0	0	0	0
444	S	0	0	0	0	0	0	0
445	H	0	0	0	0	0	0	0
446	R	0	0	0	0	0	0	0
447	G	0	0	0	0	0	0	0
448	T	0	0	0	0	0	0	0
449	S	0	0	0	0	0	0	0
450	F	0	0	0	0	0	0	0
451	C	0	0	0	0	0	0	0
452	Q	0	0	0	0	0	0	0
453	K	0	0	0	0	0	0	0
454	L	0	0	0	0	0	0	0
455	V	0	0	0	0	0	0	0
456	S	0	0	0	0	0	0	0
457	L	0	0	0	0	0	0	0
458	F	0	0	0	0	0	0	0
459	N	0	0	0	0	0	0	0
460	F	0	0	0	0	0	0	0
461	H	0	0	0	0	0	0	0
462	N	0	0	0	0	0	0	0
463	Y	0	0	0	0	0	0	0
464	D	0	0	0	0	0	0	0
465	N	0	0	0	0	0	0	0
466	L	0	0	0	0	0	0	0
467	R	0	0	0	0	0	0	0
468	H	0	0	0	0	0	0	0
469	C	0	0	0	0	0	0	0
470	A	0	0	0	0	0	0	0
471	R	0	0	0	0	0	0	0
472	K	0	0	0	0	0	0	0
473	L	0	0	0	0	0	0	0
474	D	0	0	0	0	0	0	0
475	P	0	0	0	0	0	0	0
476	R	0	0	0	0	0	0	0
477	R	0	0	0	0	0	0	0
478	E	0	0	0	0	0	0	0
479	G	0	0	0	0	0	0	0
480	A	0	0	0	0	0	0	0
481	E	0	0	0	0	0	0	0
482	I	0	0	0	0	0	0	0
483	R	0	0	0	0	0	0	0
484	N	0	0	0	0	0	0	0
485	K	0	0	0	0	0	0	0
486	T	0	0	0	0	0	0	0
487	V	0	0	0	0	0	0	0
488	V	0	0	0	0	0	0	0
489	N	0	0	0	0	0	0	0
490	L	0	0	0	0	0	0	0
491	L	0	0	0	0	0	0	0
492	F	0	0	0	0	0	0	0
493	A	0	0	0	0	0	0	0
494	A	0	0	0	0	0	0	0
495	Y	0	0	0	0	0	0	0
496	S	0	0	0	0	0	0	0
497	G	0	0	0	0	0	0	0
498	D	0	0	0	0	0	0	0
499	V	0	0	0	0	0	0	0
500	S	0	0	0	0	0	0	0
501	A	0	0	0	0	0	0	0
502	L	0	0	0	0	0	0	0
503	R	0	0	0	0	0	0	0
504	R	0	0	0	0	0	0	0
505	F	0	0	0	0	0	0	0
506	A	0	0	0	0	0	0	0
507	L	0	0	0	0	0	0	0
508	S	0	0	0	0	0	0	0
509	A	0	0	0	0	0	0	0
510	M	0	0	0	0	0	0	0
511	D	0	0	0	0	0	0	0
512	M	0	0	0	0	0	0	0
513	E	0	0	0	0	0	0	0
514	Q	0	0	0	0	0	0	0
515	K	0	0	0	0	0	0	0
516	D	0	0	0	0	0	0	0
517	Y	0	0	0	0	0	0	0
518	D	0	0	0	0	0	0	0
519	S	0	0	0	0	0	0	0
520	R	0	0	0	0	0	0	0
521	T	0	0	0	0	0	0	0
522	A	0	0	0	0	0	0	0
523	L	0	0	0	0	0	0	0
524	H	0	0	0	0	0	0	0
525	V	0	0	0	0	0	0	0
526	A	0	0	0	0	0	0	0
527	A	0	0	0	0	0	0	0
528	A	0	0	0	0	0	0	0
529	E	0	0	0	0	0	0	0
530	G	0	0	0	0	0	0	0
531	H	0	0	0	0	0	0	0
532	I	0	0	0	0	0	0	0
533	E	0	0	0	0	0	0	0
534	V	0	0	0	0	0	0	0
535	V	0	0	0	0	0	0	0
536	K	0	0	0	0	0	0	0
537	F	0	0	0	0	0	0	0
538	L	0	0	0	0	0	0	0
539	I	0	0	0	0	0	0	0
540	E	0	0	0	0	0	0	0
541	A	0	0	0	0	0	0	0
542	C	0	0	0	0	0	0	0
543	K	0	0	0	0	0	0	0
544	V	0	0	0	0	0	0	0
545	N	0	0	0	0	0	0	0
546	P	0	0	0	0	0	0	0
547	F	0	0	0	0	0	0	0
548	A	0	0	0	0	0	0	0
549	K	0	0	0	0	0	0	0
550	D	0	0	0	0	0	0	0
551	R	0	0	0	0	0	0	0
552	W	0	0	0	0	0	0	0
553	G	0	0	0	0	0	0	0
554	N	0	0	0	0	0	0	0
555	I	0	0	0	0	0	0	0
556	P	0	0	0	0	0	0	0
557	L	0	0	0	0	0	0	0
558	D	0	0	0	0	0	0	0
559	D	0	0	0	0	0	0	0
560	A	0	0	0	0	0	0	0
561	V	0	0	0	0	0	0	0
562	Q	0	0	0	0	0	0	0
563	F	0	0	0	0	0	0	0
564	N	0	0	0	0	0	0	0
565	H	0	0	0	0	0	0	0
566	L	0	0	0	0	0	0	0
567	E	0	0	0	0	0	0	0
568	V	0	0	0	0	0	0	0
569	V	0	0	0	0	0	0	0
570	K	0	0	0	0	0	0	0
571	L	0	0	0	0	0	0	0
572	L	0	0	0	0	0	0	0
573	Q	0	0	0	0	0	0	0
574	D	0	0	0	0	0	0	0
575	Y	0	0	0	0	0	0	0
576	Q	0	0	0	0	0	0	0
577	D	0	0	0	0	0	0	0
578	S	0	0	0	0	0	0	0
579	Y	0	0	0	0	0	0	0
580	T	0	0	0	0	0	0	0
581	L	0	0	0	0	0	0	0
582	S	0	0	0	0	0	0	0
583	E	0	0	0	0	0	0	0
584	T	0	0	0	0	0	0	0
585	Q	0	0	0	0	0	0	0
586	A	0	0	0	0	0	0	0
587	E	0	0	0	0	0	0	0
588	A	0	0	0	0	0	0	0
589	A	0	0	0	0	0	0	0
590	A	0	0	0	0	0	0	0
591	E	0	0	0	0	0	0	0
592	A	0	0	0	0	0	0	0
593	L	0	0	0	0	0	0	0
594	S	0	0	0	0	0	0	0
595	K	0	0	0	0	0	0	0
596	E	0	0	0	0	0	0	0
597	N	0	0	0	0	0	0	0
598	L	0	0	0	0	0	0	0
599	E	0	0	0	0	0	0	0
600	S	0	0	0	0	0	0	0
601	M	0	0	0	0	0	0	0
602	V	0	0	0	0	0	0	0
