location	residue	Modification	seq	secStruc	RelatedDisease	VariantPosition	ResidueChange	DaPSbySAP
1	M	0	0	0	0	0	0	0
2	L	0	0	0	0	0	0	0
3	P	0	0	0	0	0	0	0
4	N	0	0	0	0	0	0	0
5	T	0	0	0	0	0	0	0
6	G	0	0	0	0	0	0	0
7	R	0	0	0	0	0	0	0
8	L	0	0	0	0	0	0	0
9	A	0	0	0	0	0	0	0
10	G	0	0	0	0	0	0	0
11	C	0	0	0	0	0	0	0
12	T	0	0	0	0	0	0	0
13	V	0	0	0	0	0	0	0
14	F	0	0	0	0	0	0	0
15	I	0	0	0	0	0	0	0
16	T	0	0	0	0	0	0	0
17	G	0	0	0	0	0	0	0
18	A	0	0	0	0	0	0	0
19	S	0	0	0	0	0	0	0
20	R	0	0	0	0	0	0	0
21	G	0	0	0	0	0	0	0
22	I	0	0	0	0	0	0	0
23	G	0	0	0	0	0	0	0
24	K	0	0	0	0	0	0	0
25	A	0	0	0	0	0	0	0
26	I	0	0	0	0	0	0	0
27	A	0	0	0	0	0	0	0
28	L	0	0	0	0	0	0	0
29	K	N6-methyllysine	IGKAIALKAAKDGAN	HHHHHHHHHHCCCCC	0	0	0	0
30	A	0	0	0	0	0	0	0
31	A	0	0	0	0	0	0	0
32	K	N6-succinyllysine	AIALKAAKDGANIVI	HHHHHHHCCCCCEEE	0	0	0	0
33	D	0	0	0	0	0	0	0
34	G	0	0	0	0	0	0	0
35	A	0	0	0	0	0	0	0
36	N	0	0	0	0	0	0	0
37	I	0	0	0	0	0	0	0
38	V	0	0	0	0	0	0	0
39	I	0	0	0	0	0	0	0
40	A	0	0	0	0	0	0	0
41	A	0	0	0	0	0	0	0
42	K	N6-succinyllysine	ANIVIAAKTAQPHPK	CCEEEEEECCCCCHH	0	0	0	0
43	T	0	0	0	0	0	0	0
44	A	0	0	0	0	0	T;P	49,49
45	Q	0	0	0	0	0	0	0
46	P	0	0	0	0	0	0	0
47	H	0	0	0	0	0	0	0
48	P	0	0	0	0	0	0	0
49	K	Ubiquitinlysine	KTAQPHPKLLGTIYT	ECCCCCHHHHHHHHH	Epstein-Barr virus copy number in lymphoblastoid cell lines:Epstein-Barr virus infection	44 (5)	0	0
50	L	0	0	0	0	0	0	0
51	L	0	0	0	0	0	0	0
52	G	0	0	0	0	0	0	0
53	T	0	0	0	0	0	0	0
54	I	0	0	0	0	0	0	0
55	Y	0	0	0	0	0	0	0
56	T	0	0	0	0	0	0	0
57	A	0	0	0	0	0	0	0
58	A	0	0	0	0	0	0	0
59	E	0	0	0	0	0	0	0
60	E	0	0	0	0	0	0	0
61	I	0	0	0	0	0	0	0
62	E	0	0	0	0	0	0	0
63	A	0	0	0	0	0	0	0
64	V	0	0	0	0	0	0	0
65	G	0	0	0	0	0	0	0
66	G	0	0	0	0	0	0	0
67	K	0	0	0	0	0	0	0
68	A	0	0	0	0	0	0	0
69	L	0	0	0	0	0	0	0
70	P	0	0	0	0	0	0	0
71	C	0	0	0	0	0	0	0
72	I	0	0	0	0	0	0	0
73	V	0	0	0	0	0	0	0
74	D	0	0	0	0	0	0	0
75	V	0	0	0	0	0	0	0
76	R	0	0	0	0	0	0	0
77	D	0	0	0	0	0	0	0
78	E	0	0	0	0	0	0	0
79	Q	0	0	0	0	0	0	0
80	Q	0	0	0	0	0	0	0
81	I	0	0	0	0	0	0	0
82	S	0	0	0	0	0	0	0
83	A	0	0	0	0	0	0	0
84	A	0	0	0	0	0	0	0
85	V	0	0	0	0	0	0	0
86	E	0	0	0	0	0	0	0
87	K	N6-succinyllysine	QISAAVEKAIKKFGG	HHHHHHHHHHHHHCC	0	0	0	0
88	A	0	0	0	0	0	0	0
89	I	0	0	0	0	0	0	0
90	K	0	0	0	0	0	0	0
91	K	0	0	0	0	0	0	0
92	F	0	0	0	0	0	0	0
93	G	0	0	0	0	0	0	0
94	G	0	0	0	0	0	0	0
95	I	0	0	0	0	0	0	0
96	D	0	0	0	0	0	0	0
97	I	0	0	0	0	0	0	0
98	L	0	0	0	0	0	0	0
99	V	0	0	0	0	0	0	0
100	N	0	0	0	0	0	0	0
101	N	0	0	0	0	0	0	0
102	A	0	0	0	0	0	0	0
103	S	0	0	0	0	0	0	0
104	A	0	0	0	0	0	0	0
105	I	0	0	0	0	0	0	0
106	S	0	0	0	0	0	0	0
107	L	0	0	0	0	0	0	0
108	T	0	0	0	0	0	0	0
109	N	0	0	0	0	0	0	0
110	T	0	0	0	0	0	0	0
111	L	0	0	0	0	0	0	0
112	D	0	0	0	0	0	0	0
113	T	0	0	0	0	0	0	0
114	P	0	0	0	0	0	0	0
115	T	0	0	0	0	0	0	0
116	K	N6-acetyllysine	NTLDTPTKRLDLMMN	CCCCCCCCHHEEEEC	0	0	0	0
117	R	0	0	0	0	0	0	0
118	L	0	0	0	0	0	0	0
119	D	0	0	0	0	0	0	0
120	L	0	0	0	0	0	0	0
121	M	0	0	0	0	0	0	0
122	M	0	0	0	0	0	0	0
123	N	0	0	0	0	0	0	0
124	V	0	0	0	0	0	0	0
125	N	0	0	0	0	0	0	0
126	T	0	0	0	0	0	0	0
127	R	0	0	0	0	0	0	0
128	G	0	0	0	0	0	0	0
129	T	0	0	0	0	0	0	0
130	Y	0	0	0	0	0	0	0
131	L	0	0	0	0	0	0	0
132	A	0	0	0	0	0	0	0
133	S	0	0	0	0	0	0	0
134	K	0	0	0	0	0	0	0
135	A	0	0	0	0	0	0	0
136	C	0	0	0	0	0	0	0
137	I	0	0	0	0	0	0	0
138	P	0	0	0	0	0	0	0
139	Y	0	0	0	0	0	0	0
140	L	0	0	0	0	0	0	0
141	K	N6-succinyllysine	KACIPYLKKSKVAHI	HHHHHHHCCCCEEEE	0	0	0	0
142	K	0	0	0	0	0	0	0
143	S	0	0	0	0	0	0	0
144	K	0	0	0	0	0	0	0
145	V	0	0	0	0	0	0	0
146	A	0	0	0	0	0	0	0
147	H	0	0	0	0	0	0	0
148	I	0	0	0	0	0	0	0
149	L	0	0	0	0	0	0	0
150	N	0	0	0	0	0	0	0
151	I	0	0	0	0	0	0	0
152	S	0	0	0	0	0	0	0
153	P	0	0	0	0	0	0	0
154	P	0	0	0	0	0	0	0
155	L	0	0	0	0	0	0	0
156	N	0	0	0	0	0	0	0
157	L	0	0	0	0	0	0	0
158	N	0	0	0	0	0	0	0
159	P	0	0	0	0	0	0	0
160	V	0	0	0	0	0	0	0
161	W	0	0	0	0	0	0	0
162	F	0	0	0	0	0	0	0
163	K	N6-methyllysine	NLNPVWFKQHCAYTI	CCCCHHHHHHHHHHH	0	0	0	0
164	Q	0	0	0	0	0	0	0
165	H	0	0	0	0	0	0	0
166	C	0	0	0	0	0	0	0
167	A	0	0	0	0	0	0	0
168	Y	0	0	0	0	0	0	0
169	T	0	0	0	0	0	0	0
170	I	0	0	0	0	0	0	0
171	A	0	0	0	0	0	0	0
172	K	N6-methyllysine	HCAYTIAKYGMSMYV	HHHHHHHHHHHHHHH	0	0	0	0
173	Y	0	0	0	0	0	0	0
174	G	0	0	0	0	0	0	0
175	M	0	0	0	0	0	0	0
176	S	0	0	0	0	0	0	0
177	M	0	0	0	0	0	0	0
178	Y	0	0	0	0	0	0	0
179	V	0	0	0	0	0	0	0
180	L	0	0	0	0	0	0	0
181	G	0	0	0	0	0	0	0
182	M	0	0	0	0	0	0	0
183	A	0	0	0	0	0	0	0
184	E	0	0	0	0	0	0	0
185	E	0	0	0	0	0	0	0
186	F	0	0	0	0	0	0	0
187	K	0	0	0	0	0	0	0
188	G	0	0	0	0	0	0	0
189	E	0	0	0	0	0	0	0
190	I	0	0	0	0	0	0	0
191	A	0	0	0	0	0	0	0
192	V	0	0	0	0	0	0	0
193	N	0	0	0	0	0	0	0
194	A	0	0	0	0	0	0	0
195	L	0	0	0	0	0	0	0
196	W	0	0	0	0	0	0	0
197	P	0	0	0	0	0	0	0
198	K	0	0	0	0	0	0	0
199	T	0	0	0	0	0	0	0
200	A	0	0	0	0	0	0	0
201	I	0	0	0	0	0	0	0
202	H	0	0	0	0	0	0	0
203	T	0	0	0	0	0	0	0
204	A	0	0	0	0	0	0	0
205	A	0	0	0	0	0	0	0
206	M	0	0	0	0	0	0	0
207	D	0	0	0	0	0	0	0
208	M	0	0	0	0	0	0	0
209	L	0	0	0	0	0	0	0
210	G	0	0	0	0	0	0	0
211	G	0	0	0	0	0	0	0
212	P	0	0	0	0	0	0	0
213	G	0	0	0	0	0	0	0
214	I	0	0	0	0	0	0	0
215	E	0	0	0	0	0	0	0
216	S	0	0	0	0	0	0	0
217	Q	0	0	0	0	0	0	0
218	C	S-glutathionyl cysteine	GPGIESQCRKVDIIA	CCCHHHHHCCHHHHH	0	0	0	0
219	R	0	0	0	0	0	0	0
220	K	0	0	0	0	0	0	0
221	V	0	0	0	0	0	0	0
222	D	0	0	0	0	0	0	0
223	I	0	0	0	0	0	0	0
224	I	0	0	0	0	0	0	0
225	A	0	0	0	0	0	0	0
226	D	0	0	0	0	0	0	0
227	A	0	0	0	0	0	0	0
228	A	0	0	0	0	0	0	0
229	Y	0	0	0	0	0	0	0
230	S	0	0	0	0	0	0	0
231	I	0	0	0	0	0	0	0
232	F	0	0	0	0	0	0	0
233	Q	0	0	0	0	0	0	0
234	K	N6-acetyllysine	AAYSIFQKPKSFTGN	HHHHHHCCCCCCCCC	0	0	0	0
235	P	0	0	0	0	0	0	0
236	K	0	0	0	0	0	0	0
237	S	0	0	0	0	0	0	0
238	F	0	0	0	0	0	0	0
239	T	Phosphothreonine	FQKPKSFTGNFVIDE	HCCCCCCCCCEEECC	0	0	0	0
240	G	0	0	0	0	0	0	0
241	N	0	0	0	0	0	0	0
242	F	0	0	0	0	0	0	0
243	V	0	0	0	0	0	0	0
244	I	0	0	0	0	0	0	0
245	D	0	0	0	0	0	0	0
246	E	0	0	0	0	0	0	0
247	N	0	0	0	0	0	0	0
248	I	0	0	0	0	0	0	0
249	L	0	0	0	0	0	0	0
250	K	0	0	0	0	0	0	0
251	E	0	0	0	0	0	0	0
252	E	0	0	0	0	0	0	0
253	G	0	0	0	0	0	0	0
254	I	0	0	0	0	0	0	0
255	E	0	0	0	0	0	0	0
256	N	0	0	0	0	0	0	0
257	F	0	0	0	0	0	0	0
258	D	0	0	0	0	0	0	0
259	V	0	0	0	0	0	0	0
260	Y	0	0	0	0	0	0	0
261	A	0	0	0	0	0	0	0
262	I	0	0	0	0	0	0	0
263	K	0	0	0	0	0	0	0
264	P	0	0	0	0	0	0	0
265	G	0	0	0	0	0	0	0
266	H	0	0	0	0	0	0	0
267	P	0	0	0	0	0	0	0
268	L	0	0	0	0	0	0	0
269	Q	0	0	0	0	0	0	0
270	P	0	0	0	0	0	0	0
271	D	0	0	0	0	0	0	0
272	F	0	0	0	0	0	0	0
273	F	0	0	0	0	0	0	0
274	L	0	0	0	0	0	0	0
275	D	0	0	0	0	0	0	0
276	E	0	0	0	0	0	0	0
277	Y	0	0	0	0	0	0	0
278	P	0	0	0	0	0	0	0
279	E	0	0	0	0	0	0	0
280	A	0	0	0	0	0	0	0
281	V	0	0	0	0	0	0	0
282	S	0	0	0	0	0	0	0
283	K	0	0	0	0	0	0	0
284	K	N6-acetyllysine	YPEAVSKKVESTGAV	CHHHHHHHHHHCCCC	0	0	0	0
285	V	0	0	0	0	0	0	0
286	E	0	0	0	0	0	0	0
287	S	Phosphoserine	AVSKKVESTGAVPEF	HHHHHHHHCCCCCCH	0	0	0	0
288	T	Phosphothreonine	VSKKVESTGAVPEFK	HHHHHHHCCCCCCHH	0	0	0	0
289	G	0	0	0	0	0	0	0
290	A	0	0	0	0	0	0	0
291	V	0	0	0	0	0	0	0
292	P	0	0	0	0	0	0	0
293	E	0	0	0	0	0	0	0
294	F	0	0	0	0	0	0	0
295	K	N6-acetyllysine	TGAVPEFKEEKLQLQ	CCCCCCHHHHHHCCC	0	0	0	0
296	E	0	0	0	0	0	0	0
297	E	0	0	0	0	0	0	0
298	K	0	0	0	0	0	0	0
299	L	0	0	0	0	0	0	0
300	Q	0	0	0	0	0	0	0
301	L	0	0	0	0	0	0	0
302	Q	0	0	0	0	0	0	0
303	P	0	0	0	0	0	0	0
304	K	N6-succinyllysine	EKLQLQPKPRSGAVE	HHHCCCCCCCCCCHH	0	0	0	0
305	P	0	0	0	0	0	0	0
306	R	0	0	0	0	0	0	0
307	S	0	0	0	0	0	0	0
308	G	0	0	0	0	0	0	0
309	A	0	0	0	0	0	0	0
310	V	0	0	0	0	0	0	0
311	E	0	0	0	0	0	0	0
312	E	0	0	0	0	0	0	0
313	T	0	0	0	0	0	0	0
314	F	0	0	0	0	0	0	0
315	R	0	0	0	0	0	0	0
316	I	0	0	0	0	0	0	0
317	V	0	0	0	0	0	0	0
318	K	0	0	0	0	0	0	0
319	D	0	0	0	0	0	0	0
320	S	Phosphoserine	TFRIVKDSLSDDVVK	HHHHHHHCCCHHHHH	0	0	0	0
321	L	0	0	0	0	0	0	0
322	S	Phosphoserine	RIVKDSLSDDVVKAT	HHHHHCCCHHHHHHH	0	0	0	0
323	D	0	0	0	0	0	0	0
324	D	0	0	0	0	0	0	0
325	V	0	0	0	0	0	0	0
326	V	0	0	0	0	0	0	0
327	K	0	0	0	0	0	0	0
328	A	0	0	0	0	0	0	0
329	T	0	0	0	0	0	0	0
330	Q	0	0	0	0	0	0	0
331	A	0	0	0	0	0	0	0
332	I	0	0	0	0	0	0	0
333	Y	0	0	0	0	0	0	0
334	L	0	0	0	0	0	0	0
335	F	0	0	0	0	0	0	0
336	E	0	0	0	0	0	0	0
337	L	0	0	0	0	0	0	0
338	S	0	0	0	0	0	0	0
339	G	0	0	0	0	0	0	0
340	E	0	0	0	0	0	0	0
341	D	0	0	0	0	0	0	0
342	G	0	0	0	0	0	0	0
343	G	0	0	0	0	0	0	0
344	T	0	0	0	0	0	0	0
345	W	0	0	0	0	0	0	0
346	F	0	0	0	0	0	0	0
347	L	0	0	0	0	0	0	0
348	D	0	0	0	0	0	0	0
349	L	0	0	0	0	0	0	0
350	K	0	0	0	0	0	0	0
351	S	0	0	0	0	0	0	0
352	K	0	0	0	0	0	0	0
353	G	0	0	0	0	0	0	0
354	G	0	0	0	0	0	0	0
355	N	0	0	0	0	0	0	0
356	V	0	0	0	0	0	0	0
357	G	0	0	0	0	0	0	0
358	Y	0	0	0	0	0	0	0
359	G	0	0	0	0	0	0	0
360	E	0	0	0	0	0	0	0
361	P	0	0	0	0	0	0	0
362	S	0	0	0	0	0	0	0
363	D	0	0	0	0	0	0	0
364	Q	0	0	0	0	0	0	0
365	A	0	0	0	0	0	0	0
366	D	0	0	0	0	0	0	0
367	V	0	0	0	0	0	0	0
368	V	0	0	0	0	0	0	0
369	M	0	0	0	0	0	0	0
370	S	0	0	0	0	0	0	0
371	M	0	0	0	0	0	0	0
372	T	0	0	0	0	0	0	0
373	T	0	0	0	0	0	0	0
374	D	0	0	0	0	0	0	0
375	D	0	0	0	0	0	0	0
376	F	0	0	0	0	0	0	0
377	V	0	0	0	0	0	0	0
378	K	0	0	0	0	0	0	0
379	M	0	0	0	0	0	0	0
380	F	0	0	0	0	0	0	0
381	S	0	0	0	0	0	0	0
382	G	0	0	0	0	0	0	0
383	K	N6-acetyllysine	FVKMFSGKLKPTMAF	HHHHHCCCCCCCEEH	0	0	0	0
384	L	0	0	0	0	0	0	0
385	K	N6-malonyllysine	KMFSGKLKPTMAFMS	HHHCCCCCCCEEHHC	0	0	0	0
386	P	0	0	0	0	0	0	0
387	T	0	0	0	0	0	0	0
388	M	0	0	0	0	0	0	0
389	A	0	0	0	0	0	0	0
390	F	0	0	0	0	0	0	0
391	M	0	0	0	0	0	0	0
392	S	0	0	0	0	0	0	0
393	G	0	0	0	0	0	0	0
394	K	N6-acetyllysine	TMAFMSGKLKIKGNM	CEEHHCCCEEEECHH	0	0	0	0
395	L	0	0	0	0	0	0	0
396	K	0	0	0	0	0	0	0
397	I	0	0	0	0	0	0	0
398	K	0	0	0	0	0	0	0
399	G	0	0	0	0	0	0	0
400	N	0	0	0	0	0	0	0
401	M	0	0	0	0	0	0	0
402	A	0	0	0	0	0	0	0
403	L	0	0	0	0	0	0	0
404	A	0	0	0	0	0	0	0
405	I	0	0	0	0	0	0	0
406	K	N6-acetyllysine	GNMALAIKLEKLMNQ	CHHHHHHHHHHHHHH	0	0	0	0
407	L	0	0	0	0	0	0	0
408	E	0	0	0	0	0	0	0
409	K	N6-succinyllysine	ALAIKLEKLMNQMNA	HHHHHHHHHHHHHHH	0	0	0	0
410	L	0	0	0	0	0	0	0
411	M	0	0	0	0	0	0	0
412	N	0	0	0	0	0	0	0
413	Q	0	0	0	0	0	0	0
414	M	0	0	0	0	0	0	0
415	N	0	0	0	0	0	0	0
416	A	0	0	0	0	0	0	0
417	R	0	0	0	0	0	0	0
418	L	0	0	0	0	0	0	0
