location	residue	Modification	seq	secStruc	RelatedDisease	VariantPosition	ResidueChange	DaPSbySAP
1	M	0	0	0	0	0	0	0
2	A	0	0	0	0	0	0	0
3	T	0	0	0	0	0	0	0
4	M	0	0	0	0	0	0	0
5	V	0	0	0	0	0	0	0
6	P	0	0	0	0	0	0	0
7	S	0	0	0	0	0	0	0
8	V	0	0	0	0	0	0	0
9	L	0	0	0	0	0	0	0
10	W	0	0	0	0	0	0	0
11	P	0	0	0	0	0	0	0
12	R	0	0	0	0	0	0	0
13	A	0	0	0	0	0	0	0
14	C	0	0	0	0	0	0	0
15	W	0	0	0	0	0	0	0
16	T	0	0	0	0	0	0	0
17	L	0	0	0	0	0	0	0
18	L	0	0	0	0	0	0	0
19	V	0	0	0	0	0	0	0
20	C	0	0	0	0	0	0	0
21	C	0	0	0	0	0	0	0
22	L	0	0	0	0	0	0	0
23	L	0	0	0	0	0	0	0
24	T	0	0	0	0	0	0	0
25	P	0	0	0	0	0	0	0
26	G	0	0	0	0	0	0	0
27	V	0	0	0	0	0	0	0
28	Q	0	0	0	0	0	0	0
29	G	0	0	0	0	0	0	0
30	Q	0	0	0	0	0	0	0
31	E	0	0	0	0	0	0	0
32	F	0	0	0	0	0	0	0
33	L	0	0	0	0	0	0	0
34	L	0	0	0	0	0	0	0
35	R	0	0	0	0	0	0	0
36	V	0	0	0	0	0	0	0
37	E	0	0	0	0	0	0	0
38	P	0	0	0	0	0	0	0
39	Q	0	0	0	0	0	0	0
40	N	0	0	0	0	0	0	0
41	P	0	0	0	0	0	0	0
42	V	0	0	0	0	0	0	0
43	L	0	0	0	0	0	0	0
44	S	0	0	0	0	0	0	0
45	A	0	0	0	0	0	0	0
46	G	0	0	0	0	0	0	0
47	G	0	0	0	0	0	0	0
48	S	0	0	0	0	0	0	0
49	L	0	0	0	0	0	0	0
50	F	N-linked Glycosylation	LSAGGSLFVNCSTDC	ECCCCCEEEECCCCC	0	0	0	0
51	V	0	0	0	0	0	0	0
52	N	N-linked (GlcNAc)	AGGSLFVNCSTDCPS	CCCCEEEECCCCCCC	0	0	0	0
53	C	0	0	0	0	0	0	0
54	S	0	0	0	0	0	0	0
55	T	0	0	0	0	0	0	0
56	D	0	0	0	0	0	0	0
57	C	0	0	0	0	0	0	0
58	P	0	0	0	0	0	0	0
59	S	0	0	0	0	0	0	0
60	S	0	0	0	0	0	0	0
61	E	0	0	0	0	0	0	0
62	K	0	0	0	0	0	0	0
63	I	0	0	0	0	0	0	0
64	A	0	0	0	0	0	0	0
65	L	0	0	0	0	0	0	0
66	E	0	0	0	0	0	0	0
67	T	0	0	0	0	0	0	0
68	S	0	0	0	0	0	0	0
69	L	0	0	0	0	0	0	0
70	S	0	0	0	0	0	0	0
71	K	0	0	0	0	0	0	0
72	E	0	0	0	0	0	0	0
73	L	0	0	0	0	0	0	0
74	V	0	0	0	0	0	0	0
75	A	0	0	0	0	0	0	0
76	S	0	0	0	0	0	0	0
77	G	0	0	0	0	0	0	0
78	M	0	0	0	0	0	0	0
79	G	0	0	0	0	0	0	0
80	W	0	0	0	0	0	0	0
81	A	0	0	0	0	0	0	0
82	A	0	0	0	0	0	0	0
83	F	0	0	0	0	0	0	0
84	N	N-linked (GlcNAc)	GMGWAAFNLSNVTGN	CCCEEEEEECCCCCC	0	0	0	0
85	L	0	0	0	0	0	0	0
86	S	0	0	0	0	0	0	0
87	N	N-linked (GlcNAc)	WAAFNLSNVTGNSRI	EEEEEECCCCCCCEE	0	0	0	0
88	V	0	0	0	0	0	0	0
89	T	0	0	0	0	0	0	0
90	G	0	0	0	0	0	0	0
91	N	N-linked (GlcNAc)	NLSNVTGNSRILCSV	EECCCCCCCEEEEEE	0	0	0	0
92	S	0	0	0	0	0	0	0
93	R	0	0	0	0	0	0	0
94	I	0	0	0	0	0	0	0
95	L	0	0	0	0	0	0	0
96	C	0	0	0	0	0	0	0
97	S	0	0	0	0	0	0	0
98	V	0	0	0	0	0	0	0
99	Y	0	0	0	0	0	0	0
100	C	0	0	0	0	0	0	0
101	N	0	0	0	0	0	0	0
102	G	0	0	0	0	0	0	0
103	S	0	0	0	0	0	0	0
104	Q	0	0	0	0	0	0	0
105	I	0	0	0	0	0	0	0
106	T	0	0	0	0	0	0	0
107	G	0	0	0	0	0	0	0
108	S	0	0	0	0	0	0	0
109	S	0	0	0	0	0	0	0
110	N	N-linked (GlcNAc)	SQITGSSNITVYRLP	CEEECCCCEEEEECC	Systemic lupus erythematosus or rheumatoid arthritis:rheumatoid arthritis, systemic lupus erythematosus	115 (5)	0	0
111	I	0	0	0	0	0	0	0
112	T	0	0	0	0	0	0	0
113	V	0	0	0	0	0	0	0
114	Y	0	0	0	0	0	0	0
115	R	0	0	0	0	0	G	110
116	L	0	0	0	0	0	0	0
117	P	0	0	0	0	0	0	0
118	E	0	0	0	0	0	0	0
119	R	0	0	0	0	0	0	0
120	V	0	0	0	0	0	0	0
121	E	0	0	0	0	0	0	0
122	L	0	0	0	0	0	0	0
123	A	0	0	0	0	0	0	0
124	P	0	0	0	0	0	0	0
125	L	0	0	0	0	0	0	0
126	P	0	0	0	0	0	0	0
127	P	0	0	0	0	0	0	0
128	W	0	0	0	0	0	0	0
129	Q	0	0	0	0	0	0	0
130	P	0	0	0	0	0	0	0
131	V	0	0	0	0	0	0	0
132	G	0	0	0	0	0	0	0
133	Q	0	0	0	0	0	0	0
134	N	N-linked (GlcNAc)	PWQPVGQNFTLRCQV	CCCCCCCCEEEEEEE	0	0	0	0
135	F	0	0	0	0	0	0	0
136	T	0	0	0	0	0	0	0
137	L	0	0	0	0	0	0	0
138	R	0	0	0	0	0	0	0
139	C	0	0	0	0	0	0	0
140	Q	0	0	0	0	0	0	0
141	V	0	0	0	0	0	0	0
142	E	0	0	0	0	0	0	0
143	D	0	0	0	0	0	0	0
144	G	0	0	0	0	0	0	0
145	S	0	0	0	0	0	0	0
146	P	0	0	0	0	0	0	0
147	R	0	0	0	0	0	0	0
148	T	0	0	0	0	0	0	0
149	S	0	0	0	0	0	0	0
150	L	0	0	0	0	0	0	0
151	T	Phosphothreonine	GSPRTSLTVVLLRWE	CCCCCEEEEEEEEEH	0	0	0	0
152	V	0	0	0	0	0	0	0
153	V	0	0	0	0	0	0	0
154	L	0	0	0	0	0	0	0
155	L	0	0	0	0	0	0	0
156	R	0	0	0	0	0	0	0
157	W	0	0	0	0	0	0	0
158	E	0	0	0	0	0	0	0
159	E	0	0	0	0	0	0	0
160	E	0	0	0	0	0	0	0
161	L	0	0	0	0	0	0	0
162	S	0	0	0	0	0	0	0
163	R	0	0	0	0	0	0	0
164	Q	0	0	0	0	0	0	0
165	P	0	0	0	0	0	0	0
166	A	0	0	0	0	0	0	0
167	V	0	0	0	0	0	0	0
168	E	0	0	0	0	0	0	0
169	E	0	0	0	0	0	0	0
170	P	0	0	0	0	0	0	0
171	A	0	0	0	0	0	0	0
172	E	0	0	0	0	0	0	0
173	V	0	0	0	0	0	0	0
174	T	0	0	0	0	0	0	0
175	A	0	0	0	0	0	0	0
176	T	0	0	0	0	0	0	0
177	V	0	0	0	0	0	0	0
178	L	0	0	0	0	0	0	0
179	A	0	0	0	0	0	0	0
180	S	0	0	0	0	0	0	0
181	R	0	0	0	0	0	0	0
182	D	0	0	0	0	0	0	0
183	D	0	0	0	0	0	0	0
184	H	0	0	0	0	0	0	0
185	G	0	0	0	0	0	0	0
186	A	0	0	0	0	0	0	0
187	P	0	0	0	0	0	0	0
188	F	0	0	0	0	0	0	0
189	S	0	0	0	0	0	0	0
190	C	0	0	0	0	0	0	0
191	R	0	0	0	0	0	0	0
192	T	0	0	0	0	0	0	0
193	E	0	0	0	0	0	0	0
194	L	0	0	0	0	0	0	0
195	D	0	0	0	0	0	0	0
196	M	0	0	0	0	0	0	0
197	Q	0	0	0	0	0	0	0
198	P	0	0	0	0	0	0	0
199	Q	0	0	0	0	0	0	0
200	G	0	0	0	0	0	0	0
201	L	0	0	0	0	0	0	0
202	G	0	0	0	0	0	0	0
203	L	0	0	0	0	0	0	0
204	F	0	0	0	0	0	0	0
205	V	0	0	0	0	0	0	0
206	N	N-linked (GlcNAc)	QGLGLFVNTSAPRQL	CCCEEEEECCCCCEE	0	0	0	0
207	T	0	0	0	0	0	0	0
208	S	0	0	0	0	0	0	0
209	A	0	0	0	0	0	0	0
210	P	0	0	0	0	0	0	0
211	R	0	0	0	0	0	0	0
212	Q	0	0	0	0	0	0	0
213	L	0	0	0	0	0	0	0
214	R	0	0	0	0	0	0	0
215	T	0	0	0	0	0	0	0
216	F	0	0	0	0	0	0	0
217	V	0	0	0	0	0	0	0
218	L	0	0	0	0	0	0	0
219	P	0	0	0	0	0	0	0
220	V	0	0	0	0	0	0	0
221	T	0	0	0	0	0	0	0
222	P	0	0	0	0	0	0	0
223	P	0	0	0	0	0	0	0
224	R	0	0	0	0	0	0	0
225	L	0	0	0	0	0	0	0
226	V	0	0	0	0	0	0	0
227	A	0	0	0	0	0	0	0
228	P	0	0	0	0	0	0	0
229	R	0	0	0	0	0	0	0
230	F	0	0	0	0	0	0	0
231	L	0	0	0	0	0	0	0
232	E	0	0	0	0	0	0	0
233	V	0	0	0	0	0	0	0
234	E	0	0	0	0	0	0	0
235	T	0	0	0	0	0	0	0
236	S	0	0	0	0	0	0	0
237	W	0	0	0	0	0	0	0
238	P	0	0	0	0	0	0	0
239	V	0	0	0	0	0	0	0
240	D	0	0	0	0	0	0	0
241	C	0	0	0	0	0	0	0
242	T	0	0	0	0	0	0	0
243	L	0	0	0	0	0	0	0
244	D	0	0	0	0	0	0	0
245	G	0	0	0	0	0	0	0
246	L	0	0	0	0	0	0	0
247	F	0	0	0	0	0	0	0
248	P	0	0	0	0	0	0	0
249	A	0	0	0	0	0	0	0
250	S	0	0	0	0	0	0	0
251	E	0	0	0	0	0	0	0
252	A	0	0	0	0	0	0	0
253	Q	0	0	0	0	0	0	0
254	V	0	0	0	0	0	0	0
255	Y	0	0	0	0	0	0	0
256	L	0	0	0	0	0	0	0
257	A	0	0	0	0	0	0	0
258	L	0	0	0	0	0	0	0
259	G	0	0	0	0	0	0	0
260	D	0	0	0	0	0	0	0
261	Q	0	0	0	0	0	0	0
262	M	0	0	0	0	0	0	0
263	L	0	0	0	0	0	0	0
264	N	0	0	0	0	0	0	0
265	A	0	0	0	0	0	0	0
266	T	0	0	0	0	0	0	0
267	V	0	0	0	0	0	0	0
268	M	0	0	0	0	0	0	0
269	N	N-linked Glycosylation	MLNATVMNHGDTLTA	HCCEEEECCCCEEEE	0	0	0	0
270	H	0	0	0	0	0	0	0
271	G	0	0	0	0	0	0	0
272	D	0	0	0	0	0	0	0
273	T	0	0	0	0	0	0	0
274	L	0	0	0	0	0	0	0
275	T	0	0	0	0	0	0	0
276	A	0	0	0	0	0	0	0
277	T	0	0	0	0	0	0	0
278	A	0	0	0	0	0	0	0
279	T	0	0	0	0	0	0	0
280	A	0	0	0	0	0	0	0
281	T	0	0	0	0	0	0	0
282	A	0	0	0	0	0	0	0
283	R	0	0	0	0	0	0	0
284	A	0	0	0	0	0	0	0
285	D	0	0	0	0	0	0	0
286	Q	0	0	0	0	0	0	0
287	E	0	0	0	0	0	0	0
288	G	0	0	0	0	0	0	0
289	A	0	0	0	0	0	0	0
290	R	0	0	0	0	0	0	0
291	E	0	0	0	0	0	0	0
292	I	0	0	0	0	0	0	0
293	V	0	0	0	0	0	0	0
294	C	0	0	0	0	0	0	0
295	N	N-linked (GlcNAc)	GAREIVCNVTLGGER	CCEEEEEEEEECCCH	0	0	0	0
296	V	0	0	0	0	0	0	0
297	T	0	0	0	0	0	0	0
298	L	0	0	0	0	0	0	0
299	G	0	0	0	0	0	0	0
300	G	0	0	0	0	0	0	0
301	E	0	0	0	0	0	0	0
302	R	0	0	0	0	0	0	0
303	R	0	0	0	0	0	0	0
304	E	0	0	0	0	0	0	0
305	A	0	0	0	0	0	0	0
306	R	0	0	0	0	0	0	0
307	E	0	0	0	0	0	0	0
308	N	0	0	0	0	0	0	0
309	L	0	0	0	0	0	0	0
310	T	0	0	0	0	0	0	0
311	V	0	0	0	0	0	0	0
312	F	0	0	0	0	0	0	0
313	S	0	0	0	0	0	0	0
314	F	0	0	0	0	0	0	0
315	L	0	0	0	0	0	0	0
316	G	0	0	0	0	0	0	0
317	P	0	0	0	0	0	0	0
318	I	0	0	0	0	0	0	0
319	V	0	0	0	0	0	0	0
320	N	0	0	0	0	0	0	0
321	L	0	0	0	0	0	0	0
322	S	0	0	0	0	0	0	0
323	E	0	0	0	0	0	0	0
324	P	0	0	0	0	0	0	0
325	T	0	0	0	0	0	0	0
326	A	0	0	0	0	0	0	0
327	H	0	0	0	0	0	0	0
328	E	0	0	0	0	0	0	0
329	G	0	0	0	0	0	0	0
330	S	0	0	0	0	0	0	0
331	T	0	0	0	0	0	0	0
332	V	0	0	0	0	0	0	0
333	T	0	0	0	0	0	0	0
334	V	0	0	0	0	0	0	0
335	S	0	0	0	0	0	0	0
336	C	0	0	0	0	0	0	0
337	M	0	0	0	0	0	0	0
338	A	0	0	0	0	0	0	0
339	G	0	0	0	0	0	0	0
340	A	0	0	0	0	0	0	0
341	R	0	0	0	0	0	0	0
342	V	0	0	0	0	0	0	0
343	Q	0	0	0	0	0	0	0
344	V	0	0	0	0	0	0	0
345	T	0	0	0	0	0	0	0
346	L	0	0	0	0	0	0	0
347	D	0	0	0	0	0	0	0
348	G	0	0	0	0	0	0	0
349	V	0	0	0	0	0	0	0
350	P	0	0	0	0	0	0	0
351	A	0	0	0	0	0	0	0
352	A	0	0	0	0	0	0	0
353	A	0	0	0	0	0	0	0
354	P	0	0	0	0	0	0	0
355	G	0	0	0	0	0	0	0
356	Q	0	0	0	0	0	0	0
357	P	0	0	0	0	0	0	0
358	A	0	0	0	0	0	0	0
359	Q	0	0	0	0	0	0	0
360	L	0	0	0	0	0	0	0
361	Q	0	0	0	0	0	0	0
362	L	0	0	0	0	0	0	0
363	N	N-linked Glycosylation	QPAQLQLNATESDDG	CCEEEEECCCCCCCC	0	0	0	0
364	A	0	0	0	0	0	0	0
365	T	0	0	0	0	0	0	0
366	E	0	0	0	0	0	0	0
367	S	0	0	0	0	0	0	0
368	D	0	0	0	0	0	0	0
369	D	0	0	0	0	0	0	0
370	G	0	0	0	0	0	0	0
371	R	0	0	0	0	0	0	0
372	S	0	0	0	0	0	0	0
373	F	0	0	0	0	0	0	0
374	F	0	0	0	0	0	0	0
375	C	0	0	0	0	0	0	0
376	S	0	0	0	0	0	0	0
377	A	0	0	0	0	0	0	0
378	T	0	0	0	0	0	0	0
379	L	0	0	0	0	0	0	0
380	E	0	0	0	0	0	0	0
381	V	0	0	0	0	0	0	0
382	D	0	0	0	0	0	0	0
383	G	0	0	0	0	0	0	0
384	E	0	0	0	0	0	0	0
385	F	0	0	0	0	0	0	0
386	L	0	0	0	0	0	0	0
387	H	0	0	0	0	0	0	0
388	R	0	0	0	0	0	0	0
389	N	0	0	0	0	0	0	0
390	S	0	0	0	0	0	0	0
391	S	0	0	0	0	0	0	0
392	V	0	0	0	0	0	0	0
393	Q	0	0	0	0	0	0	0
394	L	0	0	0	0	0	0	0
395	R	0	0	0	0	0	0	0
396	V	0	0	0	0	0	0	0
397	L	0	0	0	0	0	0	0
398	Y	0	0	0	0	0	0	0
399	G	0	0	0	0	0	0	0
400	P	0	0	0	0	0	0	0
401	K	0	0	0	0	0	0	0
402	I	0	0	0	0	0	0	0
403	D	0	0	0	0	0	0	0
404	R	0	0	0	0	0	0	0
405	A	0	0	0	0	0	0	0
406	T	N-linked Glycosylation	GPKIDRATCPQHLKW	CCCCCCCCCCCCCCC	0	0	0	0
407	C	0	0	0	0	0	0	0
408	P	0	0	0	0	0	0	0
409	Q	0	0	0	0	0	0	0
410	H	0	0	0	0	0	0	0
411	L	0	0	0	0	0	0	0
412	K	0	0	0	0	0	0	0
413	W	0	0	0	0	0	0	0
414	K	0	0	0	0	0	0	0
415	D	0	0	0	0	0	0	0
416	K	0	0	0	0	0	0	0
417	T	N-linked Glycosylation	HLKWKDKTRHVLQCQ	CCCCCCCCCEEEEEH	0	0	0	0
418	R	0	0	0	0	0	0	0
419	H	0	0	0	0	0	0	0
420	V	0	0	0	0	0	0	0
421	L	0	0	0	0	0	0	0
422	Q	0	0	0	0	0	0	0
423	C	0	0	0	0	0	0	0
424	Q	0	0	0	0	0	0	0
425	A	0	0	0	0	0	0	0
426	R	0	0	0	0	0	0	0
427	G	0	0	0	0	0	0	0
428	N	0	0	0	0	0	0	0
429	P	0	0	0	0	0	0	0
430	Y	0	0	0	0	0	0	0
431	P	0	0	0	0	0	0	0
432	E	0	0	0	0	0	0	0
433	L	0	0	0	0	0	0	0
434	R	0	0	0	0	0	0	0
435	C	0	0	0	0	0	0	0
436	L	0	0	0	0	0	0	0
437	K	0	0	0	0	0	0	0
438	E	0	0	0	0	0	0	0
439	G	0	0	0	0	0	0	0
440	S	0	0	0	0	0	0	0
441	S	0	0	0	0	0	0	0
442	R	0	0	0	0	0	0	0
443	E	0	0	0	0	0	0	0
444	V	0	0	0	0	0	0	0
445	P	0	0	0	0	0	0	0
446	V	0	0	0	0	0	0	0
447	G	0	0	0	0	0	0	0
448	I	0	0	0	0	0	0	0
449	P	0	0	0	0	0	0	0
450	F	0	0	0	0	0	0	0
451	F	0	0	0	0	0	0	0
452	V	0	0	0	0	0	0	0
453	N	0	0	0	0	0	0	0
454	V	0	0	0	0	0	0	0
455	T	0	0	0	0	0	0	0
456	H	0	0	0	0	0	0	0
457	N	0	0	0	0	0	0	0
458	G	0	0	0	0	0	0	0
459	T	0	0	0	0	0	0	0
460	Y	0	0	0	0	0	0	0
461	Q	0	0	0	0	0	0	0
462	C	0	0	0	0	0	0	0
463	Q	0	0	0	0	0	0	0
464	A	0	0	0	0	0	0	0
465	S	0	0	0	0	0	0	0
466	S	0	0	0	0	0	0	0
467	S	0	0	0	0	0	0	0
468	R	0	0	0	0	0	0	0
469	G	0	0	0	0	0	0	0
470	K	0	0	0	0	0	0	0
471	Y	0	0	0	0	0	0	0
472	T	0	0	0	0	0	0	0
473	L	0	0	0	0	0	0	0
474	V	0	0	0	0	0	0	0
475	V	0	0	0	0	0	0	0
476	V	0	0	0	0	0	0	0
477	M	0	0	0	0	0	0	0
478	D	0	0	0	0	0	0	0
479	I	0	0	0	0	0	0	0
480	E	0	0	0	0	0	0	0
481	A	N-linked Glycosylation	VVVMDIEAGSSHFVP	EEEEEECCCCCCHHH	0	0	0	0
482	G	0	0	0	0	0	0	0
483	S	0	0	0	0	0	0	0
484	S	0	0	0	0	0	0	0
485	H	0	0	0	0	0	0	0
486	F	0	0	0	0	0	0	0
487	V	0	0	0	0	0	0	0
488	P	0	0	0	0	0	0	0
489	V	0	0	0	0	0	0	0
490	F	0	0	0	0	0	0	0
491	V	0	0	0	0	0	0	0
492	A	0	0	0	0	0	0	0
493	V	0	0	0	0	0	0	0
494	L	0	0	0	0	0	0	0
495	L	0	0	0	0	0	0	0
496	T	0	0	0	0	0	0	0
497	L	0	0	0	0	0	0	0
498	G	0	0	0	0	0	0	0
499	V	0	0	0	0	0	0	0
500	V	0	0	0	0	0	0	0
501	T	0	0	0	0	0	0	0
502	I	0	0	0	0	0	0	0
503	V	0	0	0	0	0	0	0
504	L	0	0	0	0	0	0	0
505	A	0	0	0	0	0	0	0
506	L	0	0	0	0	0	0	0
507	M	0	0	0	0	0	0	0
508	Y	0	0	0	0	0	0	0
509	V	0	0	0	0	0	0	0
510	F	0	0	0	0	0	0	0
511	R	0	0	0	0	0	0	0
512	E	0	0	0	0	0	0	0
513	H	0	0	0	0	0	0	0
514	Q	0	0	0	0	0	0	0
515	R	0	0	0	0	0	0	0
516	S	Phosphoserine	VFREHQRSGSYHVRE	HHHHHHHCCCEEECC	0	0	0	0
517	G	0	0	0	0	0	0	0
518	S	Phosphoserine	REHQRSGSYHVREES	HHHHHCCCEEECCCC	0	0	0	0
519	Y	Phosphotyrosine	EHQRSGSYHVREEST	HHHHCCCEEECCCCC	0	0	0	0
520	H	N-linked Glycosylation	HQRSGSYHVREESTY	HHHCCCEEECCCCCE	0	0	0	0
521	V	0	0	0	0	0	0	0
522	R	0	0	0	0	0	0	0
523	E	0	0	0	0	0	0	0
524	E	0	0	0	0	0	0	0
525	S	Phosphoserine	SYHVREESTYLPLTS	CEEECCCCCEEECCC	0	0	0	0
526	T	Phosphothreonine	YHVREESTYLPLTSM	EEECCCCCEEECCCC	0	0	0	0
527	Y	Phosphotyrosine	HVREESTYLPLTSMQ	EECCCCCEEECCCCC	0	0	0	0
528	L	0	0	0	0	0	0	0
529	P	0	0	0	0	0	0	0
530	L	0	0	0	0	0	0	0
531	T	Phosphothreonine	ESTYLPLTSMQPTEA	CCCEEECCCCCCCCC	0	0	0	0
532	S	Phosphoserine	STYLPLTSMQPTEAM	CCEEECCCCCCCCCC	0	0	0	0
533	M	0	0	0	0	0	0	0
534	Q	0	0	0	0	0	0	0
535	P	0	0	0	0	0	0	0
536	T	Phosphothreonine	PLTSMQPTEAMGEEP	ECCCCCCCCCCCCCC	0	0	0	0
537	E	0	0	0	0	0	0	0
538	A	0	0	0	0	0	0	0
539	M	0	0	0	0	0	0	0
540	G	0	0	0	0	0	0	0
541	E	0	0	0	0	0	0	0
542	E	0	0	0	0	0	0	0
543	P	0	0	0	0	0	0	0
544	S	0	0	0	0	0	0	0
545	R	0	0	0	0	0	0	0
546	A	0	0	0	0	0	0	0
547	E	0	0	0	0	0	0	0
