location	residue	Modification	seq	secStruc	RelatedDisease	VariantPosition	ResidueChange	DaPSbySAP
1	M	0	0	0	0	0	0	0
2	R	0	0	0	0	0	0	0
3	P	0	0	0	0	0	0	0
4	T	0	0	0	0	0	0	0
5	L	0	0	0	0	0	0	0
6	L	0	0	0	0	0	0	0
7	W	0	0	0	0	0	0	0
8	S	0	0	0	0	0	0	0
9	L	0	0	0	0	0	0	0
10	L	0	0	0	0	0	0	0
11	L	0	0	0	0	0	0	0
12	L	0	0	0	0	0	0	0
13	L	0	0	0	0	0	0	0
14	G	0	0	0	0	0	0	0
15	V	0	0	0	0	0	0	0
16	F	0	0	0	0	0	0	0
17	A	0	0	0	0	0	0	0
18	A	0	0	0	0	0	0	0
19	A	0	0	0	0	0	0	0
20	A	0	0	0	0	0	0	0
21	A	0	0	0	0	0	0	0
22	A	0	0	0	0	0	0	0
23	P	0	0	0	0	0	0	0
24	P	0	0	0	0	0	0	0
25	D	0	0	0	0	0	0	0
26	P	0	0	0	0	0	0	0
27	L	0	0	0	0	0	0	0
28	S	0	0	0	0	0	0	0
29	Q	0	0	0	0	0	0	0
30	L	0	0	0	0	0	0	0
31	P	0	0	0	0	0	0	0
32	A	0	0	0	0	0	0	0
33	P	0	0	0	0	0	0	0
34	Q	0	0	0	0	0	0	0
35	H	0	0	0	0	0	0	0
36	P	0	0	0	0	0	0	0
37	K	0	0	0	0	0	0	0
38	I	0	0	0	0	0	0	0
39	R	0	0	0	0	0	0	0
40	L	0	0	0	0	0	0	0
41	Y	0	0	0	0	0	0	0
42	N	0	0	0	0	0	0	0
43	A	0	0	0	0	0	0	0
44	E	0	0	0	0	0	0	0
45	Q	0	0	0	0	0	0	0
46	V	0	0	0	0	0	0	0
47	L	0	0	0	0	0	0	0
48	S	0	0	0	0	0	0	0
49	W	0	0	0	0	0	0	0
50	E	0	0	0	0	0	0	0
51	P	0	0	0	0	0	0	0
52	V	0	0	0	0	0	0	0
53	A	0	0	0	0	0	0	0
54	L	0	0	0	0	0	0	0
55	S	0	0	0	0	0	0	0
56	N	N-linked (GlcNAc)	WEPVALSNSTRPVVY	EEEEEECCCCCCEEE	Multiple sclerosis:multiple sclerosis	64 (8)	0	0
57	S	0	0	0	0	0	0	0
58	T	0	0	0	0	0	0	0
59	R	0	0	0	0	0	0	0
60	P	0	0	0	0	0	0	0
61	V	0	0	0	0	0	0	0
62	V	0	0	0	0	0	0	0
63	Y	0	0	0	0	0	0	0
64	Q	0	0	0	0	0	R	56
65	V	0	0	0	0	0	0	0
66	Q	0	0	0	0	0	0	0
67	F	0	0	0	0	0	0	0
68	K	0	0	0	0	0	0	0
69	Y	0	0	0	0	0	0	0
70	T	0	0	0	0	0	0	0
71	D	0	0	0	0	0	0	0
72	S	0	0	0	0	0	0	0
73	K	0	0	0	0	0	0	0
74	W	0	0	0	0	0	0	0
75	F	0	0	0	0	0	0	0
76	T	0	0	0	0	0	0	0
77	A	0	0	0	0	0	0	0
78	D	0	0	0	0	0	0	0
79	I	0	0	0	0	0	0	0
80	M	0	0	0	0	0	0	0
81	S	0	0	0	0	0	0	0
82	I	0	0	0	0	0	0	0
83	G	0	0	0	0	0	0	0
84	V	0	0	0	0	0	0	0
85	N	N-linked (GlcNAc)	DIMSIGVNCTQITAT	EEEEECCCCEEEEEE	0	0	0	0
86	C	0	0	0	0	0	0	0
87	T	0	0	0	0	0	0	0
88	Q	0	0	0	0	0	0	0
89	I	0	0	0	0	0	0	0
90	T	0	0	0	0	0	0	0
91	A	0	0	0	0	0	0	0
92	T	0	0	0	0	0	0	0
93	E	0	0	0	0	0	0	0
94	C	0	0	0	0	0	0	0
95	D	0	0	0	0	0	0	0
96	F	0	0	0	0	0	0	0
97	T	0	0	0	0	0	0	0
98	A	0	0	0	0	0	0	0
99	A	0	0	0	0	0	0	0
100	S	0	0	0	0	0	0	0
101	P	0	0	0	0	0	0	0
102	S	0	0	0	0	0	0	0
103	A	0	0	0	0	0	0	0
104	G	0	0	0	0	0	0	0
105	F	0	0	0	0	0	0	0
106	P	0	0	0	0	0	0	0
107	M	0	0	0	0	0	0	0
108	D	0	0	0	0	0	0	0
109	F	0	0	0	0	0	0	0
110	N	N-linked (GlcNAc)	AGFPMDFNVTLRLRA	CCCCCCCEEEEHHHH	0	0	0	0
111	V	0	0	0	0	0	0	0
112	T	0	0	0	0	0	0	0
113	L	0	0	0	0	0	0	0
114	R	0	0	0	0	0	0	0
115	L	0	0	0	0	0	0	0
116	R	0	0	0	0	0	0	0
117	A	0	0	0	0	0	0	0
118	E	0	0	0	0	0	0	0
119	L	0	0	0	0	0	0	0
120	G	0	0	0	0	0	0	0
121	A	0	0	0	0	0	0	0
122	L	0	0	0	0	0	0	0
123	H	0	0	0	0	0	0	0
124	S	0	0	0	0	0	0	0
125	A	0	0	0	0	0	0	0
126	W	0	0	0	0	0	0	0
127	V	0	0	0	0	0	0	0
128	T	0	0	0	0	0	0	0
129	M	0	0	0	0	0	0	0
130	P	0	0	0	0	0	0	0
131	W	0	0	0	0	0	0	0
132	F	0	0	0	0	0	0	0
133	Q	0	0	0	0	0	0	0
134	H	0	0	0	0	0	0	0
135	Y	0	0	0	0	0	0	0
136	R	0	0	0	0	0	0	0
137	N	N-linked (GlcNAc)	PWFQHYRNVTVGPPE	CHHHCCCCCCCCCCC	0	0	0	0
138	V	0	0	0	0	0	0	0
139	T	0	0	0	0	0	0	0
140	V	0	0	0	0	0	0	0
141	G	0	0	0	0	0	0	0
142	P	0	0	0	0	0	0	0
143	P	0	0	0	0	0	0	0
144	E	0	0	0	0	0	0	0
145	N	0	0	0	0	0	0	0
146	I	0	0	0	0	0	0	0
147	E	0	0	0	0	0	0	0
148	V	0	0	0	0	0	0	0
149	T	0	0	0	0	0	0	0
150	P	0	0	0	0	0	0	0
151	G	0	0	0	0	0	0	0
152	E	0	0	0	0	0	0	0
153	G	0	0	0	0	0	0	0
154	S	0	0	0	0	0	0	0
155	L	0	0	0	0	0	0	0
156	I	0	0	0	0	0	0	0
157	I	0	0	0	0	0	0	0
158	R	0	0	0	0	0	0	0
159	F	0	0	0	0	0	0	0
160	S	0	0	0	0	0	0	0
161	S	0	0	0	0	0	0	0
162	P	0	0	0	0	0	0	0
163	F	0	0	0	0	0	0	0
164	D	0	0	0	0	0	0	0
165	I	0	0	0	0	0	0	0
166	A	0	0	0	0	0	0	0
167	D	0	0	0	0	0	0	0
168	T	0	0	0	0	0	0	0
169	S	0	0	0	0	0	0	0
170	T	0	0	0	0	0	0	0
171	A	0	0	0	0	0	0	0
172	F	0	0	0	0	0	0	0
173	F	0	0	0	0	0	0	0
174	C	0	0	0	0	0	0	0
175	Y	0	0	0	0	0	0	0
176	Y	0	0	0	0	0	0	0
177	V	0	0	0	0	0	0	0
178	H	0	0	0	0	0	0	0
179	Y	0	0	0	0	0	0	0
180	W	0	0	0	0	0	0	0
181	E	0	0	0	0	0	0	0
182	K	0	0	0	0	0	0	0
183	G	0	0	0	0	0	0	0
184	G	0	0	0	0	0	0	0
185	I	0	0	0	0	0	0	0
186	Q	0	0	0	0	0	0	0
187	Q	0	0	0	0	0	0	0
188	V	0	0	0	0	0	0	0
189	K	0	0	0	0	0	0	0
190	G	0	0	0	0	0	0	0
191	P	0	0	0	0	0	0	0
192	F	0	0	0	0	0	0	0
193	R	0	0	0	0	0	0	0
194	S	0	0	0	0	0	0	0
195	N	0	0	0	0	0	0	0
196	S	0	0	0	0	0	0	0
197	I	0	0	0	0	0	0	0
198	S	Phosphoserine	PFRSNSISLDNLKPS	CCCCCCCCCCCCCCC	0	0	0	0
199	L	0	0	0	0	0	0	0
200	D	0	0	0	0	0	0	0
201	N	0	0	0	0	0	0	0
202	L	0	0	0	0	0	0	0
203	K	0	0	0	0	0	0	0
204	P	0	0	0	0	0	0	0
205	S	0	0	0	0	0	0	0
206	R	0	0	0	0	0	0	0
207	V	0	0	0	0	0	0	0
208	Y	0	0	0	0	0	0	0
209	C	0	0	0	0	0	0	0
210	L	0	0	0	0	0	0	0
211	Q	0	0	0	0	0	0	0
212	V	0	0	0	0	0	0	0
213	Q	0	0	0	0	0	0	0
214	A	0	0	0	0	0	0	0
215	Q	0	0	0	0	0	0	0
216	L	0	0	0	0	0	0	0
217	L	0	0	0	0	0	0	0
218	W	0	0	0	0	0	0	0
219	N	N-linked (GlcNAc)	VQAQLLWNKSNIFRV	HHHHHHCCCCCCEEE	0	0	0	0
220	K	0	0	0	0	0	0	0
221	S	0	0	0	0	0	0	0
222	N	0	0	0	0	0	0	0
223	I	0	0	0	0	0	0	0
224	F	0	0	0	0	0	0	0
225	R	0	0	0	0	0	0	0
226	V	0	0	0	0	0	0	0
227	G	0	0	0	0	0	0	0
228	H	0	0	0	0	0	0	0
229	L	0	0	0	0	0	0	0
230	S	0	0	0	0	0	0	0
231	N	N-linked (GlcNAc)	FRVGHLSNISCYETM	EEEECHHCCCCHHCC	0	0	0	0
232	I	0	0	0	0	0	0	0
233	S	0	0	0	0	0	0	0
234	C	0	0	0	0	0	0	0
235	Y	0	0	0	0	0	0	0
236	E	0	0	0	0	0	0	0
237	T	0	0	0	0	0	0	0
238	M	0	0	0	0	0	0	0
239	A	0	0	0	0	0	0	0
240	D	0	0	0	0	0	0	0
241	A	0	0	0	0	0	0	0
242	S	0	0	0	0	0	0	0
243	T	0	0	0	0	0	0	0
244	E	0	0	0	0	0	0	0
245	L	0	0	0	0	0	0	0
246	Q	0	0	0	0	0	0	0
247	Q	0	0	0	0	0	0	0
248	V	0	0	0	0	0	0	0
249	I	0	0	0	0	0	0	0
250	L	0	0	0	0	0	0	0
251	I	0	0	0	0	0	0	0
252	S	0	0	0	0	0	0	0
253	V	0	0	0	0	0	0	0
254	G	0	0	0	0	0	0	0
255	T	0	0	0	0	0	0	0
256	F	0	0	0	0	0	0	0
257	S	0	0	0	0	0	0	0
258	L	0	0	0	0	0	0	0
259	L	0	0	0	0	0	0	0
260	S	0	0	0	0	0	0	0
261	V	0	0	0	0	0	0	0
262	L	0	0	0	0	0	0	0
263	A	0	0	0	0	0	0	0
264	G	0	0	0	0	0	0	0
265	A	0	0	0	0	0	0	0
266	C	0	0	0	0	0	0	0
267	F	0	0	0	0	0	0	0
268	F	0	0	0	0	0	0	0
269	L	0	0	0	0	0	0	0
270	V	0	0	0	0	0	0	0
271	L	0	0	0	0	0	0	0
272	K	0	0	0	0	0	0	0
273	Y	0	0	0	0	0	0	0
274	R	0	0	0	0	0	0	0
275	G	0	0	0	0	0	0	0
276	L	0	0	0	0	0	0	0
277	I	0	0	0	0	0	0	0
278	K	0	0	0	0	0	0	0
279	Y	0	0	0	0	0	0	0
280	W	0	0	0	0	0	0	0
281	F	0	0	0	0	0	0	0
282	H	0	0	0	0	0	0	0
283	T	0	0	0	0	0	0	0
284	P	0	0	0	0	0	0	0
285	P	0	0	0	0	0	0	0
286	S	0	0	0	0	0	0	0
287	I	0	0	0	0	0	0	0
288	P	0	0	0	0	0	0	0
289	L	0	0	0	0	0	0	0
290	Q	0	0	0	0	0	0	0
291	I	0	0	0	0	0	0	0
292	E	0	0	0	0	0	0	0
293	E	0	0	0	0	0	0	0
294	Y	0	0	0	0	0	0	0
295	L	0	0	0	0	0	0	0
296	K	0	0	0	0	0	0	0
297	D	0	0	0	0	0	0	0
298	P	0	0	0	0	0	0	0
299	T	0	0	0	0	0	0	0
300	Q	0	0	0	0	0	0	0
301	P	0	0	0	0	0	0	0
302	I	0	0	0	0	0	0	0
303	L	0	0	0	0	0	0	0
304	E	0	0	0	0	0	0	0
305	A	0	0	0	0	0	0	0
306	L	0	0	0	0	0	0	0
307	D	0	0	0	0	0	0	0
308	K	0	0	0	0	0	0	0
309	D	0	0	0	0	0	0	0
310	S	0	0	0	0	0	0	0
311	S	0	0	0	0	0	0	0
312	P	0	0	0	0	0	0	0
313	K	0	0	0	0	0	0	0
314	D	0	0	0	0	0	0	0
315	D	0	0	0	0	0	0	0
316	V	0	0	0	0	0	0	0
317	W	0	0	0	0	0	0	0
318	D	0	0	0	0	0	0	0
319	S	0	0	0	0	0	0	0
320	V	0	0	0	0	0	0	0
321	S	0	0	0	0	0	0	0
322	I	0	0	0	0	0	0	0
323	I	0	0	0	0	0	0	0
324	S	0	0	0	0	0	0	0
325	F	0	0	0	0	0	0	0
326	P	0	0	0	0	0	0	0
327	E	0	0	0	0	0	0	0
328	K	0	0	0	0	0	0	0
329	E	0	0	0	0	0	0	0
330	Q	0	0	0	0	0	0	0
331	E	0	0	0	0	0	0	0
332	D	0	0	0	0	0	0	0
333	V	0	0	0	0	0	0	0
334	L	0	0	0	0	0	0	0
335	Q	0	0	0	0	0	0	0
336	T	0	0	0	0	0	0	0
337	L	0	0	0	0	0	0	0
