location	residue	Modification	seq	secStruc	RelatedDisease	VariantPosition	ResidueChange	DaPSbySAP
1	M	0	0	0	0	0	0	0
2	A	0	0	0	0	0	0	0
3	S	Phosphoserine	-----MASGSCQGCE	-----CCCCCCCCCC	0	0	0	0
4	G	0	0	0	0	0	0	0
5	S	Phosphoserine	---MASGSCQGCEED	---CCCCCCCCCCCC	0	0	0	0
6	C	0	0	0	0	0	0	0
7	Q	0	0	0	0	0	0	0
8	G	0	0	0	0	0	0	0
9	C	0	0	0	0	0	0	0
10	E	0	0	0	0	0	0	0
11	E	0	0	0	0	0	0	0
12	D	0	0	0	0	0	0	0
13	E	0	0	0	0	0	0	0
14	E	0	0	0	0	0	0	0
15	T	0	0	0	0	0	0	0
16	L	0	0	0	0	0	0	0
17	K	0	0	0	0	0	0	0
18	K	0	0	0	0	0	0	0
19	L	0	0	0	0	0	0	0
20	I	0	0	0	0	0	0	0
21	V	0	0	0	0	0	0	0
22	R	0	0	0	0	0	0	0
23	L	0	0	0	0	0	0	0
24	N	0	0	0	0	0	0	0
25	N	0	0	0	0	0	0	0
26	V	0	0	0	0	0	0	0
27	Q	0	0	0	0	0	0	0
28	E	0	0	0	0	0	0	0
29	G	0	0	0	0	0	0	0
30	K	0	0	0	0	0	0	0
31	Q	0	0	0	0	0	0	0
32	I	0	0	0	0	0	0	0
33	E	0	0	0	0	0	0	0
34	T	0	0	0	0	0	0	0
35	L	0	0	0	0	0	0	0
36	V	0	0	0	0	0	0	0
37	Q	0	0	0	0	0	0	0
38	I	0	0	0	0	0	0	0
39	L	0	0	0	0	0	0	0
40	E	0	0	0	0	0	0	0
41	D	0	0	0	0	0	0	0
42	L	0	0	0	0	0	0	0
43	L	0	0	0	0	0	0	0
44	V	0	0	0	0	0	0	0
45	F	0	0	0	0	0	0	0
46	T	0	0	0	0	0	0	0
47	Y	0	0	0	0	0	0	0
48	S	0	0	0	0	0	0	0
49	E	0	0	0	0	0	0	0
50	R	0	0	0	0	0	0	0
51	A	0	0	0	0	0	0	0
52	S	0	0	0	0	0	0	0
53	K	0	0	0	0	0	0	0
54	L	0	0	0	0	0	0	0
55	F	0	0	0	0	0	0	0
56	Q	0	0	0	0	0	0	0
57	G	0	0	0	0	0	0	0
58	K	0	0	0	0	0	0	0
59	N	0	0	0	0	0	0	0
60	I	0	0	0	0	0	0	0
61	H	0	0	0	0	0	0	0
62	V	0	0	0	0	0	0	0
63	P	0	0	0	0	0	0	0
64	L	0	0	0	0	0	0	0
65	L	0	0	0	0	0	0	0
66	I	0	0	0	0	0	0	0
67	V	0	0	0	0	0	0	0
68	L	0	0	0	0	0	0	0
69	D	0	0	0	0	0	0	0
70	S	0	0	0	0	0	0	0
71	Y	0	0	0	0	0	0	0
72	M	0	0	0	0	0	0	0
73	R	0	0	0	0	0	0	0
74	V	0	0	0	0	0	0	0
75	A	0	0	0	0	0	0	0
76	S	0	0	0	0	0	0	0
77	V	0	0	0	0	0	0	0
78	Q	0	0	0	0	0	0	0
79	Q	0	0	0	0	0	0	0
80	V	0	0	0	0	0	0	0
81	G	0	0	0	0	0	0	0
82	W	0	0	0	0	0	0	0
83	S	0	0	0	0	0	0	0
84	L	0	0	0	0	0	0	0
85	L	0	0	0	0	0	0	0
86	C	0	0	0	0	0	0	0
87	K	0	0	0	0	0	0	0
88	L	0	0	0	0	0	0	0
89	I	0	0	0	0	0	0	0
90	E	0	0	0	0	0	0	0
91	V	0	0	0	0	0	0	0
92	C	0	0	0	0	0	0	0
93	P	0	0	0	0	0	0	0
94	G	0	0	0	0	0	0	0
95	T	0	0	0	0	0	0	0
96	M	0	0	0	0	0	0	0
97	Q	0	0	0	0	0	0	0
98	S	0	0	0	0	0	0	0
99	L	0	0	0	0	0	0	0
100	M	0	0	0	0	0	0	0
101	G	0	0	0	0	0	0	0
102	P	0	0	0	0	0	0	0
103	Q	0	0	0	0	0	0	0
104	D	0	0	0	0	0	0	0
105	V	0	0	0	0	0	0	0
106	G	0	0	0	0	0	0	0
107	N	0	0	0	0	0	0	0
108	D	0	0	0	0	0	0	0
109	W	0	0	0	0	0	0	0
110	E	0	0	0	0	0	0	0
111	V	0	0	0	0	0	0	0
112	L	0	0	0	0	0	0	0
113	G	0	0	0	0	0	0	0
114	V	0	0	0	0	0	0	0
115	H	0	0	0	0	0	0	0
116	Q	0	0	0	0	0	0	0
117	L	0	0	0	0	0	0	0
118	I	0	0	0	0	0	0	0
119	L	0	0	0	0	0	0	0
120	K	0	0	0	0	0	0	0
121	M	0	0	0	0	0	0	0
122	L	0	0	0	0	0	0	0
123	T	0	0	0	0	0	0	0
124	V	0	0	0	0	0	0	0
125	H	0	0	0	0	0	0	0
126	N	0	0	0	0	0	0	0
127	A	0	0	0	0	0	0	0
128	S	0	0	0	0	0	0	0
129	V	0	0	0	0	0	0	0
130	N	0	0	0	0	0	0	0
131	L	0	0	0	0	0	0	0
132	S	0	0	0	0	0	0	0
133	V	0	0	0	0	0	0	0
134	I	0	0	0	0	0	0	0
135	G	0	0	0	0	0	0	0
136	L	0	0	0	0	0	0	0
137	K	0	0	0	0	0	0	0
138	T	0	0	0	0	0	0	0
139	L	0	0	0	0	0	0	0
140	D	0	0	0	0	0	0	0
141	L	0	0	0	0	0	0	0
142	L	0	0	0	0	0	0	0
143	L	0	0	0	0	0	0	0
144	T	0	0	0	0	0	0	0
145	S	0	0	0	0	0	0	0
146	G	0	0	0	0	0	0	0
147	K	0	0	0	0	0	0	0
148	I	0	0	0	0	0	0	0
149	T	0	0	0	0	0	0	0
150	L	0	0	0	0	0	0	0
151	L	0	0	0	0	0	0	0
152	I	0	0	0	0	0	0	0
153	L	0	0	0	0	0	0	0
154	D	0	0	0	0	0	0	0
155	E	0	0	0	0	0	0	0
156	E	0	0	0	0	0	0	0
157	S	0	0	0	0	0	0	0
158	D	0	0	0	0	0	0	0
159	I	0	0	0	0	0	0	0
160	F	0	0	0	0	0	0	0
161	M	0	0	0	0	0	0	0
162	L	0	0	0	0	0	0	0
163	I	0	0	0	0	0	0	0
164	F	0	0	0	0	0	0	0
165	D	0	0	0	0	0	0	0
166	A	0	0	0	0	0	0	0
167	M	0	0	0	0	0	0	0
168	H	0	0	0	0	0	0	0
169	S	0	0	0	0	0	0	0
170	F	0	0	0	0	0	0	0
171	P	0	0	0	0	0	0	0
172	A	0	0	0	0	0	0	0
173	N	0	0	0	0	0	0	0
174	D	0	0	0	0	0	0	0
175	E	0	0	0	0	0	0	0
176	V	0	0	0	0	0	0	0
177	Q	0	0	0	0	0	0	0
178	K	0	0	0	0	0	0	0
179	L	0	0	0	0	0	0	0
180	G	0	0	0	0	0	0	0
181	C	0	0	0	0	0	0	0
182	K	0	0	0	0	0	0	0
183	A	0	0	0	0	0	0	0
184	L	0	0	0	0	0	0	0
185	H	0	0	0	0	0	0	0
186	V	0	0	0	0	0	0	0
187	L	0	0	0	0	0	0	0
188	F	0	0	0	0	0	0	0
189	E	0	0	0	0	0	0	0
190	R	0	0	0	0	0	0	0
191	V	0	0	0	0	0	0	0
192	S	0	0	0	0	0	0	0
193	E	0	0	0	0	0	0	0
194	E	0	0	0	0	0	0	0
195	Q	0	0	0	0	0	0	0
196	L	0	0	0	0	0	0	0
197	T	0	0	0	0	0	0	0
198	E	0	0	0	0	0	0	0
199	F	0	0	0	0	0	0	0
200	V	0	0	0	0	0	0	0
201	E	0	0	0	0	0	0	0
202	N	0	0	0	0	0	0	0
203	K	0	0	0	0	0	0	0
204	D	0	0	0	0	0	0	0
205	Y	0	0	0	0	0	0	0
206	M	0	0	0	0	0	0	0
207	I	0	0	0	0	0	0	0
208	L	0	0	0	0	0	0	0
209	L	0	0	0	0	0	0	0
210	S	0	0	0	0	0	0	0
211	A	0	0	0	0	0	0	0
212	L	0	0	0	0	0	0	0
213	T	0	0	0	0	0	0	0
214	N	0	0	0	0	0	0	0
215	F	0	0	0	0	0	0	0
216	K	0	0	0	0	0	0	0
217	D	0	0	0	0	0	0	0
218	E	0	0	0	0	0	0	0
219	E	0	0	0	0	0	0	0
220	E	0	0	0	0	0	0	0
221	I	0	0	0	0	0	0	0
222	V	0	0	0	0	0	0	0
223	L	0	0	0	0	0	0	0
224	H	0	0	0	0	0	0	0
225	V	0	0	0	0	0	0	0
226	L	0	0	0	0	0	0	0
227	H	0	0	0	0	0	0	0
228	C	0	0	0	0	0	0	0
229	L	0	0	0	0	0	0	0
230	H	0	0	0	0	0	0	0
231	S	0	0	0	0	0	0	0
232	L	0	0	0	0	0	0	0
233	A	0	0	0	0	0	0	0
234	I	0	0	0	0	0	0	0
235	P	0	0	0	0	0	0	0
236	C	0	0	0	0	0	0	0
237	N	0	0	0	0	0	0	0
238	N	0	0	0	0	0	0	0
239	V	0	0	0	0	0	0	0
240	E	0	0	0	0	0	0	0
241	V	0	0	0	0	0	0	0
242	L	0	0	0	0	0	0	0
243	M	0	0	0	0	0	0	0
244	S	0	0	0	0	0	0	0
245	G	0	0	0	0	0	0	0
246	N	0	0	0	0	0	0	0
247	V	0	0	0	0	0	0	0
248	R	0	0	0	0	0	0	0
249	C	0	0	0	0	0	0	0
250	Y	0	0	0	0	0	0	0
251	N	0	0	0	0	0	0	0
252	I	0	0	0	0	0	0	0
253	V	0	0	0	0	0	0	0
254	V	0	0	0	0	0	0	0
255	E	0	0	0	0	0	0	0
256	A	0	0	0	0	0	0	0
257	M	0	0	0	0	0	0	0
258	K	0	0	0	0	0	0	0
259	A	0	0	0	0	0	0	0
260	F	0	0	0	0	0	0	0
261	P	0	0	0	0	0	0	0
262	M	0	0	0	0	0	0	0
263	S	0	0	0	0	0	0	0
264	E	0	0	0	0	0	0	0
265	R	0	0	0	0	0	0	0
266	I	0	0	0	0	0	0	0
267	Q	0	0	0	0	0	0	0
268	E	0	0	0	0	0	0	0
269	V	0	0	0	0	0	0	0
270	S	0	0	0	0	0	0	0
271	C	0	0	0	0	0	0	0
272	C	0	0	0	0	0	0	0
273	L	0	0	0	0	0	0	0
274	L	0	0	0	0	0	0	0
275	H	0	0	0	0	0	0	0
276	R	0	0	0	0	0	0	0
277	L	0	0	0	0	0	0	0
278	T	0	0	0	0	0	0	0
279	L	0	0	0	0	0	0	0
280	G	0	0	0	0	0	0	0
281	N	0	0	0	0	0	0	0
282	F	0	0	0	0	0	0	0
283	F	0	0	0	0	0	0	0
284	N	0	0	0	0	0	0	0
285	I	0	0	0	0	0	0	0
286	L	0	0	0	0	0	0	0
287	V	0	0	0	0	0	0	0
288	L	0	0	0	0	0	0	0
289	N	0	0	0	0	0	0	0
290	E	0	0	0	0	0	0	0
291	V	0	0	0	0	0	0	0
292	H	0	0	0	0	0	0	0
293	E	0	0	0	0	0	0	0
294	F	0	0	0	0	0	0	0
295	V	0	0	0	0	0	0	0
296	V	0	0	0	0	0	0	0
297	K	0	0	0	0	0	0	0
298	A	0	0	0	0	0	0	0
299	V	0	0	0	0	0	0	0
300	Q	0	0	0	0	0	0	0
301	Q	0	0	0	0	0	0	0
302	Y	0	0	0	0	0	0	0
303	P	0	0	0	0	0	0	0
304	E	0	0	0	0	0	0	0
305	N	0	0	0	0	0	0	0
306	A	0	0	0	0	0	0	0
307	A	0	0	0	0	0	0	0
308	L	0	0	0	0	0	0	0
309	Q	0	0	0	0	0	0	0
310	I	0	0	0	0	0	0	0
311	S	0	0	0	0	0	0	0
312	A	0	0	0	0	0	0	0
313	L	0	0	0	0	0	0	0
314	S	0	0	0	0	0	0	0
315	C	0	0	0	0	0	0	0
316	L	0	0	0	0	0	0	0
317	A	0	0	0	0	0	0	0
318	L	0	0	0	0	0	0	0
319	L	0	0	0	0	0	0	0
320	T	0	0	0	0	0	0	0
321	E	0	0	0	0	0	0	0
322	T	0	0	0	0	0	0	0
323	I	0	0	0	0	0	0	0
324	F	0	0	0	0	0	0	0
325	L	0	0	0	0	0	0	0
326	N	0	0	0	0	0	0	0
327	Q	0	0	0	0	0	0	0
328	D	0	0	0	0	0	0	0
329	L	0	0	0	0	0	0	0
330	E	0	0	0	0	0	0	0
331	E	0	0	0	0	0	0	0
332	K	0	0	0	0	0	0	0
333	N	0	0	0	0	0	0	0
334	E	0	0	0	0	0	0	0
335	N	0	0	0	0	0	0	0
336	Q	0	0	0	0	0	0	0
337	E	0	0	0	0	0	0	0
338	N	0	0	0	0	0	0	0
339	D	0	0	0	0	0	0	0
340	D	0	0	0	0	0	0	0
341	E	0	0	0	0	0	0	0
342	G	0	0	0	0	0	0	0
343	E	0	0	0	0	0	0	0
344	E	0	0	0	0	0	0	0
345	D	0	0	0	0	0	0	0
346	K	0	0	0	0	0	0	0
347	L	0	0	0	0	0	0	0
348	F	0	0	0	0	0	0	0
349	W	0	0	0	0	0	0	0
350	L	0	0	0	0	0	0	0
351	E	0	0	0	0	0	0	0
352	A	0	0	0	0	0	0	0
353	C	0	0	0	0	0	0	0
354	Y	0	0	0	0	0	0	0
355	K	0	0	0	0	0	0	0
356	A	0	0	0	0	0	0	0
357	L	0	0	0	0	0	0	0
358	T	0	0	0	0	0	0	0
359	W	0	0	0	0	0	0	0
360	H	0	0	0	0	0	0	0
361	R	0	0	0	0	0	0	0
362	K	0	0	0	0	0	0	0
363	N	0	0	0	0	0	0	0
364	K	0	0	0	0	0	0	0
365	H	0	0	0	0	0	0	0
366	V	0	0	0	0	0	0	0
367	Q	0	0	0	0	0	0	0
368	E	0	0	0	0	0	0	0
369	A	0	0	0	0	0	0	0
370	A	0	0	0	0	0	0	0
371	C	0	0	0	0	0	0	0
372	W	0	0	0	0	0	0	0
373	A	0	0	0	0	0	0	0
374	L	0	0	0	0	0	0	0
375	N	0	0	0	0	0	0	0
376	N	0	0	0	0	0	0	0
377	L	0	0	0	0	0	0	0
378	L	0	0	0	0	0	0	0
379	M	0	0	0	0	0	0	0
380	Y	0	0	0	0	0	0	0
381	Q	0	0	0	0	0	0	0
382	N	0	0	0	0	0	0	0
383	S	0	0	0	0	0	0	0
384	L	0	0	0	0	0	0	0
385	H	0	0	0	0	0	0	0
386	E	0	0	0	0	0	0	0
387	K	0	0	0	0	0	0	0
388	I	0	0	0	0	0	0	0
389	G	0	0	0	0	0	0	0
390	D	0	0	0	0	0	0	0
391	E	0	0	0	0	0	0	0
392	D	0	0	0	0	0	0	0
393	G	0	0	0	0	0	0	0
394	H	0	0	0	0	0	0	0
395	F	0	0	0	0	0	0	0
396	P	0	0	0	0	0	0	0
397	A	0	0	0	0	0	0	0
398	H	0	0	0	0	0	0	0
399	R	0	0	0	0	0	0	0
400	E	0	0	0	0	0	0	0
401	V	0	0	0	0	0	0	0
402	M	0	0	0	0	0	0	0
403	L	0	0	0	0	0	0	0
404	S	0	0	0	0	0	0	0
405	M	0	0	0	0	0	0	0
406	L	0	0	0	0	0	0	0
407	M	0	0	0	0	0	0	0
408	H	0	0	0	0	0	0	0
409	S	0	0	0	0	0	0	0
410	S	0	0	0	0	0	0	0
411	S	0	0	0	0	0	0	0
412	K	0	0	0	0	0	0	0
413	E	0	0	0	0	0	0	0
414	V	0	0	0	0	0	0	0
415	F	0	0	0	0	0	0	0
416	Q	0	0	0	0	0	0	0
417	A	0	0	0	0	0	0	0
418	S	0	0	0	0	0	0	0
419	A	0	0	0	0	0	0	0
420	N	0	0	0	0	0	0	0
421	A	0	0	0	0	0	0	0
422	L	0	0	0	0	0	0	0
423	S	0	0	0	0	0	0	0
424	T	Phosphothreonine	ASANALSTLLEQNVN	HHHHHHHHHHHHCCC	0	0	0	0
425	L	0	0	0	0	0	0	0
426	L	0	0	0	0	0	0	0
427	E	0	0	0	0	0	0	0
428	Q	0	0	0	0	0	0	0
429	N	0	0	0	0	0	0	0
430	V	0	0	0	0	0	0	0
431	N	0	0	0	0	0	0	0
432	F	0	0	0	0	0	0	0
433	R	0	0	0	0	0	0	0
434	K	0	0	0	0	0	0	0
435	I	0	0	0	0	0	0	0
436	L	0	0	0	0	0	0	0
437	L	0	0	0	0	0	0	0
438	S	0	0	0	0	0	0	0
439	K	0	0	0	0	0	0	0
440	G	0	0	0	0	0	0	0
441	I	0	0	0	0	0	0	0
442	H	0	0	0	0	0	0	0
443	L	0	0	0	0	0	0	0
444	N	0	0	0	0	0	0	0
445	V	0	0	0	0	0	0	0
446	L	0	0	0	0	0	0	0
447	E	0	0	0	0	0	0	0
448	L	0	0	0	0	0	0	0
449	M	0	0	0	0	0	0	0
450	Q	0	0	0	0	0	0	0
451	K	0	0	0	0	0	0	0
452	H	0	0	0	0	0	0	0
453	I	0	0	0	0	0	0	0
454	H	0	0	0	0	0	0	0
455	S	0	0	0	0	0	0	0
456	P	0	0	0	0	0	0	0
457	E	0	0	0	0	0	0	0
458	V	0	0	0	0	0	0	0
459	A	0	0	0	0	0	0	0
460	E	0	0	0	0	0	0	0
461	S	0	0	0	0	0	0	0
462	G	0	0	0	0	0	0	0
463	C	0	0	0	0	0	0	0
464	K	0	0	0	0	0	0	0
465	M	0	0	0	0	0	0	0
466	L	0	0	0	0	0	0	0
467	N	0	0	0	0	0	0	0
468	H	0	0	0	0	0	0	0
469	L	0	0	0	0	0	0	0
470	F	0	0	0	0	0	0	0
471	E	0	0	0	0	0	0	0
472	G	0	0	0	0	0	0	0
473	S	0	0	0	0	0	0	0
474	N	0	0	0	0	0	0	0
475	T	0	0	0	0	0	0	0
476	S	0	0	0	0	0	0	0
477	L	0	0	0	0	0	0	0
478	D	0	0	0	0	0	0	0
479	I	0	0	0	0	0	0	0
480	M	0	0	0	0	0	0	0
481	A	0	0	0	0	0	0	0
482	A	0	0	0	0	0	0	0
483	V	0	0	0	0	0	0	0
484	V	0	0	0	0	0	0	0
485	P	0	0	0	0	0	0	0
486	K	0	0	0	0	0	0	0
487	I	0	0	0	0	0	0	0
488	L	0	0	0	0	0	0	0
489	T	Phosphothreonine	AVVPKILTVMKRHET	HHHHHHHHHHHHCCC	0	0	0	0
490	V	0	0	0	0	0	0	0
491	M	0	0	0	0	0	0	0
492	K	0	0	0	0	0	0	0
493	R	0	0	0	0	0	0	0
494	H	0	0	0	0	0	0	0
495	E	0	0	0	0	0	0	0
496	T	Phosphothreonine	TVMKRHETSLPVQLE	HHHHHCCCCHHHHHH	0	0	0	0
497	S	0	0	0	0	0	0	0
498	L	0	0	0	0	0	0	0
499	P	0	0	0	0	0	0	0
500	V	0	0	0	0	0	0	0
501	Q	0	0	0	0	0	0	0
502	L	0	0	0	0	0	0	0
503	E	0	0	0	0	0	0	0
504	A	0	0	0	0	0	0	0
505	L	0	0	0	0	0	0	0
506	R	0	0	0	0	0	0	0
507	A	0	0	0	0	0	0	0
508	I	0	0	0	0	0	0	0
509	L	0	0	0	0	0	0	0
510	H	0	0	0	0	0	0	0
511	F	0	0	0	0	0	0	0
512	I	0	0	0	0	0	0	0
513	V	0	0	0	0	0	0	0
514	P	0	0	0	0	0	0	0
515	G	0	0	0	0	0	0	0
516	M	0	0	0	0	0	0	0
517	P	0	0	0	0	0	0	0
518	E	0	0	0	0	0	0	0
519	E	0	0	0	0	0	0	0
520	S	0	0	0	0	0	0	0
521	R	0	0	0	0	0	0	0
522	E	0	0	0	0	0	0	0
523	D	0	0	0	0	0	0	0
524	T	Phosphothreonine	PEESREDTEFHHKLN	CHHHHCCHHHHHHHH	0	0	0	0
525	E	0	0	0	0	0	0	0
526	F	0	0	0	0	0	0	0
527	H	0	0	0	0	0	0	0
528	H	0	0	0	0	0	0	0
529	K	0	0	0	0	0	0	0
530	L	0	0	0	0	0	0	0
531	N	0	0	0	0	0	0	0
532	M	0	0	0	0	0	0	0
533	V	0	0	0	0	0	0	0
534	K	0	0	0	0	0	0	0
535	K	0	0	0	0	0	0	0
536	Q	0	0	0	0	0	0	0
537	C	0	0	0	0	0	0	0
538	F	0	0	0	0	0	0	0
539	K	0	0	0	0	0	0	0
540	N	0	0	0	0	0	0	0
541	D	0	0	0	0	0	0	0
542	I	0	0	0	0	0	0	0
543	H	0	0	0	0	0	0	0
544	K	0	0	0	0	0	0	0
545	L	0	0	0	0	0	0	0
546	V	0	0	0	0	0	0	0
547	L	0	0	0	0	0	0	0
548	A	0	0	0	0	0	0	0
549	A	0	0	0	0	0	0	0
550	L	0	0	0	0	0	0	0
551	N	0	0	0	0	0	0	0
552	R	0	0	0	0	0	0	0
553	F	0	0	0	0	0	0	0
554	I	0	0	0	0	0	0	0
555	G	0	0	0	0	0	0	0
556	N	0	0	0	0	0	0	0
557	P	0	0	0	0	0	0	0
558	G	0	0	0	0	0	0	0
559	I	0	0	0	0	0	0	0
560	Q	0	0	0	0	0	0	0
561	K	0	0	0	0	0	0	0
562	C	0	0	0	0	0	0	0
563	G	0	0	0	0	0	0	0
564	L	0	0	0	0	0	0	0
565	K	0	0	0	0	0	0	0
566	V	0	0	0	0	0	0	0
567	I	0	0	0	0	0	0	0
568	S	0	0	0	0	0	0	0
569	S	0	0	0	0	0	0	0
570	I	0	0	0	0	0	0	0
571	V	0	0	0	0	0	0	0
572	H	0	0	0	0	0	0	0
573	F	0	0	0	0	0	0	0
574	P	0	0	0	0	0	0	0
575	D	0	0	0	0	0	0	0
576	A	0	0	0	0	0	0	0
577	L	0	0	0	0	0	0	0
578	E	0	0	0	0	0	0	0
579	M	0	0	0	0	0	0	0
580	L	0	0	0	0	0	0	0
581	S	0	0	0	0	0	0	0
582	L	0	0	0	0	0	0	0
583	E	0	0	0	0	0	0	0
584	G	0	0	0	0	0	0	0
585	A	0	0	0	0	0	0	0
586	M	0	0	0	0	0	0	0
587	D	0	0	0	0	0	0	0
588	S	0	0	0	0	0	0	0
589	V	0	0	0	0	0	0	0
590	L	0	0	0	0	0	0	0
591	H	0	0	0	0	0	0	0
592	T	0	0	0	0	0	0	0
593	L	0	0	0	0	0	0	0
594	Q	0	0	0	0	0	0	0
595	M	0	0	0	0	0	0	0
596	Y	0	0	0	0	0	0	0
597	P	0	0	0	0	0	0	0
598	D	0	0	0	0	0	0	0
599	D	0	0	0	0	0	0	0
600	Q	0	0	0	0	0	0	0
601	E	0	0	0	0	0	0	0
602	I	0	0	0	0	0	0	0
603	Q	0	0	0	0	0	0	0
604	C	0	0	0	0	0	0	0
605	L	0	0	0	0	0	0	0
606	G	0	0	0	0	0	0	0
607	L	0	0	0	0	0	0	0
608	S	0	0	0	0	0	0	0
609	L	0	0	0	0	0	0	0
610	I	0	0	0	0	0	0	0
611	G	0	0	0	0	0	0	0
612	Y	0	0	0	0	0	0	0
613	L	0	0	0	0	0	0	0
614	I	0	0	0	0	0	0	0
615	T	0	0	0	0	0	0	0
616	K	0	0	0	0	0	0	0
617	K	0	0	0	0	0	0	0
618	N	0	0	0	0	0	0	0
619	V	0	0	0	0	0	0	0
620	F	0	0	0	0	0	0	0
621	I	0	0	0	0	0	0	0
622	G	0	0	0	0	0	0	0
623	T	0	0	0	0	0	0	0
624	G	0	0	0	0	0	0	0
625	H	0	0	0	0	0	0	0
626	L	0	0	0	0	0	0	0
627	L	0	0	0	0	0	0	0
628	A	0	0	0	0	0	0	0
629	K	0	0	0	0	0	0	0
630	I	0	0	0	0	0	0	0
631	L	0	0	0	0	0	0	0
632	V	0	0	0	0	0	0	0
633	S	Phosphoserine	LLAKILVSSLYRFKD	HHHHHHHHHHHHCCC	0	0	0	0
634	S	Phosphoserine	LAKILVSSLYRFKDV	HHHHHHHHHHHCCCH	0	0	0	0
635	L	0	0	0	0	0	0	0
636	Y	Phosphotyrosine	KILVSSLYRFKDVAE	HHHHHHHHHCCCHHH	0	0	0	0
637	R	0	0	0	0	0	0	0
638	F	0	0	0	0	0	0	0
639	K	0	0	0	0	0	0	0
640	D	0	0	0	0	0	0	0
641	V	0	0	0	0	0	0	0
642	A	0	0	0	0	0	0	0
643	E	0	0	0	0	0	0	0
644	I	0	0	0	0	0	0	0
645	Q	0	0	0	0	0	0	0
646	T	0	0	0	0	0	0	0
647	K	0	0	0	0	0	0	0
648	G	0	0	0	0	0	0	0
649	F	0	0	0	0	0	0	0
650	Q	0	0	0	0	0	0	0
651	T	0	0	0	0	0	0	0
652	I	0	0	0	0	0	0	0
653	L	0	0	0	0	0	0	0
654	A	0	0	0	0	0	0	0
655	I	0	0	0	0	0	0	0
656	L	0	0	0	0	0	0	0
657	K	0	0	0	0	0	0	0
658	L	0	0	0	0	0	0	0
659	S	0	0	0	0	0	0	0
660	A	0	0	0	0	0	0	0
661	S	0	0	0	0	0	0	0
662	F	0	0	0	0	0	0	0
663	S	0	0	0	0	0	0	0
664	K	0	0	0	0	0	0	0
665	L	0	0	0	0	0	0	0
666	L	0	0	0	0	0	0	0
667	V	0	0	0	0	0	0	0
668	H	0	0	0	0	0	0	0
669	H	0	0	0	0	0	0	0
670	S	0	0	0	0	0	0	0
671	F	0	0	0	0	0	0	0
672	D	0	0	0	0	0	0	0
673	L	0	0	0	0	0	0	0
674	V	0	0	0	0	0	0	0
675	I	0	0	0	0	0	0	0
676	F	0	0	0	0	0	0	0
677	H	0	0	0	0	0	0	0
678	Q	0	0	0	0	0	0	0
679	M	0	0	0	0	0	0	0
680	S	0	0	0	0	0	0	0
681	S	0	0	0	0	0	0	0
682	N	0	0	0	0	0	0	0
683	I	0	0	0	0	0	0	0
684	M	0	0	0	0	0	0	0
685	E	0	0	0	0	0	0	0
686	Q	0	0	0	0	0	0	0
687	K	0	0	0	0	0	0	0
688	D	0	0	0	0	0	0	0
689	Q	0	0	0	0	0	0	0
690	Q	0	0	0	0	0	0	0
691	F	0	0	0	0	0	0	0
692	L	0	0	0	0	0	0	0
693	N	0	0	0	0	0	0	0
694	L	0	0	0	0	0	0	0
695	C	0	0	0	0	0	0	0
696	C	0	0	0	0	0	0	0
697	K	0	0	0	0	0	0	0
698	C	0	0	0	0	0	0	0
699	F	0	0	0	0	0	0	0
700	A	0	0	0	0	0	0	0
701	K	0	0	0	0	0	0	0
702	V	0	0	0	0	0	0	0
703	A	0	0	0	0	0	0	0
704	M	0	0	0	0	0	0	0
705	D	0	0	0	0	0	0	0
706	D	0	0	0	0	0	0	0
707	Y	Phosphotyrosine	AKVAMDDYLKNVMLE	HHHHHHHHHHHHHHH	0	0	0	0
708	L	0	0	0	0	0	0	0
709	K	0	0	0	0	0	0	0
710	N	0	0	0	0	0	0	0
711	V	0	0	0	0	0	0	0
712	M	0	0	0	0	0	0	0
713	L	0	0	0	0	0	0	0
714	E	0	0	0	0	0	0	0
715	R	0	0	0	0	0	0	0
716	A	0	0	0	0	0	0	0
717	C	0	0	0	0	0	0	0
718	D	0	0	0	0	0	0	0
719	Q	0	0	0	0	0	0	0
720	N	0	0	0	0	0	0	0
721	N	0	0	0	0	0	0	0
722	S	0	0	0	0	0	0	0
723	I	0	0	0	0	0	0	0
724	M	0	0	0	0	0	0	0
725	V	0	0	0	0	0	0	0
726	E	0	0	0	0	0	0	0
727	C	0	0	0	0	0	0	0
728	L	0	0	0	0	0	0	0
729	L	0	0	0	0	0	0	0
730	L	0	0	0	0	0	0	0
731	L	0	0	0	0	0	0	0
732	G	0	0	0	0	0	0	0
733	A	0	0	0	0	0	0	0
734	D	0	0	0	0	0	0	0
735	A	0	0	0	0	0	0	0
736	N	0	0	0	0	0	0	0
737	Q	0	0	0	0	0	0	0
738	A	0	0	0	0	0	0	0
739	K	0	0	0	0	0	0	0
740	E	0	0	0	0	0	0	0
741	G	0	0	0	0	0	0	0
742	S	0	0	0	0	0	0	0
743	S	0	0	0	0	0	0	0
744	L	0	0	0	0	0	0	0
745	I	0	0	0	0	0	0	0
746	C	0	0	0	0	0	0	0
747	Q	0	0	0	0	0	0	0
748	V	0	0	0	0	0	0	0
749	C	0	0	0	0	0	0	0
750	E	0	0	0	0	0	0	0
751	K	0	0	0	0	0	0	0
752	E	0	0	0	0	0	0	0
753	S	0	0	0	0	0	0	0
754	S	0	0	0	0	0	0	0
755	P	0	0	0	0	0	0	0
756	K	0	0	0	0	0	0	0
757	L	0	0	0	0	0	0	0
758	V	0	0	0	0	0	0	0
759	E	0	0	0	0	0	0	0
760	L	0	0	0	0	0	0	0
761	L	0	0	0	0	0	0	0
762	L	0	0	0	0	0	0	0
763	N	0	0	0	0	0	0	0
764	S	0	0	0	0	0	0	0
765	G	0	0	0	0	0	0	0
766	S	0	0	0	0	0	0	0
767	R	0	0	0	0	0	0	0
768	E	0	0	0	0	0	0	0
769	Q	0	0	0	0	0	0	0
770	D	0	0	0	0	0	0	0
771	V	0	0	0	0	0	0	0
772	R	0	0	0	0	0	0	0
773	K	0	0	0	0	0	0	0
774	A	0	0	0	0	0	0	0
775	L	0	0	0	0	0	0	0
776	T	Phosphothreonine	QDVRKALTISIGKGD	HHHHHHEEEEECCCH	0	0	0	0
777	I	0	0	0	0	0	0	0
778	S	0	0	0	0	0	0	0
779	I	0	0	0	0	0	0	0
780	G	0	0	0	0	0	0	0
781	K	0	0	0	0	0	0	0
782	G	0	0	0	0	0	0	0
783	D	0	0	0	0	0	0	0
784	S	Phosphoserine	ISIGKGDSQIISLLL	EEECCCHHHHHHHHH	0	0	0	0
785	Q	0	0	0	0	0	0	0
786	I	0	0	0	0	0	0	0
787	I	0	0	0	0	0	0	0
788	S	Phosphoserine	KGDSQIISLLLRRLA	CCHHHHHHHHHHHHH	0	0	0	0
789	L	0	0	0	0	0	0	0
790	L	0	0	0	0	0	0	0
791	L	0	0	0	0	0	0	0
792	R	0	0	0	0	0	0	0
793	R	0	0	0	0	0	0	0
794	L	0	0	0	0	0	0	0
795	A	0	0	0	0	0	0	0
796	L	0	0	0	0	0	0	0
797	D	0	0	0	0	0	0	0
798	V	0	0	0	0	0	0	0
799	A	0	0	0	0	0	0	0
800	N	0	0	0	0	0	0	0
801	N	0	0	0	0	0	0	0
802	S	0	0	0	0	0	0	0
803	I	0	0	0	0	0	0	0
804	C	0	0	0	0	0	0	0
805	L	0	0	0	0	0	0	0
806	G	0	0	0	0	0	0	0
807	G	0	0	0	0	0	0	0
808	F	0	0	0	0	0	0	0
809	C	0	0	0	0	0	0	0
810	I	0	0	0	0	0	0	0
811	G	0	0	0	0	0	0	0
812	K	0	0	0	0	0	0	0
813	V	0	0	0	0	0	0	0
814	E	0	0	0	0	0	0	0
815	P	0	0	0	0	0	0	0
816	S	0	0	0	0	0	0	0
817	W	0	0	0	0	0	0	0
818	L	0	0	0	0	0	0	0
819	G	0	0	0	0	0	0	0
820	P	0	0	0	0	0	0	0
821	L	0	0	0	0	0	0	0
822	F	0	0	0	0	0	0	0
823	P	0	0	0	0	0	0	0
824	D	0	0	0	0	0	0	0
825	K	0	0	0	0	0	0	0
826	T	Phosphothreonine	GPLFPDKTSNLRKQT	CCCCCCCCCCHHHHH	0	0	0	0
827	S	0	0	0	0	0	0	0
828	N	0	0	0	0	0	0	0
829	L	0	0	0	0	0	0	0
830	R	0	0	0	0	0	0	0
831	K	0	0	0	0	0	0	0
832	Q	0	0	0	0	0	0	0
833	T	Phosphothreonine	TSNLRKQTNIASTLA	CCCHHHHHCHHHHHH	0	0	0	0
834	N	0	0	0	0	0	0	0
835	I	0	0	0	0	0	0	0
836	A	0	0	0	0	0	0	0
837	S	Phosphoserine	RKQTNIASTLARMVI	HHHHCHHHHHHHHHH	0	0	0	0
838	T	Phosphothreonine	KQTNIASTLARMVIR	HHHCHHHHHHHHHHH	0	0	0	0
839	L	0	0	0	0	0	0	0
840	A	0	0	0	0	0	0	0
841	R	0	0	0	0	0	0	0
842	M	0	0	0	0	0	0	0
843	V	0	0	0	0	0	0	0
844	I	0	0	0	0	0	0	0
845	R	0	0	0	0	0	0	0
846	Y	0	0	0	0	0	0	0
847	Q	0	0	0	0	0	0	0
848	M	0	0	0	0	0	0	0
849	K	0	0	0	0	0	0	0
850	S	Phosphoserine	VIRYQMKSAVEEGTA	HHHHHHHHHHHHCCC	0	0	0	0
851	A	0	0	0	0	0	0	0
852	V	0	0	0	0	0	0	0
853	E	0	0	0	0	0	0	0
854	E	0	0	0	0	0	0	0
855	G	0	0	0	0	0	0	0
856	T	0	0	0	0	0	0	0
857	A	0	0	0	0	0	0	0
858	S	Phosphoserine	AVEEGTASGSDGNFS	HHHHCCCCCCCCCCC	0	0	0	0
859	G	0	0	0	0	0	0	0
860	S	Phosphoserine	EEGTASGSDGNFSED	HHCCCCCCCCCCCHH	0	0	0	0
861	D	0	0	0	0	0	0	0
862	G	0	0	0	0	0	0	0
863	N	0	0	0	0	0	0	0
864	F	0	0	0	0	0	0	0
865	S	Phosphoserine	SGSDGNFSEDVLSKF	CCCCCCCCHHHHHCC	0	0	0	0
866	E	0	0	0	0	0	0	0
867	D	0	0	0	0	0	0	0
868	V	0	0	0	0	0	0	0
869	L	0	0	0	0	0	0	0
870	S	0	0	0	0	0	0	0
871	K	0	0	0	0	0	0	0
872	F	0	0	0	0	0	0	0
873	D	0	0	0	0	0	0	0
874	E	0	0	0	0	0	0	0
875	W	0	0	0	0	0	0	0
876	T	0	0	0	0	0	0	0
877	F	0	0	0	0	0	0	0
878	I	0	0	0	0	0	0	0
879	P	0	0	0	0	0	0	0
880	D	0	0	0	0	0	0	0
881	S	0	0	0	0	0	0	0
882	S	0	0	0	0	0	0	0
883	M	0	0	0	0	0	0	0
884	D	0	0	0	0	0	0	0
885	S	0	0	0	0	0	0	0
886	V	0	0	0	0	0	0	0
887	F	0	0	0	0	0	0	0
888	A	0	0	0	0	0	0	0
889	Q	0	0	0	0	0	0	0
890	S	0	0	0	0	0	0	0
891	D	0	0	0	0	0	0	0
892	D	0	0	0	0	0	0	0
893	L	0	0	0	0	0	0	0
894	D	0	0	0	0	0	0	0
895	S	Phosphoserine	AQSDDLDSEGSEGSF	ECCCCCCCCCCCCCE	0	0	0	0
896	E	0	0	0	0	0	0	0
897	G	0	0	0	0	0	0	0
898	S	Phosphoserine	DDLDSEGSEGSFLVK	CCCCCCCCCCCEEEE	0	0	0	0
899	E	0	0	0	0	0	0	0
900	G	0	0	0	0	0	0	0
901	S	0	0	0	0	0	0	0
902	F	0	0	0	0	0	0	0
903	L	0	0	0	0	0	0	0
904	V	0	0	0	0	0	0	0
905	K	0	0	0	0	0	0	0
906	K	0	0	0	0	0	0	0
907	K	0	0	0	0	0	0	0
908	S	Phosphoserine	SFLVKKKSNSISVGE	CEEEEECCCCCEECH	0	0	0	0
909	N	0	0	0	0	0	0	0
910	S	Phosphoserine	LVKKKSNSISVGEFY	EEEECCCCCEECHHH	0	0	0	0
911	I	0	0	0	0	0	0	0
912	S	Phosphoserine	KKKSNSISVGEFYRD	EECCCCCEECHHHHH	0	0	0	0
913	V	0	0	0	0	0	0	0
914	G	0	0	0	0	0	0	0
915	E	0	0	0	0	0	0	0
916	F	0	0	0	0	0	0	0
917	Y	0	0	0	0	0	0	0
918	R	0	0	0	0	0	0	0
919	D	0	0	0	0	0	0	0
920	A	0	0	0	0	0	0	0
921	V	0	0	0	0	0	0	0
922	L	0	0	0	0	0	0	0
923	Q	0	0	0	0	0	0	0
924	R	0	0	0	0	0	0	0
925	C	0	0	0	0	0	0	0
926	S	Phosphoserine	DAVLQRCSPNLQRHS	HHHHHHCCCCHHHHC	0	0	0	0
927	P	0	0	0	0	0	0	0
928	N	0	0	0	0	0	0	0
929	L	0	0	0	0	0	0	0
930	Q	0	0	0	0	0	0	0
931	R	0	0	0	0	0	0	0
932	H	0	0	0	0	0	0	0
933	S	Phosphoserine	SPNLQRHSNSLGPIF	CCCHHHHCCCCCCCC	0	0	0	0
934	N	0	0	0	0	0	0	0
935	S	Phosphoserine	NLQRHSNSLGPIFDH	CHHHHCCCCCCCCCH	0	0	0	0
936	L	0	0	0	0	0	0	0
937	G	0	0	0	0	0	0	0
938	P	0	0	0	0	0	0	0
939	I	0	0	0	0	0	0	0
940	F	0	0	0	0	0	0	0
941	D	0	0	0	0	0	0	0
942	H	0	0	0	0	0	0	0
943	E	0	0	0	0	0	0	0
944	D	0	0	0	0	0	0	0
945	L	0	0	0	0	0	0	0
946	L	0	0	0	0	0	0	0
947	K	0	0	0	0	0	0	0
948	R	0	0	0	0	0	0	0
949	K	0	0	0	0	0	0	0
950	R	0	0	0	0	0	0	0
951	K	0	0	0	0	0	0	0
952	I	0	0	0	0	0	0	0
953	L	0	0	0	0	0	0	0
954	S	Phosphoserine	KRKRKILSSDDSLRS	HHHHHHHCCCCHHHH	0	0	0	0
955	S	Phosphoserine	RKRKILSSDDSLRSS	HHHHHHCCCCHHHHH	0	0	0	0
956	D	0	0	0	0	0	0	0
957	D	0	0	0	0	0	0	0
958	S	Phosphoserine	KILSSDDSLRSSKLQ	HHHCCCCHHHHHHHH	0	0	0	0
959	L	0	0	0	0	0	0	0
960	R	0	0	0	0	0	0	0
961	S	0	0	0	0	0	0	0
962	S	Phosphoserine	SDDSLRSSKLQSHMR	CCCHHHHHHHHHHHC	0	0	0	0
963	K	0	0	0	0	0	0	0
964	L	0	0	0	0	0	0	0
965	Q	0	0	0	0	0	0	0
966	S	0	0	0	0	0	0	0
967	H	0	0	0	0	0	0	0
968	M	0	0	0	0	0	0	0
969	R	0	0	0	0	0	0	0
970	H	0	0	0	0	0	0	0
971	S	Phosphoserine	LQSHMRHSDSISSLA	HHHHHCCCHHHHHHH	0	0	0	0
972	D	0	0	0	0	0	0	0
973	S	Phosphoserine	SHMRHSDSISSLASE	HHHCCCHHHHHHHHH	0	0	0	0
974	I	0	0	0	0	0	0	0
975	S	Phosphoserine	MRHSDSISSLASERE	HCCCHHHHHHHHHHH	0	0	0	0
976	S	Phosphoserine	RHSDSISSLASEREY	CCCHHHHHHHHHHHH	0	0	0	0
977	L	0	0	0	0	0	0	0
978	A	0	0	0	0	0	0	0
979	S	Phosphoserine	DSISSLASEREYITS	HHHHHHHHHHHHHHH	0	0	0	0
980	E	0	0	0	0	0	0	0
981	R	0	0	0	0	0	0	0
982	E	0	0	0	0	0	0	0
983	Y	0	0	0	0	0	0	0
984	I	0	0	0	0	0	0	0
985	T	0	0	0	0	0	0	0
986	S	0	0	0	0	0	0	0
987	L	0	0	0	0	0	0	0
988	D	0	0	0	0	0	0	0
989	L	0	0	0	0	0	0	0
990	S	0	0	0	0	0	0	0
991	A	0	0	0	0	0	0	0
992	N	0	0	0	0	0	0	0
993	E	0	0	0	0	0	0	0
994	L	0	0	0	0	0	0	0
995	R	0	0	0	0	0	0	0
996	D	0	0	0	0	0	0	0
997	I	0	0	0	0	0	0	0
998	D	0	0	0	0	0	0	0
999	A	0	0	0	0	0	0	0
1000	L	0	0	0	0	0	0	0
1001	S	0	0	0	0	0	0	0
1002	Q	0	0	0	0	0	0	0
1003	K	0	0	0	0	0	0	0
1004	C	0	0	0	0	0	0	0
1005	C	0	0	0	0	0	0	0
1006	I	0	0	0	0	0	0	0
1007	S	Phosphoserine	LSQKCCISVHLEHLE	HHHHHHHHHHHHHHH	0	0	0	0
1008	V	0	0	0	0	0	0	0
1009	H	0	0	0	0	0	0	0
1010	L	0	0	0	0	0	0	0
1011	E	0	0	0	0	0	0	0
1012	H	0	0	0	0	0	0	0
1013	L	0	0	0	0	0	0	0
1014	E	0	0	0	0	0	0	0
1015	K	0	0	0	0	0	0	0
1016	L	0	0	0	0	0	0	0
1017	E	0	0	0	0	0	0	0
1018	L	0	0	0	0	0	0	0
1019	H	0	0	0	0	0	0	0
1020	Q	0	0	0	0	0	0	0
1021	N	0	0	0	0	0	0	0
1022	A	0	0	0	0	0	0	0
1023	L	0	0	0	0	0	0	0
1024	T	Phosphothreonine	ELHQNALTSFPQQLC	HHHHHHHHHHHHHHH	0	0	0	0
1025	S	Phosphoserine	LHQNALTSFPQQLCE	HHHHHHHHHHHHHHH	0	0	0	0
1026	F	0	0	0	0	0	0	0
1027	P	0	0	0	0	0	0	0
1028	Q	0	0	0	0	0	0	0
1029	Q	0	0	0	0	0	0	0
1030	L	0	0	0	0	0	0	0
1031	C	0	0	0	0	0	0	0
1032	E	0	0	0	0	0	0	0
1033	T	0	0	0	0	0	0	0
1034	L	0	0	0	0	0	0	0
1035	K	0	0	0	0	0	0	0
1036	S	0	0	0	0	0	0	0
1037	L	0	0	0	0	0	0	0
1038	T	0	0	0	0	0	0	0
1039	H	0	0	0	0	0	0	0
1040	L	0	0	0	0	0	0	0
1041	D	0	0	0	0	0	0	0
1042	L	0	0	0	0	0	0	0
1043	H	0	0	0	0	0	0	0
1044	S	0	0	0	0	0	0	0
1045	N	0	0	0	0	0	0	0
1046	K	0	0	0	0	0	0	0
1047	F	0	0	0	0	0	0	0
1048	T	0	0	0	0	0	0	0
1049	S	0	0	0	0	0	0	0
1050	F	0	0	0	0	0	0	0
1051	P	0	0	0	0	0	0	0
1052	S	0	0	0	0	0	0	0
1053	Y	0	0	0	0	0	0	0
1054	L	0	0	0	0	0	0	0
1055	L	0	0	0	0	0	0	0
1056	K	0	0	0	0	0	0	0
1057	M	0	0	0	0	0	0	0
1058	S	Phosphoserine	PSYLLKMSCIANLDV	HHHHHHHHHHHCCCC	0	0	0	0
1059	C	0	0	0	0	0	0	0
1060	I	0	0	0	0	0	0	0
1061	A	0	0	0	0	0	0	0
1062	N	0	0	0	0	0	0	0
1063	L	0	0	0	0	0	0	0
1064	D	0	0	0	0	0	0	0
1065	V	0	0	0	0	0	0	0
1066	S	0	0	0	0	0	0	0
1067	R	0	0	0	0	0	0	0
1068	N	0	0	0	0	0	0	0
1069	D	0	0	0	0	0	0	0
1070	I	0	0	0	0	0	0	0
1071	G	0	0	0	0	0	0	0
1072	P	0	0	0	0	0	0	0
1073	S	0	0	0	0	0	0	0
1074	V	0	0	0	0	0	0	0
1075	V	0	0	0	0	0	0	0
1076	L	0	0	0	0	0	0	0
1077	D	0	0	0	0	0	0	0
1078	P	0	0	0	0	0	0	0
1079	T	0	0	0	0	0	0	0
1080	V	0	0	0	0	0	0	0
1081	K	0	0	0	0	0	0	0
1082	C	0	0	0	0	0	0	0
1083	P	0	0	0	0	0	0	0
1084	T	0	0	0	0	0	0	0
1085	L	0	0	0	0	0	0	0
1086	K	0	0	0	0	0	0	0
1087	Q	0	0	0	0	0	0	0
1088	F	0	0	0	0	0	0	0
1089	N	0	0	0	0	0	0	0
1090	L	0	0	0	0	0	0	0
1091	S	0	0	0	0	0	0	0
1092	Y	0	0	0	0	0	0	0
1093	N	0	0	0	0	0	0	0
1094	Q	0	0	0	0	0	0	0
1095	L	0	0	0	0	0	0	0
1096	S	0	0	0	0	0	0	0
1097	F	0	0	0	0	0	0	0
1098	V	0	0	0	0	0	0	0
1099	P	0	0	0	0	0	0	0
1100	E	0	0	0	0	0	0	0
1101	N	0	0	0	0	0	0	0
1102	L	0	0	0	0	0	0	0
1103	T	0	0	0	0	0	0	0
1104	D	0	0	0	0	0	0	0
1105	V	0	0	0	0	0	0	0
1106	V	0	0	0	0	0	0	0
1107	E	0	0	0	0	0	0	0
1108	K	0	0	0	0	0	0	0
1109	L	0	0	0	0	0	0	0
1110	E	0	0	0	0	0	0	0
1111	Q	0	0	0	0	0	0	0
1112	L	0	0	0	0	0	0	0
1113	I	0	0	0	0	0	0	0
1114	L	0	0	0	0	0	0	0
1115	E	0	0	0	0	0	0	0
1116	G	0	0	0	0	0	0	0
1117	N	0	0	0	0	0	0	0
1118	K	0	0	0	0	0	0	0
1119	I	0	0	0	0	0	0	0
1120	S	0	0	0	0	0	0	0
1121	G	0	0	0	0	0	0	0
1122	I	0	0	0	0	0	0	0
1123	C	0	0	0	0	0	0	0
1124	S	Phosphoserine	NKISGICSPLRLKEL	CCCCCCCCHHHHCCC	0	0	0	0
1125	P	0	0	0	0	0	0	0
1126	L	0	0	0	0	0	0	0
1127	R	0	0	0	0	0	0	0
1128	L	0	0	0	0	0	0	0
1129	K	0	0	0	0	0	0	0
1130	E	0	0	0	0	0	0	0
1131	L	0	0	0	0	0	0	0
1132	K	0	0	0	0	0	0	0
1133	I	0	0	0	0	0	0	0
1134	L	0	0	0	0	0	0	0
1135	N	0	0	0	0	0	0	0
1136	L	0	0	0	0	0	0	0
1137	S	0	0	0	0	0	0	0
1138	K	0	0	0	0	0	0	0
1139	N	0	0	0	0	0	0	0
1140	H	0	0	0	0	0	0	0
1141	I	0	0	0	0	0	0	0
1142	S	0	0	0	0	0	0	0
1143	S	0	0	0	0	0	0	0
1144	L	0	0	0	0	0	0	0
1145	S	0	0	0	0	0	0	0
1146	E	0	0	0	0	0	0	0
1147	N	0	0	0	0	0	0	0
1148	F	0	0	0	0	0	0	0
1149	L	0	0	0	0	0	0	0
1150	E	0	0	0	0	0	0	0
1151	A	0	0	0	0	0	0	0
1152	C	0	0	0	0	0	0	0
1153	P	0	0	0	0	0	0	0
1154	K	0	0	0	0	0	0	0
1155	V	0	0	0	0	0	0	0
1156	E	0	0	0	0	0	0	0
1157	S	Phosphoserine	EACPKVESFSARMNF	HHCCCCCHHHHHHHH	0	0	0	0
1158	F	0	0	0	0	0	0	0
1159	S	Phosphoserine	CPKVESFSARMNFLA	CCCCCHHHHHHHHHH	0	0	0	0
1160	A	0	0	0	0	0	0	0
1161	R	0	0	0	0	0	0	0
1162	M	0	0	0	0	0	0	0
1163	N	0	0	0	0	0	0	0
1164	F	0	0	0	0	0	0	0
1165	L	0	0	0	0	0	0	0
1166	A	0	0	0	0	0	0	0
1167	A	0	0	0	0	0	0	0
1168	M	0	0	0	0	0	0	0
1169	P	0	0	0	0	0	0	0
1170	F	0	0	0	0	0	0	0
1171	L	0	0	0	0	0	0	0
1172	P	0	0	0	0	0	0	0
1173	P	0	0	0	0	0	0	0
1174	S	0	0	0	0	0	0	0
1175	M	0	0	0	0	0	0	0
1176	T	Phosphothreonine	PFLPPSMTILKLSQN	CCCCCCCEEEECCCC	0	0	0	0
1177	I	0	0	0	0	0	0	0
1178	L	0	0	0	0	0	0	0
1179	K	0	0	0	0	0	0	0
1180	L	0	0	0	0	0	0	0
1181	S	0	0	0	0	0	0	0
1182	Q	0	0	0	0	0	0	0
1183	N	0	0	0	0	0	0	0
1184	K	0	0	0	0	0	0	0
1185	F	0	0	0	0	0	0	0
1186	S	0	0	0	0	0	0	0
1187	C	0	0	0	0	0	0	0
1188	I	0	0	0	0	0	0	0
1189	P	0	0	0	0	0	0	0
1190	E	0	0	0	0	0	0	0
1191	A	0	0	0	0	0	0	0
1192	I	0	0	0	0	0	0	0
1193	L	0	0	0	0	0	0	0
1194	N	0	0	0	0	0	0	0
1195	L	0	0	0	0	0	0	0
1196	P	0	0	0	0	0	0	0
1197	H	0	0	0	0	0	0	0
1198	L	0	0	0	0	0	0	0
1199	R	0	0	0	0	0	0	0
1200	S	0	0	0	0	0	0	0
1201	L	0	0	0	0	0	0	0
1202	D	0	0	0	0	0	0	0
1203	M	0	0	0	0	0	0	0
1204	S	0	0	0	0	0	0	0
1205	S	0	0	0	0	0	0	0
1206	N	0	0	0	0	0	0	0
1207	D	0	0	0	0	0	0	0
1208	I	0	0	0	0	0	0	0
1209	Q	0	0	0	0	0	0	0
1210	Y	0	0	0	0	0	0	0
1211	L	0	0	0	0	0	0	0
1212	P	0	0	0	0	0	0	0
1213	G	0	0	0	0	0	0	0
1214	P	0	0	0	0	0	0	0
1215	A	0	0	0	0	0	0	0
1216	H	0	0	0	0	0	0	0
1217	W	0	0	0	0	0	0	0
1218	K	0	0	0	0	0	0	0
1219	S	Phosphoserine	PGPAHWKSLNLRELL	CCCHHHHHCCHHHHH	0	0	0	0
1220	L	0	0	0	0	0	0	0
1221	N	0	0	0	0	0	0	0
1222	L	0	0	0	0	0	0	0
1223	R	0	0	0	0	0	0	0
1224	E	0	0	0	0	0	0	0
1225	L	0	0	0	0	0	0	0
1226	L	0	0	0	0	0	0	0
1227	F	0	0	0	0	0	0	0
1228	S	Phosphoserine	NLRELLFSHNQISIL	CHHHHHHCCCCEEEE	0	0	0	0
1229	H	0	0	0	0	0	0	0
1230	N	0	0	0	0	0	0	0
1231	Q	0	0	0	0	0	0	0
1232	I	0	0	0	0	0	0	0
1233	S	0	0	0	0	0	0	0
1234	I	0	0	0	0	0	0	0
1235	L	0	0	0	0	0	0	0
1236	D	0	0	0	0	0	0	0
1237	L	0	0	0	0	0	0	0
1238	S	0	0	0	0	0	0	0
1239	E	0	0	0	0	0	0	0
1240	K	0	0	0	0	0	0	0
1241	A	0	0	0	0	0	0	0
1242	Y	0	0	0	0	0	0	0
1243	L	0	0	0	0	0	0	0
1244	W	0	0	0	0	0	0	0
1245	S	0	0	0	0	0	0	0
1246	R	0	0	0	0	0	0	0
1247	V	0	0	0	0	0	0	0
1248	E	0	0	0	0	0	0	0
1249	K	0	0	0	0	0	0	0
1250	L	0	0	0	0	0	0	0
1251	H	0	0	0	0	0	0	0
1252	L	0	0	0	0	0	0	0
1253	S	Phosphoserine	RVEKLHLSHNKLKEI	HHHHHHCCCHHHCCC	0	0	0	0
1254	H	0	0	0	0	0	0	0
1255	N	0	0	0	0	0	0	0
1256	K	0	0	0	0	0	0	0
1257	L	0	0	0	0	0	0	0
1258	K	0	0	0	0	0	0	0
1259	E	0	0	0	0	0	0	0
1260	I	0	0	0	0	0	0	0
1261	P	0	0	0	0	0	0	0
1262	P	0	0	0	0	0	0	0
1263	E	0	0	0	0	0	0	0
1264	I	0	0	0	0	0	0	0
1265	G	0	0	0	0	0	0	0
1266	C	0	0	0	0	0	0	0
1267	L	0	0	0	0	0	0	0
1268	E	0	0	0	0	0	0	0
1269	N	0	0	0	0	0	0	0
1270	L	0	0	0	0	0	0	0
1271	T	0	0	0	0	0	0	0
1272	S	0	0	0	0	0	0	0
1273	L	0	0	0	0	0	0	0
1274	D	0	0	0	0	0	0	0
1275	V	0	0	0	0	0	0	0
1276	S	0	0	0	0	0	0	0
1277	Y	0	0	0	0	0	0	0
1278	N	0	0	0	0	0	0	0
1279	L	0	0	0	0	0	0	0
1280	E	0	0	0	0	0	0	0
1281	L	0	0	0	0	0	0	0
1282	R	0	0	0	0	0	0	0
1283	S	Phosphoserine	SYNLELRSFPNEMGK	CCCEEECCCCCCCCC	0	0	0	0
1284	F	0	0	0	0	0	0	0
1285	P	0	0	0	0	0	0	0
1286	N	0	0	0	0	0	0	0
1287	E	0	0	0	0	0	0	0
1288	M	0	0	0	0	0	0	0
1289	G	0	0	0	0	0	0	0
1290	K	0	0	0	0	0	0	0
1291	L	0	0	0	0	0	0	0
1292	S	Phosphoserine	PNEMGKLSKIWDLPL	CCCCCCCHHHCCCCC	0	0	0	0
1293	K	0	0	0	0	0	0	0
1294	I	0	0	0	0	0	0	0
1295	W	0	0	0	0	0	0	0
1296	D	0	0	0	0	0	0	0
1297	L	0	0	0	0	0	0	0
1298	P	0	0	0	0	0	0	0
1299	L	0	0	0	0	0	0	0
1300	D	0	0	0	0	0	0	0
1301	E	0	0	0	0	0	0	0
1302	L	0	0	0	0	0	0	0
1303	H	0	0	0	0	0	0	0
1304	L	0	0	0	0	0	0	0
1305	N	0	0	0	0	0	0	0
1306	F	0	0	0	0	0	0	0
1307	D	0	0	0	0	0	0	0
1308	F	0	0	0	0	0	0	0
1309	K	0	0	0	0	0	0	0
1310	H	0	0	0	0	0	0	0
1311	I	0	0	0	0	0	0	0
1312	G	0	0	0	0	0	0	0
1313	C	0	0	0	0	0	0	0
1314	K	0	0	0	0	0	0	0
1315	A	0	0	0	0	0	0	0
1316	K	0	0	0	0	0	0	0
1317	D	0	0	0	0	0	0	0
1318	I	0	0	0	0	0	0	0
1319	I	0	0	0	0	0	0	0
1320	R	0	0	0	0	0	0	0
1321	F	0	0	0	0	0	0	0
1322	L	0	0	0	0	0	0	0
1323	Q	0	0	0	0	0	0	0
1324	Q	0	0	0	0	0	0	0
1325	R	0	0	0	0	0	0	0
1326	L	0	0	0	0	0	0	0
1327	K	0	0	0	0	0	0	0
1328	K	0	0	0	0	0	0	0
1329	A	0	0	0	0	0	0	0
1330	V	0	0	0	0	0	0	0
1331	P	0	0	0	0	0	0	0
1332	Y	Phosphotyrosine	RLKKAVPYNRMKLMI	HHHHCCCCCCEEEEE	0	0	0	0
1333	N	0	0	0	0	0	0	0
1334	R	0	0	0	0	0	0	0
1335	M	0	0	0	0	0	0	0
1336	K	0	0	0	0	0	0	0
1337	L	0	0	0	0	0	0	0
1338	M	0	0	0	0	0	0	0
1339	I	0	0	0	0	0	0	0
1340	V	0	0	0	0	0	0	0
1341	G	0	0	0	0	0	0	0
1342	N	0	0	0	0	0	0	0
1343	T	Phosphothreonine	KLMIVGNTGSGKTTL	EEEEECCCCCCHHHH	0	0	0	0
1344	G	0	0	0	0	0	0	0
1345	S	Phosphoserine	MIVGNTGSGKTTLLQ	EEECCCCCCHHHHHH	0	0	0	0
1346	G	0	0	0	0	0	0	0
1347	K	0	0	0	0	0	0	0
1348	T	Phosphothreonine	GNTGSGKTTLLQQLM	CCCCCCHHHHHHHHH	0	0	0	0
1349	T	Phosphothreonine	NTGSGKTTLLQQLMK	CCCCCHHHHHHHHHH	0	0	0	0
1350	L	0	0	0	0	0	0	0
1351	L	0	0	0	0	0	0	0
1352	Q	0	0	0	0	0	0	0
1353	Q	0	0	0	0	0	0	0
1354	L	0	0	0	0	0	0	0
1355	M	0	0	0	0	0	0	0
1356	K	0	0	0	0	0	0	0
1357	T	Phosphothreonine	LLQQLMKTKKSDLGM	HHHHHHHHCCHHCCC	0	0	0	0
1358	K	0	0	0	0	0	0	0
1359	K	0	0	0	0	0	0	0
1360	S	0	0	0	0	0	0	0
1361	D	0	0	0	0	0	0	0
1362	L	0	0	0	0	0	0	0
1363	G	0	0	0	0	0	0	0
1364	M	0	0	0	0	0	0	0
1365	Q	0	0	0	0	0	0	0
1366	S	0	0	0	0	0	0	0
1367	A	0	0	0	0	0	0	0
1368	T	Phosphothreonine	DLGMQSATVGIDVKD	HCCCCCCEECCCCCC	0	0	0	0
1369	V	0	0	0	0	0	0	0
1370	G	0	0	0	0	0	0	0
1371	I	0	0	0	0	0	0	0
1372	D	0	0	0	0	0	0	0
1373	V	0	0	0	0	0	0	0
1374	K	0	0	0	0	0	0	0
1375	D	0	0	0	0	0	0	0
1376	W	0	0	0	0	0	0	0
1377	P	0	0	0	0	0	0	0
1378	I	0	0	0	0	0	0	0
1379	Q	0	0	0	0	0	0	0
1380	I	0	0	0	0	0	0	0
1381	R	0	0	0	0	0	0	0
1382	D	0	0	0	0	0	0	0
1383	K	0	0	0	0	0	0	0
1384	R	0	0	0	0	0	0	0
1385	K	0	0	0	0	0	0	0
1386	R	0	0	0	0	0	0	0
1387	D	0	0	0	0	0	0	0
1388	L	0	0	0	0	0	0	0
1389	V	0	0	0	0	0	0	0
1390	L	0	0	0	0	0	0	0
1391	N	0	0	0	0	0	0	0
1392	V	0	0	0	0	0	0	0
1393	W	0	0	0	0	0	0	0
1394	D	0	0	0	0	0	0	0
1395	F	0	0	0	0	0	0	0
1396	A	0	0	0	0	0	0	0
1397	G	0	0	0	0	0	0	0
1398	R	0	0	0	0	0	0	0
1399	E	0	0	0	0	0	0	0
1400	E	0	0	0	0	0	0	0
1401	F	0	0	0	0	0	0	0
1402	Y	Phosphotyrosine	FAGREEFYSTHPHFM	CCCCHHHHCCCCCHH	0	0	0	0
1403	S	Phosphoserine	AGREEFYSTHPHFMT	CCCHHHHCCCCCHHH	0	0	0	0
1404	T	Phosphothreonine	GREEFYSTHPHFMTQ	CCHHHHCCCCCHHHH	0	0	0	0
1405	H	0	0	0	0	0	0	0
1406	P	0	0	0	0	0	0	0
1407	H	0	0	0	0	0	0	0
1408	F	0	0	0	0	0	0	0
1409	M	0	0	0	0	0	0	0
1410	T	Phosphothreonine	STHPHFMTQRALYLA	CCCCCHHHHHHHHHH	0	0	0	0
1411	Q	0	0	0	0	0	0	0
1412	R	0	0	0	0	0	0	0
1413	A	0	0	0	0	0	0	0
1414	L	0	0	0	0	0	0	0
1415	Y	0	0	0	0	0	0	0
1416	L	0	0	0	0	0	0	0
1417	A	0	0	0	0	0	0	0
1418	V	0	0	0	0	0	0	0
1419	Y	0	0	0	0	0	0	0
1420	D	0	0	0	0	0	0	0
1421	L	0	0	0	0	0	0	0
1422	S	0	0	0	0	0	0	0
1423	K	0	0	0	0	0	0	0
1424	G	0	0	0	0	0	0	0
1425	Q	0	0	0	0	0	0	0
1426	A	0	0	0	0	0	0	0
1427	E	0	0	0	0	0	0	0
1428	V	0	0	0	0	0	0	0
1429	D	0	0	0	0	0	0	0
1430	A	0	0	0	0	0	0	0
1431	M	0	0	0	0	0	0	0
1432	K	0	0	0	0	0	0	0
1433	P	0	0	0	0	0	0	0
1434	W	0	0	0	0	0	0	0
1435	L	0	0	0	0	0	0	0
1436	F	0	0	0	0	0	0	0
1437	N	0	0	0	0	0	0	0
1438	I	0	0	0	0	0	0	0
1439	K	0	0	0	0	0	0	0
1440	A	0	0	0	0	0	0	0
1441	R	0	0	0	0	0	0	0
1442	A	0	0	0	0	0	0	0
1443	S	Phosphoserine	FNIKARASSSPVILV	HHHHHCCCCCCEEEE	0	0	0	0
1444	S	Phosphoserine	NIKARASSSPVILVG	HHHHCCCCCCEEEEE	0	0	0	0
1445	S	Phosphoserine	IKARASSSPVILVGT	HHHCCCCCCEEEEEE	0	0	0	0
1446	P	0	0	0	0	0	0	0
1447	V	0	0	0	0	0	0	0
1448	I	0	0	0	0	0	0	0
1449	L	0	0	0	0	0	0	0
1450	V	0	0	0	0	0	0	0
1451	G	0	0	0	0	0	0	0
1452	T	Phosphothreonine	SPVILVGTHLDVSDE	CCEEEEEEECCCCHH	0	0	0	0
1453	H	0	0	0	0	0	0	0
1454	L	0	0	0	0	0	0	0
1455	D	0	0	0	0	0	0	0
1456	V	0	0	0	0	0	0	0
1457	S	Phosphoserine	VGTHLDVSDEKQRKA	EEEECCCCHHHHHHH	0	0	0	0
1458	D	0	0	0	0	0	0	0
1459	E	0	0	0	0	0	0	0
1460	K	0	0	0	0	0	0	0
1461	Q	0	0	0	0	0	0	0
1462	R	0	0	0	0	0	0	0
1463	K	0	0	0	0	0	0	0
1464	A	0	0	0	0	0	0	0
1465	C	0	0	0	0	0	0	0
1466	M	0	0	0	0	0	0	0
1467	S	Phosphoserine	KQRKACMSKITKELL	HHHHHHHHHHHHHHH	0	0	0	0
1468	K	0	0	0	0	0	0	0
1469	I	0	0	0	0	0	0	0
1470	T	Phosphothreonine	KACMSKITKELLNKR	HHHHHHHHHHHHHHC	0	0	0	0
1471	K	0	0	0	0	0	0	0
1472	E	0	0	0	0	0	0	0
1473	L	0	0	0	0	0	0	0
1474	L	0	0	0	0	0	0	0
1475	N	0	0	0	0	0	0	0
1476	K	0	0	0	0	0	0	0
1477	R	0	0	0	0	0	0	0
1478	G	0	0	0	0	0	0	0
1479	F	0	0	0	0	0	0	0
1480	P	0	0	0	0	0	0	0
1481	A	0	0	0	0	0	0	0
1482	I	0	0	0	0	0	0	0
1483	R	0	0	0	0	0	0	0
1484	D	0	0	0	0	0	0	0
1485	Y	Phosphotyrosine	GFPAIRDYHFVNATE	CCCCCCCCCCCCCCC	0	0	0	0
1486	H	0	0	0	0	0	0	0
1487	F	0	0	0	0	0	0	0
1488	V	0	0	0	0	0	0	0
1489	N	0	0	0	0	0	0	0
1490	A	0	0	0	0	0	0	0
1491	T	Phosphothreonine	DYHFVNATEESDALA	CCCCCCCCCCCHHHH	0	0	0	0
1492	E	0	0	0	0	0	0	0
1493	E	0	0	0	0	0	0	0
1494	S	0	0	0	0	0	0	0
1495	D	0	0	0	0	0	0	0
1496	A	0	0	0	0	0	0	0
1497	L	0	0	0	0	0	0	0
1498	A	0	0	0	0	0	0	0
1499	K	0	0	0	0	0	0	0
1500	L	0	0	0	0	0	0	0
1501	R	0	0	0	0	0	0	0
1502	K	0	0	0	0	0	0	0
1503	T	Phosphothreonine	ALAKLRKTIINESLN	HHHHHHHHHHHHHCC	0	0	0	0
1504	I	0	0	0	0	0	0	0
1505	I	0	0	0	0	0	0	0
1506	N	0	0	0	0	0	0	0
1507	E	0	0	0	0	0	0	0
1508	S	Phosphoserine	RKTIINESLNFKIRD	HHHHHHHHCCCCCCC	0	0	0	0
1509	L	0	0	0	0	0	0	0
1510	N	0	0	0	0	0	0	0
1511	F	0	0	0	0	0	0	0
1512	K	0	0	0	0	0	0	0
1513	I	0	0	0	0	0	0	0
1514	R	0	0	0	0	0	0	0
1515	D	0	0	0	0	0	0	0
1516	Q	0	0	0	0	0	0	0
1517	L	0	0	0	0	0	0	0
1518	V	0	0	0	0	0	0	0
1519	V	0	0	0	0	0	0	0
1520	G	0	0	0	0	0	0	0
1521	Q	0	0	0	0	0	0	0
1522	L	0	0	0	0	0	0	0
1523	I	0	0	0	0	0	0	0
1524	P	0	0	0	0	0	0	0
1525	D	0	0	0	0	0	0	0
1526	C	0	0	0	0	0	0	0
1527	Y	0	0	0	0	0	0	0
1528	V	0	0	0	0	0	0	0
1529	E	0	0	0	0	0	0	0
1530	L	0	0	0	0	0	0	0
1531	E	0	0	0	0	0	0	0
1532	K	0	0	0	0	0	0	0
1533	I	0	0	0	0	0	0	0
1534	I	0	0	0	0	0	0	0
1535	L	0	0	0	0	0	0	0
1536	S	Phosphoserine	ELEKIILSERKNVPI	EEHHHHHHCCCCCCC	0	0	0	0
1537	E	0	0	0	0	0	0	0
1538	R	0	0	0	0	0	0	0
1539	K	0	0	0	0	0	0	0
1540	N	0	0	0	0	0	0	0
1541	V	0	0	0	0	0	0	0
1542	P	0	0	0	0	0	0	0
1543	I	0	0	0	0	0	0	0
1544	E	0	0	0	0	0	0	0
1545	F	0	0	0	0	0	0	0
1546	P	0	0	0	0	0	0	0
1547	V	0	0	0	0	0	0	0
1548	I	0	0	0	0	0	0	0
1549	D	0	0	0	0	0	0	0
1550	R	0	0	0	0	0	0	0
1551	K	0	0	0	0	0	0	0
1552	R	0	0	0	0	0	0	0
1553	L	0	0	0	0	0	0	0
1554	L	0	0	0	0	0	0	0
1555	Q	0	0	0	0	0	0	0
1556	L	0	0	0	0	0	0	0
1557	V	0	0	0	0	0	0	0
1558	R	0	0	0	0	0	0	0
1559	E	0	0	0	0	0	0	0
1560	N	0	0	0	0	0	0	0
1561	Q	0	0	0	0	0	0	0
1562	L	0	0	0	0	0	0	0
1563	Q	0	0	0	0	0	0	0
1564	L	0	0	0	0	0	0	0
1565	D	0	0	0	0	0	0	0
1566	E	0	0	0	0	0	0	0
1567	N	0	0	0	0	0	0	0
1568	E	0	0	0	0	0	0	0
1569	L	0	0	0	0	0	0	0
1570	P	0	0	0	0	0	0	0
1571	H	0	0	0	0	0	0	0
1572	A	0	0	0	0	0	0	0
1573	V	0	0	0	0	0	0	0
1574	H	0	0	0	0	0	0	0
1575	F	0	0	0	0	0	0	0
1576	L	0	0	0	0	0	0	0
1577	N	0	0	0	0	0	0	0
1578	E	0	0	0	0	0	0	0
1579	S	0	0	0	0	0	0	0
1580	G	0	0	0	0	0	0	0
1581	V	0	0	0	0	0	0	0
1582	L	0	0	0	0	0	0	0
1583	L	0	0	0	0	0	0	0
1584	H	0	0	0	0	0	0	0
1585	F	0	0	0	0	0	0	0
1586	Q	0	0	0	0	0	0	0
1587	D	0	0	0	0	0	0	0
1588	P	0	0	0	0	0	0	0
1589	A	0	0	0	0	0	0	0
1590	L	0	0	0	0	0	0	0
1591	Q	0	0	0	0	0	0	0
1592	L	0	0	0	0	0	0	0
1593	S	0	0	0	0	0	0	0
1594	D	0	0	0	0	0	0	0
1595	L	0	0	0	0	0	0	0
1596	Y	0	0	0	0	0	0	0
1597	F	0	0	0	0	0	0	0
1598	V	0	0	0	0	0	0	0
1599	E	0	0	0	0	0	0	0
1600	P	0	0	0	0	0	0	0
1601	K	0	0	0	0	0	0	0
1602	W	0	0	0	0	0	0	0
1603	L	0	0	0	0	0	0	0
1604	C	0	0	0	0	0	0	0
1605	K	0	0	0	0	0	0	0
1606	I	0	0	0	0	0	0	0
1607	M	0	0	0	0	0	0	0
1608	A	0	0	0	0	0	0	0
1609	Q	0	0	0	0	0	0	0
1610	I	0	0	0	0	0	0	0
1611	L	0	0	0	0	0	0	0
1612	T	Phosphothreonine	KIMAQILTVKVEGCP	HHHHHHHCCEECCCC	0	0	0	0
1613	V	0	0	0	0	0	0	0
1614	K	0	0	0	0	0	0	0
1615	V	0	0	0	0	0	0	0
1616	E	0	0	0	0	0	0	0
1617	G	0	0	0	0	0	0	0
1618	C	0	0	0	0	0	0	0
1619	P	0	0	0	0	0	0	0
1620	K	0	0	0	0	0	0	0
1621	H	0	0	0	0	0	0	0
1622	P	0	0	0	0	0	0	0
1623	K	0	0	0	0	0	0	0
1624	G	0	0	0	0	0	0	0
1625	I	0	0	0	0	0	0	0
1626	I	0	0	0	0	0	0	0
1627	S	0	0	0	0	0	0	0
1628	R	0	0	0	0	0	0	0
1629	R	0	0	0	0	0	0	0
1630	D	0	0	0	0	0	0	0
1631	V	0	0	0	0	0	0	0
1632	E	0	0	0	0	0	0	0
1633	K	0	0	0	0	0	0	0
1634	F	0	0	0	0	0	0	0
1635	L	0	0	0	0	0	0	0
1636	S	0	0	0	0	0	0	0
1637	K	0	0	0	0	0	0	0
1638	K	0	0	0	0	0	0	0
1639	R	0	0	0	0	0	0	0
1640	K	0	0	0	0	0	0	0
1641	F	0	0	0	0	0	0	0
1642	P	0	0	0	0	0	0	0
1643	K	0	0	0	0	0	0	0
1644	N	0	0	0	0	0	0	0
1645	Y	0	0	0	0	0	0	0
1646	M	0	0	0	0	0	0	0
1647	S	Phosphoserine	KFPKNYMSQYFKLLE	CCCHHHHHHHHHHHH	0	0	0	0
1648	Q	0	0	0	0	0	0	0
1649	Y	0	0	0	0	0	0	0
1650	F	0	0	0	0	0	0	0
1651	K	0	0	0	0	0	0	0
1652	L	0	0	0	0	0	0	0
1653	L	0	0	0	0	0	0	0
1654	E	0	0	0	0	0	0	0
1655	K	0	0	0	0	0	0	0
1656	F	0	0	0	0	0	0	0
1657	Q	0	0	0	0	0	0	0
1658	I	0	0	0	0	0	0	0
1659	A	0	0	0	0	0	0	0
1660	L	0	0	0	0	0	0	0
1661	P	0	0	0	0	0	0	0
1662	I	0	0	0	0	0	0	0
1663	G	0	0	0	0	0	0	0
1664	E	0	0	0	0	0	0	0
1665	E	0	0	0	0	0	0	0
1666	Y	0	0	0	0	0	0	0
1667	L	0	0	0	0	0	0	0
1668	L	0	0	0	0	0	0	0
1669	V	0	0	0	0	0	0	0
1670	P	0	0	0	0	0	0	0
1671	S	0	0	0	0	0	0	0
1672	S	0	0	0	0	0	0	0
1673	L	0	0	0	0	0	0	0
1674	S	0	0	0	0	0	0	0
1675	D	0	0	0	0	0	0	0
1676	H	0	0	0	0	0	0	0
1677	R	0	0	0	0	0	0	0
1678	P	0	0	0	0	0	0	0
1679	V	0	0	0	0	0	0	0
1680	I	0	0	0	0	0	0	0
1681	E	0	0	0	0	0	0	0
1682	L	0	0	0	0	0	0	0
1683	P	0	0	0	0	0	0	0
1684	H	0	0	0	0	0	0	0
1685	C	0	0	0	0	0	0	0
1686	E	0	0	0	0	0	0	0
1687	N	0	0	0	0	0	0	0
1688	S	0	0	0	0	0	0	0
1689	E	0	0	0	0	0	0	0
1690	I	0	0	0	0	0	0	0
1691	I	0	0	0	0	0	0	0
1692	I	0	0	0	0	0	0	0
1693	R	0	0	0	0	0	0	0
1694	L	0	0	0	0	0	0	0
1695	Y	0	0	0	0	0	0	0
1696	E	0	0	0	0	0	0	0
1697	M	0	0	0	0	0	0	0
1698	P	0	0	0	0	0	0	0
1699	Y	0	0	0	0	0	0	0
1700	F	0	0	0	0	0	0	0
1701	P	0	0	0	0	0	0	0
1702	M	0	0	0	0	0	0	0
1703	G	0	0	0	0	0	0	0
1704	F	0	0	0	0	0	0	0
1705	W	0	0	0	0	0	0	0
1706	S	0	0	0	0	0	0	0
1707	R	0	0	0	0	0	0	0
1708	L	0	0	0	0	0	0	0
1709	I	0	0	0	0	0	0	0
1710	N	0	0	0	0	0	0	0
1711	R	0	0	0	0	0	0	0
1712	L	0	0	0	0	0	0	0
1713	L	0	0	0	0	0	0	0
1714	E	0	0	0	0	0	0	0
1715	I	0	0	0	0	0	0	0
1716	S	0	0	0	0	0	0	0
1717	P	0	0	0	0	0	0	0
1718	Y	0	0	0	0	0	0	0
1719	M	0	0	0	0	0	0	0
1720	L	0	0	0	0	0	0	0
1721	S	0	0	0	0	0	0	0
1722	G	0	0	0	0	0	0	0
1723	R	0	0	0	0	0	0	0
1724	E	0	0	0	0	0	0	0
1725	R	0	0	0	0	0	0	0
1726	A	0	0	0	0	0	0	0
1727	L	0	0	0	0	0	0	0
1728	R	0	0	0	0	0	0	0
1729	P	0	0	0	0	0	0	0
1730	N	0	0	0	0	0	0	0
1731	R	0	0	0	0	0	0	0
1732	M	0	0	0	0	0	0	0
1733	Y	0	0	0	0	0	0	0
1734	W	0	0	0	0	0	0	0
1735	R	0	0	0	0	0	0	0
1736	Q	0	0	0	0	0	0	0
1737	G	0	0	0	0	0	0	0
1738	I	0	0	0	0	0	0	0
1739	Y	0	0	0	0	0	0	0
1740	L	0	0	0	0	0	0	0
1741	N	0	0	0	0	0	0	0
1742	W	0	0	0	0	0	0	0
1743	S	0	0	0	0	0	0	0
1744	P	0	0	0	0	0	0	0
1745	E	0	0	0	0	0	0	0
1746	A	0	0	0	0	0	0	0
1747	Y	0	0	0	0	0	0	0
1748	C	0	0	0	0	0	0	0
1749	L	0	0	0	0	0	0	0
1750	V	0	0	0	0	0	0	0
1751	G	0	0	0	0	0	0	0
1752	S	0	0	0	0	0	0	0
1753	E	0	0	0	0	0	0	0
1754	V	0	0	0	0	0	0	0
1755	L	0	0	0	0	0	0	0
1756	D	0	0	0	0	0	0	0
1757	N	0	0	0	0	0	0	0
1758	H	0	0	0	0	0	0	0
1759	P	0	0	0	0	0	0	0
1760	E	0	0	0	0	0	0	0
1761	S	0	0	0	0	0	0	0
1762	F	0	0	0	0	0	0	0
1763	L	0	0	0	0	0	0	0
1764	K	0	0	0	0	0	0	0
1765	I	0	0	0	0	0	0	0
1766	T	0	0	0	0	0	0	0
1767	V	0	0	0	0	0	0	0
1768	P	0	0	0	0	0	0	0
1769	S	0	0	0	0	0	0	0
1770	C	0	0	0	0	0	0	0
1771	R	0	0	0	0	0	0	0
1772	K	0	0	0	0	0	0	0
1773	G	0	0	0	0	0	0	0
1774	C	0	0	0	0	0	0	0
1775	I	0	0	0	0	0	0	0
1776	L	0	0	0	0	0	0	0
1777	L	0	0	0	0	0	0	0
1778	G	0	0	0	0	0	0	0
1779	Q	0	0	0	0	0	0	0
1780	V	0	0	0	0	0	0	0
1781	V	0	0	0	0	0	0	0
1782	D	0	0	0	0	0	0	0
1783	H	0	0	0	0	0	0	0
1784	I	0	0	0	0	0	0	0
1785	D	0	0	0	0	0	0	0
1786	S	0	0	0	0	0	0	0
1787	L	0	0	0	0	0	0	0
1788	M	0	0	0	0	0	0	0
1789	E	0	0	0	0	0	0	0
1790	E	0	0	0	0	0	0	0
1791	W	0	0	0	0	0	0	0
1792	F	0	0	0	0	0	0	0
1793	P	0	0	0	0	0	0	0
1794	G	0	0	0	0	0	0	0
1795	L	0	0	0	0	0	0	0
1796	L	0	0	0	0	0	0	0
1797	E	0	0	0	0	0	0	0
1798	I	0	0	0	0	0	0	0
1799	D	0	0	0	0	0	0	0
1800	I	0	0	0	0	0	0	0
1801	C	0	0	0	0	0	0	0
1802	G	0	0	0	0	0	0	0
1803	E	0	0	0	0	0	0	0
1804	G	0	0	0	0	0	0	0
1805	E	0	0	0	0	0	0	0
1806	T	0	0	0	0	0	0	0
1807	L	0	0	0	0	0	0	0
1808	L	0	0	0	0	0	0	0
1809	K	0	0	0	0	0	0	0
1810	K	0	0	0	0	0	0	0
1811	W	0	0	0	0	0	0	0
1812	A	0	0	0	0	0	0	0
1813	L	0	0	0	0	0	0	0
1814	Y	0	0	0	0	0	0	0
1815	S	0	0	0	0	0	0	0
1816	F	0	0	0	0	0	0	0
1817	N	0	0	0	0	0	0	0
1818	D	0	0	0	0	0	0	0
1819	G	0	0	0	0	0	0	0
1820	E	0	0	0	0	0	0	0
1821	E	0	0	0	0	0	0	0
1822	H	0	0	0	0	0	0	0
1823	Q	0	0	0	0	0	0	0
1824	K	0	0	0	0	0	0	0
1825	I	0	0	0	0	0	0	0
1826	L	0	0	0	0	0	0	0
1827	L	0	0	0	0	0	0	0
1828	D	0	0	0	0	0	0	0
1829	D	0	0	0	0	0	0	0
1830	L	0	0	0	0	0	0	0
1831	M	0	0	0	0	0	0	0
1832	K	0	0	0	0	0	0	0
1833	K	0	0	0	0	0	0	0
1834	A	0	0	0	0	0	0	0
1835	E	0	0	0	0	0	0	0
1836	E	0	0	0	0	0	0	0
1837	G	0	0	0	0	0	0	0
1838	D	0	0	0	0	0	0	0
1839	L	0	0	0	0	0	0	0
1840	L	0	0	0	0	0	0	0
1841	V	0	0	0	0	0	0	0
1842	N	0	0	0	0	0	0	0
1843	P	0	0	0	0	0	0	0
1844	D	0	0	0	0	0	0	0
1845	Q	0	0	0	0	0	0	0
1846	P	0	0	0	0	0	0	0
1847	R	0	0	0	0	0	0	0
1848	L	0	0	0	0	0	0	0
1849	T	Phosphothreonine	NPDQPRLTIPISQIA	CCCCCCCEEEHHHCC	0	0	0	0
1850	I	0	0	0	0	0	0	0
1851	P	0	0	0	0	0	0	0
1852	I	0	0	0	0	0	0	0
1853	S	Phosphoserine	PRLTIPISQIAPDLI	CCCEEEHHHCCCHHH	0	0	0	0
1854	Q	0	0	0	0	0	0	0
1855	I	0	0	0	0	0	0	0
1856	A	0	0	0	0	0	0	0
1857	P	0	0	0	0	0	0	0
1858	D	0	0	0	0	0	0	0
1859	L	0	0	0	0	0	0	0
1860	I	0	0	0	0	0	0	0
1861	L	0	0	0	0	0	0	0
1862	A	0	0	0	0	0	0	0
1863	D	0	0	0	0	0	0	0
1864	L	0	0	0	0	0	0	0
1865	P	0	0	0	0	0	0	0
1866	R	0	0	0	0	0	0	0
1867	N	0	0	0	0	0	0	0
1868	I	0	0	0	0	0	0	0
1869	M	0	0	0	0	0	0	0
1870	L	0	0	0	0	0	0	0
1871	N	0	0	0	0	0	0	0
1872	N	0	0	0	0	0	0	0
1873	D	0	0	0	0	0	0	0
1874	E	0	0	0	0	0	0	0
1875	L	0	0	0	0	0	0	0
1876	E	0	0	0	0	0	0	0
1877	F	0	0	0	0	0	0	0
1878	E	0	0	0	0	0	0	0
1879	Q	0	0	0	0	0	0	0
1880	A	0	0	0	0	0	0	0
1881	P	0	0	0	0	0	0	0
1882	E	0	0	0	0	0	0	0
1883	F	0	0	0	0	0	0	0
1884	L	0	0	0	0	0	0	0
1885	L	0	0	0	0	0	0	0
1886	G	0	0	0	0	0	0	0
1887	D	0	0	0	0	0	0	0
1888	G	0	0	0	0	0	0	0
1889	S	0	0	0	0	0	0	0
1890	F	0	0	0	0	0	0	0
1891	G	0	0	0	0	0	0	0
1892	S	0	0	0	0	0	0	0
1893	V	0	0	0	0	0	0	0
1894	Y	0	0	0	0	0	0	0
1895	R	0	0	0	0	0	0	0
1896	A	0	0	0	0	0	0	0
1897	A	0	0	0	0	0	0	0
1898	Y	0	0	0	0	0	0	0
1899	E	0	0	0	0	0	0	0
1900	G	0	0	0	0	0	0	0
1901	E	0	0	0	0	0	0	0
1902	E	0	0	0	0	0	0	0
1903	V	0	0	0	0	0	0	0
1904	A	0	0	0	0	0	0	0
1905	V	0	0	0	0	0	0	0
1906	K	0	0	0	0	0	0	0
1907	I	0	0	0	0	0	0	0
1908	F	0	0	0	0	0	0	0
1909	N	0	0	0	0	0	0	0
1910	K	0	0	0	0	0	0	0
1911	H	0	0	0	0	0	0	0
1912	T	Phosphothreonine	VKIFNKHTSLRLLRQ	HHHHCCCHHHHHHHH	0	0	0	0
1913	S	Phosphoserine	KIFNKHTSLRLLRQE	HHHCCCHHHHHHHHH	0	0	0	0
1914	L	0	0	0	0	0	0	0
1915	R	0	0	0	0	0	0	0
1916	L	0	0	0	0	0	0	0
1917	L	0	0	0	0	0	0	0
1918	R	0	0	0	0	0	0	0
1919	Q	0	0	0	0	0	0	0
1920	E	0	0	0	0	0	0	0
1921	L	0	0	0	0	0	0	0
1922	V	0	0	0	0	0	0	0
1923	V	0	0	0	0	0	0	0
1924	L	0	0	0	0	0	0	0
1925	C	0	0	0	0	0	0	0
1926	H	0	0	0	0	0	0	0
1927	L	0	0	0	0	0	0	0
1928	H	0	0	0	0	0	0	0
1929	H	0	0	0	0	0	0	0
1930	P	0	0	0	0	0	0	0
1931	S	0	0	0	0	0	0	0
1932	L	0	0	0	0	0	0	0
1933	I	0	0	0	0	0	0	0
1934	S	0	0	0	0	0	0	0
1935	L	0	0	0	0	0	0	0
1936	L	0	0	0	0	0	0	0
1937	A	0	0	0	0	0	0	0
1938	A	0	0	0	0	0	0	0
1939	G	0	0	0	0	0	0	0
1940	I	0	0	0	0	0	0	0
1941	R	0	0	0	0	0	0	0
1942	P	0	0	0	0	0	0	0
1943	R	0	0	0	0	0	0	0
1944	M	0	0	0	0	0	0	0
1945	L	0	0	0	0	0	0	0
1946	V	0	0	0	0	0	0	0
1947	M	0	0	0	0	0	0	0
1948	E	0	0	0	0	0	0	0
1949	L	0	0	0	0	0	0	0
1950	A	0	0	0	0	0	0	0
1951	S	0	0	0	0	0	0	0
1952	K	0	0	0	0	0	0	0
1953	G	0	0	0	0	0	0	0
1954	S	0	0	0	0	0	0	0
1955	L	0	0	0	0	0	0	0
1956	D	0	0	0	0	0	0	0
1957	R	0	0	0	0	0	0	0
1958	L	0	0	0	0	0	0	0
1959	L	0	0	0	0	0	0	0
1960	Q	0	0	0	0	0	0	0
1961	Q	0	0	0	0	0	0	0
1962	D	0	0	0	0	0	0	0
1963	K	0	0	0	0	0	0	0
1964	A	0	0	0	0	0	0	0
1965	S	0	0	0	0	0	0	0
1966	L	0	0	0	0	0	0	0
1967	T	Phosphothreonine	QQDKASLTRTLQHRI	HHCHHHHHHHHHHHH	0	0	0	0
1968	R	0	0	0	0	0	0	0
1969	T	Phosphothreonine	DKASLTRTLQHRIAL	CHHHHHHHHHHHHHH	0	0	0	0
1970	L	0	0	0	0	0	0	0
1971	Q	0	0	0	0	0	0	0
1972	H	0	0	0	0	0	0	0
1973	R	0	0	0	0	0	0	0
1974	I	0	0	0	0	0	0	0
1975	A	0	0	0	0	0	0	0
1976	L	0	0	0	0	0	0	0
1977	H	0	0	0	0	0	0	0
1978	V	0	0	0	0	0	0	0
1979	A	0	0	0	0	0	0	0
1980	D	0	0	0	0	0	0	0
1981	G	0	0	0	0	0	0	0
1982	L	0	0	0	0	0	0	0
1983	R	0	0	0	0	0	0	0
1984	Y	0	0	0	0	0	0	0
1985	L	0	0	0	0	0	0	0
1986	H	0	0	0	0	0	0	0
1987	S	0	0	0	0	0	0	0
1988	A	0	0	0	0	0	0	0
1989	M	0	0	0	0	0	0	0
1990	I	0	0	0	0	0	0	0
1991	I	0	0	0	0	0	0	0
1992	Y	0	0	0	0	0	0	0
1993	R	0	0	0	0	0	0	0
1994	D	0	0	0	0	0	0	0
1995	L	0	0	0	0	0	0	0
1996	K	0	0	0	0	0	0	0
1997	P	0	0	0	0	0	0	0
1998	H	0	0	0	0	0	0	0
1999	N	0	0	0	0	0	0	0
2000	V	0	0	0	0	0	0	0
2001	L	0	0	0	0	0	0	0
2002	L	0	0	0	0	0	0	0
2003	F	0	0	0	0	0	0	0
2004	T	0	0	0	0	0	0	0
2005	L	0	0	0	0	0	0	0
2006	Y	0	0	0	0	0	0	0
2007	P	0	0	0	0	0	0	0
2008	N	0	0	0	0	0	0	0
2009	A	0	0	0	0	0	0	0
2010	A	0	0	0	0	0	0	0
2011	I	0	0	0	0	0	0	0
2012	I	0	0	0	0	0	0	0
2013	A	0	0	0	0	0	0	0
2014	K	0	0	0	0	0	0	0
2015	I	0	0	0	0	0	0	0
2016	A	0	0	0	0	0	0	0
2017	D	0	0	0	0	0	0	0
2018	Y	0	0	0	0	0	0	0
2019	G	0	0	0	0	0	S	2023
2020	I	0	0	0	0	0	0	0
2021	A	0	0	0	0	0	0	0
2022	Q	0	0	0	0	0	0	0
2023	Y	Phosphotyrosine	ADYGIAQYCCRMGIK	HHHHHHHHHHHCCCC	Parkinson's disease:Parkinson's disease	2019 (4)	0	0
2024	C	0	0	0	0	0	0	0
2025	C	0	0	0	0	0	0	0
2026	R	0	0	0	0	0	0	0
2027	M	0	0	0	0	0	0	0
2028	G	0	0	0	0	0	0	0
2029	I	0	0	0	0	0	0	0
2030	K	0	0	0	0	0	0	0
2031	T	Phosphothreonine	CCRMGIKTSEGTPGF	HHHCCCCCCCCCCCC	0	0	0	0
2032	S	Phosphoserine	CRMGIKTSEGTPGFR	HHCCCCCCCCCCCCC	0	0	0	0
2033	E	0	0	0	0	0	0	0
2034	G	0	0	0	0	0	0	0
2035	T	Phosphothreonine	GIKTSEGTPGFRAPE	CCCCCCCCCCCCCCH	0	0	0	0
2036	P	0	0	0	0	0	0	0
2037	G	0	0	0	0	0	0	0
2038	F	0	0	0	0	0	0	0
2039	R	0	0	0	0	0	0	0
2040	A	0	0	0	0	0	0	0
2041	P	0	0	0	0	0	0	0
2042	E	0	0	0	0	0	0	0
2043	V	0	0	0	0	0	0	0
2044	A	0	0	0	0	0	0	0
2045	R	0	0	0	0	0	0	0
2046	G	0	0	0	0	0	0	0
2047	N	0	0	0	0	0	0	0
2048	V	0	0	0	0	0	0	0
2049	I	0	0	0	0	0	0	0
2050	Y	0	0	0	0	0	0	0
2051	N	0	0	0	0	0	0	0
2052	Q	0	0	0	0	0	0	0
2053	Q	0	0	0	0	0	0	0
2054	A	0	0	0	0	0	0	0
2055	D	0	0	0	0	0	0	0
2056	V	0	0	0	0	0	0	0
2057	Y	0	0	0	0	0	0	0
2058	S	0	0	0	0	0	0	0
2059	F	0	0	0	0	0	0	0
2060	G	0	0	0	0	0	0	0
2061	L	0	0	0	0	0	0	0
2062	L	0	0	0	0	0	0	0
2063	L	0	0	0	0	0	0	0
2064	Y	0	0	0	0	0	0	0
2065	D	0	0	0	0	0	0	0
2066	I	0	0	0	0	0	0	0
2067	L	0	0	0	0	0	0	0
2068	T	0	0	0	0	0	0	0
2069	T	0	0	0	0	0	0	0
2070	G	0	0	0	0	0	0	0
2071	G	0	0	0	0	0	0	0
2072	R	0	0	0	0	0	0	0
2073	I	0	0	0	0	0	0	0
2074	V	0	0	0	0	0	0	0
2075	E	0	0	0	0	0	0	0
2076	G	0	0	0	0	0	0	0
2077	L	0	0	0	0	0	0	0
2078	K	0	0	0	0	0	0	0
2079	F	0	0	0	0	0	0	0
2080	P	0	0	0	0	0	0	0
2081	N	0	0	0	0	0	0	0
2082	E	0	0	0	0	0	0	0
2083	F	0	0	0	0	0	0	0
2084	D	0	0	0	0	0	0	0
2085	E	0	0	0	0	0	0	0
2086	L	0	0	0	0	0	0	0
2087	E	0	0	0	0	0	0	0
2088	I	0	0	0	0	0	0	0
2089	Q	0	0	0	0	0	0	0
2090	G	0	0	0	0	0	0	0
2091	K	0	0	0	0	0	0	0
2092	L	0	0	0	0	0	0	0
2093	P	0	0	0	0	0	0	0
2094	D	0	0	0	0	0	0	0
2095	P	0	0	0	0	0	0	0
2096	V	0	0	0	0	0	0	0
2097	K	0	0	0	0	0	0	0
2098	E	0	0	0	0	0	0	0
2099	Y	0	0	0	0	0	0	0
2100	G	0	0	0	0	0	0	0
2101	C	0	0	0	0	0	0	0
2102	A	0	0	0	0	0	0	0
2103	P	0	0	0	0	0	0	0
2104	W	0	0	0	0	0	0	0
2105	P	0	0	0	0	0	0	0
2106	M	0	0	0	0	0	0	0
2107	V	0	0	0	0	0	0	0
2108	E	0	0	0	0	0	0	0
2109	K	0	0	0	0	0	0	0
2110	L	0	0	0	0	0	0	0
2111	I	0	0	0	0	0	0	0
2112	K	0	0	0	0	0	0	0
2113	Q	0	0	0	0	0	0	0
2114	C	0	0	0	0	0	0	0
2115	L	0	0	0	0	0	0	0
2116	K	0	0	0	0	0	0	0
2117	E	0	0	0	0	0	0	0
2118	N	0	0	0	0	0	0	0
2119	P	0	0	0	0	0	0	0
2120	Q	0	0	0	0	0	0	0
2121	E	0	0	0	0	0	0	0
2122	R	0	0	0	0	0	0	0
2123	P	0	0	0	0	0	0	0
2124	T	0	0	0	0	0	0	0
2125	S	0	0	0	0	0	0	0
2126	A	0	0	0	0	0	0	0
2127	Q	0	0	0	0	0	0	0
2128	V	0	0	0	0	0	0	0
2129	F	0	0	0	0	0	0	0
2130	D	0	0	0	0	0	0	0
2131	I	0	0	0	0	0	0	0
2132	L	0	0	0	0	0	0	0
2133	N	0	0	0	0	0	0	0
2134	S	0	0	0	0	0	0	0
2135	A	0	0	0	0	0	0	0
2136	E	0	0	0	0	0	0	0
2137	L	0	0	0	0	0	0	0
2138	V	0	0	0	0	0	0	0
2139	C	0	0	0	0	0	0	0
2140	L	0	0	0	0	0	0	0
2141	T	0	0	0	0	0	0	0
2142	R	0	0	0	0	0	0	0
2143	R	0	0	0	0	0	0	0
2144	I	0	0	0	0	0	0	0
2145	L	0	0	0	0	0	0	0
2146	L	0	0	0	0	0	0	0
2147	P	0	0	0	0	0	0	0
2148	K	0	0	0	0	0	0	0
2149	N	0	0	0	0	0	0	0
2150	V	0	0	0	0	0	0	0
2151	I	0	0	0	0	0	0	0
2152	V	0	0	0	0	0	0	0
2153	E	0	0	0	0	0	0	0
2154	C	0	0	0	0	0	0	0
2155	M	0	0	0	0	0	0	0
2156	V	0	0	0	0	0	0	0
2157	A	0	0	0	0	0	0	0
2158	T	0	0	0	0	0	0	0
2159	H	0	0	0	0	0	0	0
2160	H	0	0	0	0	0	0	0
2161	N	0	0	0	0	0	0	0
2162	S	0	0	0	0	0	0	0
2163	R	0	0	0	0	0	0	0
2164	N	0	0	0	0	0	0	0
2165	A	0	0	0	0	0	0	0
2166	S	Phosphoserine	HHNSRNASIWLGCGH	CCCCCCEEEEEECCC	0	0	0	0
2167	I	0	0	0	0	0	0	0
2168	W	0	0	0	0	0	0	0
2169	L	0	0	0	0	0	0	0
2170	G	0	0	0	0	0	0	0
2171	C	0	0	0	0	0	0	0
2172	G	0	0	0	0	0	0	0
2173	H	0	0	0	0	0	0	0
2174	T	0	0	0	0	0	0	0
2175	D	0	0	0	0	0	0	0
2176	R	0	0	0	0	0	0	0
2177	G	0	0	0	0	0	0	0
2178	Q	0	0	0	0	0	0	0
2179	L	0	0	0	0	0	0	0
2180	S	0	0	0	0	0	0	0
2181	F	0	0	0	0	0	0	0
2182	L	0	0	0	0	0	0	0
2183	D	0	0	0	0	0	0	0
2184	L	0	0	0	0	0	0	0
2185	N	0	0	0	0	0	0	0
2186	T	0	0	0	0	0	0	0
2187	E	0	0	0	0	0	0	0
2188	G	0	0	0	0	0	0	0
2189	Y	0	0	0	0	0	0	0
2190	T	0	0	0	0	0	0	0
2191	S	0	0	0	0	0	0	0
2192	E	0	0	0	0	0	0	0
2193	E	0	0	0	0	0	0	0
2194	V	0	0	0	0	0	0	0
2195	A	0	0	0	0	0	0	0
2196	D	0	0	0	0	0	0	0
2197	S	0	0	0	0	0	0	0
2198	R	0	0	0	0	0	0	0
2199	I	0	0	0	0	0	0	0
2200	L	0	0	0	0	0	0	0
2201	C	0	0	0	0	0	0	0
2202	L	0	0	0	0	0	0	0
2203	A	0	0	0	0	0	0	0
2204	L	0	0	0	0	0	0	0
2205	V	0	0	0	0	0	0	0
2206	H	0	0	0	0	0	0	0
2207	L	0	0	0	0	0	0	0
2208	P	0	0	0	0	0	0	0
2209	V	0	0	0	0	0	0	0
2210	E	0	0	0	0	0	0	0
2211	K	0	0	0	0	0	0	0
2212	E	0	0	0	0	0	0	0
2213	S	0	0	0	0	0	0	0
2214	W	0	0	0	0	0	0	0
2215	I	0	0	0	0	0	0	0
2216	V	0	0	0	0	0	0	0
2217	S	0	0	0	0	0	0	0
2218	G	0	0	0	0	0	0	0
2219	T	0	0	0	0	0	0	0
2220	Q	0	0	0	0	0	0	0
2221	S	0	0	0	0	0	0	0
2222	G	0	0	0	0	0	0	0
2223	T	0	0	0	0	0	0	0
2224	L	0	0	0	0	0	0	0
2225	L	0	0	0	0	0	0	0
2226	V	0	0	0	0	0	0	0
2227	I	0	0	0	0	0	0	0
2228	N	0	0	0	0	0	0	0
2229	T	0	0	0	0	0	0	0
2230	E	0	0	0	0	0	0	0
2231	D	0	0	0	0	0	0	0
2232	G	0	0	0	0	0	0	0
2233	K	0	0	0	0	0	0	0
2234	K	0	0	0	0	0	0	0
2235	R	0	0	0	0	0	0	0
2236	H	0	0	0	0	0	0	0
2237	T	Phosphothreonine	EDGKKRHTLEKMTDS	CCCCEEEEHHHHHCC	0	0	0	0
2238	L	0	0	0	0	0	0	0
2239	E	0	0	0	0	0	0	0
2240	K	0	0	0	0	0	0	0
2241	M	0	0	0	0	0	0	0
2242	T	0	0	0	0	0	0	0
2243	D	0	0	0	0	0	0	0
2244	S	0	0	0	0	0	0	0
2245	V	0	0	0	0	0	0	0
2246	T	0	0	0	0	0	0	0
2247	C	0	0	0	0	0	0	0
2248	L	0	0	0	0	0	0	0
2249	Y	0	0	0	0	0	0	0
2250	C	0	0	0	0	0	0	0
2251	N	0	0	0	0	0	0	0
2252	S	0	0	0	0	0	0	0
2253	F	0	0	0	0	0	0	0
2254	S	0	0	0	0	0	0	0
2255	K	0	0	0	0	0	0	0
2256	Q	0	0	0	0	0	0	0
2257	S	Phosphoserine	CNSFSKQSKQKNFLL	CCCCCCCCCCCCEEE	0	0	0	0
2258	K	0	0	0	0	0	0	0
2259	Q	0	0	0	0	0	0	0
2260	K	0	0	0	0	0	0	0
2261	N	0	0	0	0	0	0	0
2262	F	0	0	0	0	0	0	0
2263	L	0	0	0	0	0	0	0
2264	L	0	0	0	0	0	0	0
2265	V	0	0	0	0	0	0	0
2266	G	0	0	0	0	0	0	0
2267	T	0	0	0	0	0	0	0
2268	A	0	0	0	0	0	0	0
2269	D	0	0	0	0	0	0	0
2270	G	0	0	0	0	0	0	0
2271	K	0	0	0	0	0	0	0
2272	L	0	0	0	0	0	0	0
2273	A	0	0	0	0	0	0	0
2274	I	0	0	0	0	0	0	0
2275	F	0	0	0	0	0	0	0
2276	E	0	0	0	0	0	0	0
2277	D	0	0	0	0	0	0	0
2278	K	0	0	0	0	0	0	0
2279	T	0	0	0	0	0	0	0
2280	V	0	0	0	0	0	0	0
2281	K	0	0	0	0	0	0	0
2282	L	0	0	0	0	0	0	0
2283	K	0	0	0	0	0	0	0
2284	G	0	0	0	0	0	0	0
2285	A	0	0	0	0	0	0	0
2286	A	0	0	0	0	0	0	0
2287	P	0	0	0	0	0	0	0
2288	L	0	0	0	0	0	0	0
2289	K	0	0	0	0	0	0	0
2290	I	0	0	0	0	0	0	0
2291	L	0	0	0	0	0	0	0
2292	N	0	0	0	0	0	0	0
2293	I	0	0	0	0	0	0	0
2294	G	0	0	0	0	0	0	0
2295	N	0	0	0	0	0	0	0
2296	V	0	0	0	0	0	0	0
2297	S	0	0	0	0	0	0	0
2298	T	0	0	0	0	0	0	0
2299	P	0	0	0	0	0	0	0
2300	L	0	0	0	0	0	0	0
2301	M	0	0	0	0	0	0	0
2302	C	0	0	0	0	0	0	0
2303	L	0	0	0	0	0	0	0
2304	S	0	0	0	0	0	0	0
2305	E	0	0	0	0	0	0	0
2306	S	0	0	0	0	0	0	0
2307	T	0	0	0	0	0	0	0
2308	N	0	0	0	0	0	0	0
2309	S	0	0	0	0	0	0	0
2310	T	0	0	0	0	0	0	0
2311	E	0	0	0	0	0	0	0
2312	R	0	0	0	0	0	0	0
2313	N	0	0	0	0	0	0	0
2314	V	0	0	0	0	0	0	0
2315	M	0	0	0	0	0	0	0
2316	W	0	0	0	0	0	0	0
2317	G	0	0	0	0	0	0	0
2318	G	0	0	0	0	0	0	0
2319	C	0	0	0	0	0	0	0
2320	G	0	0	0	0	0	0	0
2321	T	0	0	0	0	0	0	0
2322	K	0	0	0	0	0	0	0
2323	I	0	0	0	0	0	0	0
2324	F	0	0	0	0	0	0	0
2325	S	0	0	0	0	0	0	0
2326	F	0	0	0	0	0	0	0
2327	S	0	0	0	0	0	0	0
2328	N	0	0	0	0	0	0	0
2329	D	0	0	0	0	0	0	0
2330	F	0	0	0	0	0	0	0
2331	T	0	0	0	0	0	0	0
2332	I	0	0	0	0	0	0	0
2333	Q	0	0	0	0	0	0	0
2334	K	0	0	0	0	0	0	0
2335	L	0	0	0	0	0	0	0
2336	I	0	0	0	0	0	0	0
2337	E	0	0	0	0	0	0	0
2338	T	0	0	0	0	0	0	0
2339	R	0	0	0	0	0	0	0
2340	T	0	0	0	0	0	0	0
2341	S	0	0	0	0	0	0	0
2342	Q	0	0	0	0	0	0	0
2343	L	0	0	0	0	0	0	0
2344	F	0	0	0	0	0	0	0
2345	S	0	0	0	0	0	0	0
2346	Y	0	0	0	0	0	0	0
2347	A	0	0	0	0	0	0	0
2348	A	0	0	0	0	0	0	0
2349	F	0	0	0	0	0	0	0
2350	S	0	0	0	0	0	0	0
2351	D	0	0	0	0	0	0	0
2352	S	0	0	0	0	0	0	0
2353	N	0	0	0	0	0	0	0
2354	I	0	0	0	0	0	0	0
2355	I	0	0	0	0	0	0	0
2356	T	0	0	0	0	0	0	0
2357	V	0	0	0	0	0	0	0
2358	V	0	0	0	0	0	0	0
2359	V	0	0	0	0	0	0	0
2360	D	0	0	0	0	0	0	0
2361	T	0	0	0	0	0	0	0
2362	A	0	0	0	0	0	0	0
2363	L	0	0	0	0	0	0	0
2364	Y	0	0	0	0	0	0	0
2365	I	0	0	0	0	0	0	0
2366	A	0	0	0	0	0	0	0
2367	K	0	0	0	0	0	0	0
2368	Q	0	0	0	0	0	0	0
2369	N	0	0	0	0	0	0	0
2370	S	0	0	0	0	0	0	0
2371	P	0	0	0	0	0	0	0
2372	V	0	0	0	0	0	0	0
2373	V	0	0	0	0	0	0	0
2374	E	0	0	0	0	0	0	0
2375	V	0	0	0	0	0	0	0
2376	W	0	0	0	0	0	0	0
2377	D	0	0	0	0	0	0	0
2378	K	0	0	0	0	0	0	0
2379	K	0	0	0	0	0	0	0
2380	T	0	0	0	0	0	0	0
2381	E	0	0	0	0	0	0	0
2382	K	0	0	0	0	0	0	0
2383	L	0	0	0	0	0	0	0
2384	C	0	0	0	0	0	0	0
2385	G	0	0	0	0	0	0	0
2386	L	0	0	0	0	0	0	0
2387	I	0	0	0	0	0	0	0
2388	D	0	0	0	0	0	0	0
2389	C	0	0	0	0	0	0	0
2390	V	0	0	0	0	0	0	0
2391	H	0	0	0	0	0	0	0
2392	F	0	0	0	0	0	0	0
2393	L	0	0	0	0	0	0	0
2394	R	0	0	0	0	0	0	0
2395	E	0	0	0	0	0	0	0
2396	V	0	0	0	0	0	0	0
2397	M	0	0	0	0	0	0	0
2398	V	0	0	0	0	0	0	0
2399	K	0	0	0	0	0	0	0
2400	E	0	0	0	0	0	0	0
2401	N	0	0	0	0	0	0	0
2402	K	0	0	0	0	0	0	0
2403	E	0	0	0	0	0	0	0
2404	S	0	0	0	0	0	0	0
2405	K	0	0	0	0	0	0	0
2406	H	0	0	0	0	0	0	0
2407	K	0	0	0	0	0	0	0
2408	M	0	0	0	0	0	0	0
2409	S	0	0	0	0	0	0	0
2410	Y	0	0	0	0	0	0	0
2411	S	0	0	0	0	0	0	0
2412	G	0	0	0	0	0	0	0
2413	R	0	0	0	0	0	0	0
2414	V	0	0	0	0	0	0	0
2415	K	0	0	0	0	0	0	0
2416	T	0	0	0	0	0	0	0
2417	L	0	0	0	0	0	0	0
2418	C	0	0	0	0	0	0	0
2419	L	0	0	0	0	0	0	0
2420	Q	0	0	0	0	0	0	0
2421	K	0	0	0	0	0	0	0
2422	N	0	0	0	0	0	0	0
2423	T	0	0	0	0	0	0	0
2424	A	0	0	0	0	0	0	0
2425	L	0	0	0	0	0	0	0
2426	W	0	0	0	0	0	0	0
2427	I	0	0	0	0	0	0	0
2428	G	0	0	0	0	0	0	0
2429	T	0	0	0	0	0	0	0
2430	G	0	0	0	0	0	0	0
2431	G	0	0	0	0	0	0	0
2432	G	0	0	0	0	0	0	0
2433	H	0	0	0	0	0	0	0
2434	I	0	0	0	0	0	0	0
2435	L	0	0	0	0	0	0	0
2436	L	0	0	0	0	0	0	0
2437	L	0	0	0	0	0	0	0
2438	D	0	0	0	0	0	0	0
2439	L	0	0	0	0	0	0	0
2440	S	0	0	0	0	0	0	0
2441	T	0	0	0	0	0	0	0
2442	R	0	0	0	0	0	0	0
2443	R	0	0	0	0	0	0	0
2444	L	0	0	0	0	0	0	0
2445	I	0	0	0	0	0	0	0
2446	R	0	0	0	0	0	0	0
2447	V	0	0	0	0	0	0	0
2448	I	0	0	0	0	0	0	0
2449	Y	Phosphotyrosine	RRLIRVIYNFCNSVR	HHHHHHHHHHHHHHH	0	0	0	0
2450	N	0	0	0	0	0	0	0
2451	F	0	0	0	0	0	0	0
2452	C	0	0	0	0	0	0	0
2453	N	0	0	0	0	0	0	0
2454	S	0	0	0	0	0	0	0
2455	V	0	0	0	0	0	0	0
2456	R	0	0	0	0	0	0	0
2457	V	0	0	0	0	0	0	0
2458	M	0	0	0	0	0	0	0
2459	M	0	0	0	0	0	0	0
2460	T	Phosphothreonine	NSVRVMMTAQLGSLK	HHHHHHHHHHCCCCC	0	0	0	0
2461	A	0	0	0	0	0	0	0
2462	Q	0	0	0	0	0	0	0
2463	L	0	0	0	0	0	0	0
2464	G	0	0	0	0	0	0	0
2465	S	0	0	0	0	0	0	0
2466	L	0	0	0	0	0	0	0
2467	K	0	0	0	0	0	0	0
2468	N	0	0	0	0	0	0	0
2469	V	0	0	0	0	0	0	0
2470	M	0	0	0	0	0	0	0
2471	L	0	0	0	0	0	0	0
2472	V	0	0	0	0	0	0	0
2473	L	0	0	0	0	0	0	0
2474	G	0	0	0	0	0	0	0
2475	Y	0	0	0	0	0	0	0
2476	N	0	0	0	0	0	0	0
2477	R	0	0	0	0	0	0	0
2478	K	0	0	0	0	0	0	0
2479	N	0	0	0	0	0	0	0
2480	T	0	0	0	0	0	0	0
2481	E	0	0	0	0	0	0	0
2482	G	0	0	0	0	0	0	0
2483	T	Phosphothreonine	NRKNTEGTQKQKEIQ	CCCCCCCCHHHHHHH	0	0	0	0
2484	Q	0	0	0	0	0	0	0
2485	K	0	0	0	0	0	0	0
2486	Q	0	0	0	0	0	0	0
2487	K	0	0	0	0	0	0	0
2488	E	0	0	0	0	0	0	0
2489	I	0	0	0	0	0	0	0
2490	Q	0	0	0	0	0	0	0
2491	S	0	0	0	0	0	0	0
2492	C	0	0	0	0	0	0	0
2493	L	0	0	0	0	0	0	0
2494	T	0	0	0	0	0	0	0
2495	V	0	0	0	0	0	0	0
2496	W	0	0	0	0	0	0	0
2497	D	0	0	0	0	0	0	0
2498	I	0	0	0	0	0	0	0
2499	N	0	0	0	0	0	0	0
2500	L	0	0	0	0	0	0	0
2501	P	0	0	0	0	0	0	0
2502	H	0	0	0	0	0	0	0
2503	E	0	0	0	0	0	0	0
2504	V	0	0	0	0	0	0	0
2505	Q	0	0	0	0	0	0	0
2506	N	0	0	0	0	0	0	0
2507	L	0	0	0	0	0	0	0
2508	E	0	0	0	0	0	0	0
2509	K	0	0	0	0	0	0	0
2510	H	0	0	0	0	0	0	0
2511	I	0	0	0	0	0	0	0
2512	E	0	0	0	0	0	0	0
2513	V	0	0	0	0	0	0	0
2514	R	0	0	0	0	0	0	0
2515	K	0	0	0	0	0	0	0
2516	E	0	0	0	0	0	0	0
2517	L	0	0	0	0	0	0	0
2518	A	0	0	0	0	0	0	0
2519	E	0	0	0	0	0	0	0
2520	K	0	0	0	0	0	0	0
2521	M	0	0	0	0	0	0	0
2522	R	0	0	0	0	0	0	0
2523	R	0	0	0	0	0	0	0
2524	T	Phosphothreonine	LAEKMRRTSVE----	HHHHHHHHCCC----	0	0	0	0
2525	S	0	0	0	0	0	0	0
2526	V	0	0	0	0	0	0	0
2527	E	0	0	0	0	0	0	0
