location	residue	Modification	seq	secStruc	RelatedDisease	VariantPosition	ResidueChange	DaPSbySAP
1	M	0	0	0	0	0	0	0
2	E	0	0	0	0	0	0	0
3	L	0	0	0	0	0	0	0
4	R	0	0	0	0	0	0	0
5	S	0	0	0	0	0	0	0
6	G	0	0	0	0	0	0	0
7	S	0	0	0	0	0	0	0
8	V	0	0	0	0	0	0	0
9	G	0	0	0	0	0	0	0
10	S	0	0	0	0	0	0	0
11	Q	0	0	0	0	0	0	0
12	A	0	0	0	0	0	0	0
13	V	0	0	0	0	0	0	0
14	A	0	0	0	0	0	0	0
15	R	0	0	0	0	0	V	21
16	R	0	0	0	0	0	0	0
17	M	0	0	0	0	0	0	0
18	D	0	0	0	0	0	0	0
19	G	0	0	0	0	0	0	0
20	D	0	0	0	0	0	0	0
21	S	Phosphoserine	ARRMDGDSRDGGGGK	HHHCCCCCCCCCCCC	Mean corpuscular volume:mean corpuscular volume	15 (6)	0	0
22	R	0	0	0	0	0	0	0
23	D	0	0	0	0	0	0	0
24	G	0	0	0	0	0	0	0
25	G	0	0	0	0	0	0	0
26	G	0	0	0	0	0	0	0
27	G	0	0	0	0	0	0	0
28	K	0	0	0	0	0	0	0
29	D	0	0	0	0	0	0	0
30	A	0	0	0	0	0	0	0
31	T	0	0	0	0	0	0	0
32	G	0	0	0	0	0	0	0
33	S	0	0	0	0	0	0	0
34	E	0	0	0	0	0	0	0
35	D	0	0	0	0	0	0	0
36	Y	0	0	0	0	0	0	0
37	E	0	0	0	0	0	0	0
38	N	0	0	0	0	0	0	0
39	L	0	0	0	0	0	0	0
40	P	0	0	0	0	0	0	0
41	T	0	0	0	0	0	0	0
42	S	0	0	0	0	0	0	0
43	A	0	0	0	0	0	0	0
44	S	0	0	0	0	0	0	0
45	V	0	0	0	0	0	0	0
46	S	0	0	0	0	0	0	0
47	T	0	0	0	0	0	0	0
48	H	0	0	0	0	0	0	0
49	M	0	0	0	0	0	0	0
50	T	0	0	0	0	0	0	0
51	A	0	0	0	0	0	0	0
52	G	0	0	0	0	0	0	0
53	A	0	0	0	0	0	0	0
54	M	0	0	0	0	0	0	0
55	A	0	0	0	0	0	0	0
56	G	0	0	0	0	0	0	0
57	I	0	0	0	0	0	0	0
58	L	0	0	0	0	0	0	0
59	E	0	0	0	0	0	0	0
60	H	0	0	0	0	0	0	0
61	S	0	0	0	0	0	0	0
62	V	0	0	0	0	0	0	0
63	M	0	0	0	0	0	0	0
64	Y	0	0	0	0	0	0	0
65	P	0	0	0	0	0	0	0
66	V	0	0	0	0	0	0	0
67	D	0	0	0	0	0	0	0
68	S	0	0	0	0	0	0	0
69	V	0	0	0	0	0	0	0
70	K	0	0	0	0	0	0	0
71	T	0	0	0	0	0	0	0
72	R	0	0	0	0	0	0	0
73	M	0	0	0	0	0	0	0
74	Q	0	0	0	0	0	0	0
75	S	0	0	0	0	0	0	0
76	L	0	0	0	0	0	0	0
77	S	0	0	0	0	0	0	0
78	P	0	0	0	0	0	0	0
79	D	0	0	0	0	0	0	0
80	P	0	0	0	0	0	0	0
81	K	0	0	0	0	0	0	0
82	A	0	0	0	0	0	0	0
83	Q	0	0	0	0	0	0	0
84	Y	0	0	0	0	0	0	0
85	T	0	0	0	0	0	0	0
86	S	0	0	0	0	0	0	0
87	I	0	0	0	0	0	0	0
88	Y	0	0	0	0	0	0	0
89	G	0	0	0	0	0	0	0
90	A	0	0	0	0	0	0	0
91	L	0	0	0	0	0	0	0
92	K	0	0	0	0	0	0	0
93	K	0	0	0	0	0	0	0
94	I	0	0	0	0	0	0	0
95	M	0	0	0	0	0	0	0
96	R	0	0	0	0	0	0	0
97	T	0	0	0	0	0	0	0
98	E	0	0	0	0	0	0	0
99	G	0	0	0	0	0	0	0
100	F	0	0	0	0	0	0	0
101	W	0	0	0	0	0	0	0
102	R	0	0	0	0	0	0	0
103	P	0	0	0	0	0	0	0
104	L	0	0	0	0	0	0	0
105	R	0	0	0	0	0	0	0
106	G	0	0	0	0	0	0	0
107	V	0	0	0	0	0	0	0
108	N	0	0	0	0	0	0	0
109	V	0	0	0	0	0	0	0
110	M	0	0	0	0	0	0	0
111	I	0	0	0	0	0	0	0
112	M	0	0	0	0	0	0	0
113	G	0	0	0	0	0	0	0
114	A	0	0	0	0	0	0	0
115	G	0	0	0	0	0	0	0
116	P	0	0	0	0	0	0	0
117	A	0	0	0	0	0	0	0
118	H	0	0	0	0	0	0	0
119	A	0	0	0	0	0	0	0
120	M	0	0	0	0	0	0	0
121	Y	0	0	0	0	0	0	0
122	F	0	0	0	0	0	0	0
123	A	0	0	0	0	0	0	0
124	C	0	0	0	0	0	0	0
125	Y	Phosphotyrosine	HAMYFACYENMKRTL	HHHHHHHHHHHHHHH	0	0	0	0
126	E	0	0	0	0	0	0	0
127	N	0	0	0	0	0	0	0
128	M	0	0	0	0	0	0	0
129	K	0	0	0	0	0	0	0
130	R	0	0	0	0	0	0	0
131	T	0	0	0	0	0	0	0
132	L	0	0	0	0	0	0	0
133	N	0	0	0	0	0	0	0
134	D	0	0	0	0	0	0	0
135	V	0	0	0	0	0	0	0
136	F	0	0	0	0	0	0	0
137	H	0	0	0	0	0	0	0
138	H	0	0	0	0	0	0	0
139	Q	0	0	0	0	0	0	0
140	G	0	0	0	0	0	0	0
141	N	0	0	0	0	0	0	0
142	S	0	0	0	0	0	0	0
143	H	0	0	0	0	0	0	0
144	L	0	0	0	0	0	0	0
145	A	0	0	0	0	0	0	0
146	N	0	0	0	0	0	0	0
147	G	0	0	0	0	0	0	0
148	I	0	0	0	0	0	0	0
149	A	0	0	0	0	0	0	0
150	G	0	0	0	0	0	0	0
151	S	Phosphoserine	LANGIAGSMATLLHD	HHHCHHHHHHHHHHH	0	0	0	0
152	M	0	0	0	0	0	0	0
153	A	0	0	0	0	0	0	0
154	T	0	0	0	0	0	0	0
155	L	0	0	0	0	0	0	0
156	L	0	0	0	0	0	0	0
157	H	0	0	0	0	0	0	0
158	D	0	0	0	0	0	0	0
159	A	0	0	0	0	0	0	0
160	V	0	0	0	0	0	0	0
161	M	0	0	0	0	0	0	0
162	N	0	0	0	0	0	0	0
163	P	0	0	0	0	0	0	0
164	A	0	0	0	0	0	0	0
165	E	0	0	0	0	0	0	0
166	V	0	0	0	0	0	0	0
167	V	0	0	0	0	0	0	0
168	K	0	0	0	0	0	0	0
169	Q	0	0	0	0	0	0	0
170	R	0	0	0	0	0	0	0
171	L	0	0	0	0	0	0	0
172	Q	0	0	0	0	0	0	0
173	M	0	0	0	0	0	0	0
174	Y	0	0	0	0	0	0	0
175	N	0	0	0	0	0	0	0
176	S	0	0	0	0	0	0	0
177	Q	0	0	0	0	0	0	0
178	H	0	0	0	0	0	0	0
179	R	0	0	0	0	0	0	0
180	S	0	0	0	0	0	0	0
181	A	0	0	0	0	0	0	0
182	I	0	0	0	0	0	0	0
183	S	0	0	0	0	0	0	0
184	C	0	0	0	0	0	0	0
185	I	0	0	0	0	0	0	0
186	R	0	0	0	0	0	0	0
187	T	0	0	0	0	0	0	0
188	V	0	0	0	0	0	0	0
189	W	0	0	0	0	0	0	0
190	R	0	0	0	0	0	0	0
191	T	0	0	0	0	0	0	0
192	E	0	0	0	0	0	0	0
193	G	0	0	0	0	0	0	0
194	L	0	0	0	0	0	0	0
195	G	0	0	0	0	0	0	0
196	A	0	0	0	0	0	0	0
197	F	0	0	0	0	0	0	0
198	Y	Phosphotyrosine	TEGLGAFYRSYTTQL	CCCCCCHHHEEEEEE	0	0	0	0
199	R	0	0	0	0	0	0	0
200	S	0	0	0	0	0	0	0
201	Y	0	0	0	0	0	0	0
202	T	0	0	0	0	0	0	0
203	T	0	0	0	0	0	0	0
204	Q	0	0	0	0	0	0	0
205	L	0	0	0	0	0	0	0
206	T	0	0	0	0	0	0	0
207	M	0	0	0	0	0	0	0
208	N	0	0	0	0	0	0	0
209	I	0	0	0	0	0	0	0
210	P	0	0	0	0	0	0	0
211	F	0	0	0	0	0	0	0
212	Q	0	0	0	0	0	0	0
213	S	0	0	0	0	0	0	0
214	I	0	0	0	0	0	0	0
215	H	0	0	0	0	0	0	0
216	F	0	0	0	0	0	0	0
217	I	0	0	0	0	0	0	0
218	T	0	0	0	0	0	0	0
219	Y	0	0	0	0	0	0	0
220	E	0	0	0	0	0	0	0
221	F	0	0	0	0	0	0	0
222	L	0	0	0	0	0	0	0
223	Q	0	0	0	0	0	0	0
224	E	0	0	0	0	0	0	0
225	Q	0	0	0	0	0	0	0
226	V	0	0	0	0	0	0	0
227	N	0	0	0	0	0	0	0
228	P	0	0	0	0	0	0	0
229	H	0	0	0	0	0	0	0
230	R	0	0	0	0	0	0	0
231	T	0	0	0	0	0	0	0
232	Y	0	0	0	0	0	0	0
233	N	0	0	0	0	0	0	0
234	P	0	0	0	0	0	0	0
235	Q	0	0	0	0	0	0	0
236	S	0	0	0	0	0	0	0
237	H	0	0	0	0	0	0	0
238	I	0	0	0	0	0	0	0
239	I	0	0	0	0	0	0	0
240	S	0	0	0	0	0	0	0
241	G	0	0	0	0	0	0	0
242	G	0	0	0	0	0	0	0
243	L	0	0	0	0	0	0	0
244	A	0	0	0	0	0	0	0
245	G	0	0	0	0	0	0	0
246	A	0	0	0	0	0	0	0
247	L	0	0	0	0	0	0	0
248	A	0	0	0	0	0	0	0
249	A	0	0	0	0	0	0	0
250	A	0	0	0	0	0	0	0
251	A	0	0	0	0	0	0	0
252	T	0	0	0	0	0	0	0
253	T	0	0	0	0	0	0	0
254	P	0	0	0	0	0	0	0
255	L	0	0	0	0	0	0	0
256	D	0	0	0	0	0	0	0
257	V	0	0	0	0	0	0	0
258	C	0	0	0	0	0	0	0
259	K	0	0	0	0	0	0	0
260	T	0	0	0	0	0	0	0
261	L	0	0	0	0	0	0	0
262	L	0	0	0	0	0	0	0
263	N	0	0	0	0	0	0	0
264	T	0	0	0	0	0	0	0
265	Q	0	0	0	0	0	0	0
266	E	0	0	0	0	0	0	0
267	N	0	0	0	0	0	0	0
268	V	0	0	0	0	0	0	0
269	A	0	0	0	0	0	0	0
270	L	0	0	0	0	0	0	0
271	S	0	0	0	0	0	0	0
272	L	0	0	0	0	0	0	0
273	A	0	0	0	0	0	0	0
274	N	0	0	0	0	0	0	0
275	I	0	0	0	0	0	0	0
276	S	0	0	0	0	0	0	0
277	G	0	0	0	0	0	0	0
278	R	0	0	0	0	0	0	0
279	L	0	0	0	0	0	0	0
280	S	0	0	0	0	0	0	0
281	G	0	0	0	0	0	0	0
282	M	0	0	0	0	0	0	0
283	A	0	0	0	0	0	0	0
284	N	0	0	0	0	0	0	0
285	A	0	0	0	0	0	0	0
286	F	0	0	0	0	0	0	0
287	R	0	0	0	0	0	0	0
288	T	0	0	0	0	0	0	0
289	V	0	0	0	0	0	0	0
290	Y	0	0	0	0	0	0	0
291	Q	0	0	0	0	0	0	0
292	L	0	0	0	0	0	0	0
293	N	0	0	0	0	0	0	0
294	G	0	0	0	0	0	0	0
295	L	0	0	0	0	0	0	0
296	A	0	0	0	0	0	0	0
297	G	0	0	0	0	0	0	0
298	Y	0	0	0	0	0	0	0
299	F	0	0	0	0	0	0	0
300	K	0	0	0	0	0	0	0
301	G	0	0	0	0	0	0	0
302	I	0	0	0	0	0	0	0
303	Q	0	0	0	0	0	0	0
304	A	0	0	0	0	0	0	0
305	R	0	0	0	0	0	0	0
306	V	0	0	0	0	0	0	0
307	I	0	0	0	0	0	0	0
308	Y	0	0	0	0	0	0	0
309	Q	0	0	0	0	0	0	0
310	M	0	0	0	0	0	0	0
311	P	0	0	0	0	0	0	0
312	S	0	0	0	0	0	0	0
313	T	0	0	0	0	0	0	0
314	A	0	0	0	0	0	0	0
315	I	0	0	0	0	0	0	0
316	S	0	0	0	0	0	0	0
317	W	0	0	0	0	0	0	0
318	S	0	0	0	0	0	0	0
319	V	0	0	0	0	0	0	0
320	Y	0	0	0	0	0	0	0
321	E	0	0	0	0	0	0	0
322	F	0	0	0	0	0	0	0
323	F	0	0	0	0	0	0	0
324	K	0	0	0	0	0	0	0
325	Y	Phosphotyrosine	SVYEFFKYFLTKRQL	HHHHHHHHHHHHHHH	0	0	0	0
326	F	0	0	0	0	0	0	0
327	L	0	0	0	0	0	0	0
328	T	Phosphothreonine	EFFKYFLTKRQLENR	HHHHHHHHHHHHHHC	0	0	0	0
329	K	0	0	0	0	0	0	0
330	R	0	0	0	0	0	0	0
331	Q	0	0	0	0	0	0	0
332	L	0	0	0	0	0	0	0
333	E	0	0	0	0	0	0	0
334	N	0	0	0	0	0	0	0
335	R	0	0	0	0	0	0	0
336	A	0	0	0	0	0	0	0
337	P	0	0	0	0	0	0	0
338	Y	0	0	0	0	0	0	0
