location	residue	Modification	seq	secStruc	RelatedDisease	VariantPosition	ResidueChange	DaPSbySAP
1	M	N-acetylmethionine	-------MFGLDQFE	-------CCCCCCCC	0	0	0	0
2	F	0	0	0	0	0	0	0
3	G	0	0	0	0	0	0	0
4	L	0	0	0	0	0	0	0
5	D	0	0	0	0	0	0	0
6	Q	0	0	0	0	0	0	0
7	F	0	0	0	0	0	0	0
8	E	0	0	0	0	0	0	0
9	P	0	0	0	0	0	0	0
10	Q	0	0	0	0	0	0	0
11	V	0	0	0	0	0	0	0
12	N	0	0	0	0	0	0	0
13	S	0	0	0	0	0	0	0
14	R	0	0	0	0	0	0	0
15	N	0	0	0	0	0	0	0
16	A	0	0	0	0	0	0	0
17	G	0	0	0	0	0	0	0
18	Q	0	0	0	0	0	0	0
19	G	0	0	0	0	0	0	0
20	E	0	0	0	0	0	0	0
21	R	0	0	0	0	0	0	0
22	N	0	0	0	0	0	0	0
23	F	0	0	0	0	0	0	0
24	N	0	0	0	0	0	0	0
25	E	0	0	0	0	0	0	0
26	T	0	0	0	0	0	0	0
27	G	0	0	0	0	0	0	0
28	L	0	0	0	0	0	0	0
29	S	0	0	0	0	0	0	0
30	M	0	0	0	0	0	0	0
31	N	0	0	0	0	0	0	0
32	T	0	0	0	0	0	0	0
33	H	0	0	0	0	0	0	0
34	F	0	0	0	0	0	0	0
35	K	0	0	0	0	0	0	0
36	A	0	0	0	0	0	0	0
37	P	0	0	0	0	0	0	0
38	A	0	0	0	0	0	0	0
39	F	0	0	0	0	0	0	0
40	H	0	0	0	0	0	0	0
41	T	0	0	0	0	0	0	0
42	G	0	0	0	0	0	0	0
43	G	0	0	0	0	0	0	0
44	P	0	0	0	0	0	0	0
45	P	0	0	0	0	0	0	0
46	G	0	0	0	0	0	0	0
47	P	0	0	0	0	0	0	0
48	V	0	0	0	0	0	0	0
49	D	0	0	0	0	0	0	0
50	P	0	0	0	0	0	0	0
51	A	0	0	0	0	0	0	0
52	M	0	0	0	0	0	0	0
53	S	0	0	0	0	0	0	0
54	A	0	0	0	0	0	0	0
55	L	0	0	0	0	0	0	0
56	G	0	0	0	0	0	0	0
57	E	0	0	0	0	0	0	0
58	P	0	0	0	0	0	0	0
59	P	0	0	0	0	0	0	0
60	I	0	0	0	0	0	0	0
61	L	0	0	0	0	0	0	0
62	G	0	0	0	0	0	0	0
63	M	0	0	0	0	0	0	0
64	N	0	0	0	0	0	0	0
65	M	0	0	0	0	0	0	0
66	E	0	0	0	0	0	0	0
67	P	0	0	0	0	0	0	0
68	Y	0	0	0	0	0	0	0
69	G	0	0	0	0	0	0	0
70	F	0	0	0	0	0	0	0
71	H	0	0	0	0	0	0	0
72	A	0	0	0	0	0	0	0
73	R	0	0	0	0	0	0	0
74	G	0	0	0	0	0	0	0
75	H	0	0	0	0	0	0	0
76	S	0	0	0	0	0	0	0
77	E	0	0	0	0	0	0	0
78	L	0	0	0	0	0	0	0
79	H	0	0	0	0	0	0	0
80	A	0	0	0	0	0	0	0
81	G	0	0	0	0	0	0	0
82	G	0	0	0	0	0	0	0
83	L	0	0	0	0	0	0	0
84	Q	0	0	0	0	0	0	0
85	A	0	0	0	0	0	0	0
86	Q	0	0	0	0	0	0	0
87	P	0	0	0	0	0	0	0
88	V	0	0	0	0	0	0	0
89	H	0	0	0	0	0	0	0
90	G	0	0	0	0	0	0	0
91	F	0	0	0	0	0	0	0
92	F	0	0	0	0	0	0	0
93	G	0	0	0	0	0	0	0
94	G	0	0	0	0	0	0	0
95	Q	0	0	0	0	0	0	0
96	Q	0	0	0	0	0	0	0
97	P	0	0	0	0	0	0	0
98	H	0	0	0	0	0	0	0
99	H	0	0	0	0	0	0	0
100	G	0	0	0	0	0	0	0
101	H	0	0	0	0	0	0	0
102	P	0	0	0	0	0	0	0
103	G	0	0	0	0	0	0	0
104	S	0	0	0	0	0	0	0
105	H	0	0	0	0	0	0	0
106	H	0	0	0	0	0	0	0
107	P	0	0	0	0	0	0	0
108	H	0	0	0	0	0	0	0
109	Q	0	0	0	0	0	0	0
110	H	0	0	0	0	0	0	0
111	H	0	0	0	0	0	0	0
112	P	0	0	0	0	0	0	0
113	H	0	0	0	0	0	0	0
114	F	0	0	0	0	0	0	0
115	G	0	0	0	0	0	0	0
116	G	0	0	0	0	0	0	0
117	N	0	0	0	0	0	0	0
118	F	0	0	0	0	0	0	0
119	G	0	0	0	0	0	0	0
120	G	0	0	0	0	0	0	0
121	P	0	0	0	0	0	0	0
122	D	0	0	0	0	0	0	0
123	P	0	0	0	0	0	0	0
124	G	0	0	0	0	0	0	0
125	A	0	0	0	0	0	0	0
126	S	0	0	0	0	0	0	0
127	C	0	0	0	0	0	0	0
128	L	0	0	0	0	0	0	0
129	H	0	0	0	0	0	0	0
130	G	0	0	0	0	0	0	0
131	G	0	0	0	0	0	0	0
132	R	0	0	0	0	0	0	0
133	L	0	0	0	0	0	0	0
134	L	0	0	0	0	0	0	0
135	G	0	0	0	0	0	0	0
136	Y	0	0	0	0	0	0	0
137	G	0	0	0	0	0	0	0
138	G	0	0	0	0	0	0	0
139	A	0	0	0	0	0	0	0
140	A	0	0	0	0	0	0	0
141	G	0	0	0	0	0	0	0
142	G	0	0	0	0	0	0	0
143	L	0	0	0	0	0	0	0
144	G	0	0	0	0	0	0	0
145	S	0	0	0	0	0	0	0
146	Q	0	0	0	0	0	0	0
147	P	0	0	0	0	0	0	0
148	P	0	0	0	0	0	0	0
149	F	0	0	0	0	0	0	0
150	A	0	0	0	0	0	0	0
151	E	0	0	0	0	0	0	0
152	G	0	0	0	0	0	0	0
153	Y	0	0	0	0	0	0	0
154	E	0	0	0	0	0	0	0
155	H	0	0	0	0	0	0	0
156	M	0	0	0	0	0	0	0
157	A	0	0	0	0	0	0	0
158	E	0	0	0	0	0	0	0
159	S	0	0	0	0	0	0	0
160	Q	0	0	0	0	0	0	0
161	G	0	0	0	0	0	0	0
162	P	0	0	0	0	0	0	0
163	E	0	0	0	0	0	0	0
164	S	0	0	0	0	0	0	0
165	F	0	0	0	0	0	0	0
166	G	0	0	0	0	0	0	0
167	P	0	0	0	0	0	0	0
168	Q	0	0	0	0	0	0	0
169	R	0	0	0	0	0	0	0
170	P	0	0	0	0	0	0	0
171	G	0	0	0	0	0	0	0
172	N	0	0	0	0	0	0	0
173	L	0	0	0	0	0	0	0
174	P	0	0	0	0	0	0	0
175	D	0	0	0	0	0	0	0
176	F	0	0	0	0	0	0	0
177	H	0	0	0	0	0	0	0
178	S	0	0	0	0	0	0	0
179	S	0	0	0	0	0	0	0
180	G	0	0	0	0	0	0	0
181	A	0	0	0	0	0	0	0
182	S	0	0	0	0	0	0	0
183	S	0	0	0	0	0	0	0
184	H	0	0	0	0	0	0	0
185	A	0	0	0	0	0	0	0
186	V	0	0	0	0	0	0	0
187	P	0	0	0	0	0	0	0
188	A	0	0	0	0	0	0	0
189	P	0	0	0	0	0	0	0
190	C	0	0	0	0	0	0	0
191	L	0	0	0	0	0	0	0
192	P	0	0	0	0	0	0	0
193	L	0	0	0	0	0	0	0
194	D	0	0	0	0	0	0	0
195	Q	0	0	0	0	0	0	0
196	S	0	0	0	0	0	0	0
197	P	0	0	0	0	0	0	0
198	N	0	0	0	0	0	0	0
199	R	0	0	0	0	0	0	0
200	A	0	0	0	0	0	0	0
201	A	0	0	0	0	0	0	0
202	S	0	0	0	0	0	0	0
203	F	0	0	0	0	0	0	0
204	H	0	0	0	0	0	0	0
205	G	0	0	0	0	0	0	0
206	L	0	0	0	0	0	0	0
207	P	0	0	0	0	0	0	0
208	S	0	0	0	0	0	0	0
209	S	0	0	0	0	0	0	0
210	S	0	0	0	0	0	0	0
211	G	0	0	0	0	0	0	0
212	S	0	0	0	0	0	0	0
213	D	0	0	0	0	0	0	0
214	S	0	0	0	0	0	0	0
215	H	0	0	0	0	0	0	0
216	S	0	0	0	0	0	0	0
217	L	0	0	0	0	0	0	0
218	E	0	0	0	0	0	0	0
219	P	0	0	0	0	0	0	0
220	R	0	0	0	0	0	0	0
221	R	0	0	0	0	0	0	0
222	V	0	0	0	0	0	0	0
223	T	0	0	0	0	0	0	0
224	N	0	0	0	0	0	0	0
225	Q	0	0	0	0	0	0	0
226	G	0	0	0	0	0	0	0
227	A	0	0	0	0	0	0	0
228	V	0	0	0	0	0	0	0
229	D	0	0	0	0	0	0	0
230	S	0	0	0	0	0	0	0
231	L	0	0	0	0	0	0	0
232	E	0	0	0	0	0	0	0
233	Y	0	0	0	0	0	0	0
234	N	0	0	0	0	0	0	0
235	Y	0	0	0	0	0	0	0
236	P	0	0	0	0	0	0	0
237	G	0	0	0	0	0	0	0
238	E	0	0	0	0	0	0	0
239	A	0	0	0	0	0	0	0
240	P	0	0	0	0	0	0	0
241	S	0	0	0	0	0	0	0
242	G	0	0	0	0	0	0	0
243	H	0	0	0	0	0	0	0
244	F	0	0	0	0	0	0	0
245	D	0	0	0	0	0	0	0
246	M	0	0	0	0	0	0	0
247	F	0	0	0	0	0	0	0
248	S	0	0	0	0	0	0	0
249	P	0	0	0	0	0	0	0
250	S	0	0	0	0	0	0	0
251	D	0	0	0	0	0	0	0
252	S	0	0	0	0	0	0	0
253	E	0	0	0	0	0	0	0
254	G	0	0	0	0	0	0	0
255	Q	0	0	0	0	0	0	0
256	L	0	0	0	0	0	0	0
257	P	0	0	0	0	0	0	0
258	H	0	0	0	0	0	0	0
259	Y	Phosphotyrosine	SEGQLPHYAAGRQVP	CCCCCCCCCCCCCCC	0	0	0	0
260	A	0	0	0	0	0	0	0
261	A	0	0	0	0	0	0	0
262	G	0	0	0	0	0	0	0
263	R	0	0	0	0	0	0	0
264	Q	0	0	0	0	0	0	0
265	V	0	0	0	0	0	0	0
266	P	0	0	0	0	0	0	0
267	G	0	0	0	0	0	0	0
268	G	0	0	0	0	0	0	0
269	A	0	0	0	0	0	0	0
270	F	0	0	0	0	0	0	0
271	P	0	0	0	0	0	0	0
272	G	0	0	0	0	0	0	0
273	A	0	0	0	0	0	0	0
274	S	0	0	0	0	0	0	0
275	A	0	0	0	0	0	0	0
276	M	0	0	0	0	0	0	0
277	P	0	0	0	0	0	0	0
278	R	0	0	0	0	0	0	0
279	A	0	0	0	0	0	0	0
280	A	0	0	0	0	0	0	0
281	G	0	0	0	0	0	0	0
282	M	0	0	0	0	0	0	0
283	V	0	0	0	0	0	0	0
284	G	0	0	0	0	0	0	0
285	L	0	0	0	0	0	0	0
286	S	Phosphoserine	AAGMVGLSKMHAQPP	HHHHHCHHHHCCCCC	0	0	0	0
287	K	0	0	0	0	0	0	0
288	M	0	0	0	0	0	0	0
289	H	0	0	0	0	0	0	0
290	A	0	0	0	0	0	0	0
291	Q	0	0	0	0	0	0	0
292	P	0	0	0	0	0	0	0
293	P	0	0	0	0	0	0	0
294	Q	0	0	0	0	0	0	0
295	Q	0	0	0	0	0	0	0
296	Q	0	0	0	0	0	0	0
297	P	0	0	0	0	0	0	0
298	Q	0	0	0	0	0	0	0
299	Q	0	0	0	0	0	0	0
300	Q	0	0	0	0	0	0	0
301	Q	0	0	0	0	0	0	0
302	Q	0	0	0	0	0	0	0
303	P	0	0	0	0	0	0	0
304	Q	0	0	0	0	0	0	0
305	Q	0	0	0	0	0	0	0
306	Q	0	0	0	0	0	0	0
307	Q	0	0	0	0	0	0	0
308	Q	0	0	0	0	0	0	0
309	Q	0	0	0	0	0	0	0
310	H	0	0	0	0	0	0	0
311	G	0	0	0	0	0	0	0
312	V	0	0	0	0	0	0	0
313	F	0	0	0	0	0	0	0
314	F	0	0	0	0	0	0	0
315	E	0	0	0	0	0	0	0
316	R	0	0	0	0	0	0	0
317	F	0	0	0	0	0	0	0
318	S	0	0	0	0	0	0	0
319	G	0	0	0	0	0	0	0
320	A	0	0	0	0	0	0	0
321	R	0	0	0	0	0	0	0
322	K	0	0	0	0	0	0	0
323	M	0	0	0	0	0	0	0
324	P	0	0	0	0	0	0	0
325	V	0	0	0	0	0	0	0
326	G	0	0	0	0	0	0	0
327	L	0	0	0	0	0	0	0
328	E	0	0	0	0	0	0	0
329	P	0	0	0	0	0	0	0
330	S	Phosphoserine	MPVGLEPSVGSRHPL	CCCCCCCCCCCCCCC	0	0	0	0
331	V	0	0	0	0	0	0	0
332	G	0	0	0	0	0	0	0
333	S	Phosphoserine	GLEPSVGSRHPLMQP	CCCCCCCCCCCCCCC	0	0	0	0
334	R	0	0	0	0	0	0	0
335	H	0	0	0	0	0	0	0
336	P	0	0	0	0	0	0	0
337	L	0	0	0	0	0	0	0
338	M	0	0	0	0	0	0	0
339	Q	0	0	0	0	0	0	0
340	P	0	0	0	0	0	0	0
341	P	0	0	0	0	0	0	0
342	Q	0	0	0	0	0	0	0
343	Q	0	0	0	0	0	0	0
344	A	0	0	0	0	0	0	0
345	P	0	0	0	0	0	0	0
346	P	0	0	0	0	0	0	0
347	P	0	0	0	0	0	0	0
348	P	0	0	0	0	0	0	0
349	Q	0	0	0	0	0	0	0
350	Q	0	0	0	0	0	0	0
351	Q	0	0	0	0	0	0	0
352	P	0	0	0	0	0	0	0
353	P	0	0	0	0	0	0	0
354	Q	0	0	0	0	0	0	0
355	Q	0	0	0	0	0	0	0
356	P	0	0	0	0	0	0	0
357	P	0	0	0	0	0	0	0
358	Q	0	0	0	0	0	0	0
359	Q	0	0	0	0	0	0	0
360	Q	0	0	0	0	0	0	0
361	P	0	0	0	0	0	0	0
362	P	0	0	0	0	0	0	0
363	P	0	0	0	0	0	0	0
364	P	0	0	0	0	0	0	0
365	P	0	0	0	0	0	0	0
366	G	0	0	0	0	0	0	0
367	L	0	0	0	0	0	0	0
368	L	0	0	0	0	0	0	0
369	V	0	0	0	0	0	0	0
370	R	0	0	0	0	0	0	0
371	Q	0	0	0	0	0	0	0
372	N	0	0	0	0	0	0	0
373	S	Phosphoserine	GLLVRQNSCPPALPR	CCEEECCCCCCCCCC	Breast cancer:breast carcinoma	382 (9)	0	0
374	C	0	0	0	0	0	0	0
375	P	0	0	0	0	0	0	0
376	P	0	0	0	0	0	0	0
377	A	0	0	0	0	0	0	0
378	L	0	0	0	0	0	0	0
379	P	0	0	0	0	0	0	0
380	R	0	0	0	0	0	0	0
381	P	0	0	0	0	0	0	0
382	Q	0	0	0	0	0	H	373
383	Q	0	0	0	0	0	0	0
384	G	0	0	0	0	0	0	0
385	E	0	0	0	0	0	0	0
386	A	0	0	0	0	0	0	0
387	G	0	0	0	0	0	0	0
388	T	0	0	0	0	0	0	0
389	P	0	0	0	0	0	0	0
390	S	0	0	0	0	0	0	0
391	G	0	0	0	0	0	0	0
392	G	0	0	0	0	0	0	0
393	L	0	0	0	0	0	0	0
394	Q	0	0	0	0	0	0	0
395	D	0	0	0	0	0	0	0
396	G	0	0	0	0	0	0	0
397	G	0	0	0	0	0	0	0
398	P	0	0	0	0	0	0	0
399	M	0	0	0	0	0	0	0
400	L	0	0	0	0	0	0	0
401	P	0	0	0	0	0	0	0
402	S	0	0	0	0	0	0	0
403	Q	0	0	0	0	0	0	0
404	H	0	0	0	0	0	0	0
405	A	0	0	0	0	0	0	0
406	Q	0	0	0	0	0	0	0
407	F	0	0	0	0	0	0	0
408	E	0	0	0	0	0	0	0
409	Y	0	0	0	0	0	0	0
410	P	0	0	0	0	0	0	0
411	I	0	0	0	0	0	0	0
412	H	0	0	0	0	0	0	0
413	R	0	0	0	0	0	0	0
414	L	0	0	0	0	0	0	0
415	E	0	0	0	0	0	0	0
416	N	0	0	0	0	0	0	0
417	R	0	0	0	0	0	0	0
418	S	0	0	0	0	0	0	0
419	M	0	0	0	0	0	0	0
420	H	0	0	0	0	0	0	0
421	P	0	0	0	0	0	0	0
422	Y	0	0	0	0	0	0	0
423	S	0	0	0	0	0	0	0
424	E	0	0	0	0	0	0	0
425	P	0	0	0	0	0	0	0
426	V	0	0	0	0	0	0	0
427	F	0	0	0	0	0	0	0
428	S	0	0	0	0	0	0	0
429	M	0	0	0	0	0	0	0
430	Q	0	0	0	0	0	0	0
431	H	0	0	0	0	0	0	0
432	P	0	0	0	0	0	0	0
433	P	0	0	0	0	0	0	0
434	P	0	0	0	0	0	0	0
435	Q	0	0	0	0	0	0	0
436	Q	0	0	0	0	0	0	0
437	A	0	0	0	0	0	0	0
438	P	0	0	0	0	0	0	0
439	N	0	0	0	0	0	0	0
440	Q	0	0	0	0	0	0	0
441	R	0	0	0	0	0	0	0
442	L	0	0	0	0	0	0	0
443	Q	0	0	0	0	0	0	0
444	H	0	0	0	0	0	0	0
445	F	0	0	0	0	0	0	0
446	D	0	0	0	0	0	0	0
447	A	0	0	0	0	0	0	0
448	P	0	0	0	0	0	0	0
449	P	0	0	0	0	0	0	0
450	Y	0	0	0	0	0	0	0
451	M	0	0	0	0	0	0	0
452	N	0	0	0	0	0	0	0
453	V	0	0	0	0	0	0	0
454	A	0	0	0	0	0	0	0
455	K	0	0	0	0	0	0	0
456	R	0	0	0	0	0	0	0
457	P	0	0	0	0	0	0	0
458	R	0	0	0	0	0	0	0
459	F	0	0	0	0	0	0	0
460	D	0	0	0	0	0	0	0
461	F	0	0	0	0	0	0	0
462	P	0	0	0	0	0	0	0
463	G	0	0	0	0	0	0	0
464	S	0	0	0	0	0	0	0
465	A	0	0	0	0	0	0	0
466	G	0	0	0	0	0	0	0
467	V	0	0	0	0	0	0	0
468	D	0	0	0	0	0	0	0
469	R	0	0	0	0	0	0	0
470	C	0	0	0	0	0	0	0
471	A	0	0	0	0	0	0	0
472	S	0	0	0	0	0	0	0
473	W	0	0	0	0	0	0	0
474	N	0	0	0	0	0	0	0
475	G	0	0	0	0	0	0	0
476	S	0	0	0	0	0	0	0
477	M	0	0	0	0	0	0	0
478	H	0	0	0	0	0	0	0
479	N	0	0	0	0	0	0	0
480	G	0	0	0	0	0	0	0
481	A	0	0	0	0	0	0	0
482	L	0	0	0	0	0	0	0
483	D	0	0	0	0	0	0	0
484	N	0	0	0	0	0	0	0
485	H	0	0	0	0	0	0	0
486	L	0	0	0	0	0	0	0
487	S	0	0	0	0	0	0	0
488	P	0	0	0	0	0	0	0
489	S	0	0	0	0	0	0	0
490	A	0	0	0	0	0	0	0
491	Y	0	0	0	0	0	0	0
492	P	0	0	0	0	0	0	0
493	G	0	0	0	0	0	0	0
494	L	0	0	0	0	0	0	0
495	P	0	0	0	0	0	0	0
496	G	0	0	0	0	0	0	0
497	E	0	0	0	0	0	0	0
498	F	0	0	0	0	0	0	0
499	T	0	0	0	0	0	0	0
500	P	0	0	0	0	0	0	0
501	P	0	0	0	0	0	0	0
502	V	0	0	0	0	0	0	0
503	P	0	0	0	0	0	0	0
504	D	0	0	0	0	0	0	0
505	S	0	0	0	0	0	0	0
506	F	0	0	0	0	0	0	0
507	P	0	0	0	0	0	0	0
508	S	0	0	0	0	0	0	0
509	G	0	0	0	0	0	0	0
510	P	0	0	0	0	0	0	0
511	P	0	0	0	0	0	0	0
512	L	0	0	0	0	0	0	0
513	Q	0	0	0	0	0	0	0
514	H	0	0	0	0	0	0	0
515	P	0	0	0	0	0	0	0
516	A	0	0	0	0	0	0	0
517	P	0	0	0	0	0	0	0
518	D	0	0	0	0	0	0	0
519	H	0	0	0	0	0	0	0
520	Q	0	0	0	0	0	0	0
521	S	0	0	0	0	0	0	0
522	L	0	0	0	0	0	0	0
523	Q	0	0	0	0	0	0	0
524	Q	0	0	0	0	0	0	0
525	Q	0	0	0	0	0	0	0
526	Q	0	0	0	0	0	0	0
527	Q	0	0	0	0	0	0	0
528	Q	0	0	0	0	0	0	0
529	Q	0	0	0	0	0	0	0
530	Q	0	0	0	0	0	0	0
531	Q	0	0	0	0	0	0	0
532	Q	0	0	0	0	0	0	0
533	Q	0	0	0	0	0	0	0
534	Q	0	0	0	0	0	0	0
535	Q	0	0	0	0	0	0	0
536	Q	0	0	0	0	0	0	0
537	Q	0	0	0	0	0	0	0
538	Q	0	0	0	0	0	0	0
539	Q	0	0	0	0	0	0	0
540	Q	0	0	0	0	0	0	0
541	Q	0	0	0	0	0	0	0
542	Q	0	0	0	0	0	0	0
543	Q	0	0	0	0	0	0	0
544	Q	0	0	0	0	0	0	0
545	Q	0	0	0	0	0	0	0
546	Q	0	0	0	0	0	0	0
547	Q	0	0	0	0	0	0	0
548	Q	0	0	0	0	0	0	0
549	Q	0	0	0	0	0	0	0
550	Q	0	0	0	0	0	0	0
551	R	0	0	0	0	0	0	0
552	Q	0	0	0	0	0	0	0
553	N	0	0	0	0	0	0	0
554	A	0	0	0	0	0	0	0
555	A	0	0	0	0	0	0	0
556	L	0	0	0	0	0	0	0
557	M	0	0	0	0	0	0	0
558	I	0	0	0	0	0	0	0
559	K	0	0	0	0	0	0	0
560	Q	0	0	0	0	0	0	0
561	M	0	0	0	0	0	0	0
562	A	0	0	0	0	0	0	0
563	S	0	0	0	0	0	0	0
564	R	0	0	0	0	0	0	0
565	N	0	0	0	0	0	0	0
566	Q	0	0	0	0	0	0	0
567	Q	0	0	0	0	0	0	0
568	Q	0	0	0	0	0	0	0
569	R	0	0	0	0	0	0	0
570	L	0	0	0	0	0	0	0
571	R	0	0	0	0	0	0	0
572	Q	0	0	0	0	0	0	0
573	P	0	0	0	0	0	0	0
574	N	0	0	0	0	0	0	0
575	L	0	0	0	0	0	0	0
576	A	0	0	0	0	0	0	0
577	Q	0	0	0	0	0	0	0
578	L	0	0	0	0	0	0	0
579	G	0	0	0	0	0	0	0
580	H	0	0	0	0	0	0	0
581	P	0	0	0	0	0	0	0
582	G	0	0	0	0	0	0	0
583	D	0	0	0	0	0	0	0
584	V	0	0	0	0	0	0	0
585	G	0	0	0	0	0	0	0
586	Q	0	0	0	0	0	0	0
587	G	0	0	0	0	0	0	0
588	G	0	0	0	0	0	0	0
589	L	0	0	0	0	0	0	0
590	V	0	0	0	0	0	0	0
591	H	0	0	0	0	0	0	0
592	G	0	0	0	0	0	0	0
593	G	0	0	0	0	0	0	0
594	P	0	0	0	0	0	0	0
595	V	0	0	0	0	0	0	0
596	G	0	0	0	0	0	0	0
597	G	0	0	0	0	0	0	0
598	L	0	0	0	0	0	0	0
599	A	0	0	0	0	0	0	0
600	Q	0	0	0	0	0	0	0
601	P	0	0	0	0	0	0	0
602	N	0	0	0	0	0	0	0
603	F	0	0	0	0	0	0	0
604	E	0	0	0	0	0	0	0
605	R	0	0	0	0	0	0	0
606	E	0	0	0	0	0	0	0
607	G	0	0	0	0	0	0	0
608	G	0	0	0	0	0	0	0
609	S	0	0	0	0	0	0	0
610	T	0	0	0	0	0	0	0
611	G	0	0	0	0	0	0	0
612	A	0	0	0	0	0	0	0
613	G	0	0	0	0	0	0	0
614	R	0	0	0	0	0	0	0
615	L	0	0	0	0	0	0	0
616	G	0	0	0	0	0	0	0
617	T	0	0	0	0	0	0	0
618	F	0	0	0	0	0	0	0
619	E	0	0	0	0	0	0	0
620	Q	0	0	0	0	0	0	0
621	Q	0	0	0	0	0	0	0
622	A	0	0	0	0	0	0	0
623	P	0	0	0	0	0	0	0
624	H	0	0	0	0	0	0	0
625	L	0	0	0	0	0	0	0
626	A	0	0	0	0	0	0	0
627	Q	0	0	0	0	0	0	0
628	E	0	0	0	0	0	0	0
629	S	0	0	0	0	0	0	0
630	A	0	0	0	0	0	0	0
631	W	0	0	0	0	0	0	0
632	F	0	0	0	0	0	0	0
633	S	0	0	0	0	0	0	0
634	G	0	0	0	0	0	0	0
635	P	0	0	0	0	0	0	0
636	H	0	0	0	0	0	0	0
637	P	0	0	0	0	0	0	0
638	P	0	0	0	0	0	0	0
639	P	0	0	0	0	0	0	0
640	G	0	0	0	0	0	0	0
641	D	0	0	0	0	0	0	0
642	L	0	0	0	0	0	0	0
643	L	0	0	0	0	0	0	0
644	P	0	0	0	0	0	0	0
645	R	0	0	0	0	0	0	0
646	R	0	0	0	0	0	0	0
647	M	0	0	0	0	0	0	0
648	G	0	0	0	0	0	0	0
649	G	0	0	0	0	0	0	0
650	S	0	0	0	0	0	0	0
651	G	0	0	0	0	0	0	0
652	L	0	0	0	0	0	0	0
653	P	0	0	0	0	0	0	0
654	A	0	0	0	0	0	0	0
655	D	0	0	0	0	0	0	0
656	C	0	0	0	0	0	0	0
657	G	0	0	0	0	0	0	0
658	P	0	0	0	0	0	0	0
659	H	0	0	0	0	0	0	0
660	D	0	0	0	0	0	0	0
661	P	0	0	0	0	0	0	0
662	S	0	0	0	0	0	0	0
663	L	0	0	0	0	0	0	0
664	A	0	0	0	0	0	0	0
665	P	0	0	0	0	0	0	0
666	P	0	0	0	0	0	0	0
667	P	0	0	0	0	0	0	0
668	P	0	0	0	0	0	0	0
669	P	0	0	0	0	0	0	0
670	G	0	0	0	0	0	0	0
671	G	0	0	0	0	0	0	0
672	S	0	0	0	0	0	0	0
673	G	0	0	0	0	0	0	0
674	V	0	0	0	0	0	0	0
675	L	0	0	0	0	0	0	0
676	F	0	0	0	0	0	0	0
677	R	0	0	0	0	0	0	0
678	G	0	0	0	0	0	0	0
679	P	0	0	0	0	0	0	0
680	L	0	0	0	0	0	0	0
681	Q	0	0	0	0	0	0	0
682	E	0	0	0	0	0	0	0
683	P	0	0	0	0	0	0	0
684	M	0	0	0	0	0	0	0
685	R	0	0	0	0	0	0	0
686	M	0	0	0	0	0	0	0
687	P	0	0	0	0	0	0	0
688	G	0	0	0	0	0	0	0
689	E	0	0	0	0	0	0	0
690	G	0	0	0	0	0	0	0
691	H	0	0	0	0	0	0	0
692	V	0	0	0	0	0	0	0
693	P	0	0	0	0	0	0	0
694	A	0	0	0	0	0	0	0
695	L	0	0	0	0	0	0	0
696	P	0	0	0	0	0	0	0
697	S	0	0	0	0	0	0	0
698	P	0	0	0	0	0	0	0
699	G	0	0	0	0	0	0	0
700	L	0	0	0	0	0	0	0
701	Q	0	0	0	0	0	0	0
702	F	0	0	0	0	0	0	0
703	G	0	0	0	0	0	0	0
704	G	0	0	0	0	0	0	0
705	S	0	0	0	0	0	0	0
706	L	0	0	0	0	0	0	0
707	G	0	0	0	0	0	0	0
708	G	0	0	0	0	0	0	0
709	L	0	0	0	0	0	0	0
710	G	0	0	0	0	0	0	0
711	Q	0	0	0	0	0	0	0
712	L	0	0	0	0	0	0	0
713	Q	0	0	0	0	0	0	0
714	S	0	0	0	0	0	0	0
715	P	0	0	0	0	0	0	0
716	G	0	0	0	0	0	0	0
717	A	0	0	0	0	0	0	0
718	G	0	0	0	0	0	0	0
719	V	0	0	0	0	0	0	0
720	G	0	0	0	0	0	0	0
721	L	0	0	0	0	0	0	0
722	P	0	0	0	0	0	0	0
723	S	0	0	0	0	0	0	0
724	A	0	0	0	0	0	0	0
725	A	0	0	0	0	0	0	0
726	S	0	0	0	0	0	0	0
727	E	0	0	0	0	0	0	0
728	R	0	0	0	0	0	0	0
729	R	0	0	0	0	0	0	0
730	P	0	0	0	0	0	0	0
731	P	0	0	0	0	0	0	0
732	P	0	0	0	0	0	0	0
733	P	0	0	0	0	0	0	0
734	D	0	0	0	0	0	0	0
735	F	0	0	0	0	0	0	0
736	A	0	0	0	0	0	0	0
737	T	0	0	0	0	0	0	0
738	S	0	0	0	0	0	0	0
739	A	0	0	0	0	0	0	0
740	L	0	0	0	0	0	0	0
741	G	0	0	0	0	0	0	0
742	G	0	0	0	0	0	0	0
743	Q	0	0	0	0	0	0	0
744	P	0	0	0	0	0	0	0
745	G	0	0	0	0	0	0	0
746	F	0	0	0	0	0	0	0
747	P	0	0	0	0	0	0	0
748	F	0	0	0	0	0	0	0
749	G	0	0	0	0	0	0	0
750	A	0	0	0	0	0	0	0
751	A	0	0	0	0	0	0	0
752	G	0	0	0	0	0	0	0
753	R	0	0	0	0	0	0	0
754	Q	0	0	0	0	0	0	0
755	S	0	0	0	0	0	0	0
756	T	0	0	0	0	0	0	0
757	P	0	0	0	0	0	0	0
758	H	0	0	0	0	0	0	0
759	S	0	0	0	0	0	0	0
760	G	0	0	0	0	0	0	0
761	P	0	0	0	0	0	0	0
762	G	0	0	0	0	0	0	0
763	V	0	0	0	0	0	0	0
764	N	0	0	0	0	0	0	0
765	S	0	0	0	0	0	0	0
766	P	0	0	0	0	0	0	0
767	P	0	0	0	0	0	0	0
768	S	0	0	0	0	0	0	0
769	A	0	0	0	0	0	0	0
770	G	0	0	0	0	0	0	0
771	G	0	0	0	0	0	0	0
772	G	0	0	0	0	0	0	0
773	G	0	0	0	0	0	0	0
774	G	0	0	0	0	0	0	0
775	S	Phosphoserine	SAGGGGGSSGGGGGG	CCCCCCCCCCCCCCC	0	0	0	0
776	S	Phosphoserine	AGGGGGSSGGGGGGG	CCCCCCCCCCCCCCC	0	0	0	0
777	G	0	0	0	0	0	0	0
778	G	0	0	0	0	0	0	0
779	G	0	0	0	0	0	0	0
780	G	0	0	0	0	0	0	0
781	G	0	0	0	0	0	0	0
782	G	0	0	0	0	0	0	0
783	G	0	0	0	0	0	0	0
784	A	0	0	0	0	0	0	0
785	Y	Phosphotyrosine	GGGGGGAYPPQPDFQ	CCCCCCCCCCCCCCC	0	0	0	0
786	P	0	0	0	0	0	0	0
787	P	0	0	0	0	0	0	0
788	Q	0	0	0	0	0	0	0
789	P	0	0	0	0	0	0	0
790	D	0	0	0	0	0	0	0
791	F	0	0	0	0	0	0	0
792	Q	0	0	0	0	0	0	0
793	P	0	0	0	0	0	0	0
794	S	Phosphoserine	PQPDFQPSQRTSASK	CCCCCCCCCCCCHHH	0	0	0	0
795	Q	0	0	0	0	0	0	0
796	R	0	0	0	0	0	0	0
797	T	0	0	0	0	0	0	0
798	S	0	0	0	0	0	0	0
799	A	0	0	0	0	0	0	0
800	S	0	0	0	0	0	0	0
801	K	0	0	0	0	0	0	0
802	L	0	0	0	0	0	0	0
803	G	0	0	0	0	0	0	0
804	A	0	0	0	0	0	0	0
805	L	0	0	0	0	0	0	0
806	S	0	0	0	0	0	0	0
807	L	0	0	0	0	0	0	0
808	G	0	0	0	0	0	0	0
809	S	0	0	0	0	0	0	0
810	F	0	0	0	0	0	0	0
811	N	0	0	0	0	0	0	0
812	K	0	0	0	0	0	0	0
813	P	0	0	0	0	0	0	0
814	S	0	0	0	0	0	0	0
815	S	Phosphoserine	GSFNKPSSKDNLFGQ	CCCCCCCCCCCCCHH	0	0	0	0
816	K	0	0	0	0	0	0	0
817	D	0	0	0	0	0	0	0
818	N	0	0	0	0	0	0	0
819	L	0	0	0	0	0	0	0
820	F	0	0	0	0	0	0	0
821	G	0	0	0	0	0	0	0
822	Q	0	0	0	0	0	0	0
823	S	0	0	0	0	0	0	0
824	C	0	0	0	0	0	0	0
825	L	0	0	0	0	0	0	0
826	A	0	0	0	0	0	0	0
827	A	0	0	0	0	0	0	0
828	L	0	0	0	0	0	0	0
829	S	0	0	0	0	0	0	0
830	T	0	0	0	0	0	0	0
831	A	0	0	0	0	0	0	0
832	C	0	0	0	0	0	0	0
833	Q	0	0	0	0	0	0	0
834	N	0	0	0	0	0	0	0
835	M	0	0	0	0	0	0	0
836	I	0	0	0	0	0	0	0
837	A	0	0	0	0	0	0	0
838	S	0	0	0	0	0	0	0
839	L	0	0	0	0	0	0	0
840	G	0	0	0	0	0	0	0
841	A	0	0	0	0	0	0	0
842	P	0	0	0	0	0	0	0
843	N	0	0	0	0	0	0	0
844	L	0	0	0	0	0	0	0
845	N	0	0	0	0	0	0	0
846	V	0	0	0	0	0	0	0
847	T	0	0	0	0	0	0	0
848	F	0	0	0	0	0	0	0
849	N	0	0	0	0	0	0	0
850	K	0	0	0	0	0	0	0
851	K	0	0	0	0	0	0	0
852	N	0	0	0	0	0	0	0
853	P	0	0	0	0	0	0	0
854	P	0	0	0	0	0	0	0
855	E	0	0	0	0	0	0	0
856	G	0	0	0	0	0	0	0
857	K	0	0	0	0	0	0	0
858	R	0	0	0	0	0	0	0
859	K	0	0	0	0	0	0	0
860	L	0	0	0	0	0	0	0
861	S	Phosphoserine	PEGKRKLSQNETDGA	CCCCCCCCCCCCCCC	0	0	0	0
862	Q	0	0	0	0	0	0	0
863	N	0	0	0	0	0	0	0
864	E	0	0	0	0	0	0	0
865	T	0	0	0	0	0	0	0
866	D	0	0	0	0	0	0	0
867	G	0	0	0	0	0	0	0
868	A	0	0	0	0	0	0	0
869	A	0	0	0	0	0	0	0
870	V	0	0	0	0	0	0	0
871	A	0	0	0	0	0	0	0
872	G	0	0	0	0	0	0	0
873	N	0	0	0	0	0	0	0
874	P	0	0	0	0	0	0	0
875	G	0	0	0	0	0	0	0
876	S	0	0	0	0	0	0	0
877	D	0	0	0	0	0	0	0
878	Y	0	0	0	0	0	0	0
879	F	0	0	0	0	0	0	0
880	P	0	0	0	0	0	0	0
881	G	0	0	0	0	0	0	0
882	G	0	0	0	0	0	0	0
883	T	0	0	0	0	0	0	0
884	A	0	0	0	0	0	0	0
885	P	0	0	0	0	0	0	0
886	G	0	0	0	0	0	0	0
887	A	0	0	0	0	0	0	0
888	P	0	0	0	0	0	0	0
889	G	0	0	0	0	0	0	0
890	P	0	0	0	0	0	0	0
891	G	0	0	0	0	0	0	0
892	G	0	0	0	0	0	0	0
893	P	0	0	0	0	0	0	0
894	S	0	0	0	0	0	0	0
895	G	0	0	0	0	0	0	0
896	T	0	0	0	0	0	0	0
897	S	0	0	0	0	0	0	0
898	S	0	0	0	0	0	0	0
899	S	0	0	0	0	0	0	0
900	G	0	0	0	0	0	0	0
901	S	0	0	0	0	0	0	0
902	K	0	0	0	0	0	0	0
903	A	0	0	0	0	0	0	0
904	S	0	0	0	0	0	0	0
905	G	0	0	0	0	0	0	0
906	P	0	0	0	0	0	0	0
907	P	0	0	0	0	0	0	0
908	N	0	0	0	0	0	0	0
909	P	0	0	0	0	0	0	0
910	P	0	0	0	0	0	0	0
911	A	0	0	0	0	0	0	0
912	Q	0	0	0	0	0	0	0
913	G	0	0	0	0	0	0	0
914	D	0	0	0	0	0	0	0
915	G	0	0	0	0	0	0	0
916	T	0	0	0	0	0	0	0
917	S	0	0	0	0	0	0	0
918	L	0	0	0	0	0	0	0
919	S	0	0	0	0	0	0	0
920	P	0	0	0	0	0	0	0
921	N	0	0	0	0	0	0	0
922	Y	0	0	0	0	0	0	0
923	T	0	0	0	0	0	0	0
924	L	0	0	0	0	0	0	0
925	E	0	0	0	0	0	0	0
926	S	0	0	0	0	0	0	0
927	T	0	0	0	0	0	0	0
928	S	0	0	0	0	0	0	0
929	G	0	0	0	0	0	0	0
930	N	0	0	0	0	0	0	0
931	D	0	0	0	0	0	0	0
932	G	0	0	0	0	0	0	0
933	K	0	0	0	0	0	0	0
934	P	0	0	0	0	0	0	0
935	V	0	0	0	0	0	0	0
936	S	0	0	0	0	0	0	0
937	G	0	0	0	0	0	0	0
938	G	0	0	0	0	0	0	0
939	G	0	0	0	0	0	0	0
940	G	0	0	0	0	0	0	0
941	R	0	0	0	0	0	0	0
942	G	0	0	0	0	0	0	0
943	R	0	0	0	0	0	0	0
944	G	0	0	0	0	0	0	0
945	R	0	0	0	0	0	0	0
946	R	0	0	0	0	0	0	0
947	K	0	0	0	0	0	0	0
948	R	0	0	0	0	0	0	0
949	D	0	0	0	0	0	0	0
950	S	Phosphoserine	RGRRKRDSGHVSPGT	CCCCCCCCCCCCCCC	0	0	0	0
951	G	0	0	0	0	0	0	0
952	H	0	0	0	0	0	0	0
953	V	0	0	0	0	0	0	0
954	S	Phosphoserine	KRDSGHVSPGTFFDK	CCCCCCCCCCCCHHH	0	0	0	0
955	P	0	0	0	0	0	0	0
956	G	0	0	0	0	0	0	0
957	T	0	0	0	0	0	0	0
958	F	0	0	0	0	0	0	0
959	F	0	0	0	0	0	0	0
960	D	0	0	0	0	0	0	0
961	K	0	0	0	0	0	0	0
962	Y	0	0	0	0	0	0	0
963	S	0	0	0	0	0	0	0
964	A	0	0	0	0	0	0	0
965	A	0	0	0	0	0	0	0
966	P	0	0	0	0	0	0	0
967	D	0	0	0	0	0	0	0
968	S	Phosphoserine	KYSAAPDSGGAPGVS	HCCCCCCCCCCCCCC	0	0	0	0
969	G	0	0	0	0	0	0	0
970	G	0	0	0	0	0	0	0
971	A	0	0	0	0	0	0	0
972	P	0	0	0	0	0	0	0
973	G	0	0	0	0	0	0	0
974	V	0	0	0	0	0	0	0
975	S	Phosphoserine	SGGAPGVSPGQQQAS	CCCCCCCCCCCCCCC	0	0	0	0
976	P	0	0	0	0	0	0	0
977	G	0	0	0	0	0	0	0
978	Q	0	0	0	0	0	0	0
979	Q	0	0	0	0	0	0	0
980	Q	0	0	0	0	0	0	0
981	A	0	0	0	0	0	0	0
982	S	Phosphoserine	SPGQQQASGAAVGGS	CCCCCCCCCCCCCCC	0	0	0	0
983	G	0	0	0	0	0	0	0
984	A	0	0	0	0	0	0	0
985	A	0	0	0	0	0	0	0
986	V	0	0	0	0	0	0	0
987	G	0	0	0	0	0	0	0
988	G	0	0	0	0	0	0	0
989	S	0	0	0	0	0	0	0
990	S	0	0	0	0	0	0	0
991	A	0	0	0	0	0	0	0
992	G	0	0	0	0	0	0	0
993	E	0	0	0	0	0	0	0
994	T	Phosphothreonine	GGSSAGETRGAPTPH	CCCCCCCCCCCCCCC	0	0	0	0
995	R	0	0	0	0	0	0	0
996	G	0	0	0	0	0	0	0
997	A	0	0	0	0	0	0	0
998	P	0	0	0	0	0	0	0
999	T	Phosphothreonine	GETRGAPTPHEKALT	CCCCCCCCCCHHHCC	0	0	0	0
1000	P	0	0	0	0	0	0	0
1001	H	0	0	0	0	0	0	0
1002	E	0	0	0	0	0	0	0
1003	K	0	0	0	0	0	0	0
1004	A	0	0	0	0	0	0	0
1005	L	0	0	0	0	0	0	0
1006	T	0	0	0	0	0	0	0
1007	S	Phosphoserine	PHEKALTSPSWGKGA	CCHHHCCCCCCCCCC	0	0	0	0
1008	P	0	0	0	0	0	0	0
1009	S	0	0	0	0	0	0	0
1010	W	0	0	0	0	0	0	0
1011	G	0	0	0	0	0	0	0
1012	K	N6-acetyllysine	LTSPSWGKGAELLLG	CCCCCCCCCCHHHCC	0	0	0	0
1013	G	0	0	0	0	0	0	0
1014	A	0	0	0	0	0	0	0
1015	E	0	0	0	0	0	0	0
1016	L	0	0	0	0	0	0	0
1017	L	0	0	0	0	0	0	0
1018	L	0	0	0	0	0	0	0
1019	G	0	0	0	0	0	0	0
1020	D	0	0	0	0	0	0	0
1021	Q	0	0	0	0	0	0	0
1022	P	0	0	0	0	0	0	0
1023	D	0	0	0	0	0	0	0
1024	L	0	0	0	0	0	0	0
1025	I	0	0	0	0	0	0	0
1026	G	0	0	0	0	0	0	0
1027	S	0	0	0	0	0	0	0
1028	L	0	0	0	0	0	0	0
1029	D	0	0	0	0	0	0	0
1030	G	0	0	0	0	0	0	0
1031	G	0	0	0	0	0	0	0
1032	A	0	0	0	0	0	0	0
1033	K	0	0	0	0	0	0	0
1034	S	0	0	0	0	0	0	0
1035	D	0	0	0	0	0	0	0
1036	S	0	0	0	0	0	0	0
1037	S	0	0	0	0	0	0	0
1038	S	0	0	0	0	0	0	0
1039	P	0	0	0	0	0	0	0
1040	N	0	0	0	0	0	0	0
1041	V	0	0	0	0	0	0	0
1042	G	0	0	0	0	0	0	0
1043	E	0	0	0	0	0	0	0
1044	F	0	0	0	0	0	0	0
1045	A	0	0	0	0	0	0	0
1046	S	0	0	0	0	0	0	0
1047	D	0	0	0	0	0	0	0
1048	E	0	0	0	0	0	0	0
1049	V	0	0	0	0	0	0	0
1050	S	0	0	0	0	0	0	0
1051	T	0	0	0	0	0	0	0
1052	S	0	0	0	0	0	0	0
1053	Y	0	0	0	0	0	0	0
1054	A	0	0	0	0	0	0	0
1055	N	0	0	0	0	0	0	0
1056	E	0	0	0	0	0	0	0
1057	D	0	0	0	0	0	0	0
1058	E	0	0	0	0	0	0	0
1059	V	0	0	0	0	0	0	0
1060	S	0	0	0	0	0	0	0
1061	S	0	0	0	0	0	0	0
1062	S	0	0	0	0	0	0	0
1063	S	0	0	0	0	0	0	0
1064	D	0	0	0	0	0	0	0
1065	N	0	0	0	0	0	0	0
1066	P	0	0	0	0	0	0	0
1067	Q	0	0	0	0	0	0	0
1068	A	0	0	0	0	0	0	0
1069	L	0	0	0	0	0	0	0
1070	V	0	0	0	0	0	0	0
1071	K	0	0	0	0	0	0	0
1072	A	0	0	0	0	0	0	0
1073	S	Phosphoserine	PQALVKASRSPLVTG	HHHHHHHHCCCCCCC	0	0	0	0
1074	R	0	0	0	0	0	0	0
1075	S	Phosphoserine	ALVKASRSPLVTGSP	HHHHHHCCCCCCCCC	0	0	0	0
1076	P	0	0	0	0	0	0	0
1077	L	0	0	0	0	0	0	0
1078	V	0	0	0	0	0	0	0
1079	T	Phosphothreonine	ASRSPLVTGSPKLPP	HHCCCCCCCCCCCCC	0	0	0	0
1080	G	Phosphoserine	SRSPLVTGSPKLPPR	HCCCCCCCCCCCCCC	0	0	0	0
1081	S	Phosphoserine	RSPLVTGSPKLPPRG	CCCCCCCCCCCCCCC	0	0	0	0
1082	P	0	0	0	0	0	0	0
1083	K	0	0	0	0	0	0	0
1084	L	0	0	0	0	0	0	0
1085	P	0	0	0	0	0	0	0
1086	P	0	0	0	0	0	0	0
1087	R	0	0	0	0	0	0	0
1088	G	0	0	0	0	0	0	0
1089	V	0	0	0	0	0	0	0
1090	G	0	0	0	0	0	0	0
1091	A	0	0	0	0	0	0	0
1092	G	0	0	0	0	0	0	0
1093	E	0	0	0	0	0	0	0
1094	H	0	0	0	0	0	0	0
1095	G	0	0	0	0	0	0	0
1096	P	0	0	0	0	0	0	0
1097	K	0	0	0	0	0	0	0
1098	A	0	0	0	0	0	0	0
1099	P	0	0	0	0	0	0	0
1100	P	0	0	0	0	0	0	0
1101	P	0	0	0	0	0	0	0
1102	A	0	0	0	0	0	0	0
1103	L	0	0	0	0	0	0	0
1104	G	0	0	0	0	0	0	0
1105	L	0	0	0	0	0	0	0
1106	G	0	0	0	0	0	0	0
1107	I	0	0	0	0	0	0	0
1108	M	0	0	0	0	0	0	0
1109	S	0	0	0	0	0	0	0
1110	N	0	0	0	0	0	0	0
1111	S	0	0	0	0	0	0	0
1112	T	0	0	0	0	0	0	0
1113	S	0	0	0	0	0	0	0
1114	T	0	0	0	0	0	0	0
1115	P	0	0	0	0	0	0	0
1116	D	0	0	0	0	0	0	0
1117	S	0	0	0	0	0	0	0
1118	Y	0	0	0	0	0	0	0
1119	G	0	0	0	0	0	0	0
1120	G	0	0	0	0	0	0	0
1121	G	0	0	0	0	0	0	0
1122	G	0	0	0	0	0	0	0
1123	G	0	0	0	0	0	0	0
1124	P	0	0	0	0	0	0	0
1125	G	0	0	0	0	0	0	0
1126	H	0	0	0	0	0	0	0
1127	P	0	0	0	0	0	0	0
1128	G	0	0	0	0	0	0	0
1129	T	0	0	0	0	0	0	0
1130	P	0	0	0	0	0	0	0
1131	G	0	0	0	0	0	0	0
1132	L	0	0	0	0	0	0	0
1133	E	0	0	0	0	0	0	0
1134	Q	0	0	0	0	0	0	0
1135	V	0	0	0	0	0	0	0
1136	R	0	0	0	0	0	0	0
1137	T	0	0	0	0	0	0	0
1138	P	0	0	0	0	0	0	0
1139	T	0	0	0	0	0	0	0
1140	S	0	0	0	0	0	0	0
1141	S	0	0	0	0	0	0	0
1142	S	0	0	0	0	0	0	0
1143	G	0	0	0	0	0	0	0
1144	A	0	0	0	0	0	0	0
1145	P	0	0	0	0	0	0	0
1146	P	0	0	0	0	0	0	0
1147	P	0	0	0	0	0	0	0
1148	D	0	0	0	0	0	0	0
1149	E	0	0	0	0	0	0	0
1150	I	0	0	0	0	0	0	0
1151	H	0	0	0	0	0	0	0
1152	P	0	0	0	0	0	0	0
1153	L	0	0	0	0	0	0	0
1154	E	0	0	0	0	0	0	0
1155	I	0	0	0	0	0	0	0
1156	L	0	0	0	0	0	0	0
1157	Q	0	0	0	0	0	0	0
1158	A	0	0	0	0	0	0	0
1159	Q	0	0	0	0	0	0	0
1160	I	0	0	0	0	0	0	0
1161	Q	0	0	0	0	0	0	0
1162	L	0	0	0	0	0	0	0
1163	Q	0	0	0	0	0	0	0
1164	R	0	0	0	0	0	0	0
1165	Q	0	0	0	0	0	0	0
1166	Q	0	0	0	0	0	0	0
1167	F	0	0	0	0	0	0	0
1168	S	0	0	0	0	0	0	0
1169	I	0	0	0	0	0	0	0
1170	S	0	0	0	0	0	0	0
1171	E	0	0	0	0	0	0	0
1172	D	0	0	0	0	0	0	0
1173	Q	0	0	0	0	0	0	0
1174	P	0	0	0	0	0	0	0
1175	L	0	0	0	0	0	0	0
1176	G	0	0	0	0	0	0	0
1177	L	0	0	0	0	0	0	0
1178	K	0	0	0	0	0	0	0
1179	G	0	0	0	0	0	0	0
1180	G	0	0	0	0	0	0	0
1181	K	0	0	0	0	0	0	0
1182	K	N-acetyllysine	LGLKGGKKGECAVGA	CCCCCCCCCCCCCCC	0	0	0	0
1183	G	0	0	0	0	0	0	0
1184	E	0	0	0	0	0	0	0
1185	C	0	0	0	0	0	0	0
1186	A	0	0	0	0	0	0	0
1187	V	0	0	0	0	0	0	0
1188	G	0	0	0	0	0	0	0
1189	A	0	0	0	0	0	0	0
1190	S	0	0	0	0	0	0	0
1191	G	0	0	0	0	0	0	0
1192	A	0	0	0	0	0	0	0
1193	Q	0	0	0	0	0	0	0
1194	N	0	0	0	0	0	0	0
1195	G	0	0	0	0	0	0	0
1196	D	0	0	0	0	0	0	0
1197	S	0	0	0	0	0	0	0
1198	E	0	0	0	0	0	0	0
1199	L	0	0	0	0	0	0	0
1200	G	0	0	0	0	0	0	0
1201	S	0	0	0	0	0	0	0
1202	C	0	0	0	0	0	0	0
1203	C	0	0	0	0	0	0	0
1204	S	0	0	0	0	0	0	0
1205	E	0	0	0	0	0	0	0
1206	A	0	0	0	0	0	0	0
1207	V	0	0	0	0	0	0	0
1208	K	0	0	0	0	0	0	0
1209	S	0	0	0	0	0	0	0
1210	A	0	0	0	0	0	0	0
1211	M	0	0	0	0	0	0	0
1212	S	0	0	0	0	0	0	0
1213	T	0	0	0	0	0	0	0
1214	I	0	0	0	0	0	0	0
1215	D	0	0	0	0	0	0	0
1216	L	0	0	0	0	0	0	0
1217	D	0	0	0	0	0	0	0
1218	S	0	0	0	0	0	0	0
1219	L	0	0	0	0	0	0	0
1220	M	0	0	0	0	0	0	0
1221	A	0	0	0	0	0	0	0
1222	E	0	0	0	0	0	0	0
1223	H	0	0	0	0	0	0	0
1224	S	0	0	0	0	0	0	0
1225	A	0	0	0	0	0	0	0
1226	A	0	0	0	0	0	0	0
1227	W	0	0	0	0	0	0	0
1228	Y	0	0	0	0	0	0	0
1229	M	0	0	0	0	0	0	0
1230	P	0	0	0	0	0	0	0
1231	A	0	0	0	0	0	0	0
1232	D	0	0	0	0	0	0	0
1233	K	0	0	0	0	0	0	0
1234	A	0	0	0	0	0	0	0
1235	L	0	0	0	0	0	0	0
1236	V	0	0	0	0	0	0	0
1237	D	0	0	0	0	0	0	0
1238	S	0	0	0	0	0	0	0
1239	A	0	0	0	0	0	0	0
1240	D	0	0	0	0	0	0	0
1241	D	0	0	0	0	0	0	0
1242	D	0	0	0	0	0	0	0
1243	K	0	0	0	0	0	0	0
1244	T	0	0	0	0	0	0	0
1245	L	0	0	0	0	0	0	0
1246	A	0	0	0	0	0	0	0
1247	P	0	0	0	0	0	0	0
1248	W	0	0	0	0	0	0	0
1249	E	0	0	0	0	0	0	0
1250	K	0	0	0	0	0	0	0
1251	A	0	0	0	0	0	0	0
1252	K	0	0	0	0	0	0	0
1253	P	0	0	0	0	0	0	0
1254	Q	0	0	0	0	0	0	0
1255	N	0	0	0	0	0	0	0
1256	P	0	0	0	0	0	0	0
1257	N	0	0	0	0	0	0	0
1258	S	0	0	0	0	0	0	0
1259	K	0	0	0	0	0	0	0
1260	E	0	0	0	0	0	0	0
1261	A	0	0	0	0	0	0	0
1262	H	0	0	0	0	0	0	0
1263	D	0	0	0	0	0	0	0
1264	L	0	0	0	0	0	0	0
1265	P	0	0	0	0	0	0	0
1266	A	0	0	0	0	0	0	0
1267	N	0	0	0	0	0	0	0
1268	K	0	0	0	0	0	0	0
1269	A	0	0	0	0	0	0	0
1270	S	0	0	0	0	0	0	0
1271	A	0	0	0	0	0	0	0
1272	S	0	0	0	0	0	0	0
1273	Q	0	0	0	0	0	0	0
1274	P	0	0	0	0	0	0	0
1275	G	0	0	0	0	0	0	0
1276	S	0	0	0	0	0	0	0
1277	H	0	0	0	0	0	0	0
1278	L	0	0	0	0	0	0	0
1279	Q	0	0	0	0	0	0	0
1280	C	0	0	0	0	0	0	0
1281	L	0	0	0	0	0	0	0
1282	S	0	0	0	0	0	0	0
1283	V	0	0	0	0	0	0	0
1284	H	0	0	0	0	0	0	0
1285	C	0	0	0	0	0	0	0
1286	T	0	0	0	0	0	0	0
1287	D	0	0	0	0	0	0	0
1288	D	0	0	0	0	0	0	0
1289	V	0	0	0	0	0	0	0
1290	G	0	0	0	0	0	0	0
1291	D	0	0	0	0	0	0	0
1292	A	0	0	0	0	0	0	0
1293	K	0	0	0	0	0	0	0
1294	A	0	0	0	0	0	0	0
1295	R	0	0	0	0	0	0	0
1296	A	0	0	0	0	0	0	0
1297	S	0	0	0	0	0	0	0
1298	V	0	0	0	0	0	0	0
1299	P	0	0	0	0	0	0	0
1300	T	0	0	0	0	0	0	0
1301	W	0	0	0	0	0	0	0
1302	R	0	0	0	0	0	0	0
1303	S	0	0	0	0	0	0	0
1304	L	0	0	0	0	0	0	0
1305	H	0	0	0	0	0	0	0
1306	S	0	0	0	0	0	0	0
1307	D	0	0	0	0	0	0	0
1308	I	0	0	0	0	0	0	0
1309	S	0	0	0	0	0	0	0
1310	N	0	0	0	0	0	0	0
1311	R	0	0	0	0	0	0	0
1312	F	0	0	0	0	0	0	0
1313	G	0	0	0	0	0	0	0
1314	T	0	0	0	0	0	0	0
1315	F	0	0	0	0	0	0	0
1316	V	0	0	0	0	0	0	0
1317	A	0	0	0	0	0	0	0
1318	A	0	0	0	0	0	0	0
1319	L	0	0	0	0	0	0	0
1320	T	0	0	0	0	0	0	0
