location	residue	Modification	seq	secStruc	RelatedDisease	VariantPosition	ResidueChange	DaPSbySAP
1	M	0	0	0	0	0	0	0
2	N	0	0	0	0	0	0	0
3	G	0	0	0	0	0	0	0
4	F	0	0	0	0	0	0	0
5	G	0	0	0	0	0	0	0
6	R	0	0	0	0	0	0	0
7	L	0	0	0	0	0	0	0
8	E	0	0	0	0	0	0	0
9	H	0	0	0	0	0	0	0
10	F	0	0	0	0	0	0	0
11	S	0	0	0	0	0	0	0
12	G	0	0	0	0	0	0	0
13	A	0	0	0	0	0	0	0
14	V	0	0	0	0	0	0	0
15	Y	0	0	0	0	0	0	0
16	E	0	0	0	0	0	0	0
17	G	0	0	0	0	0	0	0
18	Q	0	0	0	0	0	0	0
19	F	0	0	0	0	0	0	0
20	K	0	0	0	0	0	0	0
21	D	0	0	0	0	0	0	0
22	N	0	0	0	0	0	0	0
23	M	0	0	0	0	0	0	0
24	F	0	0	0	0	0	0	0
25	H	0	0	0	0	0	0	0
26	G	0	0	0	0	0	0	0
27	L	0	0	0	0	0	0	0
28	G	0	0	0	0	0	0	0
29	T	0	0	0	0	0	0	0
30	Y	0	0	0	0	0	0	0
31	T	0	0	0	0	0	0	0
32	F	0	0	0	0	0	0	0
33	P	0	0	0	0	0	0	0
34	N	0	0	0	0	0	0	0
35	G	0	0	0	0	0	0	0
36	A	0	0	0	0	0	0	0
37	K	0	0	0	0	0	0	0
38	Y	Phosphotyrosine	TFPNGAKYTGNFNEN	ECCCCCEEECCCCCC	Amyotrophic lateral sclerosis:amyotrophic lateral sclerosis	48 (10)	0	0
39	T	0	0	0	0	0	0	0
40	G	0	0	0	0	0	0	0
41	N	0	0	0	0	0	0	0
42	F	0	0	0	0	0	0	0
43	N	0	0	0	0	0	0	0
44	E	0	0	0	0	0	0	0
45	N	0	0	0	0	0	0	0
46	R	0	0	0	0	0	0	0
47	V	0	0	0	0	0	0	0
48	E	0	0	0	0	0	K	38
49	G	0	0	0	0	0	0	0
50	E	0	0	0	0	0	0	0
51	G	0	0	0	0	0	0	0
52	E	0	0	0	0	0	0	0
53	Y	0	0	0	0	0	0	0
54	T	0	0	0	0	0	0	0
55	D	0	0	0	0	0	0	0
56	I	0	0	0	0	0	0	0
57	Q	0	0	0	0	0	0	0
58	G	0	0	0	0	0	0	0
59	L	0	0	0	0	0	0	0
60	E	0	0	0	0	0	0	0
61	W	0	0	0	0	0	0	0
62	S	0	0	0	0	0	0	0
63	G	0	0	0	0	0	0	0
64	N	0	0	0	0	0	0	0
65	F	0	0	0	0	0	0	0
66	H	0	0	0	0	0	0	0
67	F	0	0	0	0	0	0	0
68	T	0	0	0	0	0	0	0
69	A	0	0	0	0	0	0	0
70	A	0	0	0	0	0	0	0
71	P	0	0	0	0	0	0	0
72	D	0	0	0	0	0	0	0
73	L	0	0	0	0	0	0	0
74	K	0	0	0	0	0	0	0
75	L	0	0	0	0	0	0	0
76	K	0	0	0	0	0	0	0
77	L	0	0	0	0	0	0	0
78	H	0	0	0	0	0	0	0
79	M	0	0	0	0	0	0	0
