location	residue	Modification	seq	secStruc	RelatedDisease	VariantPosition	ResidueChange	DaPSbySAP
1	M	0	0	0	0	0	0	0
2	S	Phosphoserine	------MSVPVAPKK	------CCCCCCCCC	0	0	0	0
3	V	0	0	0	0	0	0	0
4	P	0	0	0	0	0	0	0
5	V	0	0	0	0	0	0	0
6	A	0	0	0	0	0	0	0
7	P	0	0	0	0	0	0	0
8	K	0	0	0	0	0	0	0
9	K	0	0	0	0	0	0	0
10	S	0	0	0	0	0	0	0
11	C	0	0	0	0	0	0	0
12	Y	0	0	0	0	0	0	0
13	T	0	0	0	0	0	0	0
14	Q	0	0	0	0	0	0	0
15	L	0	0	0	0	0	0	0
16	R	0	0	0	0	0	0	0
17	D	0	0	0	0	0	0	0
18	N	0	0	0	0	0	0	0
19	R	0	0	0	0	0	0	0
20	N	0	0	0	0	0	0	0
21	A	0	0	0	0	0	0	0
22	A	0	0	0	0	0	0	0
23	R	0	0	0	0	0	0	0
24	N	0	0	0	0	0	0	0
25	N	0	0	0	0	0	0	0
26	N	0	0	0	0	0	0	0
27	E	0	0	0	0	0	0	0
28	S	0	0	0	0	0	0	0
29	I	0	0	0	0	0	0	0
30	L	0	0	0	0	0	0	0
31	S	0	0	0	0	0	0	0
32	L	0	0	0	0	0	0	0
33	G	0	0	0	0	0	0	0
34	D	0	0	0	0	0	0	0
35	T	0	0	0	0	0	0	0
36	N	0	0	0	0	0	0	0
37	A	0	0	0	0	0	0	0
38	N	0	0	0	0	0	0	0
39	Q	0	0	0	0	0	0	0
40	I	0	0	0	0	0	0	0
41	M	0	0	0	0	0	0	0
42	L	0	0	0	0	0	0	0
43	E	0	0	0	0	0	0	0
44	V	0	0	0	0	0	0	0
45	S	0	0	0	0	0	0	0
46	S	0	0	0	0	0	0	0
47	S	0	0	0	0	0	0	0
48	H	0	0	0	0	0	0	0
49	D	0	0	0	0	0	0	0
50	E	0	0	0	0	0	0	0
51	S	0	0	0	0	0	0	0
52	K	0	0	0	0	0	0	0
53	T	0	0	0	0	0	0	0
54	C	0	0	0	0	0	0	0
55	D	0	0	0	0	0	0	0
56	L	0	0	0	0	0	0	0
57	G	0	0	0	0	0	0	0
58	D	0	0	0	0	0	0	0
59	E	0	0	0	0	0	0	0
60	I	0	0	0	0	0	0	0
61	G	0	0	0	0	0	0	0
62	N	0	0	0	0	0	0	0
63	T	0	0	0	0	0	0	0
64	N	0	0	0	0	0	0	0
65	S	0	0	0	0	0	0	0
66	S	0	0	0	0	0	0	0
67	E	0	0	0	0	0	0	0
68	P	0	0	0	0	0	0	0
69	E	0	0	0	0	0	0	0
70	N	0	0	0	0	0	0	0
71	R	0	0	0	0	0	0	0
72	T	0	0	0	0	0	0	0
73	H	0	0	0	0	0	0	0
74	F	0	0	0	0	0	0	0
75	H	0	0	0	0	0	0	0
76	K	0	0	0	0	0	0	0
77	E	0	0	0	0	0	0	0
78	F	0	0	0	0	0	0	0
79	H	0	0	0	0	0	0	0
80	Q	0	0	0	0	0	0	0
81	L	0	0	0	0	0	0	0
82	Q	0	0	0	0	0	0	0
83	G	0	0	0	0	0	0	0
84	F	0	0	0	0	0	0	0
85	G	0	0	0	0	0	0	0
86	K	0	0	0	0	0	0	0
87	G	0	0	0	0	0	0	0
88	S	0	0	0	0	0	0	0
89	Q	0	0	0	0	0	0	0
90	A	0	0	0	0	0	0	0
91	G	0	0	0	0	0	0	0
92	S	0	0	0	0	0	0	0
93	A	0	0	0	0	0	0	0
94	S	0	0	0	0	0	0	0
95	L	0	0	0	0	0	0	0
96	K	0	0	0	0	0	0	0
97	D	0	0	0	0	0	0	0
98	F	0	0	0	0	0	0	0
99	R	0	0	0	0	0	0	0
100	L	0	0	0	0	0	0	0
101	S	0	0	0	0	0	0	0
102	S	0	0	0	0	0	0	0
103	T	0	0	0	0	0	0	0
104	I	0	0	0	0	0	0	0
105	Q	0	0	0	0	0	0	0
106	R	0	0	0	0	0	0	0
107	E	0	0	0	0	0	0	0
108	L	0	0	0	0	0	0	0
109	N	0	0	0	0	0	0	0
110	E	0	0	0	0	0	0	0
111	E	0	0	0	0	0	0	0
112	H	0	0	0	0	0	0	0
113	T	0	0	0	0	0	0	0
114	V	0	0	0	0	0	0	0
115	E	0	0	0	0	0	0	0
116	R	0	0	0	0	0	0	0
117	G	0	0	0	0	0	0	0
118	T	0	0	0	0	0	0	0
119	D	0	0	0	0	0	0	0
120	S	0	0	0	0	0	0	0
121	L	0	0	0	0	0	0	0
122	Q	0	0	0	0	0	0	0
123	T	0	0	0	0	0	0	0
124	T	0	0	0	0	0	0	0
125	R	0	0	0	0	0	0	0
126	S	0	0	0	0	0	0	0
127	I	0	0	0	0	0	0	0
128	Q	0	0	0	0	0	0	0
129	G	0	0	0	0	0	0	0
130	P	0	0	0	0	0	0	0
131	S	0	0	0	0	0	0	0
132	L	0	0	0	0	0	0	0
133	S	0	0	0	0	0	0	0
134	S	0	0	0	0	0	0	0
135	W	0	0	0	0	0	0	0
136	R	0	0	0	0	0	0	0
137	N	0	0	0	0	0	0	0
138	V	0	0	0	0	0	0	0
139	M	0	0	0	0	0	0	0
140	S	Phosphoserine	SSWRNVMSEASLDVL	HHHHHHHCHHHHHHH	0	0	0	0
141	E	0	0	0	0	0	0	0
142	A	0	0	0	0	0	0	0
143	S	0	0	0	0	0	0	0
144	L	0	0	0	0	0	0	0
145	D	0	0	0	0	0	0	0
146	V	0	0	0	0	0	0	0
147	L	0	0	0	0	0	0	0
148	A	0	0	0	0	0	0	0
149	K	0	0	0	0	0	0	0
150	R	0	0	0	0	0	0	0
151	D	0	0	0	0	0	0	0
152	A	0	0	0	0	0	0	0
153	E	0	0	0	0	0	0	0
154	I	0	0	0	0	0	0	0
155	P	0	0	0	0	0	0	0
156	R	0	0	0	0	0	0	0
157	H	0	0	0	0	0	0	0
158	V	0	0	0	0	0	0	0
159	P	0	0	0	0	0	0	0
160	K	0	0	0	0	0	0	0
161	D	0	0	0	0	0	0	0
162	K	0	0	0	0	0	0	0
163	L	0	0	0	0	0	0	0
164	A	0	0	0	0	0	0	0
165	K	0	0	0	0	0	0	0
166	T	0	0	0	0	0	0	0
167	L	0	0	0	0	0	0	0
168	D	0	0	0	0	0	0	0
169	N	0	0	0	0	0	0	0
170	E	0	0	0	0	0	0	0
171	E	0	0	0	0	0	0	0
172	L	0	0	0	0	0	0	0
173	R	0	0	0	0	0	0	0
174	R	0	0	0	0	0	0	0
175	H	0	0	0	0	0	0	0
176	S	0	0	0	0	0	0	0
177	L	0	0	0	0	0	0	0
178	E	0	0	0	0	0	0	0
179	R	0	0	0	0	0	0	0
180	A	0	0	0	0	0	0	0
181	S	0	0	0	0	0	0	0
182	S	0	0	0	0	0	0	0
183	S	0	0	0	0	0	0	0
184	V	0	0	0	0	0	0	0
185	A	0	0	0	0	0	0	0
186	A	0	0	0	0	0	0	0
187	V	0	0	0	0	0	0	0
188	G	0	0	0	0	0	0	0
189	S	0	0	0	0	0	0	0
190	L	0	0	0	0	0	0	0
191	T	0	0	0	0	0	0	0
192	P	0	0	0	0	0	0	0
193	Q	0	0	0	0	0	0	0
194	H	0	0	0	0	0	0	0
195	P	0	0	0	0	0	0	0
196	Q	0	0	0	0	0	0	0
197	P	0	0	0	0	0	0	0
198	L	0	0	0	0	0	0	0
199	S	0	0	0	0	0	0	0
200	L	0	0	0	0	0	0	0
201	D	0	0	0	0	0	0	0
202	S	0	0	0	0	0	0	0
203	R	0	0	0	0	0	0	0
204	E	0	0	0	0	0	0	0
205	A	0	0	0	0	0	0	0
206	R	0	0	0	0	0	0	0
207	G	0	0	0	0	0	0	0
208	Q	0	0	0	0	0	0	0
209	I	0	0	0	0	0	0	0
210	P	0	0	0	0	0	0	0
211	G	0	0	0	0	0	0	0
212	G	0	0	0	0	0	0	0
213	G	0	0	0	0	0	0	0
214	E	0	0	0	0	0	0	0
215	G	0	0	0	0	0	0	0
216	P	0	0	0	0	0	0	0
217	Q	0	0	0	0	0	0	0
218	K	0	0	0	0	0	0	0
219	T	0	0	0	0	0	0	0
220	L	0	0	0	0	0	0	0
221	P	0	0	0	0	0	0	0
222	D	0	0	0	0	0	0	0
223	H	0	0	0	0	0	0	0
224	A	0	0	0	0	0	0	0
225	V	0	0	0	0	0	0	0
226	P	0	0	0	0	0	0	0
227	A	0	0	0	0	0	0	0
228	A	0	0	0	0	0	0	0
229	F	0	0	0	0	0	0	0
230	P	0	0	0	0	0	0	0
231	A	0	0	0	0	0	0	0
232	T	0	0	0	0	0	0	0
233	D	0	0	0	0	0	0	0
234	S	0	0	0	0	0	0	0
235	T	0	0	0	0	0	0	0
236	S	0	0	0	0	0	0	0
237	E	0	0	0	0	0	0	0
238	G	0	0	0	0	0	0	0
239	K	0	0	0	0	0	0	0
240	S	0	0	0	0	0	0	0
241	V	0	0	0	0	0	0	0
242	R	0	0	0	0	0	0	0
243	H	0	0	0	0	0	0	0
244	P	0	0	0	0	0	0	0
245	K	0	0	0	0	0	0	0
246	P	0	0	0	0	0	0	0
247	S	0	0	0	0	0	0	0
248	T	0	0	0	0	0	0	0
249	S	0	0	0	0	0	0	0
250	E	0	0	0	0	0	0	0
251	S	0	0	0	0	0	0	0
252	K	0	0	0	0	0	0	0
253	Q	0	0	0	0	0	0	0
254	S	0	0	0	0	0	0	0
255	T	0	0	0	0	0	0	0
256	P	0	0	0	0	0	0	0
257	S	0	0	0	0	0	0	0
258	E	0	0	0	0	0	0	0
259	T	0	0	0	0	0	0	0
260	Q	0	0	0	0	0	0	0
261	T	0	0	0	0	0	0	0
262	V	0	0	0	0	0	0	0
263	G	0	0	0	0	0	0	0
264	A	0	0	0	0	0	0	0
265	H	0	0	0	0	0	0	0
266	V	0	0	0	0	0	0	0
267	L	0	0	0	0	0	0	0
268	Q	0	0	0	0	0	0	0
269	V	0	0	0	0	0	0	0
270	C	0	0	0	0	0	0	0
271	S	0	0	0	0	0	0	0
272	E	0	0	0	0	0	0	0
273	H	0	0	0	0	0	0	0
274	T	0	0	0	0	0	0	0
275	S	0	0	0	0	0	0	0
276	H	0	0	0	0	0	0	0
277	S	0	0	0	0	0	0	0
278	A	0	0	0	0	0	0	0
279	H	0	0	0	0	0	0	0
280	P	0	0	0	0	0	0	0
281	E	0	0	0	0	0	0	0
282	P	0	0	0	0	0	0	0
283	A	0	0	0	0	0	0	0
284	L	0	0	0	0	0	0	0
285	N	0	0	0	0	0	0	0
286	L	0	0	0	0	0	0	0
287	T	0	0	0	0	0	0	0
288	L	0	0	0	0	0	0	0
289	A	0	0	0	0	0	0	0
290	S	0	0	0	0	0	0	0
291	K	0	0	0	0	0	0	0
292	E	0	0	0	0	0	0	0
293	I	0	0	0	0	0	0	0
294	P	0	0	0	0	0	0	0
295	S	0	0	0	0	0	0	0
296	K	0	0	0	0	0	0	0
297	L	0	0	0	0	0	0	0
298	E	0	0	0	0	0	0	0
299	A	0	0	0	0	0	0	0
300	Q	0	0	0	0	0	0	0
301	L	0	0	0	0	0	0	0
302	G	0	0	0	0	0	0	0
303	Q	0	0	0	0	0	0	0
304	G	0	0	0	0	0	0	0
305	K	0	0	0	0	0	0	0
306	G	0	0	0	0	0	0	0
307	E	0	0	0	0	0	0	0
308	A	0	0	0	0	0	0	0
309	K	0	0	0	0	0	0	0
310	L	0	0	0	0	0	0	0
311	D	0	0	0	0	0	0	0
312	L	0	0	0	0	0	0	0
313	K	0	0	0	0	0	0	0
314	Y	0	0	0	0	0	0	0
315	V	0	0	0	0	0	0	0
316	P	0	0	0	0	0	0	0
317	P	0	0	0	0	0	0	0
318	R	0	0	0	0	0	0	0
319	R	0	0	0	0	0	0	0
320	V	0	0	0	0	0	0	0
321	E	0	0	0	0	0	0	0
322	Q	0	0	0	0	0	0	0
323	E	0	0	0	0	0	0	0
324	G	0	0	0	0	0	0	0
325	K	0	0	0	0	0	0	0
326	A	0	0	0	0	0	0	0
327	A	0	0	0	0	0	0	0
328	Q	0	0	0	0	0	0	0
329	E	0	0	0	0	0	0	0
330	G	0	0	0	0	0	0	0
331	Y	0	0	0	0	0	0	0
332	L	0	0	0	0	0	0	0
333	G	0	0	0	0	0	0	0
334	C	0	0	0	0	0	0	0
335	H	0	0	0	0	0	0	0
336	K	0	0	0	0	0	0	0
337	E	0	0	0	0	0	0	0
338	E	0	0	0	0	0	0	0
339	N	0	0	0	0	0	0	0
340	L	0	0	0	0	0	0	0
341	S	0	0	0	0	0	0	0
342	A	0	0	0	0	0	0	0
343	L	0	0	0	0	0	0	0
344	E	0	0	0	0	0	0	0
345	G	0	0	0	0	0	0	0
346	R	0	0	0	0	0	0	0
347	D	0	0	0	0	0	0	0
348	P	0	0	0	0	0	0	0
349	C	0	0	0	0	0	0	0
350	G	0	0	0	0	0	0	0
351	E	0	0	0	0	0	0	0
352	A	0	0	0	0	0	0	0
353	H	0	0	0	0	0	0	0
354	P	0	0	0	0	0	0	0
355	E	0	0	0	0	0	0	0
356	A	0	0	0	0	0	0	0
357	T	0	0	0	0	0	0	0
358	D	0	0	0	0	0	0	0
359	A	0	0	0	0	0	0	0
360	L	0	0	0	0	0	0	0
361	G	0	0	0	0	0	0	0
362	H	0	0	0	0	0	0	0
363	L	0	0	0	0	0	0	0
364	L	0	0	0	0	0	0	0
365	N	0	0	0	0	0	0	0
366	S	0	0	0	0	0	0	0
367	D	0	0	0	0	0	0	0
368	L	0	0	0	0	0	0	0
369	H	0	0	0	0	0	0	0
370	H	0	0	0	0	0	0	0
371	L	0	0	0	0	0	0	0
372	G	0	0	0	0	0	0	0
373	V	0	0	0	0	0	0	0
374	G	0	0	0	0	0	0	0
375	R	0	0	0	0	0	0	0
376	G	0	0	0	0	0	0	0
377	N	0	0	0	0	0	0	0
378	C	0	0	0	0	0	0	0
379	E	0	0	0	0	0	0	0
380	E	0	0	0	0	0	0	0
381	K	0	0	0	0	0	0	0
382	R	0	0	0	0	0	0	0
383	G	0	0	0	0	0	0	0
384	V	0	0	0	0	0	0	0
385	N	0	0	0	0	0	0	0
386	P	0	0	0	0	0	0	0
387	G	0	0	0	0	0	0	0
388	E	0	0	0	0	0	0	0
389	Q	0	0	0	0	0	0	0
390	D	0	0	0	0	0	0	0
391	S	0	0	0	0	0	0	0
392	L	0	0	0	0	0	0	0
393	H	0	0	0	0	0	0	0
394	T	0	0	0	0	0	0	0
395	T	0	0	0	0	0	0	0
396	P	0	0	0	0	0	0	0
397	K	0	0	0	0	0	0	0
398	Q	0	0	0	0	0	0	0
399	G	0	0	0	0	0	0	0
400	S	0	0	0	0	0	0	0
401	A	0	0	0	0	0	0	0
402	S	0	0	0	0	0	0	0
403	L	0	0	0	0	0	0	0
404	G	0	0	0	0	0	0	0
405	G	0	0	0	0	0	0	0
406	A	0	0	0	0	0	0	0
407	D	0	0	0	0	0	0	0
408	N	0	0	0	0	0	0	0
409	Q	0	0	0	0	0	0	0
410	P	0	0	0	0	0	0	0
411	T	0	0	0	0	0	0	0
412	G	0	0	0	0	0	0	0
413	K	0	0	0	0	0	0	0
414	I	0	0	0	0	0	0	0
415	S	0	0	0	0	0	0	0
416	P	0	0	0	0	0	0	0
417	C	0	0	0	0	0	0	0
418	A	0	0	0	0	0	0	0
419	G	0	0	0	0	0	0	0
420	E	0	0	0	0	0	0	0
421	K	0	0	0	0	0	0	0
422	L	0	0	0	0	0	0	0
423	G	0	0	0	0	0	0	0
424	E	0	0	0	0	0	0	0
425	R	0	0	0	0	0	0	0
426	T	0	0	0	0	0	0	0
427	S	0	0	0	0	0	0	0
428	S	0	0	0	0	0	0	0
429	S	0	0	0	0	0	0	0
430	F	0	0	0	0	0	0	0
431	S	0	0	0	0	0	0	0
432	P	0	0	0	0	0	0	0
433	G	0	0	0	0	0	0	0
434	D	0	0	0	0	0	0	0
435	S	Phosphoserine	SSFSPGDSHVAFIPN	CCCCCCCCCEEECCC	0	0	0	0
436	H	0	0	0	0	0	0	0
437	V	0	0	0	0	0	0	0
438	A	0	0	0	0	0	0	0
439	F	0	0	0	0	0	0	0
440	I	0	0	0	0	0	0	0
441	P	0	0	0	0	0	0	0
442	N	0	0	0	0	0	0	0
443	N	0	0	0	0	0	0	0
444	L	0	0	0	0	0	0	0
445	T	0	0	0	0	0	0	0
446	D	0	0	0	0	0	0	0
447	S	0	0	0	0	0	0	0
448	K	0	0	0	0	0	0	0
449	P	0	0	0	0	0	0	0
450	L	0	0	0	0	0	0	0
451	D	0	0	0	0	0	0	0
452	V	0	0	0	0	0	0	0
453	I	0	0	0	0	0	0	0
454	E	0	0	0	0	0	0	0
455	E	0	0	0	0	0	0	0
456	E	0	0	0	0	0	0	0
457	R	0	0	0	0	0	0	0
458	R	0	0	0	0	0	0	0
459	L	0	0	0	0	0	0	0
460	G	0	0	0	0	0	0	0
461	S	0	0	0	0	0	0	0
462	G	0	0	0	0	0	0	0
463	N	0	0	0	0	0	0	0
464	K	0	0	0	0	0	0	0
465	D	0	0	0	0	0	0	0
466	S	Phosphoserine	LGSGNKDSVMVLVFN	CCCCCCCCEEEEEEC	0	0	0	0
467	V	0	0	0	0	0	0	0
468	M	0	0	0	0	0	0	0
469	V	0	0	0	0	0	0	0
470	L	0	0	0	0	0	0	0
471	V	0	0	0	0	0	0	0
472	F	0	0	0	0	0	0	0
473	N	0	0	0	0	0	0	0
474	P	0	0	0	0	0	0	0
475	S	Phosphoserine	MVLVFNPSVGENKTE	EEEEECCCCCCCCCC	0	0	0	0
476	V	0	0	0	0	0	0	0
477	G	0	0	0	0	0	0	0
478	E	0	0	0	0	0	0	0
479	N	0	0	0	0	0	0	0
480	K	0	0	0	0	0	0	0
481	T	0	0	0	0	0	0	0
482	E	0	0	0	0	0	0	0
483	V	0	0	0	0	0	0	0
484	P	0	0	0	0	0	0	0
485	E	0	0	0	0	0	0	0
486	P	0	0	0	0	0	0	0
487	L	0	0	0	0	0	0	0
488	D	0	0	0	0	0	0	0
489	P	0	0	0	0	0	0	0
490	Q	0	0	0	0	0	0	0
491	S	0	0	0	0	0	0	0
492	G	0	0	0	0	0	0	0
493	R	0	0	0	0	0	0	0
494	S	0	0	0	0	0	0	0
495	E	0	0	0	0	0	0	0
496	A	0	0	0	0	0	0	0
497	R	0	0	0	0	0	0	0
498	E	0	0	0	0	0	0	0
499	S	0	0	0	0	0	0	0
500	K	0	0	0	0	0	0	0
501	E	0	0	0	0	0	0	0
502	V	0	0	0	0	0	0	0
503	T	Phosphothreonine	ARESKEVTTSVAENR	HHHCCCCHHHHHHHH	0	0	0	0
504	T	Phosphothreonine	RESKEVTTSVAENRN	HHCCCCHHHHHHHHH	0	0	0	0
505	S	Phosphoserine	ESKEVTTSVAENRNL	HCCCCHHHHHHHHHH	0	0	0	0
506	V	0	0	0	0	0	0	0
507	A	0	0	0	0	0	0	0
508	E	0	0	0	0	0	0	0
509	N	0	0	0	0	0	0	0
510	R	0	0	0	0	0	0	0
511	N	0	0	0	0	0	0	0
512	L	0	0	0	0	0	0	0
513	L	0	0	0	0	0	0	0
514	E	0	0	0	0	0	0	0
515	N	0	0	0	0	0	0	0
516	A	0	0	0	0	0	0	0
517	D	0	0	0	0	0	0	0
518	K	0	0	0	0	0	0	0
519	I	0	0	0	0	0	0	0
520	E	0	0	0	0	0	0	0
521	S	0	0	0	0	0	0	0
522	T	0	0	0	0	0	0	0
523	S	0	0	0	0	0	0	0
524	A	0	0	0	0	0	0	0
525	R	0	0	0	0	0	0	0
526	A	0	0	0	0	0	0	0
527	D	0	0	0	0	0	0	0
528	S	0	0	0	0	0	0	0
529	V	0	0	0	0	0	0	0
530	L	0	0	0	0	0	0	0
531	N	0	0	0	0	0	0	0
532	I	0	0	0	0	0	0	0
533	P	0	0	0	0	0	0	0
534	A	0	0	0	0	0	0	0
535	P	0	0	0	0	0	0	0
536	L	0	0	0	0	0	0	0
537	H	0	0	0	0	0	0	0
538	P	0	0	0	0	0	0	0
539	E	0	0	0	0	0	0	0
540	T	0	0	0	0	0	0	0
541	T	0	0	0	0	0	0	0
542	V	0	0	0	0	0	0	0
543	N	0	0	0	0	0	0	0
544	M	0	0	0	0	0	0	0
545	T	0	0	0	0	0	0	0
546	Y	0	0	0	0	0	0	0
547	Q	0	0	0	0	0	0	0
548	P	0	0	0	0	0	0	0
549	T	0	0	0	0	0	0	0
550	T	0	0	0	0	0	0	0
551	P	0	0	0	0	0	0	0
552	S	0	0	0	0	0	0	0
553	S	0	0	0	0	0	0	0
554	S	0	0	0	0	0	0	0
555	F	0	0	0	0	0	0	0
556	Q	0	0	0	0	0	0	0
557	D	0	0	0	0	0	0	0
558	V	0	0	0	0	0	0	0
559	S	0	0	0	0	0	0	0
560	V	0	0	0	0	0	0	0
561	F	0	0	0	0	0	0	0
562	G	0	0	0	0	0	0	0
563	M	0	0	0	0	0	0	0
564	D	0	0	0	0	0	0	0
565	A	0	0	0	0	0	0	0
566	G	0	0	0	0	0	0	0
567	S	0	0	0	0	0	0	0
568	P	0	0	0	0	0	0	0
569	L	0	0	0	0	0	0	0
570	V	0	0	0	0	0	0	0
571	V	0	0	0	0	0	0	0
572	P	0	0	0	0	0	0	0
573	P	0	0	0	0	0	0	0
574	P	0	0	0	0	0	0	0
575	T	0	0	0	0	0	0	0
576	D	0	0	0	0	0	0	0
577	S	0	0	0	0	0	0	0
578	A	0	0	0	0	0	0	0
579	R	0	0	0	0	0	0	0
580	L	0	0	0	0	0	0	0
581	L	0	0	0	0	0	0	0
582	N	0	0	0	0	0	0	0
583	T	Phosphothreonine	DSARLLNTSPKVPDK	CHHHHHCCCCCCCCC	0	0	0	0
584	S	Phosphoserine	SARLLNTSPKVPDKN	HHHHHCCCCCCCCCC	0	0	0	0
585	P	0	0	0	0	0	0	0
586	K	0	0	0	0	0	0	0
587	V	0	0	0	0	0	0	0
588	P	0	0	0	0	0	0	0
589	D	0	0	0	0	0	0	0
590	K	0	0	0	0	0	0	0
591	N	0	0	0	0	0	0	0
592	T	Phosphothreonine	PKVPDKNTCPSGIPK	CCCCCCCCCCCCCCC	0	0	0	0
593	C	0	0	0	0	0	0	0
594	P	0	0	0	0	0	0	0
595	S	0	0	0	0	0	0	0
596	G	0	0	0	0	0	0	0
597	I	0	0	0	0	0	0	0
598	P	0	0	0	0	0	0	0
599	K	0	0	0	0	0	0	0
600	P	0	0	0	0	0	0	0
601	V	0	0	0	0	0	0	0
602	F	0	0	0	0	0	0	0
603	T	0	0	0	0	0	0	0
604	H	0	0	0	0	0	0	0
605	S	0	0	0	0	0	0	0
606	K	0	0	0	0	0	0	0
607	D	0	0	0	0	0	0	0
608	T	Phosphothreonine	VFTHSKDTPSSQEGM	CEECCCCCCCCHHHH	0	0	0	0
609	P	0	0	0	0	0	0	0
610	S	Phosphoserine	THSKDTPSSQEGMEN	ECCCCCCCCHHHHHH	0	0	0	0
611	S	Phosphoserine	HSKDTPSSQEGMENY	CCCCCCCCHHHHHHC	0	0	0	0
612	Q	0	0	0	0	0	0	0
613	E	0	0	0	0	0	0	0
614	G	0	0	0	0	0	0	0
615	M	0	0	0	0	0	0	0
616	E	0	0	0	0	0	0	0
617	N	0	0	0	0	0	0	0
618	Y	Phosphotyrosine	SQEGMENYQVEKTEE	CHHHHHHCCCEECCC	0	0	0	0
619	Q	0	0	0	0	0	0	0
620	V	0	0	0	0	0	0	0
621	E	0	0	0	0	0	0	0
622	K	0	0	0	0	0	0	0
623	T	0	0	0	0	0	0	0
624	E	0	0	0	0	0	0	0
625	E	0	0	0	0	0	0	0
626	R	0	0	0	0	0	0	0
627	T	0	0	0	0	0	0	0
628	E	0	0	0	0	0	0	0
629	T	0	0	0	0	0	0	0
630	K	0	0	0	0	0	0	0
631	P	0	0	0	0	0	0	0
632	I	0	0	0	0	0	0	0
633	I	0	0	0	0	0	0	0
634	M	0	0	0	0	0	0	0
635	P	0	0	0	0	0	0	0
636	K	0	0	0	0	0	0	0
637	P	0	0	0	0	0	0	0
638	K	0	0	0	0	0	0	0
639	H	0	0	0	0	0	0	0
640	V	0	0	0	0	0	0	0
641	R	0	0	0	0	0	0	0
642	P	0	0	0	0	0	0	0
643	K	0	0	0	0	0	0	0
644	I	0	0	0	0	0	0	0
645	I	0	0	0	0	0	0	0
646	T	0	0	0	0	0	0	0
647	Y	0	0	0	0	0	0	0
648	I	0	0	0	0	0	0	0
649	R	0	0	0	0	0	0	0
650	R	0	0	0	0	0	0	0
651	N	0	0	0	0	0	0	0
652	P	0	0	0	0	0	0	0
653	Q	0	0	0	0	0	0	0
654	A	0	0	0	0	0	0	0
655	L	0	0	0	0	0	0	0
656	G	0	0	0	0	0	0	0
657	Q	0	0	0	0	0	0	0
658	V	0	0	0	0	0	0	0
659	D	0	0	0	0	0	0	0
660	A	0	0	0	0	0	0	0
661	S	0	0	0	0	0	0	0
662	L	0	0	0	0	0	0	0
663	V	0	0	0	0	0	0	0
664	P	0	0	0	0	0	0	0
665	V	0	0	0	0	0	0	0
666	G	0	0	0	0	0	0	0
667	L	0	0	0	0	0	0	0
668	P	0	0	0	0	0	0	0
669	Y	0	0	0	0	0	0	0
670	A	0	0	0	0	0	0	0
671	P	0	0	0	0	0	0	0
672	P	0	0	0	0	0	0	0
673	T	0	0	0	0	0	0	0
674	C	0	0	0	0	0	0	0
675	T	0	0	0	0	0	0	0
676	M	0	0	0	0	0	0	0
677	P	0	0	0	0	0	0	0
678	L	0	0	0	0	0	0	0
679	P	0	0	0	0	0	0	0
680	H	0	0	0	0	0	0	0
681	E	0	0	0	0	0	0	0
682	E	0	0	0	0	0	0	0
683	K	0	0	0	0	0	0	0
684	A	0	0	0	0	0	0	0
685	A	0	0	0	0	0	0	0
686	G	0	0	0	0	0	0	0
687	G	0	0	0	0	0	0	0
688	D	0	0	0	0	0	0	0
689	L	0	0	0	0	0	0	0
690	K	0	0	0	0	0	0	0
691	P	0	0	0	0	0	0	0
692	S	0	0	0	0	0	0	0
693	A	0	0	0	0	0	0	0
694	N	0	0	0	0	0	0	0
695	L	0	0	0	0	0	0	0
696	Y	0	0	0	0	0	0	0
697	E	0	0	0	0	0	0	0
698	K	0	0	0	0	0	0	0
699	F	0	0	0	0	0	0	0
700	K	0	0	0	0	0	0	0
701	P	0	0	0	0	0	0	0
702	D	0	0	0	0	0	0	0
703	L	0	0	0	0	0	0	0
704	Q	0	0	0	0	0	0	0
705	K	0	0	0	0	0	0	0
706	P	0	0	0	0	0	0	0
707	R	0	0	0	0	0	0	0
708	V	0	0	0	0	0	0	0
709	F	0	0	0	0	0	0	0
710	S	0	0	0	0	0	0	0
711	S	0	0	0	0	0	0	0
712	G	0	0	0	0	0	0	0
713	L	0	0	0	0	0	0	0
714	M	0	0	0	0	0	0	0
715	V	0	0	0	0	0	0	0
716	S	0	0	0	0	0	0	0
717	G	0	0	0	0	0	0	0
718	I	0	0	0	0	0	0	0
719	K	0	0	0	0	0	0	0
720	P	0	0	0	0	0	0	0
721	P	0	0	0	0	0	0	0
722	G	0	0	0	0	0	0	0
723	H	0	0	0	0	0	0	0
724	P	0	0	0	0	0	0	0
725	F	0	0	0	0	0	0	0
726	S	0	0	0	0	0	0	0
727	Q	0	0	0	0	0	0	0
728	M	0	0	0	0	0	0	0
729	S	0	0	0	0	0	0	0
730	E	0	0	0	0	0	0	0
731	K	0	0	0	0	0	0	0
732	F	0	0	0	0	0	0	0
733	L	0	0	0	0	0	0	0
734	Q	0	0	0	0	0	0	0
735	E	0	0	0	0	0	0	0
736	V	0	0	0	0	0	0	0
737	T	0	0	0	0	0	0	0
738	D	0	0	0	0	0	0	0
739	H	0	0	0	0	0	0	0
740	P	0	0	0	0	0	0	0
741	G	0	0	0	0	0	0	0
742	K	0	0	0	0	0	0	0
743	E	0	0	0	0	0	0	0
744	E	0	0	0	0	0	0	0
745	F	0	0	0	0	0	0	0
746	C	0	0	0	0	0	0	0
747	S	0	0	0	0	0	0	0
748	P	0	0	0	0	0	0	0
749	P	0	0	0	0	0	0	0
750	Y	0	0	0	0	0	0	0
751	A	0	0	0	0	0	0	0
752	H	0	0	0	0	0	0	0
753	Y	0	0	0	0	0	0	0
754	E	0	0	0	0	0	0	0
755	V	0	0	0	0	0	0	0
756	P	0	0	0	0	0	0	0
757	P	0	0	0	0	0	0	0
758	T	0	0	0	0	0	0	0
759	F	0	0	0	0	0	0	0
760	Y	0	0	0	0	0	0	0
761	R	0	0	0	0	0	0	0
762	S	0	0	0	0	0	0	0
763	A	0	0	0	0	0	0	0
764	M	0	0	0	0	0	0	0
765	L	0	0	0	0	0	0	0
766	L	0	0	0	0	0	0	0
767	K	0	0	0	0	0	0	0
768	P	0	0	0	0	0	0	0
769	Q	0	0	0	0	0	0	0
770	L	0	0	0	0	0	0	0
771	G	0	0	0	0	0	0	0
772	L	0	0	0	0	0	0	0
773	G	0	0	0	0	0	0	0
774	A	0	0	0	0	0	0	0
775	M	0	0	0	0	0	0	0
776	S	0	0	0	0	0	0	0
777	R	0	0	0	0	0	0	0
778	L	0	0	0	0	0	0	0
779	P	0	0	0	0	0	0	0
780	S	Phosphoserine	GAMSRLPSAKSRILI	CHHHCCCCCHHHEEE	0	0	0	0
781	A	0	0	0	0	0	0	0
782	K	0	0	0	0	0	0	0
783	S	Phosphoserine	SRLPSAKSRILIASQ	HCCCCCHHHEEEEEC	0	0	0	0
784	R	0	0	0	0	0	0	0
785	I	0	0	0	0	0	0	0
786	L	0	0	0	0	0	0	0
787	I	0	0	0	0	0	0	0
788	A	0	0	0	0	0	0	0
789	S	0	0	0	0	0	0	0
790	Q	0	0	0	0	0	0	0
791	R	0	0	0	0	0	0	0
792	S	0	0	0	0	0	0	0
793	S	Phosphoserine	LIASQRSSASAIHPP	EEEECCCCCCCCCCC	0	0	0	0
794	A	0	0	0	0	0	0	0
795	S	0	0	0	0	0	0	0
796	A	0	0	0	0	0	0	0
797	I	0	0	0	0	0	0	0
798	H	0	0	0	0	0	0	0
799	P	0	0	0	0	0	0	0
800	P	0	0	0	0	0	0	0
801	G	0	0	0	0	0	0	0
802	P	0	0	0	0	0	0	0
803	I	0	0	0	0	0	0	0
804	T	0	0	0	0	0	0	0
805	T	0	0	0	0	0	0	0
806	A	0	0	0	0	0	0	0
807	T	0	0	0	0	0	0	0
808	S	0	0	0	0	0	0	0
809	L	0	0	0	0	0	0	0
810	Y	0	0	0	0	0	0	0
811	S	0	0	0	0	0	0	0
812	S	0	0	0	0	0	0	0
813	D	0	0	0	0	0	0	0
814	P	0	0	0	0	0	0	0
815	S	0	0	0	0	0	0	0
816	A	0	0	0	0	0	0	0
817	D	0	0	0	0	0	0	0
818	L	0	0	0	0	0	0	0
819	K	0	0	0	0	0	0	0
820	K	0	0	0	0	0	0	0
821	A	0	0	0	0	0	0	0
822	S	0	0	0	0	0	0	0
823	S	0	0	0	0	0	0	0
824	S	0	0	0	0	0	0	0
825	N	0	0	0	0	0	0	0
826	A	0	0	0	0	0	0	0
827	A	0	0	0	0	0	0	0
828	K	0	0	0	0	0	0	0
829	S	0	0	0	0	0	0	0
830	N	0	0	0	0	0	0	0
831	L	0	0	0	0	0	0	0
832	P	0	0	0	0	0	0	0
833	K	0	0	0	0	0	0	0
834	S	0	0	0	0	0	0	0
835	G	0	0	0	0	0	0	0
836	L	0	0	0	0	0	0	0
837	R	0	0	0	0	0	0	0
838	P	0	0	0	0	0	0	0
839	P	0	0	0	0	0	0	0
840	G	0	0	0	0	0	0	0
841	Y	0	0	0	0	0	0	0
842	S	0	0	0	0	0	0	0
843	R	0	0	0	0	0	0	0
844	L	0	0	0	0	0	0	0
845	P	0	0	0	0	0	0	0
846	A	0	0	0	0	0	0	0
847	A	0	0	0	0	0	0	0
848	K	0	0	0	0	0	0	0
849	L	0	0	0	0	0	0	0
850	A	0	0	0	0	0	0	0
851	A	0	0	0	0	0	0	0
852	F	0	0	0	0	0	0	0
853	G	0	0	0	0	0	0	0
854	F	0	0	0	0	0	0	0
855	V	0	0	0	0	0	0	0
856	R	0	0	0	0	0	0	0
857	S	0	0	0	0	0	0	0
858	S	0	0	0	0	0	0	0
859	S	0	0	0	0	0	0	0
860	V	0	0	0	0	0	0	0
861	S	0	0	0	0	0	0	0
862	S	0	0	0	0	0	0	0
863	V	0	0	0	0	0	0	0
864	S	0	0	0	0	0	0	0
865	S	0	0	0	0	0	0	0
866	T	0	0	0	0	0	0	0
867	Q	0	0	0	0	0	0	0
868	S	0	0	0	0	0	0	0
869	G	0	0	0	0	0	0	0
870	D	0	0	0	0	0	0	0
871	S	0	0	0	0	0	0	0
872	A	0	0	0	0	0	0	0
873	Q	0	0	0	0	0	0	0
874	P	0	0	0	0	0	0	0
875	E	0	0	0	0	0	0	0
876	Q	0	0	0	0	0	0	0
877	G	0	0	0	0	0	0	0
878	R	0	0	0	0	0	0	0
879	P	0	0	0	0	0	0	0
880	A	0	0	0	0	0	0	0
881	T	0	0	0	0	0	0	0
882	R	0	0	0	0	0	0	0
883	S	0	0	0	0	0	0	0
884	T	0	0	0	0	0	0	0
885	F	0	0	0	0	0	0	0
886	G	0	0	0	0	0	0	0
887	N	0	0	0	0	0	0	0
888	E	0	0	0	0	0	0	0
889	E	0	0	0	0	0	0	0
890	Q	0	0	0	0	0	0	0
891	P	0	0	0	0	0	0	0
892	V	0	0	0	0	0	0	0
893	L	0	0	0	0	0	0	0
894	K	0	0	0	0	0	0	0
895	A	0	0	0	0	0	0	0
896	S	0	0	0	0	0	0	0
897	L	0	0	0	0	0	0	0
898	P	0	0	0	0	0	0	0
899	S	0	0	0	0	0	0	0
900	K	0	0	0	0	0	0	0
901	D	0	0	0	0	0	0	0
902	T	0	0	0	0	0	0	0
903	P	0	0	0	0	0	0	0
904	K	0	0	0	0	0	0	0
905	G	0	0	0	0	0	0	0
906	A	0	0	0	0	0	0	0
907	G	0	0	0	0	0	0	0
908	R	0	0	0	0	0	0	0
909	V	0	0	0	0	0	0	0
910	A	0	0	0	0	0	0	0
911	P	0	0	0	0	0	0	0
912	P	0	0	0	0	0	0	0
913	A	0	0	0	0	0	0	0
914	S	Phosphoserine	GRVAPPASSSVTAPR	CCCCCCCCCCCCCCC	0	0	0	0
915	S	0	0	0	0	0	0	0
916	S	0	0	0	0	0	0	0
917	V	0	0	0	0	0	0	0
918	T	0	0	0	0	0	0	0
919	A	0	0	0	0	0	0	0
920	P	0	0	0	0	0	0	0
921	R	0	0	0	0	0	0	0
922	R	0	0	0	0	0	0	0
923	S	Phosphoserine	SVTAPRRSLLPAPKS	CCCCCCHHCCCCCCC	0	0	0	0
924	L	0	0	0	0	0	0	0
925	L	0	0	0	0	0	0	0
926	P	0	0	0	0	0	0	0
927	A	0	0	0	0	0	0	0
928	P	0	0	0	0	0	0	0
929	K	0	0	0	0	0	0	0
930	S	0	0	0	0	0	0	0
931	T	0	0	0	0	0	0	0
932	S	Phosphoserine	LPAPKSTSTPAGTKK	CCCCCCCCCCCCCHH	0	0	0	0
933	T	0	0	0	0	0	0	0
934	P	0	0	0	0	0	0	0
935	A	0	0	0	0	0	0	0
936	G	0	0	0	0	0	0	0
937	T	Phosphothreonine	STSTPAGTKKDAQKD	CCCCCCCCHHHHHCC	0	0	0	0
938	K	0	0	0	0	0	0	0
939	K	0	0	0	0	0	0	0
940	D	0	0	0	0	0	0	0
941	A	0	0	0	0	0	0	0
942	Q	0	0	0	0	0	0	0
943	K	0	0	0	0	0	0	0
944	D	0	0	0	0	0	0	0
945	Q	0	0	0	0	0	0	0
946	D	0	0	0	0	0	0	0
947	T	Phosphothreonine	DAQKDQDTNKPAVSS	HHHCCCCCCCCCCCC	Obesity-related traits:amino acid measurement	957 (10)	0	0
948	N	0	0	0	0	0	0	0
949	K	0	0	0	0	0	0	0
950	P	0	0	0	0	0	0	0
951	A	0	0	0	0	0	0	0
952	V	0	0	0	0	0	0	0
953	S	0	0	0	0	0	0	0
954	S	0	0	0	0	0	0	0
955	P	0	0	0	0	0	0	0
956	K	0	0	0	0	0	0	0
957	R	0	0	0	0	0	M	947
958	V	0	0	0	0	0	0	0
959	A	0	0	0	0	0	0	0
960	A	0	0	0	0	0	0	0
961	S	0	0	0	0	0	0	0
962	T	0	0	0	0	0	0	0
963	T	0	0	0	0	0	0	0
964	K	0	0	0	0	0	0	0
965	L	0	0	0	0	0	0	0
966	H	0	0	0	0	0	0	0
967	S	0	0	0	0	0	0	0
968	P	0	0	0	0	0	0	0
969	G	0	0	0	0	0	0	0
970	Y	0	0	0	0	0	0	0
971	P	0	0	0	0	0	0	0
972	K	0	0	0	0	0	0	0
973	Q	0	0	0	0	0	0	0
974	R	0	0	0	0	0	0	0
975	T	0	0	0	0	0	0	0
976	A	0	0	0	0	0	0	0
977	A	0	0	0	0	0	0	0
978	A	0	0	0	0	0	0	0
979	R	0	0	0	0	0	0	0
980	N	0	0	0	0	0	0	0
981	G	0	0	0	0	0	0	0
982	F	0	0	0	0	0	0	0
983	P	0	0	0	0	0	0	0
984	P	0	0	0	0	0	0	0
985	K	0	0	0	0	0	0	0
986	P	0	0	0	0	0	0	0
987	D	0	0	0	0	0	0	0
988	P	0	0	0	0	0	0	0
989	Q	0	0	0	0	0	0	0
990	A	0	0	0	0	0	0	0
991	R	0	0	0	0	0	0	0
992	E	0	0	0	0	0	0	0
993	A	0	0	0	0	0	0	0
994	E	0	0	0	0	0	0	0
995	R	0	0	0	0	0	0	0
996	Q	0	0	0	0	0	0	0
997	L	0	0	0	0	0	0	0
998	V	0	0	0	0	0	0	0
999	L	0	0	0	0	0	0	0
1000	R	0	0	0	0	0	0	0
1001	L	0	0	0	0	0	0	0
1002	K	0	0	0	0	0	0	0
1003	E	0	0	0	0	0	0	0
1004	R	0	0	0	0	0	0	0
1005	C	0	0	0	0	0	0	0
1006	E	0	0	0	0	0	0	0
1007	Q	0	0	0	0	0	0	0
1008	Q	0	0	0	0	0	0	0
1009	T	0	0	0	0	0	0	0
1010	R	0	0	0	0	0	0	0
1011	Q	0	0	0	0	0	0	0
1012	L	0	0	0	0	0	0	0
1013	G	0	0	0	0	0	0	0
1014	V	0	0	0	0	0	0	0
1015	A	0	0	0	0	0	0	0
1016	Q	0	0	0	0	0	0	0
1017	G	0	0	0	0	0	0	0
1018	E	0	0	0	0	0	0	0
1019	L	0	0	0	0	0	0	0
1020	K	0	0	0	0	0	0	0
1021	R	0	0	0	0	0	0	0
1022	A	0	0	0	0	0	0	0
1023	I	0	0	0	0	0	0	0
1024	C	0	0	0	0	0	0	0
1025	G	0	0	0	0	0	0	0
1026	F	0	0	0	0	0	0	0
1027	D	0	0	0	0	0	0	0
1028	A	0	0	0	0	0	0	0
1029	L	0	0	0	0	0	0	0
1030	A	0	0	0	0	0	0	0
1031	V	0	0	0	0	0	0	0
1032	A	0	0	0	0	0	0	0
1033	T	0	0	0	0	0	0	0
1034	Q	0	0	0	0	0	0	0
1035	H	0	0	0	0	0	0	0
1036	F	0	0	0	0	0	0	0
1037	F	0	0	0	0	0	0	0
1038	R	0	0	0	0	0	0	0
1039	K	0	0	0	0	0	0	0
1040	N	0	0	0	0	0	0	0
1041	E	0	0	0	0	0	0	0
1042	S	0	0	0	0	0	0	0
1043	A	0	0	0	0	0	0	0
1044	L	0	0	0	0	0	0	0
1045	V	0	0	0	0	0	0	0
1046	K	0	0	0	0	0	0	0
1047	E	0	0	0	0	0	0	0
1048	K	0	0	0	0	0	0	0
1049	E	0	0	0	0	0	0	0
1050	L	0	0	0	0	0	0	0
1051	S	0	0	0	0	0	0	0
1052	I	0	0	0	0	0	0	0
1053	E	0	0	0	0	0	0	0
1054	L	0	0	0	0	0	0	0
1055	A	0	0	0	0	0	0	0
1056	N	0	0	0	0	0	0	0
1057	I	0	0	0	0	0	0	0
1058	R	0	0	0	0	0	0	0
1059	D	0	0	0	0	0	0	0
1060	E	0	0	0	0	0	0	0
1061	V	0	0	0	0	0	0	0
1062	A	0	0	0	0	0	0	0
1063	F	0	0	0	0	0	0	0
1064	H	0	0	0	0	0	0	0
1065	T	0	0	0	0	0	0	0
1066	A	0	0	0	0	0	0	0
1067	K	0	0	0	0	0	0	0
1068	C	0	0	0	0	0	0	0
1069	E	0	0	0	0	0	0	0
1070	K	0	0	0	0	0	0	0
1071	L	0	0	0	0	0	0	0
1072	Q	0	0	0	0	0	0	0
1073	K	0	0	0	0	0	0	0
1074	E	0	0	0	0	0	0	0
1075	K	N6-methyllysine	CEKLQKEKEELERRF	HHHHHHHHHHHHHHH	0	0	0	0
1076	E	0	0	0	0	0	0	0
1077	E	0	0	0	0	0	0	0
1078	L	0	0	0	0	0	0	0
1079	E	0	0	0	0	0	0	0
1080	R	0	0	0	0	0	0	0
1081	R	0	0	0	0	0	0	0
1082	F	0	0	0	0	0	0	0
1083	E	0	0	0	0	0	0	0
1084	D	0	0	0	0	0	0	0
1085	E	0	0	0	0	0	0	0
1086	V	0	0	0	0	0	0	0
1087	K	0	0	0	0	0	0	0
1088	R	0	0	0	0	0	0	0
1089	L	0	0	0	0	0	0	0
1090	G	0	0	0	0	0	0	0
1091	W	0	0	0	0	0	0	0
1092	Q	0	0	0	0	0	0	0
1093	Q	0	0	0	0	0	0	0
1094	Q	0	0	0	0	0	0	0
1095	A	0	0	0	0	0	0	0
1096	E	0	0	0	0	0	0	0
1097	L	0	0	0	0	0	0	0
1098	Q	0	0	0	0	0	0	0
1099	E	0	0	0	0	0	0	0
1100	L	0	0	0	0	0	0	0
1101	E	0	0	0	0	0	0	0
1102	E	0	0	0	0	0	0	0
1103	R	0	0	0	0	0	0	0
1104	L	0	0	0	0	0	0	0
1105	Q	0	0	0	0	0	0	0
1106	L	0	0	0	0	0	0	0
1107	Q	0	0	0	0	0	0	0
1108	F	0	0	0	0	0	0	0
1109	E	0	0	0	0	0	0	0
1110	A	0	0	0	0	0	0	0
1111	E	0	0	0	0	0	0	0
1112	M	0	0	0	0	0	0	0
1113	A	0	0	0	0	0	0	0
1114	R	0	0	0	0	0	0	0
1115	L	0	0	0	0	0	0	0
1116	Q	0	0	0	0	0	0	0
1117	E	0	0	0	0	0	0	0
1118	E	0	0	0	0	0	0	0
1119	H	0	0	0	0	0	0	0
1120	G	0	0	0	0	0	0	0
1121	D	0	0	0	0	0	0	0
1122	Q	0	0	0	0	0	0	0
1123	L	0	0	0	0	0	0	0
1124	L	0	0	0	0	0	0	0
1125	S	0	0	0	0	0	0	0
1126	I	0	0	0	0	0	0	0
1127	R	0	0	0	0	0	0	0
1128	C	0	0	0	0	0	0	0
1129	Q	0	0	0	0	0	0	0
1130	H	0	0	0	0	0	0	0
1131	Q	0	0	0	0	0	0	0
1132	E	0	0	0	0	0	0	0
1133	Q	0	0	0	0	0	0	0
1134	V	0	0	0	0	0	0	0
1135	E	0	0	0	0	0	0	0
1136	D	0	0	0	0	0	0	0
1137	L	0	0	0	0	0	0	0
1138	T	0	0	0	0	0	0	0
1139	A	0	0	0	0	0	0	0
1140	S	0	0	0	0	0	0	0
1141	H	0	0	0	0	0	0	0
1142	D	0	0	0	0	0	0	0
1143	A	0	0	0	0	0	0	0
1144	A	0	0	0	0	0	0	0
1145	L	0	0	0	0	0	0	0
1146	L	0	0	0	0	0	0	0
1147	E	0	0	0	0	0	0	0
1148	M	0	0	0	0	0	0	0
1149	E	0	0	0	0	0	0	0
1150	N	0	0	0	0	0	0	0
1151	N	0	0	0	0	0	0	0
1152	H	0	0	0	0	0	0	0
1153	T	0	0	0	0	0	0	0
1154	V	0	0	0	0	0	0	0
1155	A	0	0	0	0	0	0	0
1156	I	0	0	0	0	0	0	0
1157	T	0	0	0	0	0	0	0
1158	I	0	0	0	0	0	0	0
1159	L	0	0	0	0	0	0	0
1160	Q	0	0	0	0	0	0	0
1161	D	0	0	0	0	0	0	0
1162	D	0	0	0	0	0	0	0
1163	H	0	0	0	0	0	0	0
1164	D	0	0	0	0	0	0	0
1165	H	0	0	0	0	0	0	0
1166	K	0	0	0	0	0	0	0
1167	V	0	0	0	0	0	0	0
1168	Q	0	0	0	0	0	0	0
1169	E	0	0	0	0	0	0	0
1170	L	0	0	0	0	0	0	0
1171	M	0	0	0	0	0	0	0
1172	S	0	0	0	0	0	0	0
1173	T	0	0	0	0	0	0	0
1174	H	0	0	0	0	0	0	0
1175	E	0	0	0	0	0	0	0
1176	L	0	0	0	0	0	0	0
1177	E	0	0	0	0	0	0	0
1178	K	0	0	0	0	0	0	0
1179	K	0	0	0	0	0	0	0
1180	E	0	0	0	0	0	0	0
1181	L	0	0	0	0	0	0	0
1182	E	0	0	0	0	0	0	0
1183	E	0	0	0	0	0	0	0
1184	N	0	0	0	0	0	0	0
1185	F	0	0	0	0	0	0	0
1186	E	0	0	0	0	0	0	0
1187	K	0	0	0	0	0	0	0
1188	L	0	0	0	0	0	0	0
1189	R	0	0	0	0	0	0	0
1190	L	0	0	0	0	0	0	0
1191	S	0	0	0	0	0	0	0
1192	L	0	0	0	0	0	0	0
1193	Q	0	0	0	0	0	0	0
1194	D	0	0	0	0	0	0	0
1195	Q	0	0	0	0	0	0	0
1196	V	0	0	0	0	0	0	0
1197	D	0	0	0	0	0	0	0
1198	T	0	0	0	0	0	0	0
1199	L	0	0	0	0	0	0	0
1200	T	0	0	0	0	0	0	0
1201	F	0	0	0	0	0	0	0
1202	Q	0	0	0	0	0	0	0
1203	S	0	0	0	0	0	0	0
1204	Q	0	0	0	0	0	0	0
1205	S	0	0	0	0	0	0	0
1206	L	0	0	0	0	0	0	0
1207	R	0	0	0	0	0	0	0
1208	D	0	0	0	0	0	0	0
1209	R	0	0	0	0	0	0	0
1210	A	0	0	0	0	0	0	0
1211	R	0	0	0	0	0	0	0
1212	R	0	0	0	0	0	0	0
1213	F	0	0	0	0	0	0	0
1214	E	0	0	0	0	0	0	0
1215	E	0	0	0	0	0	0	0
1216	A	0	0	0	0	0	0	0
1217	L	0	0	0	0	0	0	0
1218	R	0	0	0	0	0	0	0
1219	K	0	0	0	0	0	0	0
1220	N	0	0	0	0	0	0	0
1221	T	0	0	0	0	0	0	0
1222	E	0	0	0	0	0	0	0
1223	E	0	0	0	0	0	0	0
1224	Q	0	0	0	0	0	0	0
1225	L	0	0	0	0	0	0	0
1226	E	0	0	0	0	0	0	0
1227	I	0	0	0	0	0	0	0
1228	A	0	0	0	0	0	0	0
1229	L	0	0	0	0	0	0	0
1230	A	0	0	0	0	0	0	0
1231	P	0	0	0	0	0	0	0
1232	Y	0	0	0	0	0	0	0
1233	Q	0	0	0	0	0	0	0
1234	H	0	0	0	0	0	0	0
1235	L	0	0	0	0	0	0	0
1236	E	0	0	0	0	0	0	0
1237	E	0	0	0	0	0	0	0
1238	D	0	0	0	0	0	0	0
1239	M	0	0	0	0	0	0	0
1240	K	0	0	0	0	0	0	0
1241	S	0	0	0	0	0	0	0
1242	L	0	0	0	0	0	0	0
1243	K	0	0	0	0	0	0	0
1244	Q	0	0	0	0	0	0	0
1245	V	0	0	0	0	0	0	0
1246	L	0	0	0	0	0	0	0
1247	E	0	0	0	0	0	0	0
1248	M	0	0	0	0	0	0	0
1249	K	0	0	0	0	0	0	0
1250	N	0	0	0	0	0	0	0
1251	Q	0	0	0	0	0	0	0
1252	Q	0	0	0	0	0	0	0
1253	I	0	0	0	0	0	0	0
1254	H	0	0	0	0	0	0	0
1255	E	0	0	0	0	0	0	0
1256	Q	0	0	0	0	0	0	0
1257	E	0	0	0	0	0	0	0
1258	K	0	0	0	0	0	0	0
1259	K	0	0	0	0	0	0	0
1260	I	0	0	0	0	0	0	0
1261	L	0	0	0	0	0	0	0
1262	E	0	0	0	0	0	0	0
1263	L	0	0	0	0	0	0	0
1264	E	0	0	0	0	0	0	0
1265	K	0	0	0	0	0	0	0
1266	L	0	0	0	0	0	0	0
1267	A	0	0	0	0	0	0	0
1268	E	0	0	0	0	0	0	0
1269	K	0	0	0	0	0	0	0
1270	N	0	0	0	0	0	0	0
1271	I	0	0	0	0	0	0	0
1272	I	0	0	0	0	0	0	0
1273	L	0	0	0	0	0	0	0
1274	E	0	0	0	0	0	0	0
1275	E	0	0	0	0	0	0	0
1276	K	0	0	0	0	0	0	0
1277	I	0	0	0	0	0	0	0
1278	Q	0	0	0	0	0	0	0
1279	V	0	0	0	0	0	0	0
1280	L	0	0	0	0	0	0	0
1281	Q	0	0	0	0	0	0	0
1282	Q	0	0	0	0	0	0	0
1283	Q	0	0	0	0	0	0	0
1284	N	0	0	0	0	0	0	0
1285	E	0	0	0	0	0	0	0
1286	D	0	0	0	0	0	0	0
1287	L	0	0	0	0	0	0	0
1288	K	0	0	0	0	0	0	0
1289	A	0	0	0	0	0	0	0
1290	R	0	0	0	0	0	0	0
1291	I	0	0	0	0	0	0	0
1292	D	0	0	0	0	0	0	0
1293	Q	0	0	0	0	0	0	0
1294	N	0	0	0	0	0	0	0
1295	T	0	0	0	0	0	0	0
1296	V	0	0	0	0	0	0	0
1297	V	0	0	0	0	0	0	0
1298	T	0	0	0	0	0	0	0
1299	R	0	0	0	0	0	0	0
1300	Q	0	0	0	0	0	0	0
1301	L	0	0	0	0	0	0	0
1302	S	0	0	0	0	0	0	0
1303	E	0	0	0	0	0	0	0
1304	E	0	0	0	0	0	0	0
1305	N	0	0	0	0	0	0	0
1306	A	0	0	0	0	0	0	0
1307	N	0	0	0	0	0	0	0
1308	L	0	0	0	0	0	0	0
1309	Q	0	0	0	0	0	0	0
1310	E	0	0	0	0	0	0	0
1311	Y	0	0	0	0	0	0	0
1312	V	0	0	0	0	0	0	0
1313	E	0	0	0	0	0	0	0
1314	K	0	0	0	0	0	0	0
1315	E	0	0	0	0	0	0	0
1316	T	0	0	0	0	0	0	0
1317	Q	0	0	0	0	0	0	0
1318	E	0	0	0	0	0	0	0
1319	K	0	0	0	0	0	0	0
1320	K	0	0	0	0	0	0	0
1321	R	0	0	0	0	0	0	0
1322	L	0	0	0	0	0	0	0
1323	S	0	0	0	0	0	0	0
1324	R	0	0	0	0	0	0	0
1325	T	0	0	0	0	0	0	0
1326	N	0	0	0	0	0	0	0
1327	E	0	0	0	0	0	0	0
1328	E	0	0	0	0	0	0	0
1329	L	0	0	0	0	0	0	0
1330	L	0	0	0	0	0	0	0
1331	W	0	0	0	0	0	0	0
1332	K	0	0	0	0	0	0	0
1333	L	0	0	0	0	0	0	0
1334	Q	0	0	0	0	0	0	0
1335	T	0	0	0	0	0	0	0
1336	G	0	0	0	0	0	0	0
1337	D	0	0	0	0	0	0	0
1338	P	0	0	0	0	0	0	0
1339	T	0	0	0	0	0	0	0
1340	S	Phosphoserine	LQTGDPTSPIKLSPT	HHHCCCCCCCEECCC	0	0	0	0
1341	P	0	0	0	0	0	0	0
1342	I	0	0	0	0	0	0	0
1343	K	0	0	0	0	0	0	0
1344	L	0	0	0	0	0	0	0
1345	S	Phosphoserine	PTSPIKLSPTSPVYR	CCCCCEECCCCCCCC	0	0	0	0
1346	P	0	0	0	0	0	0	0
1347	T	Phosphothreonine	SPIKLSPTSPVYRGS	CCCEECCCCCCCCCC	0	0	0	0
1348	S	Phosphoserine	PIKLSPTSPVYRGSS	CCEECCCCCCCCCCC	0	0	0	0
1349	P	0	0	0	0	0	0	0
1350	V	0	0	0	0	0	0	0
1351	Y	Phosphotyrosine	LSPTSPVYRGSSSGP	ECCCCCCCCCCCCCC	0	0	0	0
1352	R	0	0	0	0	0	0	0
1353	G	0	0	0	0	0	0	0
1354	S	0	0	0	0	0	0	0
1355	S	0	0	0	0	0	0	0
1356	S	0	0	0	0	0	0	0
1357	G	0	0	0	0	0	0	0
1358	P	0	0	0	0	0	0	0
1359	S	0	0	0	0	0	0	0
1360	S	Phosphoserine	GSSSGPSSPARVSTT	CCCCCCCCCCCCCCC	0	0	0	0
1361	P	0	0	0	0	0	0	0
1362	A	0	0	0	0	0	0	0
1363	R	0	0	0	0	0	0	0
1364	V	0	0	0	0	0	0	0
1365	S	0	0	0	0	0	0	0
1366	T	0	0	0	0	0	0	0
1367	T	Phosphothreonine	SPARVSTTPR-----	CCCCCCCCCC-----	0	0	0	0
1368	P	0	0	0	0	0	0	0
1369	R	0	0	0	0	0	0	0
