location	residue	Modification	seq	secStruc	RelatedDisease	VariantPosition	ResidueChange	DaPSbySAP
1	M	0	0	0	0	0	0	0
2	L	0	0	0	0	0	0	0
3	K	0	0	0	0	0	0	0
4	F	0	0	0	0	0	0	0
5	Q	0	0	0	0	0	0	0
6	E	0	0	0	0	0	0	0
7	A	0	0	0	0	0	0	0
8	A	0	0	0	0	0	0	0
9	K	0	0	0	0	0	0	0
10	C	0	0	0	0	0	0	0
11	V	0	0	0	0	0	0	0
12	S	0	0	0	0	0	0	0
13	G	0	0	0	0	0	0	0
14	S	0	0	0	0	0	0	0
15	T	0	0	0	0	0	0	0
16	A	0	0	0	0	0	0	0
17	I	0	0	0	0	0	0	0
18	S	0	0	0	0	0	0	0
19	T	0	0	0	0	0	0	0
20	Y	0	0	0	0	0	0	0
21	P	0	0	0	0	0	0	0
22	K	0	0	0	0	0	0	0
23	T	0	0	0	0	0	0	0
24	L	0	0	0	0	0	0	0
25	I	0	0	0	0	0	0	0
26	A	0	0	0	0	0	0	0
27	R	0	0	0	0	0	0	0
28	R	0	0	0	0	0	0	0
29	Y	0	0	0	0	0	0	0
30	V	0	0	0	0	0	0	0
31	L	0	0	0	0	0	0	0
32	Q	0	0	0	0	0	0	0
33	Q	0	0	0	0	0	0	0
34	K	0	0	0	0	0	0	0
35	L	0	0	0	0	0	0	0
36	G	0	0	0	0	0	0	0
37	S	0	0	0	0	0	0	0
38	G	0	0	0	0	0	0	0
39	S	0	0	0	0	0	0	0
40	F	0	0	0	0	0	0	0
41	G	0	0	0	0	0	0	0
42	T	0	0	0	0	0	0	0
43	V	0	0	0	0	0	0	0
44	Y	Phosphotyrosine	SGSFGTVYLVSDKKA	CCCCCEEEEECCCCC	0	0	0	0
45	L	0	0	0	0	0	0	0
46	V	0	0	0	0	0	0	0
47	S	Phosphoserine	FGTVYLVSDKKAKRG	CCEEEEECCCCCCCC	0	0	0	0
48	D	0	0	0	0	0	0	0
49	K	0	0	0	0	0	0	0
50	K	0	0	0	0	0	0	0
51	A	0	0	0	0	0	0	0
52	K	0	0	0	0	0	0	0
53	R	0	0	0	0	0	0	0
54	G	0	0	0	0	0	0	0
55	E	0	0	0	0	0	0	0
56	E	0	0	0	0	0	0	0
57	L	0	0	0	0	0	0	0
58	K	0	0	0	0	0	0	0
59	V	0	0	0	0	0	0	0
60	L	0	0	0	0	0	0	0
61	K	0	0	0	0	0	0	0
62	E	0	0	0	0	0	0	0
63	I	0	0	0	0	0	0	0
64	S	0	0	0	0	0	0	0
65	V	0	0	0	0	0	0	0
66	G	0	0	0	0	0	0	0
67	E	0	0	0	0	0	0	0
68	L	0	0	0	0	0	0	0
69	N	0	0	0	0	0	0	0
70	P	0	0	0	0	0	0	0
71	N	0	0	0	0	0	0	0
72	E	0	0	0	0	0	0	0
73	T	0	0	0	0	0	0	0
74	V	0	0	0	0	0	0	0
75	Q	0	0	0	0	0	0	0
76	A	0	0	0	0	0	0	0
77	N	0	0	0	0	0	0	0
78	L	0	0	0	0	0	0	0
79	E	0	0	0	0	0	0	0
80	A	0	0	0	0	0	0	0
81	Q	0	0	0	0	0	0	0
82	L	0	0	0	0	0	0	0
83	L	0	0	0	0	0	0	0
84	S	0	0	0	0	0	0	0
85	K	0	0	0	0	0	0	0
86	L	0	0	0	0	0	0	0
87	D	0	0	0	0	0	0	0
88	H	0	0	0	0	0	0	0
89	P	0	0	0	0	0	0	0
90	A	0	0	0	0	0	0	0
91	I	0	0	0	0	0	0	0
92	V	0	0	0	0	0	0	0
93	K	0	0	0	0	0	0	0
94	F	0	0	0	0	0	0	0
95	H	0	0	0	0	0	0	0
96	A	0	0	0	0	0	0	0
97	S	0	0	0	0	0	0	0
98	F	0	0	0	0	0	0	0
99	V	0	0	0	0	0	0	0
100	E	0	0	0	0	0	0	0
101	Q	0	0	0	0	0	0	0
102	D	0	0	0	0	0	0	0
103	N	0	0	0	0	0	0	0
104	F	0	0	0	0	0	0	0
105	C	0	0	0	0	0	0	0
106	I	0	0	0	0	0	0	0
107	I	0	0	0	0	0	0	0
108	T	0	0	0	0	0	0	0
109	E	0	0	0	0	0	0	0
110	Y	0	0	0	0	0	0	0
111	C	0	0	0	0	0	0	0
112	E	0	0	0	0	0	0	0
113	G	0	0	0	0	0	0	0
114	R	0	0	0	0	0	0	0
115	D	0	0	0	0	0	0	0
116	L	0	0	0	0	0	0	0
117	D	0	0	0	0	0	0	0
118	D	0	0	0	0	0	0	0
119	K	0	0	0	0	0	0	0
120	I	0	0	0	0	0	0	0
121	Q	0	0	0	0	0	0	0
122	E	0	0	0	0	0	0	0
123	Y	0	0	0	0	0	0	0
124	K	0	0	0	0	0	0	0
125	Q	0	0	0	0	0	0	0
126	A	0	0	0	0	0	0	0
127	G	0	0	0	0	0	0	0
128	K	0	0	0	0	0	0	0
129	I	0	0	0	0	0	0	0
130	F	0	0	0	0	0	0	0
131	P	0	0	0	0	0	0	0
132	E	0	0	0	0	0	0	0
133	N	0	0	0	0	0	0	0
134	Q	0	0	0	0	0	0	0
135	I	0	0	0	0	0	0	0
136	I	0	0	0	0	0	0	0
137	E	0	0	0	0	0	0	0
138	W	0	0	0	0	0	0	0
139	F	0	0	0	0	0	0	0
140	I	0	0	0	0	0	0	0
141	Q	0	0	0	0	0	0	0
142	L	0	0	0	0	0	0	0
143	L	0	0	0	0	0	0	0
144	L	0	0	0	0	0	0	0
145	G	0	0	0	0	0	0	0
146	V	0	0	0	0	0	0	0
147	D	0	0	0	0	0	0	0
148	Y	0	0	0	0	0	0	0
149	M	0	0	0	0	0	0	0
150	H	0	0	0	0	0	0	0
151	E	0	0	0	0	0	0	0
152	R	0	0	0	0	0	0	0
153	R	0	0	0	0	0	0	0
154	I	0	0	0	0	0	0	0
155	L	0	0	0	0	0	0	0
156	H	0	0	0	0	0	0	0
157	R	0	0	0	0	0	0	0
158	D	0	0	0	0	0	0	0
159	L	0	0	0	0	0	0	0
160	K	0	0	0	0	0	0	0
161	S	0	0	0	0	0	0	0
162	K	0	0	0	0	0	0	0
163	N	0	0	0	0	0	0	0
164	V	0	0	0	0	0	0	0
165	F	0	0	0	0	0	0	0
166	L	0	0	0	0	0	0	0
167	K	0	0	0	0	0	0	0
168	N	0	0	0	0	0	0	0
169	N	0	0	0	0	0	0	0
170	L	0	0	0	0	0	0	0
171	L	0	0	0	0	0	0	0
172	K	0	0	0	0	0	0	0
173	I	0	0	0	0	0	0	0
174	G	0	0	0	0	0	0	0
175	D	0	0	0	0	0	0	0
176	F	0	0	0	0	0	0	0
177	G	0	0	0	0	0	0	0
178	V	0	0	0	0	0	0	0
179	S	0	0	0	0	0	0	0
180	R	0	0	0	0	0	0	0
181	L	0	0	0	0	0	0	0
182	L	0	0	0	0	0	0	0
183	M	0	0	0	0	0	0	0
184	G	0	0	0	0	0	0	0
185	S	0	0	0	0	0	0	0
186	C	0	0	0	0	0	0	0
187	D	0	0	0	0	0	0	0
188	L	0	0	0	0	0	0	0
189	A	0	0	0	0	0	0	0
190	T	0	0	0	0	0	0	0
191	T	0	0	0	0	0	0	0
192	L	0	0	0	0	0	0	0
193	T	0	0	0	0	0	0	0
194	G	0	0	0	0	0	0	0
195	T	0	0	0	0	0	0	0
196	P	0	0	0	0	0	0	0
197	H	0	0	0	0	0	0	0
198	Y	0	0	0	0	0	0	0
199	M	0	0	0	0	0	0	0
200	S	0	0	0	0	0	0	0
201	P	0	0	0	0	0	0	0
202	E	0	0	0	0	0	0	0
203	A	0	0	0	0	0	0	0
204	L	0	0	0	0	0	0	0
205	K	0	0	0	0	0	0	0
206	H	0	0	0	0	0	0	0
207	Q	0	0	0	0	0	0	0
208	G	0	0	0	0	0	0	0
209	Y	0	0	0	0	0	0	0
210	D	0	0	0	0	0	0	0
211	T	0	0	0	0	0	0	0
212	K	0	0	0	0	0	0	0
213	S	0	0	0	0	0	0	0
214	D	0	0	0	0	0	0	0
215	I	0	0	0	0	0	0	0
216	W	0	0	0	0	0	0	0
217	S	0	0	0	0	0	0	0
218	L	0	0	0	0	0	0	0
219	A	0	0	0	0	0	0	0
220	C	0	0	0	0	0	0	0
221	I	0	0	0	0	0	0	0
222	L	0	0	0	0	0	0	0
223	Y	0	0	0	0	0	0	0
224	E	0	0	0	0	0	0	0
225	M	0	0	0	0	0	0	0
226	C	0	0	0	0	0	0	0
227	C	0	0	0	0	0	0	0
228	M	0	0	0	0	0	0	0
229	N	0	0	0	0	0	0	0
230	H	0	0	0	0	0	0	0
231	A	0	0	0	0	0	0	0
232	F	0	0	0	0	0	0	0
233	A	0	0	0	0	0	0	0
234	G	0	0	0	0	0	0	0
235	S	0	0	0	0	0	0	0
236	N	0	0	0	0	0	0	0
237	F	0	0	0	0	0	0	0
238	L	0	0	0	0	0	0	0
239	S	0	0	0	0	0	0	0
240	I	0	0	0	0	0	0	0
241	V	0	0	0	0	0	0	0
242	L	0	0	0	0	0	0	0
243	K	0	0	0	0	0	0	0
244	I	0	0	0	0	0	0	0
245	V	0	0	0	0	0	0	0
246	E	0	0	0	0	0	0	0
247	G	0	0	0	0	0	0	0
248	D	0	0	0	0	0	0	0
249	T	0	0	0	0	0	0	0
250	P	0	0	0	0	0	0	0
251	S	0	0	0	0	0	0	0
252	L	0	0	0	0	0	0	0
253	P	0	0	0	0	0	0	0
254	E	0	0	0	0	0	0	0
255	R	0	0	0	0	0	0	0
256	Y	0	0	0	0	0	0	0
257	P	0	0	0	0	0	0	0
258	K	0	0	0	0	0	0	0
259	E	0	0	0	0	0	0	0
260	L	0	0	0	0	0	0	0
261	N	0	0	0	0	0	0	0
262	A	0	0	0	0	0	0	0
263	I	0	0	0	0	0	0	0
264	M	0	0	0	0	0	0	0
265	E	0	0	0	0	0	0	0
266	S	0	0	0	0	0	0	0
267	M	0	0	0	0	0	0	0
268	L	0	0	0	0	0	0	0
269	N	0	0	0	0	0	0	0
270	K	0	0	0	0	0	0	0
271	N	0	0	0	0	0	0	0
272	P	0	0	0	0	0	0	0
273	S	Phosphoserine	SMLNKNPSLRPSAIE	HHHCCCCCCCHHHHH	0	0	0	0
274	L	0	0	0	0	0	0	0
275	R	0	0	0	0	0	0	0
276	P	0	0	0	0	0	0	0
277	S	0	0	0	0	0	0	0
278	A	0	0	0	0	0	0	0
279	I	0	0	0	0	0	0	0
280	E	0	0	0	0	0	0	0
281	I	0	0	0	0	0	0	0
282	L	0	0	0	0	0	0	0
283	K	0	0	0	0	0	0	0
284	I	0	0	0	0	0	0	0
285	P	0	0	0	0	0	0	0
286	Y	0	0	0	0	0	0	0
287	L	0	0	0	0	0	0	0
288	D	0	0	0	0	0	0	0
289	E	0	0	0	0	0	0	0
290	Q	0	0	0	0	0	0	0
291	L	0	0	0	0	0	0	0
292	Q	0	0	0	0	0	0	0
293	N	0	0	0	0	0	0	0
294	L	0	0	0	0	0	0	0
295	M	0	0	0	0	0	0	0
296	C	0	0	0	0	0	0	0
297	R	0	0	0	0	0	0	0
298	Y	0	0	0	0	0	0	0
299	S	0	0	0	0	0	0	0
300	E	0	0	0	0	0	0	0
301	M	0	0	0	0	0	0	0
302	T	0	0	0	0	0	0	0
303	L	0	0	0	0	0	0	0
304	E	0	0	0	0	0	V	312
305	D	0	0	0	0	0	0	0
306	K	0	0	0	0	0	0	0
307	N	0	0	0	0	0	0	0
308	L	0	0	0	0	0	0	0
309	D	0	0	0	0	0	0	0
310	C	0	0	0	0	0	0	0
311	Q	0	0	0	0	0	0	0
312	K	N-acetyllysine	DKNLDCQKEAAHIIN	CCCCCHHHHHHHHHH	Carotid intima media thickness:carotid artery intima media thickness	304 (8)	0	0
313	E	0	0	0	0	0	0	0
314	A	0	0	0	0	0	0	0
315	A	0	0	0	0	0	0	0
316	H	0	0	0	0	0	0	0
317	I	0	0	0	0	0	0	0
318	I	0	0	0	0	0	0	0
319	N	0	0	0	0	0	0	0
320	A	0	0	0	0	0	0	0
321	M	0	0	0	0	0	0	0
322	Q	0	0	0	0	0	0	0
323	K	0	0	0	0	0	0	0
324	R	0	0	0	0	0	0	0
325	I	0	0	0	0	0	0	0
326	H	0	0	0	0	0	0	0
327	L	0	0	0	0	0	0	0
328	Q	0	0	0	0	0	0	0
329	T	0	0	0	0	0	0	0
330	L	0	0	0	0	0	0	0
331	R	0	0	0	0	0	0	0
332	A	0	0	0	0	0	0	0
333	L	0	0	0	0	0	0	0
334	S	0	0	0	0	0	0	0
335	E	0	0	0	0	0	0	0
336	V	0	0	0	0	0	0	0
337	Q	0	0	0	0	0	0	0
338	K	0	0	0	0	0	0	0
339	M	0	0	0	0	0	0	0
340	T	0	0	0	0	0	0	0
341	P	0	0	0	0	0	0	0
342	R	0	0	0	0	0	0	0
343	E	0	0	0	0	0	0	0
344	R	0	0	0	0	0	0	0
345	M	0	0	0	0	0	0	0
346	R	0	0	0	0	0	0	0
347	L	0	0	0	0	0	0	0
348	R	0	0	0	0	0	0	0
349	K	0	0	0	0	0	0	0
350	L	0	0	0	0	0	0	0
351	Q	0	0	0	0	0	0	0
352	A	0	0	0	0	0	0	0
353	A	0	0	0	0	0	0	0
354	D	0	0	0	0	0	0	0
355	E	0	0	0	0	0	0	0
356	K	0	0	0	0	0	0	0
357	A	0	0	0	0	0	0	0
358	R	0	0	0	0	0	0	0
359	K	0	0	0	0	0	0	0
360	L	0	0	0	0	0	0	0
361	K	0	0	0	0	0	0	0
362	K	0	0	0	0	0	0	0
363	I	0	0	0	0	0	0	0
364	V	0	0	0	0	0	0	0
365	E	0	0	0	0	0	0	0
366	E	0	0	0	0	0	0	0
367	K	0	0	0	0	0	0	0
368	Y	0	0	0	0	0	0	0
369	E	0	0	0	0	0	0	0
370	E	0	0	0	0	0	0	0
371	N	0	0	0	0	0	0	0
372	S	0	0	0	0	0	0	0
373	K	0	0	0	0	0	0	0
374	R	0	0	0	0	0	0	0
375	M	0	0	0	0	0	0	0
376	Q	0	0	0	0	0	0	0
377	E	0	0	0	0	0	0	0
378	L	0	0	0	0	0	0	0
379	R	0	0	0	0	0	0	0
380	S	0	0	0	0	0	0	0
381	R	0	0	0	0	0	0	0
382	N	0	0	0	0	0	0	0
383	F	0	0	0	0	0	0	0
384	Q	0	0	0	0	0	0	0
385	Q	0	0	0	0	0	0	0
386	L	0	0	0	0	0	0	0
387	S	0	0	0	0	0	0	0
388	V	0	0	0	0	0	0	0
389	D	0	0	0	0	0	0	0
390	V	0	0	0	0	0	0	0
391	L	0	0	0	0	0	0	0
392	H	0	0	0	0	0	0	0
393	E	0	0	0	0	0	0	0
394	K	0	0	0	0	0	0	0
395	T	0	0	0	0	0	0	0
396	H	0	0	0	0	0	0	0
397	L	0	0	0	0	0	0	0
398	K	0	0	0	0	0	0	0
399	G	0	0	0	0	0	0	0
400	M	0	0	0	0	0	0	0
401	E	0	0	0	0	0	0	0
402	E	0	0	0	0	0	0	0
403	K	0	0	0	0	0	0	0
404	E	0	0	0	0	0	0	0
405	E	0	0	0	0	0	0	0
406	Q	0	0	0	0	0	0	0
407	P	0	0	0	0	0	0	0
408	E	0	0	0	0	0	0	0
409	G	0	0	0	0	0	0	0
410	R	0	0	0	0	0	0	0
411	L	0	0	0	0	0	0	0
412	S	0	0	0	0	0	0	0
413	C	0	0	0	0	0	0	0
414	S	0	0	0	0	0	0	0
415	P	0	0	0	0	0	0	0
416	Q	0	0	0	0	0	0	0
417	D	0	0	0	0	0	0	0
418	E	0	0	0	0	0	0	0
419	D	0	0	0	0	0	0	0
420	E	0	0	0	0	0	0	0
421	E	0	0	0	0	0	0	0
422	R	0	0	0	0	0	0	0
423	W	0	0	0	0	0	0	0
424	Q	0	0	0	0	0	0	0
425	G	0	0	0	0	0	0	0
426	R	0	0	0	0	0	0	0
427	E	0	0	0	0	0	0	0
428	E	0	0	0	0	0	0	0
429	E	0	0	0	0	0	0	0
430	S	0	0	0	0	0	0	0
431	D	0	0	0	0	0	0	0
432	E	0	0	0	0	0	0	0
433	P	0	0	0	0	0	0	0
434	T	0	0	0	0	0	0	0
435	L	0	0	0	0	0	0	0
436	E	0	0	0	0	0	0	0
437	N	0	0	0	0	0	0	0
438	L	0	0	0	0	0	0	0
439	P	0	0	0	0	0	0	0
440	E	0	0	0	0	0	0	0
441	S	0	0	0	0	0	0	0
442	Q	0	0	0	0	0	0	0
443	P	0	0	0	0	0	0	0
444	I	0	0	0	0	0	0	0
445	P	0	0	0	0	0	0	0
446	S	0	0	0	0	0	0	0
447	M	0	0	0	0	0	0	0
448	D	0	0	0	0	0	0	0
449	L	0	0	0	0	0	0	0
450	H	0	0	0	0	0	0	0
451	E	0	0	0	0	0	0	0
452	L	0	0	0	0	0	0	0
453	E	0	0	0	0	0	0	0
454	S	0	0	0	0	0	0	0
455	I	0	0	0	0	0	0	0
456	V	0	0	0	0	0	0	0
457	E	0	0	0	0	0	0	0
458	D	0	0	0	0	0	0	0
459	A	0	0	0	0	0	0	0
460	T	0	0	0	0	0	0	0
461	S	0	0	0	0	0	0	0
462	D	0	0	0	0	0	0	0
463	L	0	0	0	0	0	0	0
464	G	0	0	0	0	0	0	0
465	Y	0	0	0	0	0	0	0
466	H	0	0	0	0	0	0	0
467	E	0	0	0	0	0	0	0
468	I	0	0	0	0	0	0	0
469	P	0	0	0	0	0	0	0
470	E	0	0	0	0	0	0	0
471	D	0	0	0	0	0	0	0
472	P	0	0	0	0	0	0	0
473	L	0	0	0	0	0	0	0
474	V	0	0	0	0	0	0	0
475	A	0	0	0	0	0	0	0
476	E	0	0	0	0	0	0	0
477	E	0	0	0	0	0	0	0
478	Y	0	0	0	0	0	0	0
479	Y	0	0	0	0	0	0	0
480	A	0	0	0	0	0	0	0
481	D	0	0	0	0	0	0	0
482	A	0	0	0	0	0	0	0
483	F	0	0	0	0	0	0	0
484	D	0	0	0	0	0	0	0
485	S	0	0	0	0	0	0	0
486	Y	0	0	0	0	0	0	0
487	C	0	0	0	0	0	0	0
488	E	0	0	0	0	0	0	0
489	E	0	0	0	0	0	0	0
490	S	0	0	0	0	0	0	0
491	D	0	0	0	0	0	0	0
492	E	0	0	0	0	0	0	0
493	E	0	0	0	0	0	0	0
494	E	0	0	0	0	0	0	0
495	E	0	0	0	0	0	0	0
496	E	0	0	0	0	0	0	0
497	I	0	0	0	0	0	0	0
498	A	0	0	0	0	0	0	0
499	L	0	0	0	0	0	0	0
500	E	0	0	0	0	0	0	0
501	R	0	0	0	0	0	0	0
502	P	0	0	0	0	0	0	0
503	E	0	0	0	0	0	0	0
504	K	0	0	0	0	0	0	0
505	E	0	0	0	0	0	0	0
506	I	0	0	0	0	0	0	0
507	R	0	0	0	0	0	0	0
508	N	0	0	0	0	0	0	0
509	E	0	0	0	0	0	0	0
510	G	0	0	0	0	0	0	0
511	S	0	0	0	0	0	0	0
512	Q	0	0	0	0	0	0	0
513	P	0	0	0	0	0	0	0
514	A	0	0	0	0	0	0	0
515	Y	0	0	0	0	0	0	0
516	R	0	0	0	0	0	0	0
517	T	0	0	0	0	0	0	0
518	N	0	0	0	0	0	0	0
519	Q	0	0	0	0	0	0	0
520	Q	0	0	0	0	0	0	0
521	D	0	0	0	0	0	0	0
522	S	0	0	0	0	0	0	0
523	D	0	0	0	0	0	0	0
524	I	0	0	0	0	0	0	0
525	E	0	0	0	0	0	0	0
526	A	0	0	0	0	0	0	0
527	L	0	0	0	0	0	0	0
528	A	0	0	0	0	0	0	0
529	R	0	0	0	0	0	0	0
530	C	0	0	0	0	0	0	0
531	L	0	0	0	0	0	0	0
532	E	0	0	0	0	0	0	0
533	N	0	0	0	0	0	0	0
534	V	0	0	0	0	0	0	0
535	L	0	0	0	0	0	0	0
536	G	0	0	0	0	0	0	0
537	C	0	0	0	0	0	0	0
538	T	0	0	0	0	0	0	0
539	S	0	0	0	0	0	0	0
540	L	0	0	0	0	0	0	0
541	D	0	0	0	0	0	0	0
542	T	0	0	0	0	0	0	0
543	K	0	0	0	0	0	0	0
544	T	0	0	0	0	0	0	0
545	I	0	0	0	0	0	0	0
546	T	0	0	0	0	0	0	0
547	T	0	0	0	0	0	0	0
548	M	0	0	0	0	0	0	0
549	A	0	0	0	0	0	0	0
550	E	0	0	0	0	0	0	0
551	D	0	0	0	0	0	0	0
552	M	0	0	0	0	0	0	0
553	S	0	0	0	0	0	0	0
554	P	0	0	0	0	0	0	0
555	G	0	0	0	0	0	0	0
556	P	0	0	0	0	0	0	0
557	P	0	0	0	0	0	0	0
558	I	0	0	0	0	0	0	0
559	F	0	0	0	0	0	0	0
560	N	0	0	0	0	0	0	0
561	S	0	0	0	0	0	0	0
562	V	0	0	0	0	0	0	0
563	M	0	0	0	0	0	0	0
564	A	0	0	0	0	0	0	0
565	R	0	0	0	0	0	0	0
566	T	0	0	0	0	0	0	0
567	K	0	0	0	0	0	0	0
568	M	0	0	0	0	0	0	0
569	K	0	0	0	0	0	0	0
570	R	0	0	0	0	0	0	0
571	M	0	0	0	0	0	0	0
572	R	0	0	0	0	0	0	0
573	E	0	0	0	0	0	0	0
574	S	0	0	0	0	0	0	0
575	A	0	0	0	0	0	0	0
576	M	0	0	0	0	0	0	0
577	Q	0	0	0	0	0	0	0
578	K	0	0	0	0	0	0	0
579	L	0	0	0	0	0	0	0
580	G	0	0	0	0	0	0	0
581	T	0	0	0	0	0	0	0
582	E	0	0	0	0	0	0	0
583	V	0	0	0	0	0	0	0
584	F	0	0	0	0	0	0	0
585	E	0	0	0	0	0	0	0
586	E	0	0	0	0	0	0	0
587	V	0	0	0	0	0	0	0
588	Y	0	0	0	0	0	0	0
589	N	0	0	0	0	0	0	0
590	Y	0	0	0	0	0	0	0
591	L	0	0	0	0	0	0	0
592	K	0	0	0	0	0	0	0
593	R	0	0	0	0	0	0	0
594	A	0	0	0	0	0	0	0
595	R	0	0	0	0	0	0	0
596	H	0	0	0	0	0	0	0
597	Q	0	0	0	0	0	0	0
598	N	0	0	0	0	0	0	0
599	A	0	0	0	0	0	0	0
600	S	0	0	0	0	0	0	0
601	E	0	0	0	0	0	0	0
602	A	0	0	0	0	0	0	0
603	E	0	0	0	0	0	0	0
604	I	0	0	0	0	0	0	0
605	R	0	0	0	0	0	0	0
606	E	0	0	0	0	0	0	0
607	C	0	0	0	0	0	0	0
608	L	0	0	0	0	0	0	0
609	E	0	0	0	0	0	0	0
610	K	0	0	0	0	0	0	0
611	V	0	0	0	0	0	0	0
612	V	0	0	0	0	0	0	0
613	P	0	0	0	0	0	0	0
614	Q	0	0	0	0	0	0	0
615	A	0	0	0	0	0	0	0
616	S	0	0	0	0	0	0	0
617	D	0	0	0	0	0	0	0
618	C	0	0	0	0	0	0	0
619	F	0	0	0	0	0	0	0
620	E	0	0	0	0	0	0	0
621	V	0	0	0	0	0	0	0
622	D	0	0	0	0	0	0	0
623	Q	0	0	0	0	0	0	0
624	L	0	0	0	0	0	0	0
625	L	0	0	0	0	0	0	0
626	Y	0	0	0	0	0	0	0
627	F	0	0	0	0	0	0	0
628	E	0	0	0	0	0	0	0
629	E	0	0	0	0	0	0	0
630	Q	0	0	0	0	0	0	0
631	L	0	0	0	0	0	0	0
632	L	0	0	0	0	0	0	0
633	I	0	0	0	0	0	0	0
634	T	0	0	0	0	0	0	0
635	M	0	0	0	0	0	0	0
636	G	0	0	0	0	0	0	0
637	K	0	0	0	0	0	0	0
638	E	0	0	0	0	0	0	0
639	P	0	0	0	0	0	0	0
640	T	0	0	0	0	0	0	0
641	L	0	0	0	0	0	0	0
642	Q	0	0	0	0	0	0	0
643	N	0	0	0	0	0	0	0
644	H	0	0	0	0	0	0	0
645	L	0	0	0	0	0	0	0
