location	residue	Modification	seq	secStruc	RelatedDisease	VariantPosition	ResidueChange	DaPSbySAP
1	M	0	0	0	0	0	0	0
2	S	0	0	0	0	0	0	0
3	M	0	0	0	0	0	0	0
4	L	0	0	0	0	0	0	0
5	F	0	0	0	0	0	0	0
6	Y	0	0	0	0	0	0	0
7	T	0	0	0	0	0	0	0
8	L	0	0	0	0	0	0	0
9	I	0	0	0	0	0	0	0
10	T	0	0	0	0	0	0	0
11	A	0	0	0	0	0	0	0
12	F	0	0	0	0	0	0	0
13	L	0	0	0	0	0	0	0
14	I	0	0	0	0	0	0	0
15	G	0	0	0	0	0	0	0
16	I	0	0	0	0	0	0	0
17	Q	0	0	0	0	0	0	0
18	A	0	0	0	0	0	0	0
19	E	0	0	0	0	0	0	0
20	P	0	0	0	0	0	0	0
21	H	0	0	0	0	0	0	0
22	S	0	0	0	0	0	0	0
23	E	0	0	0	0	0	0	0
24	S	0	0	0	0	0	0	0
25	N	0	0	0	0	0	0	0
26	V	0	0	0	0	0	0	0
27	P	0	0	0	0	0	0	0
28	A	0	0	0	0	0	0	0
29	G	0	0	0	0	0	0	0
30	H	0	0	0	0	0	0	0
31	T	0	0	0	0	0	0	0
32	I	0	0	0	0	0	0	0
33	P	0	0	0	0	0	0	0
34	Q	0	0	0	0	0	0	0
35	A	0	0	0	0	0	0	0
36	H	0	0	0	0	0	0	0
37	W	0	0	0	0	0	0	0
38	T	0	0	0	0	0	0	0
39	K	0	0	0	0	0	0	0
40	L	0	0	0	0	0	0	0
41	Q	0	0	0	0	0	0	0
42	H	0	0	0	0	0	0	0
43	S	O-linked (GalNAc)	HWTKLQHSLDTALRR	HHHHHHHHHHHHHHH	0	0	0	0
44	L	0	0	0	0	0	0	0
45	D	0	0	0	0	0	0	0
46	T	O-linked (GalNAc)	KLQHSLDTALRRARS	HHHHHHHHHHHHHHH	0	0	0	0
47	A	0	0	0	0	0	0	0
48	L	0	0	0	0	0	0	0
49	R	0	0	0	0	0	0	0
50	R	0	0	0	0	0	0	0
51	A	0	0	0	0	0	0	0
52	R	0	0	0	0	0	0	0
53	S	0	0	0	0	0	0	0
54	A	0	0	0	0	0	0	0
55	P	0	0	0	0	0	0	0
56	A	0	0	0	0	0	0	0
57	A	0	0	0	0	0	0	0
58	A	0	0	0	0	0	0	0
59	I	0	0	0	0	0	0	0
60	A	0	0	0	0	0	0	0
61	A	0	0	0	0	0	0	0
62	R	0	0	0	0	0	0	0
63	V	0	0	0	0	0	0	0
64	A	0	0	0	0	0	0	0
65	G	0	0	0	0	0	0	0
66	Q	0	0	0	0	0	0	0
67	T	0	0	0	0	0	0	0
68	R	0	0	0	0	0	0	0
69	N	0	0	0	0	0	0	0
70	I	0	0	0	0	0	0	0
71	T	0	0	0	0	0	0	0
72	V	0	0	0	0	0	0	0
73	D	0	0	0	0	0	0	0
74	P	0	0	0	0	0	0	0
75	R	0	0	0	0	0	0	0
76	L	0	0	0	0	0	0	0
77	F	0	0	0	0	0	0	0
78	K	0	0	0	0	0	0	0
79	K	0	0	0	0	0	0	0
80	R	0	0	0	0	0	Q	84
81	R	0	0	0	0	0	0	0
82	L	0	0	0	0	0	0	0
83	R	0	0	0	0	0	0	0
84	S	Phosphoserine	FKKRRLRSPRVLFST	HHHCCCCCCCEEEEC	Diastolic blood pressure:diastolic blood pressure	80 (4)	0	0
85	P	0	0	0	0	0	0	0
86	R	0	0	0	0	0	0	0
87	V	0	0	0	0	0	0	0
88	L	0	0	0	0	0	0	0
89	F	0	0	0	0	0	0	0
90	S	0	0	0	0	0	0	0
91	T	0	0	0	0	0	0	0
92	Q	0	0	0	0	0	0	0
93	P	0	0	0	0	0	0	0
94	P	0	0	0	0	0	0	0
95	R	0	0	0	0	0	0	0
96	E	0	0	0	0	0	0	0
97	A	0	0	0	0	0	0	0
98	A	0	0	0	0	0	0	0
99	D	0	0	0	0	0	0	0
100	T	0	0	0	0	0	0	0
101	Q	0	0	0	0	0	0	0
102	D	0	0	0	0	0	0	0
103	L	0	0	0	0	0	0	0
104	D	0	0	0	0	0	0	0
105	F	0	0	0	0	0	0	0
106	E	0	0	0	0	0	0	0
107	V	0	0	0	0	0	0	0
108	G	0	0	0	0	0	0	0
109	G	0	0	0	0	0	0	0
110	A	0	0	0	0	0	0	0
111	A	0	0	0	0	0	0	0
112	P	0	0	0	0	0	0	0
113	F	0	0	0	0	0	0	0
114	N	0	0	0	0	0	0	0
115	R	0	0	0	0	0	0	0
116	T	0	0	0	0	0	0	0
117	H	0	0	0	0	0	0	0
118	R	0	0	0	0	0	0	0
119	S	0	0	0	0	0	0	0
120	K	0	0	0	0	0	0	0
121	R	0	0	0	0	0	0	0
122	S	0	0	0	0	0	0	0
123	S	0	0	0	0	0	0	0
124	S	0	0	0	0	0	0	0
125	H	0	0	0	0	0	0	0
126	P	0	0	0	0	0	0	0
127	I	0	0	0	0	0	0	0
128	F	0	0	0	0	0	0	0
129	H	0	0	0	0	0	0	0
130	R	0	0	0	0	0	0	0
131	G	0	0	0	0	0	0	0
132	E	0	0	0	0	0	0	0
133	F	0	0	0	0	0	0	0
134	S	0	0	0	0	0	0	0
135	V	0	0	0	0	0	0	0
136	C	0	0	0	0	0	0	0
137	D	0	0	0	0	0	0	0
138	S	0	0	0	0	0	0	0
139	V	0	0	0	0	0	0	0
140	S	0	0	0	0	0	0	0
141	V	0	0	0	0	0	0	0
142	W	0	0	0	0	0	0	0
143	V	0	0	0	0	0	0	0
144	G	0	0	0	0	0	0	0
145	D	0	0	0	0	0	0	0
146	K	0	0	0	0	0	0	0
147	T	0	0	0	0	0	0	0
148	T	0	0	0	0	0	0	0
149	A	0	0	0	0	0	0	0
150	T	0	0	0	0	0	0	0
151	D	0	0	0	0	0	0	0
152	I	0	0	0	0	0	0	0
153	K	0	0	0	0	0	0	0
154	G	0	0	0	0	0	0	0
155	K	N-acetyllysine	TATDIKGKEVMVLGE	CCCCCCCCEEEEEEE	0	0	0	0
156	E	0	0	0	0	0	0	0
157	V	0	0	0	0	0	0	0
158	M	0	0	0	0	0	0	0
159	V	0	0	0	0	0	0	0
160	L	0	0	0	0	0	0	0
161	G	0	0	0	0	0	0	0
162	E	0	0	0	0	0	0	0
163	V	0	0	0	0	0	0	0
164	N	0	0	0	0	0	0	0
165	I	0	0	0	0	0	0	0
166	N	0	0	0	0	0	0	0
167	N	0	0	0	0	0	0	0
168	S	0	0	0	0	0	0	0
169	V	0	0	0	0	0	0	0
170	F	0	0	0	0	0	0	0
171	K	0	0	0	0	0	0	0
172	Q	0	0	0	0	0	0	0
173	Y	0	0	0	0	0	0	0
174	F	0	0	0	0	0	0	0
175	F	0	0	0	0	0	0	0
176	E	0	0	0	0	0	0	0
177	T	0	0	0	0	0	0	0
178	K	0	0	0	0	0	0	0
179	C	0	0	0	0	0	0	0
180	R	0	0	0	0	0	0	0
181	D	0	0	0	0	0	0	0
182	P	0	0	0	0	0	0	0
183	N	0	0	0	0	0	0	0
184	P	0	0	0	0	0	0	0
185	V	0	0	0	0	0	0	0
186	D	0	0	0	0	0	0	0
187	S	0	0	0	0	0	0	0
188	G	0	0	0	0	0	0	0
189	C	0	0	0	0	0	0	0
190	R	0	0	0	0	0	0	0
191	G	0	0	0	0	0	0	0
192	I	0	0	0	0	0	0	0
193	D	0	0	0	0	0	0	0
194	S	0	0	0	0	0	0	0
195	K	0	0	0	0	0	0	0
196	H	0	0	0	0	0	0	0
197	W	0	0	0	0	0	0	0
198	N	0	0	0	0	0	0	0
199	S	0	0	0	0	0	0	0
200	Y	0	0	0	0	0	0	0
201	C	0	0	0	0	0	0	0
202	T	0	0	0	0	0	0	0
203	T	0	0	0	0	0	0	0
204	T	0	0	0	0	0	0	0
205	H	0	0	0	0	0	0	0
206	T	0	0	0	0	0	0	0
207	F	0	0	0	0	0	0	0
208	V	0	0	0	0	0	0	0
209	K	0	0	0	0	0	0	0
210	A	0	0	0	0	0	0	0
211	L	0	0	0	0	0	0	0
212	T	0	0	0	0	0	0	0
213	M	0	0	0	0	0	0	0
214	D	0	0	0	0	0	0	0
215	G	0	0	0	0	0	0	0
216	K	0	0	0	0	0	0	0
217	Q	0	0	0	0	0	0	0
218	A	0	0	0	0	0	0	0
219	A	0	0	0	0	0	0	0
220	W	0	0	0	0	0	0	0
221	R	0	0	0	0	0	0	0
222	F	0	0	0	0	0	0	0
223	I	0	0	0	0	0	0	0
224	R	0	0	0	0	0	0	0
225	I	0	0	0	0	0	0	0
226	D	0	0	0	0	0	0	0
227	T	0	0	0	0	0	0	0
228	A	0	0	0	0	0	0	0
229	C	0	0	0	0	0	0	0
230	V	0	0	0	0	0	0	0
231	C	0	0	0	0	0	0	0
232	V	0	0	0	0	0	0	0
233	L	0	0	0	0	0	0	0
234	S	0	0	0	0	0	0	0
235	R	0	0	0	0	0	0	0
236	K	0	0	0	0	0	0	0
237	A	0	0	0	0	0	0	0
238	V	0	0	0	0	0	0	0
239	R	0	0	0	0	0	0	0
240	R	0	0	0	0	0	0	0
241	A	0	0	0	0	0	0	0
