location	residue	Modification	seq	secStruc	RelatedDisease	VariantPosition	ResidueChange	DaPSbySAP
1	M	0	0	0	0	0	0	0
2	P	0	0	0	0	0	0	0
3	P	0	0	0	0	0	0	0
4	V	0	0	0	0	0	0	0
5	S	0	0	0	0	0	0	0
6	R	0	0	0	0	0	0	0
7	S	0	0	0	0	0	0	0
8	S	0	0	0	0	0	0	0
9	Y	0	0	0	0	0	0	0
10	S	0	0	0	0	0	0	0
11	E	0	0	0	0	0	0	0
12	D	0	0	0	0	0	0	0
13	I	0	0	0	0	0	0	0
14	V	0	0	0	0	0	0	0
15	G	0	0	0	0	0	0	0
16	S	0	0	0	0	0	0	0
17	R	0	0	0	0	0	0	0
18	R	0	0	0	0	0	0	0
19	R	0	0	0	0	0	0	0
20	R	0	0	0	0	0	0	0
21	R	0	0	0	0	0	0	0
22	S	Phosphoserine	GSRRRRRSSSGSPPS	CCCCCCCCCCCCCCC	0	0	0	0
23	S	0	0	0	0	0	0	0
24	S	0	0	0	0	0	0	0
25	G	0	0	0	0	0	0	0
26	S	0	0	0	0	0	0	0
27	P	0	0	0	0	0	0	0
28	P	0	0	0	0	0	0	0
29	S	0	0	0	0	0	0	0
30	P	0	0	0	0	0	0	0
31	Q	0	0	0	0	0	0	0
32	S	0	0	0	0	0	0	0
33	R	0	0	0	0	0	0	0
34	C	0	0	0	0	0	0	0
35	S	0	0	0	0	0	0	0
36	S	0	0	0	0	0	0	0
37	W	0	0	0	0	0	0	0
38	D	0	0	0	0	0	0	0
39	G	0	0	0	0	0	0	0
40	C	0	0	0	0	0	0	0
41	S	0	0	0	0	0	0	0
42	R	0	0	0	0	0	0	0
43	S	0	0	0	0	0	0	0
44	H	0	0	0	0	0	0	0
45	S	0	0	0	0	0	0	0
46	R	0	0	0	0	0	0	0
47	G	0	0	0	0	0	0	0
48	R	0	0	0	0	0	0	0
49	E	0	0	0	0	0	0	0
50	G	0	0	0	0	0	0	0
51	L	0	0	0	0	0	0	0
52	R	0	0	0	0	0	0	0
53	P	0	0	0	0	0	0	0
54	P	0	0	0	0	0	0	0
55	W	0	0	0	0	0	0	0
56	S	0	0	0	0	0	0	0
57	E	0	0	0	0	0	0	0
58	L	0	0	0	0	0	0	0
59	D	0	0	0	0	0	0	0
60	V	0	0	0	0	0	0	0
61	G	0	0	0	0	0	0	0
62	A	0	0	0	0	0	0	0
63	L	0	0	0	0	0	0	0
64	Y	0	0	0	0	0	0	0
65	P	0	0	0	0	0	0	0
66	F	0	0	0	0	0	0	0
67	S	0	0	0	0	0	0	0
68	R	0	0	0	0	0	0	0
69	S	0	0	0	0	0	0	0
70	G	0	0	0	0	0	0	0
71	S	0	0	0	0	0	0	0
72	R	0	0	0	0	0	0	0
73	G	0	0	0	0	0	0	0
74	R	0	0	0	0	0	0	0
75	L	0	0	0	0	0	0	0
76	P	0	0	0	0	0	0	0
77	R	0	0	0	0	0	0	0
78	F	0	0	0	0	0	0	0
79	R	0	0	0	0	0	0	0
80	N	0	0	0	0	0	0	0
81	Y	0	0	0	0	0	0	0
82	A	0	0	0	0	0	0	0
83	F	0	0	0	0	0	0	0
84	A	0	0	0	0	0	0	0
85	S	0	0	0	0	0	0	0
86	S	0	0	0	0	0	0	0
87	W	0	0	0	0	0	0	0
88	S	0	0	0	0	0	0	0
89	T	0	0	0	0	0	0	0
90	S	0	0	0	0	0	0	0
91	Y	Phosphotyrosine	ASSWSTSYSGYRYHR	CCCCCCCCCCCCCEE	0	0	0	0
92	S	Phosphoserine	SSWSTSYSGYRYHRH	CCCCCCCCCCCCEEE	0	0	0	0
93	G	0	0	0	0	0	0	0
94	Y	Phosphotyrosine	WSTSYSGYRYHRHCY	CCCCCCCCCCEEECC	0	0	0	0
95	R	0	0	0	0	0	0	0
96	Y	0	0	0	0	0	0	0
97	H	0	0	0	0	0	0	0
98	R	0	0	0	0	0	0	0
99	H	0	0	0	0	0	0	0
100	C	0	0	0	0	0	0	0
101	Y	0	0	0	0	0	0	0
102	A	0	0	0	0	0	0	0
103	E	0	0	0	0	0	0	0
104	E	0	0	0	0	0	0	0
105	R	0	0	0	0	0	0	0
106	Q	0	0	0	0	0	0	0
107	S	0	0	0	0	0	0	0
108	A	0	0	0	0	0	0	0
109	E	0	0	0	0	0	0	0
110	D	0	0	0	0	0	0	0
111	Y	0	0	0	0	0	0	0
112	E	0	0	0	0	0	0	0
113	K	0	0	0	0	0	0	0
114	E	0	0	0	0	0	0	0
115	E	0	0	0	0	0	0	0
116	S	0	0	0	0	0	0	0
117	H	0	0	0	0	0	0	0
118	R	0	0	0	0	0	0	0
119	Q	0	0	0	0	0	0	0
120	R	0	0	0	0	0	0	0
121	R	0	0	0	0	0	0	0
122	L	0	0	0	0	0	0	0
123	K	0	0	0	0	0	0	0
124	E	0	0	0	0	0	0	0
125	R	0	0	0	0	0	0	0
126	E	0	0	0	0	0	0	0
127	R	0	0	0	0	0	0	0
128	I	0	0	0	0	0	0	0
129	G	0	0	0	0	0	0	0
130	E	0	0	0	0	0	0	0
131	L	0	0	0	0	0	0	0
132	G	0	0	0	0	0	0	0
133	A	0	0	0	0	0	0	0
134	P	0	0	0	0	0	0	0
135	E	0	0	0	0	0	0	0
136	V	0	0	0	0	0	0	0
137	W	0	0	0	0	0	0	0
138	G	0	0	0	0	0	0	0
139	P	0	0	0	0	0	0	0
140	S	Phosphoserine	APEVWGPSPKFPQLD	CCCCCCCCCCCCCCC	0	0	0	0
141	P	0	0	0	0	0	0	0
142	K	0	0	0	0	0	0	0
143	F	0	0	0	0	0	0	0
144	P	0	0	0	0	0	0	0
145	Q	0	0	0	0	0	0	0
146	L	0	0	0	0	0	0	0
147	D	0	0	0	0	0	0	0
148	S	0	0	0	0	0	0	0
149	D	0	0	0	0	0	0	0
150	E	0	0	0	0	0	0	0
151	H	0	0	0	0	0	0	0
152	T	Phosphothreonine	QLDSDEHTPVEDEEE	CCCCCCCCCCCCHHH	Schizophrenia:schizophrenia	152 (0)	I;N	152
153	P	0	0	0	0	0	0	0
154	V	0	0	0	0	0	0	0
155	E	0	0	0	0	0	0	0
156	D	0	0	0	0	0	0	0
157	E	0	0	0	0	0	0	0
158	E	0	0	0	0	0	0	0
159	E	0	0	0	0	0	0	0
160	V	0	0	0	0	0	0	0
161	T	0	0	0	0	0	0	0
162	H	0	0	0	0	0	0	0
163	Q	0	0	0	0	0	0	0
164	K	0	0	0	0	0	0	0
165	S	0	0	0	0	0	0	0
166	S	Phosphoserine	EVTHQKSSSSDSNSE	HHHCCCCCCCCCCHH	0	0	0	0
167	S	0	0	0	0	0	0	0
168	S	0	0	0	0	0	0	0
169	D	0	0	0	0	0	0	0
170	S	0	0	0	0	0	0	0
171	N	0	0	0	0	0	0	0
172	S	0	0	0	0	0	0	0
173	E	0	0	0	0	0	0	0
174	E	0	0	0	0	0	0	0
175	H	0	0	0	0	0	0	0
176	R	0	0	0	0	0	0	0
177	K	0	0	0	0	0	0	0
178	K	0	0	0	0	0	0	0
179	K	0	0	0	0	0	0	0
180	T	0	0	0	0	0	0	0
181	S	0	0	0	0	0	0	0
182	R	0	0	0	0	0	0	0
183	S	0	0	0	0	0	0	0
184	R	0	0	0	0	0	0	0
185	N	0	0	0	0	0	0	0
186	K	0	0	0	0	0	0	0
187	K	0	0	0	0	0	0	0
188	K	0	0	0	0	0	0	0
189	R	0	0	0	0	0	0	0
190	K	0	0	0	0	0	0	0
191	N	0	0	0	0	0	0	0
192	K	0	0	0	0	0	0	0
193	S	0	0	0	0	0	0	0
194	S	0	0	0	0	0	0	0
195	K	0	0	0	0	0	0	0
196	R	0	0	0	0	0	0	0
197	K	0	0	0	0	0	0	0
198	H	0	0	0	0	0	0	0
199	R	0	0	0	0	0	0	0
200	K	0	0	0	0	0	0	0
201	Y	0	0	0	0	0	0	0
202	S	0	0	0	0	0	0	0
203	D	0	0	0	0	0	0	0
204	S	0	0	0	0	0	0	0
205	D	0	0	0	0	0	0	0
206	S	0	0	0	0	0	0	0
207	N	0	0	0	0	0	0	0
208	S	0	0	0	0	0	0	0
209	E	0	0	0	0	0	0	0
210	S	0	0	0	0	0	0	0
211	D	0	0	0	0	0	0	0
212	T	Phosphothreonine	DSNSESDTNSDSDDD	CCCCCCCCCCCCHHH	0	0	0	0
213	N	0	0	0	0	0	0	0
214	S	Phosphoserine	NSESDTNSDSDDDKK	CCCCCCCCCCHHHHH	0	0	0	0
215	D	0	0	0	0	0	0	0
216	S	0	0	0	0	0	0	0
217	D	0	0	0	0	0	0	0
218	D	0	0	0	0	0	0	0
219	D	0	0	0	0	0	0	0
220	K	0	0	0	0	0	0	0
221	K	0	0	0	0	0	0	0
222	R	0	0	0	0	0	0	0
223	V	0	0	0	0	0	0	0
224	K	0	0	0	0	0	0	0
225	A	0	0	0	0	0	0	0
226	K	0	0	0	0	0	0	0
227	K	0	0	0	0	0	0	0
228	K	0	0	0	0	0	0	0
229	K	0	0	0	0	0	0	0
230	K	0	0	0	0	0	0	0
231	K	0	0	0	0	0	0	0
232	K	0	0	0	0	0	0	0
233	K	N-acetyllysine	KKKKKKKKHKTKKKK	HHHHHHHHHHHHHHH	0	0	0	0
234	H	0	0	0	0	0	0	0
235	K	0	0	0	0	0	0	0
236	T	0	0	0	0	0	0	0
237	K	0	0	0	0	0	0	0
238	K	0	0	0	0	0	0	0
239	K	0	0	0	0	0	0	0
240	K	0	0	0	0	0	0	0
241	N	0	0	0	0	0	0	0
242	K	0	0	0	0	0	0	0
243	K	0	0	0	0	0	0	0
244	T	0	0	0	0	0	0	0
245	K	0	0	0	0	0	0	0
246	K	0	0	0	0	0	0	0
247	E	0	0	0	0	0	0	0
248	S	0	0	0	0	0	0	0
249	S	0	0	0	0	0	0	0
250	D	0	0	0	0	0	0	0
251	S	0	0	0	0	0	0	0
252	S	0	0	0	0	0	0	0
253	C	0	0	0	0	0	0	0
254	K	0	0	0	0	0	0	0
255	D	0	0	0	0	0	0	0
256	S	0	0	0	0	0	0	0
257	E	0	0	0	0	0	0	0
258	E	0	0	0	0	0	0	0
259	D	0	0	0	0	0	0	0
260	L	0	0	0	0	0	0	0
261	S	0	0	0	0	0	0	0
262	E	0	0	0	0	0	0	0
263	A	0	0	0	0	0	0	0
264	T	0	0	0	0	0	0	0
265	W	0	0	0	0	0	0	0
266	M	0	0	0	0	0	0	0
267	E	0	0	0	0	0	0	0
268	Q	0	0	0	0	0	0	0
269	P	0	0	0	0	0	0	0
270	N	0	0	0	0	0	0	0
271	V	0	0	0	0	0	0	0
272	A	0	0	0	0	0	0	0
273	D	0	0	0	0	0	0	0
274	T	0	0	0	0	0	0	0
275	M	0	0	0	0	0	0	0
276	D	0	0	0	0	0	0	0
277	L	0	0	0	0	0	0	0
278	I	0	0	0	0	0	0	0
279	G	0	0	0	0	0	0	0
280	P	0	0	0	0	0	0	0
281	E	0	0	0	0	0	0	0
282	A	0	0	0	0	0	0	0
283	P	0	0	0	0	0	0	0
284	I	0	0	0	0	0	0	0
285	I	0	0	0	0	0	0	0
286	H	0	0	0	0	0	0	0
287	T	0	0	0	0	0	0	0
288	S	0	0	0	0	0	0	0
289	Q	0	0	0	0	0	0	0
290	D	0	0	0	0	0	0	0
291	E	0	0	0	0	0	0	0
292	K	0	0	0	0	0	0	0
293	P	0	0	0	0	0	0	0
294	L	0	0	0	0	0	0	0
295	K	0	0	0	0	0	0	0
296	Y	0	0	0	0	0	0	0
297	G	0	0	0	0	0	0	0
298	H	0	0	0	0	0	0	0
299	A	0	0	0	0	0	0	0
300	L	0	0	0	0	0	0	0
301	L	0	0	0	0	0	0	0
302	P	0	0	0	0	0	0	0
303	G	0	0	0	0	0	0	0
304	E	0	0	0	0	0	0	0
305	G	0	0	0	0	0	0	0
306	A	0	0	0	0	0	0	0
307	A	0	0	0	0	0	0	0
308	M	0	0	0	0	0	0	0
309	A	0	0	0	0	0	0	0
310	E	0	0	0	0	0	0	0
311	Y	Phosphotyrosine	EGAAMAEYVKAGKRI	CCHHHHHHHHCCCCC	0	0	0	0
312	V	0	0	0	0	0	0	0
313	K	0	0	0	0	0	0	0
314	A	0	0	0	0	0	0	0
315	G	0	0	0	0	0	0	0
316	K	0	0	0	0	0	0	0
317	R	0	0	0	0	0	0	0
318	I	0	0	0	0	0	0	0
319	P	0	0	0	0	0	0	0
320	R	0	0	0	0	0	0	0
321	R	0	0	0	0	0	0	0
322	G	0	0	0	0	0	0	0
323	E	0	0	0	0	0	0	0
324	I	0	0	0	0	0	0	0
325	G	0	0	0	0	0	0	0
326	L	0	0	0	0	0	0	0
327	T	0	0	0	0	0	0	0
328	S	0	0	0	0	0	0	0
329	E	0	0	0	0	0	0	0
330	E	0	0	0	0	0	0	0
331	I	0	0	0	0	0	0	0
332	G	0	0	0	0	0	0	0
333	S	0	0	0	0	0	0	0
334	F	0	0	0	0	0	0	0
335	E	0	0	0	0	0	0	0
336	C	0	0	0	0	0	0	0
337	S	Phosphoserine	EIGSFECSGYVMSGS	HCCCEEECEEEEECC	0	0	0	0
338	G	0	0	0	0	0	0	0
339	Y	Phosphotyrosine	GSFECSGYVMSGSRH	CCEEECEEEEECCHH	0	0	0	0
340	V	0	0	0	0	0	0	0
341	M	0	0	0	0	0	0	0
342	S	Phosphoserine	ECSGYVMSGSRHRRM	EECEEEEECCHHHHH	0	0	0	0
343	G	0	0	0	0	0	0	0
344	S	Phosphoserine	SGYVMSGSRHRRMEA	CEEEEECCHHHHHHH	0	0	0	0
345	R	0	0	0	0	0	0	0
346	H	0	0	0	0	0	0	0
347	R	0	0	0	0	0	0	0
348	R	0	0	0	0	0	0	0
349	M	0	0	0	0	0	0	0
350	E	0	0	0	0	0	0	0
351	A	0	0	0	0	0	0	0
352	V	0	0	0	0	0	0	0
353	R	0	0	0	0	0	0	0
354	L	0	0	0	0	0	0	0
355	R	0	0	0	0	0	0	0
356	K	0	0	0	0	0	0	0
357	E	0	0	0	0	0	0	0
358	N	0	0	0	0	0	0	0
359	Q	0	0	0	0	0	0	0
360	I	0	0	0	0	0	0	0
361	Y	Phosphotyrosine	LRKENQIYSADEKRA	HHHHCCCCCHHHHHH	0	0	0	0
362	S	Phosphoserine	RKENQIYSADEKRAL	HHHCCCCCHHHHHHH	0	0	0	0
363	A	0	0	0	0	0	0	0
364	D	0	0	0	0	0	0	0
365	E	0	0	0	0	0	0	0
366	K	0	0	0	0	0	0	0
367	R	0	0	0	0	0	0	0
368	A	0	0	0	0	0	0	0
369	L	0	0	0	0	0	0	0
370	A	0	0	0	0	0	0	0
371	S	0	0	0	0	0	0	0
372	F	0	0	0	0	0	0	0
373	N	0	0	0	0	0	0	0
374	Q	0	0	0	0	0	0	0
375	E	0	0	0	0	0	0	0
376	E	0	0	0	0	0	0	0
377	R	0	0	0	0	0	0	0
378	R	0	0	0	0	0	0	0
379	K	0	0	0	0	0	0	0
380	R	0	0	0	0	0	0	0
381	E	0	0	0	0	0	0	0
382	S	0	0	0	0	0	0	0
383	K	0	0	0	0	0	0	0
384	I	0	0	0	0	0	0	0
385	L	0	0	0	0	0	0	0
386	A	0	0	0	0	0	0	0
387	S	0	0	0	0	0	0	0
388	F	0	0	0	0	0	0	0
389	R	0	0	0	0	0	0	0
390	E	0	0	0	0	0	0	0
391	M	0	0	0	0	0	0	0
392	V	0	0	0	0	0	0	0
393	H	0	0	0	0	0	0	0
394	K	0	0	0	0	0	0	0
395	K	0	0	0	0	0	0	0
396	T	0	0	0	0	0	0	0
397	K	0	0	0	0	0	0	0
398	E	0	0	0	0	0	0	0
399	K	0	0	0	0	0	0	0
400	D	0	0	0	0	0	0	0
401	D	0	0	0	0	0	0	0
402	K	0	0	0	0	0	0	0
