location	residue	Modification	seq	secStruc	RelatedDisease	VariantPosition	ResidueChange	DaPSbySAP
1	M	0	0	0	0	0	0	0
2	P	0	0	0	0	0	0	0
3	L	0	0	0	0	0	0	0
4	L	0	0	0	0	0	0	0
5	V	0	0	0	0	0	0	0
6	E	0	0	0	0	0	0	0
7	G	0	0	0	0	0	0	0
8	R	0	0	0	0	0	0	0
9	R	0	0	0	0	0	0	0
10	V	0	0	0	0	0	0	0
11	R	0	0	0	0	0	0	0
12	L	0	0	0	0	0	0	0
13	P	0	0	0	0	0	0	0
14	Q	0	0	0	0	0	0	0
15	S	0	0	0	0	0	0	0
16	A	0	0	0	0	0	0	0
17	G	0	0	0	0	0	0	0
18	D	0	0	0	0	0	0	0
19	L	0	0	0	0	0	0	0
20	V	0	0	0	0	0	0	0
21	R	0	0	0	0	0	0	0
22	A	0	0	0	0	0	0	0
23	H	0	0	0	0	0	0	0
24	P	0	0	0	0	0	0	0
25	P	0	0	0	0	0	0	0
26	L	0	0	0	0	0	0	0
27	E	0	0	0	0	0	0	0
28	E	0	0	0	0	0	0	0
29	R	0	0	0	0	0	0	0
30	A	0	0	0	0	0	0	0
31	R	0	0	0	0	0	0	0
32	L	0	0	0	0	0	0	0
33	L	0	0	0	0	0	0	0
34	R	0	0	0	0	0	0	0
35	G	0	0	0	0	0	0	0
36	Q	0	0	0	0	0	0	0
37	S	Phosphoserine	ARLLRGQSVQQVGPQ	HHHHCCCCHHHHCCC	0	0	0	0
38	V	0	0	0	0	0	0	0
39	Q	0	0	0	0	0	0	0
40	Q	0	0	0	0	0	0	0
41	V	0	0	0	0	0	0	0
42	G	0	0	0	0	0	0	0
43	P	0	0	0	0	0	0	0
44	Q	0	0	0	0	0	0	0
45	G	0	0	0	0	0	0	0
46	L	0	0	0	0	0	0	0
47	L	0	0	0	0	0	0	0
48	Y	0	0	0	0	0	0	0
49	V	0	0	0	0	0	0	0
50	Q	0	0	0	0	0	0	0
51	Q	0	0	0	0	0	0	0
52	R	0	0	0	0	0	0	0
53	E	0	0	0	0	0	0	0
54	L	0	0	0	0	0	0	0
55	A	0	0	0	0	0	0	0
56	V	0	0	0	0	0	0	0
57	T	0	0	0	0	0	0	0
58	S	0	0	0	0	0	0	0
59	P	0	0	0	0	0	0	0
60	K	0	0	0	0	0	0	0
61	D	0	0	0	0	0	0	0
62	G	0	0	0	0	0	0	0
63	S	0	0	0	0	0	0	0
64	I	0	0	0	0	0	0	0
65	S	0	0	0	0	0	0	0
66	I	0	0	0	0	0	0	0
67	L	0	0	0	0	0	0	0
68	G	0	0	0	0	0	0	0
69	S	0	0	0	0	0	0	0
70	D	0	0	0	0	0	0	0
71	D	0	0	0	0	0	0	0
72	A	0	0	0	0	0	0	0
73	T	0	0	0	0	0	0	0
74	T	0	0	0	0	0	0	0
75	C	0	0	0	0	0	0	0
76	H	0	0	0	0	0	0	0
77	I	0	0	0	0	0	0	0
78	V	0	0	0	0	0	0	0
79	V	0	0	0	0	0	0	0
80	L	0	0	0	0	0	0	0
81	R	0	0	0	0	0	0	0
82	H	0	0	0	0	0	0	0
83	T	0	0	0	0	0	0	0
84	G	0	0	0	0	0	0	0
85	N	0	0	0	0	0	0	0
86	G	0	0	0	0	0	0	0
87	A	0	0	0	0	0	0	0
88	T	0	0	0	0	0	0	0
89	C	0	0	0	0	0	0	0
90	L	0	0	0	0	0	0	0
91	T	0	0	0	0	0	0	0
92	H	0	0	0	0	0	0	0
93	C	0	0	0	0	0	0	0
94	D	0	0	0	0	0	0	0
95	G	0	0	0	0	0	0	0
96	T	0	0	0	0	0	0	0
97	D	0	0	0	0	0	0	0
98	T	0	0	0	0	0	0	0
99	K	0	0	0	0	0	0	0
100	A	0	0	0	0	0	0	0
101	E	0	0	0	0	0	0	0
102	V	0	0	0	0	0	0	0
103	P	0	0	0	0	0	0	0
104	L	0	0	0	0	0	0	0
105	I	0	0	0	0	0	0	0
106	M	0	0	0	0	0	0	0
107	N	0	0	0	0	0	0	0
108	S	0	0	0	0	0	0	0
109	I	0	0	0	0	0	0	0
110	K	0	0	0	0	0	0	0
111	S	0	0	0	0	0	0	0
112	F	0	0	0	0	0	0	0
113	S	0	0	0	0	0	0	0
114	D	0	0	0	0	0	0	0
115	H	0	0	0	0	0	0	0
116	A	0	0	0	0	0	0	0
117	Q	0	0	0	0	0	0	0
118	C	0	0	0	0	0	0	0
119	G	0	0	0	0	0	0	0
120	R	0	0	0	0	0	0	0
121	L	0	0	0	0	0	0	0
122	E	0	0	0	0	0	0	0
123	V	0	0	0	0	0	0	0
124	H	0	0	0	0	0	0	0
125	L	0	0	0	0	0	0	0
126	V	0	0	0	0	0	0	0
127	G	0	0	0	0	0	0	0
128	G	0	0	0	0	0	0	0
129	F	0	0	0	0	0	0	0
130	S	0	0	0	0	0	0	0
131	D	0	0	0	0	0	0	0
132	D	0	0	0	0	0	0	0
133	R	0	0	0	0	0	0	0
134	Q	0	0	0	0	0	0	0
135	L	0	0	0	0	0	0	0
136	S	0	0	0	0	0	0	0
137	Q	0	0	0	0	0	0	0
138	K	0	0	0	0	0	0	0
139	L	0	0	0	0	0	0	0
140	T	0	0	0	0	0	0	0
141	H	0	0	0	0	0	0	0
142	Q	0	0	0	0	0	0	0
143	L	0	0	0	0	0	0	0
144	L	0	0	0	0	0	0	0
145	S	0	0	0	0	0	0	0
146	E	0	0	0	0	0	0	0
147	F	0	0	0	0	0	0	0
148	D	0	0	0	0	0	0	0
149	R	0	0	0	0	0	0	0
150	Q	0	0	0	0	0	0	0
151	E	0	0	0	0	0	0	0
152	D	0	0	0	0	0	0	0
153	D	0	0	0	0	0	0	0
154	I	0	0	0	0	0	0	0
155	H	0	0	0	0	0	0	0
156	L	0	0	0	0	0	0	0
157	V	0	0	0	0	0	0	0
158	T	0	0	0	0	0	0	0
159	L	0	0	0	0	0	0	0
160	C	0	0	0	0	0	0	0
161	V	0	0	0	0	0	0	0
162	T	0	0	0	0	0	0	0
163	E	0	0	0	0	0	0	0
164	L	0	0	0	0	0	0	0
165	N	0	0	0	0	0	0	0
166	D	0	0	0	0	0	0	0
167	R	0	0	0	0	0	0	0
168	E	0	0	0	0	0	0	0
169	E	0	0	0	0	0	0	0
170	N	0	0	0	0	0	0	0
171	E	0	0	0	0	0	0	0
172	N	0	0	0	0	0	0	0
173	H	0	0	0	0	0	0	0
174	F	0	0	0	0	0	0	0
175	P	0	0	0	0	0	0	0
176	V	0	0	0	0	0	0	0
177	I	0	0	0	0	0	0	0
178	Y	0	0	0	0	0	0	0
179	G	0	0	0	0	0	0	0
180	I	0	0	0	0	0	0	0
181	A	0	0	0	0	0	0	0
182	V	0	0	0	0	0	0	0
183	N	0	0	0	0	0	0	0
184	I	0	0	0	0	0	0	0
185	K	0	0	0	0	0	0	0
186	T	0	0	0	0	0	0	0
187	A	0	0	0	0	0	0	0
188	E	0	0	0	0	0	0	0
189	I	0	0	0	0	0	0	0
190	Y	0	0	0	0	0	0	0
191	R	0	0	0	0	0	0	0
192	A	0	0	0	0	0	0	0
193	S	0	0	0	0	0	0	0
194	F	0	0	0	0	0	0	0
195	Q	0	0	0	0	0	0	0
196	D	0	0	0	0	0	0	0
197	R	0	0	0	0	0	0	0
198	G	0	0	0	0	0	0	0
199	P	0	0	0	0	0	0	0
200	E	0	0	0	0	0	0	0
201	E	0	0	0	0	0	0	0
202	Q	0	0	0	0	0	0	0
203	L	0	0	0	0	0	0	0
204	R	0	0	0	0	0	0	0
205	A	0	0	0	0	0	0	0
206	A	0	0	0	0	0	0	0
207	R	0	0	0	0	0	0	0
208	T	0	0	0	0	0	0	0
209	L	0	0	0	0	0	0	0
210	A	0	0	0	0	0	0	0
211	G	0	0	0	0	0	0	0
212	G	0	0	0	0	0	0	0
213	P	0	0	0	0	0	0	0
214	M	0	0	0	0	0	0	0
215	I	0	0	0	0	0	0	0
216	S	0	0	0	0	0	0	0
217	I	0	0	0	0	0	0	0
218	Y	0	0	0	0	0	0	0
219	D	0	0	0	0	0	0	0
220	A	0	0	0	0	0	0	0
221	E	0	0	0	0	0	0	0
222	T	0	0	0	0	0	0	0
223	E	0	0	0	0	0	0	0
224	Q	0	0	0	0	0	0	0
225	L	0	0	0	0	0	0	0
226	R	0	0	0	0	0	0	0
227	I	0	0	0	0	0	0	0
228	G	0	0	0	0	0	0	0
229	P	0	0	0	0	0	0	0
230	Y	0	0	0	0	0	0	0
231	S	0	0	0	0	0	0	0
232	W	0	0	0	0	0	0	0
233	T	0	0	0	0	0	0	0
234	P	0	0	0	0	0	0	0
235	F	0	0	0	0	0	0	0
236	P	0	0	0	0	0	0	0
237	H	0	0	0	0	0	0	0
238	V	0	0	0	0	0	0	0
239	D	0	0	0	0	0	0	0
240	F	0	0	0	0	0	0	0
241	W	0	0	0	0	0	0	0
242	L	0	0	0	0	0	0	0
243	H	0	0	0	0	0	0	0
244	Q	0	0	0	0	0	0	0
245	D	0	0	0	0	0	0	0
246	D	0	0	0	0	0	0	0
247	K	0	0	0	0	0	0	0
248	Q	0	0	0	0	0	0	0
249	I	0	0	0	0	0	0	0
250	L	0	0	0	0	0	0	0
251	E	0	0	0	0	0	0	0
252	N	0	0	0	0	0	0	0
253	L	0	0	0	0	0	0	0
254	S	0	0	0	0	0	0	0
255	T	0	0	0	0	0	0	0
256	S	0	0	0	0	0	0	0
257	P	0	0	0	0	0	0	0
258	L	0	0	0	0	0	0	0
259	A	0	0	0	0	0	0	0
260	E	0	0	0	0	0	0	0
261	P	0	0	0	0	0	0	0
262	P	0	0	0	0	0	0	0
263	H	0	0	0	0	0	0	0
264	F	0	0	0	0	0	0	0
265	V	0	0	0	0	0	0	0
266	E	0	0	0	0	0	0	0
267	H	0	0	0	0	0	0	0
268	I	0	0	0	0	0	0	0
269	R	0	0	0	0	0	0	0
270	S	0	0	0	0	0	0	0
271	T	0	0	0	0	0	0	0
272	L	0	0	0	0	0	0	0
273	M	0	0	0	0	0	0	0
274	F	0	0	0	0	0	0	0
275	L	0	0	0	0	0	0	0
276	K	0	0	0	0	0	0	0
277	K	0	0	0	0	0	0	0
278	H	0	0	0	0	0	0	0
279	P	0	0	0	0	0	0	0
280	S	Phosphoserine	MFLKKHPSPAHTLFS	HHHHHCCCCHHHCCC	Height:body height	283 (3)	0	0
281	P	0	0	0	0	0	0	0
282	A	0	0	0	0	0	0	0
283	H	0	0	0	0	0	N;Y	280
284	T	0	0	0	0	0	0	0
285	L	0	0	0	0	0	0	0
286	F	0	0	0	0	0	0	0
287	S	0	0	0	0	0	0	0
288	G	0	0	0	0	0	0	0
289	N	0	0	0	0	0	0	0
290	K	0	0	0	0	0	0	0
291	A	0	0	0	0	0	0	0
292	L	0	0	0	0	0	0	0
293	L	0	0	0	0	0	0	0
294	Y	0	0	0	0	0	0	0
295	K	N6-acetyllysine	GNKALLYKKNEDGLW	CCEEEEEEECCCCCC	0	0	0	0
296	K	0	0	0	0	0	0	0
297	N	0	0	0	0	0	0	0
298	E	0	0	0	0	0	0	0
299	D	0	0	0	0	0	0	0
300	G	0	0	0	0	0	0	0
301	L	0	0	0	0	0	0	0
302	W	0	0	0	0	0	0	0
303	E	0	0	0	0	0	0	0
304	K	0	0	0	0	0	0	0
305	I	0	0	0	0	0	0	0
306	S	0	0	0	0	0	0	0
307	S	0	0	0	0	0	0	0
308	P	0	0	0	0	0	0	0
309	G	0	0	0	0	0	0	0
310	S	0	0	0	0	0	0	0
