location	residue	Modification	seq	secStruc	RelatedDisease	VariantPosition	ResidueChange	DaPSbySAP
1	M	0	0	0	0	0	0	0
2	A	0	0	0	0	0	0	0
3	A	0	0	0	0	0	0	0
4	D	0	0	0	0	0	0	0
5	L	0	0	0	0	0	0	0
6	G	0	0	0	0	0	0	0
7	P	0	0	0	0	0	0	0
8	W	0	0	0	0	0	0	0
9	N	0	0	0	0	0	0	0
10	D	0	0	0	0	0	0	0
11	T	0	0	0	0	0	0	0
12	I	0	0	0	0	0	0	0
13	N	0	0	0	0	0	0	0
14	G	0	0	0	0	0	0	0
15	T	0	0	0	0	0	0	0
16	W	0	0	0	0	0	0	0
17	D	0	0	0	0	0	0	0
18	G	0	0	0	0	0	0	0
19	D	0	0	0	0	0	0	0
20	E	0	0	0	0	0	0	0
21	L	0	0	0	0	0	0	0
22	G	0	0	0	0	0	0	0
23	Y	0	0	0	0	0	0	0
24	R	0	0	0	0	0	0	0
25	C	0	0	0	0	0	0	0
26	R	0	0	0	0	0	0	0
27	F	0	0	0	0	0	0	0
28	N	0	0	0	0	0	0	0
29	E	0	0	0	0	0	0	0
30	D	0	0	0	0	0	0	0
31	F	0	0	0	0	0	0	0
32	K	0	0	0	0	0	0	0
33	Y	0	0	0	0	0	0	0
34	V	0	0	0	0	0	0	0
35	L	0	0	0	0	0	0	0
36	L	0	0	0	0	0	0	0
37	P	0	0	0	0	0	0	0
38	V	0	0	0	0	0	0	0
39	S	0	0	0	0	0	0	0
40	Y	0	0	0	0	0	0	0
41	G	0	0	0	0	0	0	0
42	V	0	0	0	0	0	0	0
43	V	0	0	0	0	0	0	0
44	C	0	0	0	0	0	0	0
45	V	0	0	0	0	0	0	0
46	P	0	0	0	0	0	0	0
47	G	0	0	0	0	0	0	0
48	L	0	0	0	0	0	0	0
49	C	0	0	0	0	0	0	0
50	L	0	0	0	0	0	0	0
51	N	0	0	0	0	0	0	0
52	A	0	0	0	0	0	0	0
53	V	0	0	0	0	0	0	0
54	A	0	0	0	0	0	0	0
55	L	0	0	0	0	0	0	0
56	Y	0	0	0	0	0	0	0
57	I	0	0	0	0	0	0	0
58	F	0	0	0	0	0	0	0
59	L	0	0	0	0	0	0	0
60	C	0	0	0	0	0	0	0
61	R	0	0	0	0	0	0	0
62	L	0	0	0	0	0	0	0
63	K	0	0	0	0	0	0	0
64	T	0	0	0	0	0	0	0
65	W	0	0	0	0	0	0	0
66	N	0	0	0	0	0	0	0
67	A	0	0	0	0	0	0	0
68	S	0	0	0	0	0	0	0
69	T	0	0	0	0	0	0	0
70	T	0	0	0	0	0	0	0
71	Y	0	0	0	0	0	0	0
72	M	0	0	0	0	0	0	0
73	F	0	0	0	0	0	0	0
74	H	0	0	0	0	0	0	0
75	L	0	0	0	0	0	0	0
76	A	0	0	0	0	0	0	0
77	V	0	0	0	0	0	0	0
78	S	0	0	0	0	0	0	0
79	D	0	0	0	0	0	0	0
80	A	0	0	0	0	0	0	0
81	L	0	0	0	0	0	0	0
82	Y	0	0	0	0	0	0	0
83	A	0	0	0	0	0	0	0
84	A	0	0	0	0	0	0	0
85	S	0	0	0	0	0	0	0
86	L	0	0	0	0	0	0	0
87	P	0	0	0	0	0	0	0
88	L	0	0	0	0	0	0	0
89	L	0	0	0	0	0	0	0
90	V	0	0	0	0	0	0	0
91	Y	0	0	0	0	0	0	0
92	Y	0	0	0	0	0	0	0
93	Y	0	0	0	0	0	0	0
94	A	0	0	0	0	0	0	0
95	R	0	0	0	0	0	0	0
96	G	0	0	0	0	0	0	0
97	D	0	0	0	0	0	0	0
98	H	0	0	0	0	0	0	0
99	W	0	0	0	0	0	0	0
100	P	0	0	0	0	0	0	0
101	F	0	0	0	0	0	0	0
102	S	0	0	0	0	0	0	0
103	T	0	0	0	0	0	0	0
104	V	0	0	0	0	0	0	0
105	L	0	0	0	0	0	0	0
106	C	0	0	0	0	0	0	0
107	K	0	0	0	0	0	0	0
108	L	0	0	0	0	0	0	0
109	V	0	0	0	0	0	0	0
110	R	0	0	0	0	0	0	0
111	F	0	0	0	0	0	0	0
112	L	0	0	0	0	0	0	0
113	F	0	0	0	0	0	0	0
114	Y	0	0	0	0	0	0	0
115	T	0	0	0	0	0	0	0
116	N	0	0	0	0	0	0	0
117	L	0	0	0	0	0	0	0
118	Y	0	0	0	0	0	0	0
119	C	0	0	0	0	0	0	0
120	S	0	0	0	0	0	0	0
121	I	0	0	0	0	0	0	0
122	L	0	0	0	0	0	0	0
123	F	0	0	0	0	0	0	0
124	L	0	0	0	0	0	0	0
125	T	0	0	0	0	0	0	0
126	C	0	0	0	0	0	0	0
127	I	0	0	0	0	0	0	0
128	S	0	0	0	0	0	0	0
129	V	0	0	0	0	0	0	0
130	H	0	0	0	0	0	0	0
131	R	0	0	0	0	0	0	0
132	C	0	0	0	0	0	0	0
133	L	0	0	0	0	0	0	0
134	G	0	0	0	0	0	0	0
135	V	0	0	0	0	0	0	0
136	L	0	0	0	0	0	0	0
137	R	0	0	0	0	0	0	0
138	P	0	0	0	0	0	0	0
139	L	0	0	0	0	0	0	0
140	R	0	0	0	0	0	0	0
141	S	0	0	0	0	0	0	0
142	L	0	0	0	0	0	0	0
143	R	0	0	0	0	0	0	0
144	W	0	0	0	0	0	0	0
145	G	0	0	0	0	0	0	0
146	R	0	0	0	0	0	0	0
147	A	0	0	0	0	0	0	0
148	R	0	0	0	0	0	0	0
149	Y	0	0	0	0	0	0	0
150	A	0	0	0	0	0	0	0
151	R	0	0	0	0	0	0	0
152	R	0	0	0	0	0	0	0
153	V	0	0	0	0	0	0	0
154	A	0	0	0	0	0	0	0
155	G	0	0	0	0	0	0	0
156	A	0	0	0	0	0	0	0
157	V	0	0	0	0	0	0	0
158	W	0	0	0	0	0	0	0
159	V	0	0	0	0	0	0	0
160	L	0	0	0	0	0	0	0
161	V	0	0	0	0	0	0	0
162	L	0	0	0	0	0	0	0
163	A	0	0	0	0	0	0	0
164	C	0	0	0	0	0	0	0
165	Q	0	0	0	0	0	0	0
166	A	0	0	0	0	0	0	0
167	P	0	0	0	0	0	0	0
168	V	0	0	0	0	0	0	0
169	L	0	0	0	0	0	0	0
170	Y	0	0	0	0	0	0	0
171	F	0	0	0	0	0	0	0
172	V	0	0	0	0	0	0	0
173	T	0	0	0	0	0	0	0
174	T	0	0	0	0	0	0	0
175	S	0	0	0	0	0	0	0
176	A	0	0	0	0	0	0	0
177	R	0	0	0	0	0	0	0
178	G	0	0	0	0	0	0	0
179	G	0	0	0	0	0	0	0
180	R	0	0	0	0	0	0	0
181	V	0	0	0	0	0	0	0
182	T	0	0	0	0	0	0	0
183	C	0	0	0	0	0	0	0
184	H	0	0	0	0	0	0	0
185	D	0	0	0	0	0	0	0
186	T	0	0	0	0	0	0	0
187	S	0	0	0	0	0	0	0
188	A	0	0	0	0	0	0	0
189	P	0	0	0	0	0	0	0
190	E	0	0	0	0	0	0	0
191	L	0	0	0	0	0	0	0
192	F	0	0	0	0	0	0	0
193	S	0	0	0	0	0	0	0
194	R	0	0	0	0	0	0	0
195	F	0	0	0	0	0	0	0
196	V	0	0	0	0	0	0	0
197	A	0	0	0	0	0	0	0
198	Y	0	0	0	0	0	0	0
199	S	0	0	0	0	0	0	0
200	S	0	0	0	0	0	0	0
201	V	0	0	0	0	0	0	0
202	M	0	0	0	0	0	0	0
203	L	0	0	0	0	0	0	0
204	G	0	0	0	0	0	0	0
205	L	0	0	0	0	0	0	0
206	L	0	0	0	0	0	0	0
207	F	0	0	0	0	0	0	0
208	A	0	0	0	0	0	0	0
209	V	0	0	0	0	0	0	0
210	P	0	0	0	0	0	0	0
211	F	0	0	0	0	0	0	0
212	A	0	0	0	0	0	0	0
213	V	0	0	0	0	0	0	0
214	I	0	0	0	0	0	0	0
215	L	0	0	0	0	0	0	0
216	V	0	0	0	0	0	0	0
217	C	0	0	0	0	0	0	0
218	Y	0	0	0	0	0	0	0
219	V	0	0	0	0	0	0	0
220	L	0	0	0	0	0	0	0
221	M	0	0	0	0	0	0	0
222	A	0	0	0	0	0	0	0
223	R	0	0	0	0	0	0	0
224	R	0	0	0	0	0	0	0
225	L	0	0	0	0	0	0	0
226	L	0	0	0	0	0	0	0
227	K	Ubiquitinlysine	LMARRLLKPAYGTSG	HHHHHHHCHHHCCCC	0	0	0	0
228	P	0	0	0	0	0	0	0
229	A	0	0	0	0	0	0	0
230	Y	0	0	0	0	0	0	0
231	G	0	0	0	0	0	0	0
232	T	0	0	0	0	0	0	0
233	S	0	0	0	0	0	0	0
234	G	0	0	0	0	0	0	0
235	G	0	0	0	0	0	0	0
236	L	0	0	0	0	0	0	0
237	P	0	0	0	0	0	0	0
238	R	0	0	0	0	0	0	0
239	A	0	0	0	0	0	0	0
240	K	0	0	0	0	0	0	0
241	R	0	0	0	0	0	0	0
242	K	0	0	0	0	0	0	0
243	S	Phosphoserine	LPRAKRKSVRTIAVV	CCHHHHHHHHHHHHH	0	0	0	0
244	V	0	0	0	0	0	0	0
245	R	0	0	0	0	0	0	0
246	T	0	0	0	0	0	0	0
247	I	0	0	0	0	0	0	0
248	A	0	0	0	0	0	0	0
249	V	0	0	0	0	0	0	0
250	V	0	0	0	0	0	0	0
251	L	0	0	0	0	0	0	0
252	A	0	0	0	0	0	0	0
253	V	0	0	0	0	0	0	0
254	F	0	0	0	0	0	0	0
255	A	0	0	0	0	0	0	0
256	L	0	0	0	0	0	0	0
257	C	0	0	0	0	0	0	0
258	F	0	0	0	0	0	0	0
259	L	0	0	0	0	0	0	0
260	P	0	0	0	0	0	0	0
261	F	0	0	0	0	0	0	0
262	H	0	0	0	0	0	0	0
263	V	0	0	0	0	0	0	0
264	T	0	0	0	0	0	0	0
265	R	0	0	0	0	0	0	0
266	T	0	0	0	0	0	0	0
267	L	0	0	0	0	0	0	0
268	Y	0	0	0	0	0	0	0
269	Y	0	0	0	0	0	0	0
270	S	0	0	0	0	0	0	0
271	F	0	0	0	0	0	0	0
272	R	0	0	0	0	0	0	0
273	S	0	0	0	0	0	0	0
274	L	0	0	0	0	0	0	0
275	D	0	0	0	0	0	0	0
276	L	0	0	0	0	0	0	0
277	S	0	0	0	0	0	0	0
278	C	0	0	0	0	0	0	0
279	H	0	0	0	0	0	0	0
280	T	0	0	0	0	0	0	0
281	L	0	0	0	0	0	0	0
282	N	0	0	0	0	0	0	0
283	A	0	0	0	0	0	0	0
284	I	0	0	0	0	0	0	0
285	N	0	0	0	0	0	0	0
286	M	0	0	0	0	0	0	0
287	A	0	0	0	0	0	0	0
288	Y	0	0	0	0	0	0	0
289	K	0	0	0	0	0	0	0
290	V	0	0	0	0	0	0	0
291	T	0	0	0	0	0	0	0
292	R	0	0	0	0	0	0	0
293	P	0	0	0	0	0	0	0
294	L	0	0	0	0	0	0	0
295	A	0	0	0	0	0	0	0
296	S	0	0	0	0	0	0	0
297	A	0	0	0	0	0	0	0
298	N	0	0	0	0	0	0	0
299	S	0	0	0	0	0	0	0
300	C	0	0	0	0	0	0	0
301	L	0	0	0	0	0	0	0
302	D	0	0	0	0	0	0	0
303	P	0	0	0	0	0	0	0
304	V	0	0	0	0	0	0	0
305	L	0	0	0	0	0	0	0
306	Y	0	0	0	0	0	0	0
307	F	0	0	0	0	0	0	0
308	L	0	0	0	0	0	0	0
309	A	0	0	0	0	0	0	0
310	G	0	0	0	0	0	0	0
311	Q	0	0	0	0	0	0	0
312	R	0	0	0	0	0	0	0
313	L	0	0	0	0	0	0	0
314	V	0	0	0	0	0	0	0
315	R	0	0	0	0	0	0	0
316	F	0	0	0	0	0	0	0
317	A	0	0	0	0	0	0	0
318	R	0	0	0	0	0	0	0
319	D	0	0	0	0	0	0	0
320	A	0	0	0	0	0	0	0
321	K	0	0	0	0	0	0	0
322	P	0	0	0	0	0	0	0
323	P	0	0	0	0	0	0	0
324	T	Phosphothreonine	ARDAKPPTGPSPATP	HHCCCCCCCCCCCCH	0	0	0	0
325	G	0	0	0	0	0	0	0
326	P	0	0	0	0	0	0	0
327	S	Phosphoserine	AKPPTGPSPATPARR	CCCCCCCCCCCHHHH	0	0	0	0
328	P	0	0	0	0	0	0	0
329	A	0	0	0	0	0	0	0
330	T	Phosphothreonine	PTGPSPATPARRRLG	CCCCCCCCHHHHHHC	0	0	0	0
331	P	0	0	0	0	0	0	0
332	A	0	0	0	0	0	0	0
333	R	0	0	0	0	0	0	0
334	R	0	0	0	0	0	0	0
335	R	0	0	0	0	0	0	0
336	L	0	0	0	0	0	0	0
337	G	0	0	0	0	0	0	0
338	L	0	0	0	0	0	0	0
339	R	0	0	0	0	0	0	0
340	R	0	0	0	0	0	0	0
341	S	0	0	0	0	0	0	0
342	D	0	0	0	0	0	0	0
343	R	0	0	0	0	0	0	0
344	T	Phosphothreonine	GLRRSDRTDMQRIED	CCCCCCCCCHHHHHH	0	0	0	0
345	D	0	0	0	0	0	0	0
346	M	0	0	0	0	0	0	0
347	Q	0	0	0	0	0	0	0
348	R	0	0	0	0	0	0	0
349	I	0	0	0	0	0	0	0
350	E	0	0	0	0	0	0	0
351	D	0	0	0	0	0	0	0
352	V	0	0	0	0	0	0	0
353	L	0	0	0	0	0	0	0
354	G	0	0	0	0	0	0	0
355	S	Phosphoserine	RIEDVLGSSEDSRRT	HHHHHHCCCCCCCCC	Basophil percentage of granulocytes:basophil percentage of granulocytes	359 (4)	0	0
356	S	Phosphoserine	IEDVLGSSEDSRRTE	HHHHHCCCCCCCCCC	Basophil percentage of granulocytes:basophil percentage of granulocytes	359 (3)	0	0
357	E	0	0	0	0	0	0	0
358	D	0	0	0	0	0	0	0
359	S	Phosphoserine	VLGSSEDSRRTESTP	HHCCCCCCCCCCCCC	Basophil percentage of granulocytes:basophil percentage of granulocytes	359 (0)	P	355,356,359,364,369
360	R	0	0	0	0	0	0	0
361	R	0	0	0	0	0	0	0
362	T	0	0	0	0	0	0	0
363	E	0	0	0	0	0	0	0
364	S	Phosphoserine	EDSRRTESTPAGSEN	CCCCCCCCCCCCCCC	Basophil percentage of granulocytes:basophil percentage of granulocytes	359 (5)	0	0
365	T	0	0	0	0	0	0	0
366	P	0	0	0	0	0	0	0
367	A	0	0	0	0	0	0	0
368	G	0	0	0	0	0	0	0
369	S	Phosphoserine	TESTPAGSENTKDIR	CCCCCCCCCCCCCCC	Basophil percentage of granulocytes:basophil percentage of granulocytes	359 (10)	0	0
370	E	0	0	0	0	0	0	0
371	N	0	0	0	0	0	0	0
372	T	0	0	0	0	0	0	0
373	K	0	0	0	0	0	0	0
374	D	0	0	0	0	0	0	0
375	I	0	0	0	0	0	0	0
376	R	0	0	0	0	0	0	0
377	L	0	0	0	0	0	0	0
