location	residue	Modification	seq	secStruc	RelatedDisease	VariantPosition	ResidueChange	DaPSbySAP
1	M	0	0	0	0	0	0	0
2	V	0	0	0	0	0	0	0
3	M	0	0	0	0	0	0	0
4	G	0	0	0	0	0	0	0
5	I	0	0	0	0	0	0	0
6	F	0	0	0	0	0	0	0
7	A	0	0	0	0	0	0	0
8	N	0	0	0	0	0	0	0
9	C	0	0	0	0	0	0	0
10	I	0	0	0	0	0	0	0
11	F	0	0	0	0	0	0	0
12	C	0	0	0	0	0	0	0
13	L	0	0	0	0	0	0	0
14	K	0	0	0	0	0	0	0
15	V	0	0	0	0	0	0	0
16	K	0	0	0	0	0	0	0
17	Y	Phosphotyrosine	IFCLKVKYLPQQQKK	HHHHHHHCCCHHHHH	0	0	0	0
18	L	0	0	0	0	0	0	0
19	P	0	0	0	0	0	0	0
20	Q	0	0	0	0	0	0	0
21	Q	0	0	0	0	0	0	0
22	Q	0	0	0	0	0	0	0
23	K	0	0	0	0	0	0	0
24	K	0	0	0	0	0	0	0
25	K	0	0	0	0	0	0	0
26	L	0	0	0	0	0	0	0
27	Q	0	0	0	0	0	0	0
28	T	Phosphothreonine	QQKKKLQTDIKENGG	HHHHHHCHHHHHCCC	0	0	0	0
29	D	0	0	0	0	0	0	0
30	I	0	0	0	0	0	0	0
31	K	0	0	0	0	0	0	0
32	E	0	0	0	0	0	0	0
33	N	0	0	0	0	0	0	0
34	G	0	0	0	0	0	0	0
35	G	0	0	0	0	0	0	0
36	K	0	0	0	0	0	0	0
37	F	0	0	0	0	0	0	0
38	S	0	0	0	0	0	0	0
39	F	0	0	0	0	0	0	0
40	S	0	0	0	0	0	0	0
41	L	0	0	0	0	0	0	0
42	N	0	0	0	0	0	0	0
43	P	0	0	0	0	0	0	0
44	Q	0	0	0	0	0	0	0
45	C	0	0	0	0	0	0	0
46	T	0	0	0	0	0	0	0
47	H	0	0	0	0	0	0	0
48	I	0	0	0	0	0	0	0
49	I	0	0	0	0	0	0	0
50	L	0	0	0	0	0	0	0
51	D	0	0	0	0	0	0	0
52	N	0	0	0	0	0	0	0
53	A	0	0	0	0	0	0	0
54	D	0	0	0	0	0	0	0
55	V	0	0	0	0	0	0	0
56	L	0	0	0	0	0	0	0
57	S	0	0	0	0	0	0	0
58	Q	0	0	0	0	0	0	0
59	Y	0	0	0	0	0	0	0
60	Q	0	0	0	0	0	0	0
61	L	0	0	0	0	0	0	0
62	N	0	0	0	0	0	0	0
63	S	0	0	0	0	0	0	0
64	I	0	0	0	0	0	0	0
65	Q	0	0	0	0	0	0	0
66	K	0	0	0	0	0	0	0
67	N	0	0	0	0	0	0	0
68	H	0	0	0	0	0	0	0
69	V	0	0	0	0	0	0	0
70	H	0	0	0	0	0	0	0
71	I	0	0	0	0	0	0	0
72	A	0	0	0	0	0	0	0
73	N	0	0	0	0	0	0	0
74	P	0	0	0	0	0	0	0
75	D	0	0	0	0	0	0	0
76	F	0	0	0	0	0	0	0
77	I	0	0	0	0	0	0	0
78	W	0	0	0	0	0	0	0
79	K	0	0	0	0	0	0	0
80	S	0	0	0	0	0	0	0
81	I	0	0	0	0	0	0	0
82	R	0	0	0	0	0	0	0
83	E	0	0	0	0	0	0	0
84	K	0	0	0	0	0	0	0
85	R	0	0	0	0	0	0	0
86	L	0	0	0	0	0	0	0
87	L	0	0	0	0	0	0	0
88	D	0	0	0	0	0	0	0
89	V	0	0	0	0	0	0	0
90	K	Ubiquitinlysine	EKRLLDVKNYDPYKP	HHCCCCCCCCCCCCC	0	0	0	0
91	N	0	0	0	0	0	0	0
92	Y	0	0	0	0	0	0	0
93	D	0	0	0	0	0	0	0
94	P	0	0	0	0	0	0	0
95	Y	Phosphotyrosine	DVKNYDPYKPLDITP	CCCCCCCCCCCCCCC	0	0	0	0
96	K	Ubiquitinlysine	VKNYDPYKPLDITPP	CCCCCCCCCCCCCCC	0	0	0	0
97	P	0	0	0	0	0	0	0
98	L	0	0	0	0	0	0	0
99	D	0	0	0	0	0	0	0
100	I	0	0	0	0	0	0	0
101	T	Phosphothreonine	PYKPLDITPPPDQKA	CCCCCCCCCCCCCCC	0	0	0	0
102	P	0	0	0	0	0	0	0
103	P	0	0	0	0	0	0	0
104	P	0	0	0	0	0	0	0
105	D	0	0	0	0	0	0	0
106	Q	0	0	0	0	0	0	0
107	K	0	0	0	0	0	0	0
108	A	0	0	0	0	0	0	0
109	S	0	0	0	0	0	0	0
110	S	0	0	0	0	0	0	0
111	S	0	0	0	0	0	0	0
112	E	0	0	0	0	0	0	0
113	V	0	0	0	0	0	0	0
114	K	0	0	0	0	0	0	0
115	T	0	0	0	0	0	0	0
116	E	0	0	0	0	0	0	0
117	G	0	0	0	0	0	0	0
118	L	0	0	0	0	0	0	0
119	C	0	0	0	0	0	0	0
120	P	0	0	0	0	0	0	0
121	D	0	0	0	0	0	0	0
122	S	Phosphoserine	TEGLCPDSATEEEDT	CCCCCCCCCCCCCCC	Idiopathic intracranial hypertension:pseudotumor cerebri	122 (0)	N	122,124
123	A	0	0	0	0	0	0	0
124	T	Phosphothreonine	GLCPDSATEEEDTVE	CCCCCCCCCCCCCEE	Idiopathic intracranial hypertension:pseudotumor cerebri	122 (2)	0	0
125	E	0	0	0	0	0	0	0
126	E	0	0	0	0	0	0	0
127	E	0	0	0	0	0	0	0
128	D	0	0	0	0	0	0	0
129	T	0	0	0	0	0	0	0
130	V	0	0	0	0	0	0	0
131	E	0	0	0	0	0	0	0
132	L	0	0	0	0	0	0	0
133	T	0	0	0	0	0	0	0
134	E	0	0	0	0	0	0	0
135	F	0	0	0	0	0	0	0
136	G	0	0	0	0	0	0	0
137	M	0	0	0	0	0	0	0
138	Q	0	0	0	0	0	0	0
139	N	0	0	0	0	0	0	0
140	V	0	0	0	0	0	0	0
141	E	0	0	0	0	0	0	0
142	I	0	0	0	0	0	0	0
143	P	0	0	0	0	0	0	0
144	H	0	0	0	0	0	0	0
145	L	0	0	0	0	0	0	0
146	P	0	0	0	0	0	0	0
147	Q	0	0	0	0	0	0	0
148	D	0	0	0	0	0	0	0
149	F	0	0	0	0	0	0	0
150	E	0	0	0	0	0	0	0
151	V	0	0	0	0	0	0	0
152	A	0	0	0	0	0	0	0
153	K	0	0	0	0	0	0	0
154	Y	0	0	0	0	0	0	0
155	N	0	0	0	0	0	0	0
156	T	0	0	0	0	0	0	0
157	L	0	0	0	0	0	0	0
158	E	0	0	0	0	0	0	0
159	K	0	0	0	0	0	0	0
160	V	0	0	0	0	0	0	0
161	G	0	0	0	0	0	0	0
162	M	0	0	0	0	0	0	0
163	E	0	0	0	0	0	0	0
164	G	0	0	0	0	0	0	0
165	G	0	0	0	0	0	0	0
166	Q	0	0	0	0	0	0	0
167	E	0	0	0	0	0	0	0
168	A	0	0	0	0	0	0	0
169	V	0	0	0	0	0	0	0
170	V	0	0	0	0	0	0	0
171	V	0	0	0	0	0	0	0
172	E	0	0	0	0	0	0	0
173	L	0	0	0	0	0	0	0
174	Q	0	0	0	0	0	0	0
175	C	0	0	0	0	0	0	0
176	S	0	0	0	0	0	0	0
177	R	0	0	0	0	0	0	0
178	D	0	0	0	0	0	0	0
179	S	0	0	0	0	0	0	0
180	R	0	0	0	0	0	0	0
181	D	0	0	0	0	0	0	0
182	C	0	0	0	0	0	0	0
183	P	0	0	0	0	0	0	0
184	F	0	0	0	0	0	0	0
185	L	0	0	0	0	0	0	0
186	I	0	0	0	0	0	0	0
187	S	0	0	0	0	0	0	0
188	S	0	0	0	0	0	0	0
189	H	0	0	0	0	0	0	0
190	F	0	0	0	0	0	0	0
191	L	0	0	0	0	0	0	0
192	L	0	0	0	0	0	0	0
193	D	0	0	0	0	0	0	0
194	D	0	0	0	0	0	0	0
195	G	0	0	0	0	0	0	0
196	M	0	0	0	0	0	0	0
197	E	0	0	0	0	0	0	0
198	T	0	0	0	0	0	0	0
199	R	0	0	0	0	0	0	0
200	R	0	0	0	0	0	0	0
201	Q	0	0	0	0	0	0	0
202	F	0	0	0	0	0	0	0
203	A	0	0	0	0	0	0	0
204	I	0	0	0	0	0	0	0
205	K	0	0	0	0	0	0	0
206	K	0	0	0	0	0	0	0
207	T	0	0	0	0	0	0	0
208	S	0	0	0	0	0	0	0
209	E	0	0	0	0	0	0	0
210	D	0	0	0	0	0	0	0
211	A	0	0	0	0	0	0	0
212	S	0	0	0	0	0	0	0
213	E	0	0	0	0	0	0	0
214	Y	Phosphotyrosine	TSEDASEYFENYIEE	CCHHHHHHHHHHHHH	0	0	0	0
215	F	0	0	0	0	0	0	0
216	E	0	0	0	0	0	0	0
217	N	0	0	0	0	0	0	0
218	Y	Phosphotyrosine	ASEYFENYIEELKKQ	HHHHHHHHHHHHHHC	0	0	0	0
219	I	0	0	0	0	0	0	0
220	E	0	0	0	0	0	0	0
221	E	0	0	0	0	0	0	0
222	L	0	0	0	0	0	0	0
223	K	Ubiquitinlysine	ENYIEELKKQGFLLR	HHHHHHHHHCCCEEH	0	0	0	0
224	K	0	0	0	0	0	0	0
225	Q	0	0	0	0	0	0	0
226	G	0	0	0	0	0	0	0
227	F	0	0	0	0	0	0	0
228	L	0	0	0	0	0	0	0
229	L	0	0	0	0	0	0	0
230	R	0	0	0	0	0	0	0
231	E	0	0	0	0	0	0	0
232	H	0	0	0	0	0	0	0
233	F	0	0	0	0	0	0	0
234	T	0	0	0	0	0	0	0
235	P	0	0	0	0	0	0	0
236	E	0	0	0	0	0	0	0
237	A	0	0	0	0	0	0	0
238	T	0	0	0	0	0	0	0
239	Q	0	0	0	0	0	0	0
240	L	0	0	0	0	0	0	0
241	A	0	0	0	0	0	0	0
242	S	0	0	0	0	0	0	0
243	E	0	0	0	0	0	0	0
244	Q	0	0	0	0	0	0	0
245	L	0	0	0	0	0	0	0
246	Q	0	0	0	0	0	0	0
247	A	0	0	0	0	0	0	0
248	L	0	0	0	0	0	0	0
249	L	0	0	0	0	0	0	0
250	L	0	0	0	0	0	0	0
251	E	0	0	0	0	0	0	0
252	E	0	0	0	0	0	0	0
253	V	0	0	0	0	0	0	0
254	M	0	0	0	0	0	0	0
255	N	0	0	0	0	0	0	0
256	S	0	0	0	0	0	0	0
257	S	0	0	0	0	0	0	0
258	T	0	0	0	0	0	0	0
259	L	0	0	0	0	0	0	0
260	S	0	0	0	0	0	0	0
261	Q	0	0	0	0	0	0	0
262	E	0	0	0	0	0	0	0
263	V	0	0	0	0	0	0	0
264	S	0	0	0	0	0	0	0
265	D	0	0	0	0	0	0	0
266	L	0	0	0	0	0	0	0
267	V	0	0	0	0	0	0	0
268	E	0	0	0	0	0	0	0
269	M	0	0	0	0	0	0	0
270	I	0	0	0	0	0	0	0
271	W	0	0	0	0	0	0	0
272	A	0	0	0	0	0	0	0
273	E	0	0	0	0	0	0	0
274	A	0	0	0	0	0	0	0
275	L	0	0	0	0	0	0	0
276	G	0	0	0	0	0	0	0
277	H	0	0	0	0	0	0	0
278	L	0	0	0	0	0	0	0
279	E	0	0	0	0	0	0	0
280	H	0	0	0	0	0	0	0
281	M	0	0	0	0	0	0	0
282	L	0	0	0	0	0	0	0
283	L	0	0	0	0	0	0	0
284	K	0	0	0	0	0	0	0
285	P	0	0	0	0	0	0	0
286	V	0	0	0	0	0	0	0
287	N	0	0	0	0	0	0	0
288	R	0	0	0	0	0	0	0
289	I	0	0	0	0	0	0	0
290	S	0	0	0	0	0	0	0
291	L	0	0	0	0	0	0	0
292	N	0	0	0	0	0	0	0
293	D	0	0	0	0	0	0	0
294	V	0	0	0	0	0	0	0
295	S	0	0	0	0	0	0	0
296	K	0	0	0	0	0	0	0
297	A	0	0	0	0	0	0	0
298	E	0	0	0	0	0	0	0
299	G	0	0	0	0	0	0	0
300	I	0	0	0	0	0	0	0
301	L	0	0	0	0	0	0	0
302	L	0	0	0	0	0	0	0
303	L	0	0	0	0	0	0	0
304	V	0	0	0	0	0	0	0
305	K	Ubiquitinlysine	EGILLLVKAALKNGE	HHHHHHHHHHHHCCC	0	0	0	0
306	A	0	0	0	0	0	0	0
307	A	0	0	0	0	0	0	0
308	L	0	0	0	0	0	0	0
309	K	Ubiquitinlysine	LLVKAALKNGETAEQ	HHHHHHHHCCCHHHH	0	0	0	0
310	N	0	0	0	0	0	0	0
311	G	0	0	0	0	0	0	0
312	E	0	0	0	0	0	0	0
313	T	0	0	0	0	0	0	0
314	A	0	0	0	0	0	0	0
315	E	0	0	0	0	0	0	0
316	Q	0	0	0	0	0	0	0
317	L	0	0	0	0	0	0	0
318	Q	0	0	0	0	0	0	0
319	K	0	0	0	0	0	0	0
320	M	0	0	0	0	0	0	0
321	M	0	0	0	0	0	0	0
322	T	0	0	0	0	0	0	0
323	E	0	0	0	0	0	0	0
324	F	0	0	0	0	0	0	0
325	Y	0	0	0	0	0	0	0
326	R	0	0	0	0	0	0	0
327	L	0	0	0	0	0	0	0
328	I	0	0	0	0	0	0	0
329	P	0	0	0	0	0	0	0
330	H	0	0	0	0	0	0	0
331	K	0	0	0	0	0	0	0
332	G	0	0	0	0	0	0	0
333	T	Phosphothreonine	RLIPHKGTMPKEVNL	HHCCCCCCCCCCCCH	0	0	0	0
334	M	0	0	0	0	0	0	0
335	P	0	0	0	0	0	0	0
336	K	0	0	0	0	0	0	0
337	E	0	0	0	0	0	0	0
338	V	0	0	0	0	0	0	0
339	N	0	0	0	0	0	0	0
340	L	0	0	0	0	0	0	0
341	G	0	0	0	0	0	0	0
342	L	0	0	0	0	0	0	0
343	L	0	0	0	0	0	0	0
344	A	0	0	0	0	0	0	0
345	K	0	0	0	0	0	0	0
346	K	0	0	0	0	0	0	0
347	A	0	0	0	0	0	0	0
348	D	0	0	0	0	0	0	0
349	L	0	0	0	0	0	0	0
350	C	0	0	0	0	0	0	0
351	Q	0	0	0	0	0	0	0
352	L	0	0	0	0	0	0	0
353	I	0	0	0	0	0	0	0
354	R	0	0	0	0	0	0	0
355	D	0	0	0	0	0	0	0
356	M	0	0	0	0	0	0	0
357	V	0	0	0	0	0	0	0
358	N	0	0	0	0	0	0	0
359	V	0	0	0	0	0	0	0
360	C	0	0	0	0	0	0	0
361	E	0	0	0	0	0	0	0
362	T	Phosphothreonine	DMVNVCETNLSKPNP	HHHHHHHHCCCCCCC	0	0	0	0
363	N	0	0	0	0	0	0	0
364	L	0	0	0	0	0	0	0
365	S	Phosphoserine	NVCETNLSKPNPPSL	HHHHHCCCCCCCHHH	0	0	0	0
366	K	0	0	0	0	0	0	0
367	P	0	0	0	0	0	0	0
368	N	0	0	0	0	0	0	0
369	P	0	0	0	0	0	0	0
370	P	0	0	0	0	0	0	0
371	S	Phosphoserine	LSKPNPPSLAKYRAL	CCCCCCHHHHHHHHH	0	0	0	0
372	L	0	0	0	0	0	0	0
373	A	0	0	0	0	0	0	0
374	K	0	0	0	0	0	0	0
375	Y	0	0	0	0	0	0	0
376	R	0	0	0	0	0	0	0
377	A	0	0	0	0	0	0	0
378	L	0	0	0	0	0	0	0
379	R	0	0	0	0	0	0	0
380	C	0	0	0	0	0	0	0
381	K	0	0	0	0	0	0	0
382	I	0	0	0	0	0	0	0
383	E	0	0	0	0	0	0	0
384	H	0	0	0	0	0	0	0
385	V	0	0	0	0	0	0	0
386	E	0	0	0	0	0	0	0
387	Q	0	0	0	0	0	0	0
388	N	0	0	0	0	0	0	0
389	T	0	0	0	0	0	0	0
390	E	0	0	0	0	0	0	0
391	E	0	0	0	0	0	0	0
392	F	0	0	0	0	0	0	0
393	L	0	0	0	0	0	0	0
394	R	0	0	0	0	0	0	0
395	V	0	0	0	0	0	0	0
396	R	0	0	0	0	0	0	0
397	K	0	0	0	0	0	0	0
398	E	0	0	0	0	0	0	0
399	V	0	0	0	0	0	0	0
400	L	0	0	0	0	0	0	0
401	Q	0	0	0	0	0	0	0
402	N	0	0	0	0	0	0	0
403	H	0	0	0	0	0	0	0
404	H	0	0	0	0	0	0	0
405	S	0	0	0	0	0	0	0
406	K	0	0	0	0	0	0	0
407	S	0	0	0	0	0	0	0
408	P	0	0	0	0	0	0	0
409	V	0	0	0	0	0	0	0
410	D	0	0	0	0	0	0	0
411	V	0	0	0	0	0	0	0
412	L	0	0	0	0	0	0	0
413	Q	0	0	0	0	0	0	0
414	I	0	0	0	0	0	0	0
415	F	0	0	0	0	0	0	0
416	R	0	0	0	0	0	0	0
417	V	0	0	0	0	0	0	0
418	G	0	0	0	0	0	0	0
419	R	0	0	0	0	0	0	0
420	V	0	0	0	0	0	0	0
421	N	0	0	0	0	0	0	0
422	E	0	0	0	0	0	0	0
423	T	0	0	0	0	0	0	0
424	T	Phosphothreonine	VGRVNETTEFLSKLG	CCCCCHHHHHHHHHC	0	0	0	0
425	E	0	0	0	0	0	0	0
426	F	0	0	0	0	0	0	0
427	L	0	0	0	0	0	0	0
428	S	0	0	0	0	0	0	0
429	K	Ubiquitinlysine	ETTEFLSKLGNVRPL	HHHHHHHHHCCCHHH	0	0	0	0
430	L	0	0	0	0	0	0	0
431	G	0	0	0	0	0	0	0
432	N	0	0	0	0	0	0	0
433	V	0	0	0	0	0	0	0
434	R	0	0	0	0	0	0	0
435	P	0	0	0	0	0	0	0
436	L	0	0	0	0	0	0	0
437	L	0	0	0	0	0	0	0
438	H	0	0	0	0	0	0	0
439	G	0	0	0	0	0	0	0
440	S	0	0	0	0	0	0	0
441	P	0	0	0	0	0	0	0
442	V	0	0	0	0	0	0	0
443	Q	0	0	0	0	0	0	0
444	N	0	0	0	0	0	0	0
445	I	0	0	0	0	0	0	0
446	V	0	0	0	0	0	0	0
447	G	0	0	0	0	0	0	0
448	I	0	0	0	0	0	0	0
449	L	0	0	0	0	0	0	0
450	C	0	0	0	0	0	0	0
451	R	0	0	0	0	0	0	0
452	G	0	0	0	0	0	0	0
453	L	0	0	0	0	0	0	0
454	L	0	0	0	0	0	0	0
455	L	0	0	0	0	0	0	0
456	P	0	0	0	0	0	0	0
457	K	0	0	0	0	0	0	0
458	V	0	0	0	0	0	0	0
459	V	0	0	0	0	0	0	0
460	E	0	0	0	0	0	0	0
461	D	0	0	0	0	0	0	0
462	R	0	0	0	0	0	0	0
463	G	0	0	0	0	0	0	0
464	V	0	0	0	0	0	0	0
465	Q	0	0	0	0	0	0	0
466	R	0	0	0	0	0	0	0
467	T	Phosphothreonine	EDRGVQRTDVGNLGS	HCCCCCCCCCCCCCC	0	0	0	0
468	D	0	0	0	0	0	0	0
469	V	0	0	0	0	0	0	0
470	G	0	0	0	0	0	0	0
471	N	0	0	0	0	0	0	0
472	L	0	0	0	0	0	0	0
473	G	0	0	0	0	0	0	0
474	S	0	0	0	0	0	0	0
475	G	0	0	0	0	0	0	0
476	I	0	0	0	0	0	0	0
477	Y	0	0	0	0	0	0	0
478	F	0	0	0	0	0	0	0
479	S	0	0	0	0	0	0	0
480	D	0	0	0	0	0	0	0
481	S	0	0	0	0	0	0	0
482	L	0	0	0	0	0	0	0
483	S	0	0	0	0	0	0	0
484	T	0	0	0	0	0	0	0
485	S	0	0	0	0	0	0	0
486	I	0	0	0	0	0	0	0
487	K	0	0	0	0	0	0	0
488	Y	0	0	0	0	0	0	0
489	S	0	0	0	0	0	0	0
490	H	0	0	0	0	0	0	0
491	P	0	0	0	0	0	0	0
492	G	0	0	0	0	0	0	0
493	E	0	0	0	0	0	0	0
494	T	0	0	0	0	0	0	0
495	D	0	0	0	0	0	0	0
496	G	0	0	0	0	0	0	0
497	T	0	0	0	0	0	0	0
498	R	0	0	0	0	0	0	0
499	L	0	0	0	0	0	0	0
500	L	0	0	0	0	0	0	0
501	L	0	0	0	0	0	0	0
502	I	0	0	0	0	0	0	0
503	C	0	0	0	0	0	0	0
504	D	0	0	0	0	0	0	0
505	V	0	0	0	0	0	0	0
506	A	0	0	0	0	0	0	0
507	L	0	0	0	0	0	0	0
508	G	0	0	0	0	0	0	0
509	K	0	0	0	0	0	0	0
510	C	0	0	0	0	0	0	0
511	M	0	0	0	0	0	0	0
512	D	0	0	0	0	0	0	0
513	L	0	0	0	0	0	0	0
514	H	0	0	0	0	0	0	0
515	E	0	0	0	0	0	0	0
516	K	0	0	0	0	0	0	0
517	D	0	0	0	0	0	0	0
518	F	0	0	0	0	0	0	0
519	S	0	0	0	0	0	0	0
520	L	0	0	0	0	0	0	0
521	T	0	0	0	0	0	0	0
522	E	0	0	0	0	0	0	0
523	A	0	0	0	0	0	0	0
524	P	0	0	0	0	0	0	0
525	P	0	0	0	0	0	0	0
526	G	0	0	0	0	0	0	0
527	Y	0	0	0	0	0	0	0
528	D	0	0	0	0	0	0	0
529	S	0	0	0	0	0	0	0
530	V	0	0	0	0	0	0	0
531	H	0	0	0	0	0	0	0
532	G	0	0	0	0	0	0	0
533	V	0	0	0	0	0	0	0
534	S	0	0	0	0	0	0	0
535	Q	0	0	0	0	0	0	0
536	T	0	0	0	0	0	0	0
537	A	0	0	0	0	0	0	0
538	S	0	0	0	0	0	0	0
539	V	0	0	0	0	0	0	0
540	T	0	0	0	0	0	0	0
541	T	0	0	0	0	0	0	0
542	D	0	0	0	0	0	0	0
543	F	0	0	0	0	0	0	0
544	E	0	0	0	0	0	0	0
545	D	0	0	0	0	0	0	0
546	D	0	0	0	0	0	0	0
547	E	0	0	0	0	0	0	0
548	F	0	0	0	0	0	0	0
549	V	0	0	0	0	0	0	0
550	V	0	0	0	0	0	0	0
551	Y	0	0	0	0	0	0	0
552	K	0	0	0	0	0	0	0
553	T	0	0	0	0	0	0	0
554	N	0	0	0	0	0	0	0
555	Q	0	0	0	0	0	0	0
556	V	0	0	0	0	0	0	0
557	K	0	0	0	0	0	0	0
558	M	0	0	0	0	0	0	0
559	K	0	0	0	0	0	0	0
560	Y	0	0	0	0	0	0	0
561	I	0	0	0	0	0	0	0
562	I	0	0	0	0	0	0	0
563	K	0	0	0	0	0	0	0
564	F	0	0	0	0	0	0	0
565	S	0	0	0	0	0	0	0
566	M	0	0	0	0	0	0	0
567	P	0	0	0	0	0	0	0
568	G	0	0	0	0	0	0	0
569	D	0	0	0	0	0	0	0
570	Q	0	0	0	0	0	0	0
571	I	0	0	0	0	0	0	0
572	K	0	0	0	0	0	0	0
573	D	0	0	0	0	0	0	0
574	F	0	0	0	0	0	0	0
575	H	0	0	0	0	0	0	0
576	P	0	0	0	0	0	0	0
577	S	0	0	0	0	0	0	0
578	D	0	0	0	0	0	0	0
579	H	0	0	0	0	0	0	0
580	T	0	0	0	0	0	0	0
581	E	0	0	0	0	0	0	0
582	L	0	0	0	0	0	0	0
583	E	0	0	0	0	0	0	0
584	E	0	0	0	0	0	0	0
585	Y	0	0	0	0	0	0	0
586	R	0	0	0	0	0	0	0
587	P	0	0	0	0	0	0	0
588	E	0	0	0	0	0	0	0
589	F	0	0	0	0	0	0	0
590	S	0	0	0	0	0	0	0
591	N	0	0	0	0	0	0	0
592	F	0	0	0	0	0	0	0
593	S	0	0	0	0	0	0	0
594	K	Ubiquitinlysine	PEFSNFSKVEDYQLP	CCCCCCCCCCCCCCC	0	0	0	0
595	V	0	0	0	0	0	0	0
596	E	0	0	0	0	0	0	0
597	D	0	0	0	0	0	0	0
598	Y	0	0	0	0	0	0	0
599	Q	0	0	0	0	0	0	0
600	L	0	0	0	0	0	0	0
601	P	0	0	0	0	0	0	0
602	D	0	0	0	0	0	0	0
603	A	0	0	0	0	0	0	0
604	K	Ubiquitinlysine	DYQLPDAKTSSSTKA	CCCCCCCCCCCCCCC	0	0	0	0
605	T	0	0	0	0	0	0	0
606	S	0	0	0	0	0	0	0
607	S	0	0	0	0	0	0	0
608	S	0	0	0	0	0	0	0
609	T	0	0	0	0	0	0	0
610	K	0	0	0	0	0	0	0
611	A	0	0	0	0	0	0	0
612	G	0	0	0	0	0	0	0
613	L	0	0	0	0	0	0	0
614	Q	0	0	0	0	0	0	0
615	D	0	0	0	0	0	0	0
616	A	0	0	0	0	0	0	0
617	S	0	0	0	0	0	0	0
618	G	0	0	0	0	0	0	0
619	N	0	0	0	0	0	0	0
620	L	0	0	0	0	0	0	0
621	V	0	0	0	0	0	0	0
622	P	0	0	0	0	0	0	0
623	L	0	0	0	0	0	0	0
624	E	0	0	0	0	0	0	0
625	D	0	0	0	0	0	0	0
626	V	0	0	0	0	0	0	0
627	H	0	0	0	0	0	0	0
628	I	0	0	0	0	0	0	0
629	K	0	0	0	0	0	0	0
630	G	0	0	0	0	0	0	0
631	R	0	0	0	0	0	0	0
632	I	0	0	0	0	0	0	0
633	I	0	0	0	0	0	0	0
634	D	0	0	0	0	0	0	0
635	T	0	0	0	0	0	0	0
636	V	0	0	0	0	0	0	0
637	A	0	0	0	0	0	0	0
638	Q	0	0	0	0	0	0	0
639	V	0	0	0	0	0	0	0
640	I	0	0	0	0	0	0	0
641	V	0	0	0	0	0	0	0
642	F	0	0	0	0	0	0	0
643	Q	0	0	0	0	0	0	0
644	T	0	0	0	0	0	0	0
645	Y	0	0	0	0	0	0	0
646	T	0	0	0	0	0	0	0
647	N	0	0	0	0	0	0	0
648	K	0	0	0	0	0	0	0
649	S	0	0	0	0	0	0	0
650	H	0	0	0	0	0	0	0
651	V	0	0	0	0	0	0	0
652	P	0	0	0	0	0	0	0
653	I	0	0	0	0	0	0	0
654	E	0	0	0	0	0	0	0
655	A	0	0	0	0	0	0	0
656	K	0	0	0	0	0	0	0
657	Y	0	0	0	0	0	0	0
658	I	0	0	0	0	0	0	0
659	F	0	0	0	0	0	0	0
660	P	0	0	0	0	0	0	0
661	L	0	0	0	0	0	0	0
662	D	0	0	0	0	0	0	0
663	D	0	0	0	0	0	0	0
664	K	Ubiquitinlysine	YIFPLDDKAAVCGFE	EEEECCCHHEECCEE	0	0	0	0
665	A	0	0	0	0	0	0	0
666	A	0	0	0	0	0	0	0
667	V	0	0	0	0	0	0	0
668	C	0	0	0	0	0	0	0
669	G	0	0	0	0	0	0	0
670	F	0	0	0	0	0	0	0
671	E	0	0	0	0	0	0	0
672	A	0	0	0	0	0	0	0
673	F	0	0	0	0	0	0	0
674	I	0	0	0	0	0	0	0
675	N	0	0	0	0	0	0	0
676	G	0	0	0	0	0	0	0
677	K	0	0	0	0	0	0	0
678	H	0	0	0	0	0	0	0
679	I	0	0	0	0	0	0	0
680	V	0	0	0	0	0	0	0
681	G	0	0	0	0	0	0	0
682	E	0	0	0	0	0	0	0
683	I	0	0	0	0	0	0	0
684	K	0	0	0	0	0	0	0
685	E	0	0	0	0	0	0	0
686	K	0	0	0	0	0	0	0
687	E	0	0	0	0	0	0	0
688	E	0	0	0	0	0	0	0
689	A	0	0	0	0	0	0	0
690	Q	0	0	0	0	0	0	0
691	Q	0	0	0	0	0	0	0
692	E	0	0	0	0	0	0	0
693	Y	0	0	0	0	0	0	0
694	L	0	0	0	0	0	0	0
695	E	0	0	0	0	0	0	0
696	A	0	0	0	0	0	0	0
697	V	0	0	0	0	0	0	0
698	T	0	0	0	0	0	0	0
699	Q	0	0	0	0	0	0	0
700	G	0	0	0	0	0	0	0
701	H	0	0	0	0	0	0	0
702	G	0	0	0	0	0	0	0
703	A	0	0	0	0	0	0	0
704	Y	0	0	0	0	0	0	0
705	L	0	0	0	0	0	0	0
706	M	0	0	0	0	0	0	0
707	S	0	0	0	0	0	0	0
708	Q	0	0	0	0	0	0	0
709	D	0	0	0	0	0	0	0
710	A	0	0	0	0	0	0	0
711	P	0	0	0	0	0	0	0
712	D	0	0	0	0	0	0	0
713	V	0	0	0	0	0	0	0
714	F	0	0	0	0	0	0	0
715	T	0	0	0	0	0	0	0
716	V	0	0	0	0	0	0	0
717	S	0	0	0	0	0	0	0
718	V	0	0	0	0	0	0	0
719	G	0	0	0	0	0	0	0
720	N	0	0	0	0	0	0	0
721	L	0	0	0	0	0	0	0
722	P	0	0	0	0	0	0	0
723	P	0	0	0	0	0	0	0
724	K	0	0	0	0	0	0	0
725	A	0	0	0	0	0	0	0
726	K	0	0	0	0	0	0	0
727	V	0	0	0	0	0	0	0
728	L	0	0	0	0	0	0	0
729	I	0	0	0	0	0	0	0
730	K	0	0	0	0	0	0	0
731	I	0	0	0	0	0	0	0
732	T	0	0	0	0	0	0	0
733	Y	0	0	0	0	0	0	0
734	I	0	0	0	0	0	0	0
735	T	0	0	0	0	0	0	0
736	E	0	0	0	0	0	0	0
737	L	0	0	0	0	0	0	0
738	S	0	0	0	0	0	0	0
739	I	0	0	0	0	0	0	0
740	L	0	0	0	0	0	0	0
741	G	0	0	0	0	0	0	0
742	T	0	0	0	0	0	0	0
743	V	0	0	0	0	0	0	0
744	G	0	0	0	0	0	0	0
745	V	0	0	0	0	0	0	0
746	F	0	0	0	0	0	0	0
747	F	0	0	0	0	0	0	0
748	M	0	0	0	0	0	0	0
749	P	0	0	0	0	0	0	0
750	A	0	0	0	0	0	0	0
751	T	0	0	0	0	0	0	0
752	V	0	0	0	0	0	0	0
753	A	0	0	0	0	0	0	0
754	P	0	0	0	0	0	0	0
755	W	0	0	0	0	0	0	0
756	Q	0	0	0	0	0	0	0
757	Q	0	0	0	0	0	0	0
758	D	0	0	0	0	0	0	0
759	K	0	0	0	0	0	0	0
760	A	0	0	0	0	0	0	0
761	L	0	0	0	0	0	0	0
762	N	0	0	0	0	0	0	0
763	E	0	0	0	0	0	0	0
764	N	0	0	0	0	0	0	0
765	L	0	0	0	0	0	0	0
766	Q	0	0	0	0	0	0	0
767	D	0	0	0	0	0	0	0
768	T	Phosphothreonine	LNENLQDTVEKICIK	HHHHHHHHHHHHHHH	0	0	0	0
769	V	0	0	0	0	0	0	0
770	E	0	0	0	0	0	0	0
771	K	0	0	0	0	0	0	0
772	I	0	0	0	0	0	0	0
773	C	0	0	0	0	0	0	0
774	I	0	0	0	0	0	0	0
775	K	0	0	0	0	0	0	0
776	E	0	0	0	0	0	0	0
777	I	0	0	0	0	0	0	0
778	G	0	0	0	0	0	0	0
779	T	0	0	0	0	0	0	0
780	K	0	0	0	0	0	0	0
781	Q	0	0	0	0	0	0	0
782	S	0	0	0	0	0	0	0
783	F	0	0	0	0	0	0	0
784	S	0	0	0	0	0	0	0
785	L	0	0	0	0	0	0	0
786	T	0	0	0	0	0	0	0
787	M	0	0	0	0	0	0	0
788	S	0	0	0	0	0	0	0
789	I	0	0	0	0	0	0	0
790	E	0	0	0	0	0	0	0
791	M	0	0	0	0	0	0	0
792	P	0	0	0	0	0	0	0
793	Y	0	0	0	0	0	0	0
794	V	0	0	0	0	0	0	0
795	I	0	0	0	0	0	0	0
796	E	0	0	0	0	0	0	0
797	F	0	0	0	0	0	0	0
798	I	0	0	0	0	0	0	0
799	F	0	0	0	0	0	0	0
800	S	0	0	0	0	0	0	0
801	D	0	0	0	0	0	0	0
802	T	0	0	0	0	0	0	0
803	H	0	0	0	0	0	0	0
804	E	0	0	0	0	0	0	0
805	L	0	0	0	0	0	0	0
806	K	0	0	0	0	0	0	0
807	Q	0	0	0	0	0	0	0
808	K	0	0	0	0	0	0	0
809	R	0	0	0	0	0	0	0
810	T	0	0	0	0	0	0	0
811	D	0	0	0	0	0	0	0
812	C	0	0	0	0	0	0	0
813	K	0	0	0	0	0	0	0
814	A	0	0	0	0	0	0	0
815	V	0	0	0	0	0	0	0
816	I	0	0	0	0	0	0	0
817	S	0	0	0	0	0	0	0
818	T	0	0	0	0	0	0	0
819	M	0	0	0	0	0	0	0
820	E	0	0	0	0	0	0	0
821	G	0	0	0	0	0	0	0
822	S	0	0	0	0	0	0	0
823	S	0	0	0	0	0	0	0
824	L	0	0	0	0	0	0	0
825	D	0	0	0	0	0	0	0
826	S	0	0	0	0	0	0	0
827	S	0	0	0	0	0	0	0
828	G	0	0	0	0	0	0	0
829	F	0	0	0	0	0	0	0
830	S	Phosphoserine	SLDSSGFSLHIGLSA	CCCCCCEEEEEECCH	0	0	0	0
831	L	0	0	0	0	0	0	0
832	H	0	0	0	0	0	0	0
833	I	0	0	0	0	0	0	0
834	G	0	0	0	0	0	0	0
835	L	0	0	0	0	0	0	0
836	S	0	0	0	0	0	0	0
837	A	0	0	0	0	0	0	0
838	A	0	0	0	0	0	0	0
839	Y	0	0	0	0	0	0	0
840	L	0	0	0	0	0	0	0
841	P	0	0	0	0	0	0	0
842	R	0	0	0	0	0	0	0
843	M	0	0	0	0	0	0	0
844	W	0	0	0	0	0	0	0
845	V	0	0	0	0	0	0	0
846	E	0	0	0	0	0	0	0
847	K	0	0	0	0	0	0	0
848	H	0	0	0	0	0	0	0
849	P	0	0	0	0	0	0	0
850	E	0	0	0	0	0	0	0
851	K	0	0	0	0	0	0	0
852	E	0	0	0	0	0	0	0
853	S	0	0	0	0	0	0	0
854	E	0	0	0	0	0	0	0
855	A	0	0	0	0	0	0	0
856	C	0	0	0	0	0	0	0
857	M	0	0	0	0	0	0	0
858	L	0	0	0	0	0	0	0
859	V	0	0	0	0	0	0	0
860	F	0	0	0	0	0	0	0
861	Q	0	0	0	0	0	0	0
862	P	0	0	0	0	0	0	0
863	D	0	0	0	0	0	0	0
864	L	0	0	0	0	0	0	0
865	D	0	0	0	0	0	0	0
866	V	0	0	0	0	0	0	0
867	D	0	0	0	0	0	0	0
868	L	0	0	0	0	0	0	0
869	P	0	0	0	0	0	0	0
870	D	0	0	0	0	0	0	0
871	L	0	0	0	0	0	0	0
872	A	0	0	0	0	0	0	0
873	S	0	0	0	0	0	0	0
874	E	0	0	0	0	0	0	0
875	S	0	0	0	0	0	0	0
876	E	0	0	0	0	0	0	0
877	V	0	0	0	0	0	0	0
878	I	0	0	0	0	0	0	0
879	I	0	0	0	0	0	0	0
880	C	0	0	0	0	0	0	0
881	L	0	0	0	0	0	0	0
882	D	0	0	0	0	0	0	0
883	C	0	0	0	0	0	0	0
884	S	0	0	0	0	0	0	0
885	S	0	0	0	0	0	0	0
886	S	0	0	0	0	0	0	0
887	M	0	0	0	0	0	0	0
888	E	0	0	0	0	0	0	0
889	G	0	0	0	0	0	0	0
890	V	0	0	0	0	0	0	0
891	T	0	0	0	0	0	0	0
892	F	0	0	0	0	0	0	0
893	L	0	0	0	0	0	0	0
894	Q	0	0	0	0	0	0	0
895	A	0	0	0	0	0	0	0
896	K	0	0	0	0	0	0	0
897	Q	0	0	0	0	0	0	0
898	I	0	0	0	0	0	0	0
899	A	0	0	0	0	0	0	0
900	L	0	0	0	0	0	0	0
901	H	0	0	0	0	0	0	0
902	A	0	0	0	0	0	0	0
903	L	0	0	0	0	0	0	0
904	S	Phosphoserine	QIALHALSLVGEKQK	HHHHHHHHHCCCHHH	0	0	0	0
905	L	0	0	0	0	0	0	0
906	V	0	0	0	0	0	0	0
907	G	0	0	0	0	0	0	0
908	E	0	0	0	0	0	0	0
909	K	0	0	0	0	0	0	0
910	Q	0	0	0	0	0	0	0
911	K	0	0	0	0	0	0	0
912	V	0	0	0	0	0	0	0
913	N	0	0	0	0	0	0	0
914	I	0	0	0	0	0	0	0
915	I	0	0	0	0	0	0	0
916	Q	0	0	0	0	0	0	0
917	F	0	0	0	0	0	0	0
918	G	0	0	0	0	0	0	0
919	T	0	0	0	0	0	0	0
920	G	0	0	0	0	0	0	0
921	Y	0	0	0	0	0	0	0
922	K	0	0	0	0	0	0	0
923	E	0	0	0	0	0	0	0
924	L	0	0	0	0	0	0	0
925	F	0	0	0	0	0	0	0
926	S	0	0	0	0	0	0	0
927	Y	0	0	0	0	0	0	0
928	P	0	0	0	0	0	0	0
929	K	0	0	0	0	0	0	0
930	H	0	0	0	0	0	0	0
931	I	0	0	0	0	0	0	0
932	T	0	0	0	0	0	0	0
933	S	0	0	0	0	0	0	0
934	N	0	0	0	0	0	0	0
935	T	0	0	0	0	0	0	0
936	M	0	0	0	0	0	0	0
937	A	0	0	0	0	0	0	0
938	A	0	0	0	0	0	0	0
939	E	0	0	0	0	0	0	0
940	F	0	0	0	0	0	0	0
941	I	0	0	0	0	0	0	0
942	M	0	0	0	0	0	0	0
943	S	0	0	0	0	0	0	0
944	A	0	0	0	0	0	0	0
945	T	0	0	0	0	0	0	0
946	P	0	0	0	0	0	0	0
947	T	0	0	0	0	0	0	0
948	M	0	0	0	0	0	0	0
949	G	0	0	0	0	0	0	0
950	N	0	0	0	0	0	0	0
951	T	0	0	0	0	0	0	0
952	D	0	0	0	0	0	0	0
953	F	0	0	0	0	0	0	0
954	W	0	0	0	0	0	0	0
955	K	0	0	0	0	0	0	0
956	T	0	0	0	0	0	0	0
957	L	0	0	0	0	0	0	0
958	R	0	0	0	0	0	0	0
959	Y	Phosphotyrosine	DFWKTLRYLSLLYPA	HHHHHHHHHHHHCCC	0	0	0	0
960	L	0	0	0	0	0	0	0
961	S	0	0	0	0	0	0	0
962	L	0	0	0	0	0	0	0
963	L	0	0	0	0	0	0	0
964	Y	0	0	0	0	0	0	0
965	P	0	0	0	0	0	0	0
966	A	0	0	0	0	0	0	0
967	R	0	0	0	0	0	0	0
968	G	0	0	0	0	0	0	0
969	S	0	0	0	0	0	0	0
970	R	0	0	0	0	0	0	0
971	N	0	0	0	0	0	0	0
972	I	0	0	0	0	0	0	0
973	L	0	0	0	0	0	0	0
974	L	0	0	0	0	0	0	0
975	V	0	0	0	0	0	0	0
976	S	0	0	0	0	0	0	0
977	D	0	0	0	0	0	0	0
978	G	0	0	0	0	0	0	0
979	H	0	0	0	0	0	0	0
980	L	0	0	0	0	0	0	0
981	Q	0	0	0	0	0	0	0
982	D	0	0	0	0	0	0	0
983	E	0	0	0	0	0	0	0
984	S	0	0	0	0	0	0	0
985	L	0	0	0	0	0	0	0
986	T	0	0	0	0	0	0	0
987	L	0	0	0	0	0	0	0
988	Q	0	0	0	0	0	0	0
989	L	0	0	0	0	0	0	0
990	V	0	0	0	0	0	0	0
991	K	0	0	0	0	0	0	0
992	R	0	0	0	0	0	0	0
993	S	0	0	0	0	0	0	0
994	R	0	0	0	0	0	0	0
995	P	0	0	0	0	0	0	0
996	H	0	0	0	0	0	0	0
997	T	0	0	0	0	0	0	0
998	R	0	0	0	0	0	0	0
999	L	0	0	0	0	0	0	0
1000	F	0	0	0	0	0	0	0
1001	A	0	0	0	0	0	0	0
1002	C	0	0	0	0	0	0	0
1003	G	0	0	0	0	0	0	0
1004	I	0	0	0	0	0	0	0
1005	G	0	0	0	0	0	0	0
1006	S	0	0	0	0	0	0	0
1007	T	0	0	0	0	0	0	0
1008	A	0	0	0	0	0	0	0
1009	N	0	0	0	0	0	0	0
1010	R	0	0	0	0	0	0	0
1011	H	0	0	0	0	0	0	0
1012	V	0	0	0	0	0	0	0
1013	L	0	0	0	0	0	0	0
1014	R	0	0	0	0	0	0	0
1015	I	0	0	0	0	0	0	0
1016	L	0	0	0	0	0	0	0
1017	S	0	0	0	0	0	0	0
1018	Q	0	0	0	0	0	0	0
1019	C	0	0	0	0	0	0	0
1020	G	0	0	0	0	0	0	0
1021	A	0	0	0	0	0	0	0
1022	G	0	0	0	0	0	0	0
1023	V	0	0	0	0	0	0	0
1024	F	0	0	0	0	0	0	0
1025	E	0	0	0	0	0	0	0
1026	Y	0	0	0	0	0	0	0
1027	F	0	0	0	0	0	0	0
1028	N	0	0	0	0	0	0	0
1029	A	0	0	0	0	0	0	0
1030	K	0	0	0	0	0	0	0
1031	S	0	0	0	0	0	0	0
1032	K	0	0	0	0	0	0	0
1033	H	0	0	0	0	0	0	0
1034	S	0	0	0	0	0	0	0
1035	W	0	0	0	0	0	0	0
1036	R	0	0	0	0	0	0	0
1037	K	0	0	0	0	0	0	0
1038	Q	0	0	0	0	0	0	0
1039	I	0	0	0	0	0	0	0
1040	E	0	0	0	0	0	0	0
1041	D	0	0	0	0	0	0	0
1042	Q	0	0	0	0	0	0	0
1043	M	0	0	0	0	0	0	0
1044	T	0	0	0	0	0	0	0
1045	R	0	0	0	0	0	0	0
1046	L	0	0	0	0	0	0	0
1047	C	0	0	0	0	0	0	0
1048	S	Phosphoserine	DQMTRLCSPSCHSVS	HHHHHHCCCCCCEEE	0	0	0	0
1049	P	0	0	0	0	0	0	0
1050	S	0	0	0	0	0	0	0
1051	C	0	0	0	0	0	0	0
1052	H	0	0	0	0	0	0	0
1053	S	0	0	0	0	0	0	0
1054	V	0	0	0	0	0	0	0
1055	S	0	0	0	0	0	0	0
1056	V	0	0	0	0	0	0	0
1057	K	0	0	0	0	0	0	0
1058	W	0	0	0	0	0	0	0
1059	Q	0	0	0	0	0	0	0
1060	Q	0	0	0	0	0	0	0
1061	L	0	0	0	0	0	0	0
1062	N	0	0	0	0	0	0	0
1063	P	0	0	0	0	0	0	0
1064	D	0	0	0	0	0	0	0
1065	V	0	0	0	0	0	0	0
1066	P	0	0	0	0	0	0	0
1067	E	0	0	0	0	0	0	0
1068	A	0	0	0	0	0	0	0
1069	L	0	0	0	0	0	0	0
1070	Q	0	0	0	0	0	0	0
1071	A	0	0	0	0	0	0	0
1072	P	0	0	0	0	0	0	0
1073	A	0	0	0	0	0	0	0
1074	Q	0	0	0	0	0	0	0
1075	V	0	0	0	0	0	0	0
1076	P	0	0	0	0	0	0	0
1077	S	0	0	0	0	0	0	0
1078	L	0	0	0	0	0	0	0
1079	F	0	0	0	0	0	0	0
1080	L	0	0	0	0	0	0	0
1081	N	0	0	0	0	0	0	0
1082	D	0	0	0	0	0	0	0
1083	R	0	0	0	0	0	0	0
1084	L	0	0	0	0	0	0	0
1085	L	0	0	0	0	0	0	0
1086	V	0	0	0	0	0	0	0
1087	Y	0	0	0	0	0	0	0
1088	G	0	0	0	0	0	0	0
1089	F	0	0	0	0	0	0	0
1090	I	0	0	0	0	0	0	0
1091	P	0	0	0	0	0	0	0
1092	H	0	0	0	0	0	0	0
1093	C	0	0	0	0	0	0	0
1094	T	0	0	0	0	0	0	0
1095	Q	0	0	0	0	0	0	0
1096	A	0	0	0	0	0	0	0
1097	T	0	0	0	0	0	0	0
1098	L	0	0	0	0	0	0	0
1099	C	0	0	0	0	0	0	0
1100	A	0	0	0	0	0	0	0
1101	L	0	0	0	0	0	0	0
1102	I	0	0	0	0	0	0	0
1103	Q	0	0	0	0	0	0	0
1104	E	0	0	0	0	0	0	0
1105	K	0	0	0	0	0	0	0
1106	E	0	0	0	0	0	0	0
1107	F	0	0	0	0	0	0	0
1108	R	0	0	0	0	0	0	0
1109	T	Phosphothreonine	IQEKEFRTMVSTTEL	HHHHHHHHCCCCCCH	0	0	0	0
1110	M	0	0	0	0	0	0	0
1111	V	0	0	0	0	0	0	0
1112	S	Phosphoserine	KEFRTMVSTTELQKT	HHHHHCCCCCCHHHH	0	0	0	0
1113	T	0	0	0	0	0	0	0
1114	T	0	0	0	0	0	0	0
1115	E	0	0	0	0	0	0	0
1116	L	0	0	0	0	0	0	0
1117	Q	0	0	0	0	0	0	0
1118	K	0	0	0	0	0	0	0
1119	T	0	0	0	0	0	0	0
1120	T	Phosphothreonine	TTELQKTTGTMIHKL	CCCHHHHHHHHHHHH	0	0	0	0
1121	G	0	0	0	0	0	0	0
1122	T	Phosphothreonine	ELQKTTGTMIHKLAA	CHHHHHHHHHHHHHH	0	0	0	0
1123	M	0	0	0	0	0	0	0
1124	I	0	0	0	0	0	0	0
1125	H	0	0	0	0	0	0	0
1126	K	0	0	0	0	0	0	0
1127	L	0	0	0	0	0	0	0
1128	A	0	0	0	0	0	0	0
1129	A	0	0	0	0	0	0	0
1130	R	0	0	0	0	0	0	0
1131	A	0	0	0	0	0	0	0
1132	L	0	0	0	0	0	0	0
1133	I	0	0	0	0	0	0	0
1134	R	0	0	0	0	0	0	0
1135	D	0	0	0	0	0	0	0
1136	Y	0	0	0	0	0	0	0
1137	E	0	0	0	0	0	0	0
1138	D	0	0	0	0	0	0	0
1139	G	0	0	0	0	0	0	0
1140	I	0	0	0	0	0	0	0
1141	L	0	0	0	0	0	0	0
1142	H	0	0	0	0	0	0	0
1143	E	0	0	0	0	0	0	0
1144	N	0	0	0	0	0	0	0
1145	E	0	0	0	0	0	0	0
1146	T	0	0	0	0	0	0	0
1147	S	0	0	0	0	0	0	0
1148	H	0	0	0	0	0	0	0
1149	E	0	0	0	0	0	0	0
1150	M	0	0	0	0	0	0	0
1151	K	Ubiquitinlysine	NETSHEMKKQTLKSL	CCCCHHHHHHHHHHH	0	0	0	0
1152	K	0	0	0	0	0	0	0
1153	Q	0	0	0	0	0	0	0
1154	T	0	0	0	0	0	0	0
1155	L	0	0	0	0	0	0	0
1156	K	0	0	0	0	0	0	0
1157	S	0	0	0	0	0	0	0
1158	L	0	0	0	0	0	0	0
1159	I	0	0	0	0	0	0	0
1160	I	0	0	0	0	0	0	0
1161	K	0	0	0	0	0	0	0
1162	L	0	0	0	0	0	0	0
1163	S	0	0	0	0	0	0	0
1164	K	0	0	0	0	0	0	0
1165	E	0	0	0	0	0	0	0
1166	N	0	0	0	0	0	0	0
1167	S	0	0	0	0	0	0	0
1168	L	0	0	0	0	0	0	0
1169	I	0	0	0	0	0	0	0
1170	T	0	0	0	0	0	0	0
1171	Q	0	0	0	0	0	0	0
1172	F	0	0	0	0	0	0	0
1173	T	Phosphothreonine	NSLITQFTSFVAVEK	CCHHHEEECEEEEEE	0	0	0	0
1174	S	Phosphoserine	SLITQFTSFVAVEKR	CHHHEEECEEEEEEC	0	0	0	0
1175	F	0	0	0	0	0	0	0
1176	V	0	0	0	0	0	0	0
1177	A	0	0	0	0	0	0	0
1178	V	0	0	0	0	0	0	0
1179	E	0	0	0	0	0	0	0
1180	K	0	0	0	0	0	0	0
1181	R	0	0	0	0	0	0	0
1182	D	0	0	0	0	0	0	0
1183	E	0	0	0	0	0	0	0
1184	N	0	0	0	0	0	0	0
1185	E	0	0	0	0	0	0	0
1186	S	Phosphoserine	EKRDENESPFPDIPK	EECCCCCCCCCCCCH	0	0	0	0
1187	P	0	0	0	0	0	0	0
1188	F	0	0	0	0	0	0	0
1189	P	0	0	0	0	0	0	0
1190	D	0	0	0	0	0	0	0
1191	I	0	0	0	0	0	0	0
1192	P	0	0	0	0	0	0	0
1193	K	0	0	0	0	0	0	0
1194	V	0	0	0	0	0	0	0
1195	S	0	0	0	0	0	0	0
1196	E	0	0	0	0	0	0	0
1197	L	0	0	0	0	0	0	0
1198	I	0	0	0	0	0	0	0
1199	A	0	0	0	0	0	0	0
1200	K	Ubiquitinlysine	KVSELIAKEDVDFLP	HHHHHHHHCCCCCCC	0	0	0	0
1201	E	0	0	0	0	0	0	0
1202	D	0	0	0	0	0	0	0
1203	V	0	0	0	0	0	0	0
1204	D	0	0	0	0	0	0	0
1205	F	0	0	0	0	0	0	0
1206	L	0	0	0	0	0	0	0
1207	P	0	0	0	0	0	0	0
1208	Y	0	0	0	0	0	0	0
1209	M	0	0	0	0	0	0	0
1210	S	0	0	0	0	0	0	0
1211	W	0	0	0	0	0	0	0
1212	Q	0	0	0	0	0	0	0
1213	G	0	0	0	0	0	0	0
1214	E	0	0	0	0	0	0	0
1215	P	0	0	0	0	0	0	0
1216	Q	0	0	0	0	0	0	0
1217	E	0	0	0	0	0	0	0
1218	A	0	0	0	0	0	0	0
1219	V	0	0	0	0	0	0	0
1220	R	0	0	0	0	0	0	0
1221	N	0	0	0	0	0	0	0
1222	Q	0	0	0	0	0	0	0
1223	S	Phosphoserine	QEAVRNQSLLASSEW	HHHHHCCHHHHCCCC	0	0	0	0
1224	L	0	0	0	0	0	0	0
1225	L	0	0	0	0	0	0	0
1226	A	0	0	0	0	0	0	0
1227	S	Phosphoserine	RNQSLLASSEWPELR	HCCHHHHCCCCCHHH	0	0	0	0
1228	S	Phosphoserine	NQSLLASSEWPELRL	CCHHHHCCCCCHHHH	0	0	0	0
1229	E	0	0	0	0	0	0	0
1230	W	0	0	0	0	0	0	0
1231	P	0	0	0	0	0	0	0
1232	E	0	0	0	0	0	0	0
1233	L	0	0	0	0	0	0	0
1234	R	0	0	0	0	0	0	0
1235	L	0	0	0	0	0	0	0
1236	S	Phosphoserine	EWPELRLSKRKHRKI	CCCHHHHHHCCCCCC	0	0	0	0
1237	K	0	0	0	0	0	0	0
1238	R	0	0	0	0	0	0	0
1239	K	0	0	0	0	0	0	0
1240	H	0	0	0	0	0	0	0
1241	R	0	0	0	0	0	0	0
1242	K	0	0	0	0	0	0	0
1243	I	0	0	0	0	0	0	0
1244	P	0	0	0	0	0	0	0
1245	F	0	0	0	0	0	0	0
1246	S	0	0	0	0	0	0	0
1247	K	0	0	0	0	0	0	0
1248	R	0	0	0	0	0	0	0
1249	K	0	0	0	0	0	0	0
1250	M	0	0	0	0	0	0	0
1251	E	0	0	0	0	0	0	0
1252	L	0	0	0	0	0	0	0
1253	S	0	0	0	0	0	0	0
1254	Q	0	0	0	0	0	0	0
1255	P	0	0	0	0	0	0	0
1256	E	0	0	0	0	0	0	0
1257	V	0	0	0	0	0	0	0
1258	S	0	0	0	0	0	0	0
1259	E	0	0	0	0	0	0	0
1260	D	0	0	0	0	0	0	0
1261	F	0	0	0	0	0	0	0
1262	E	0	0	0	0	0	0	0
1263	E	0	0	0	0	0	0	0
1264	D	0	0	0	0	0	0	0
1265	G	0	0	0	0	0	0	0
1266	L	0	0	0	0	0	0	0
1267	G	0	0	0	0	0	0	0
1268	V	0	0	0	0	0	0	0
1269	L	0	0	0	0	0	0	0
1270	P	0	0	0	0	0	0	0
1271	A	0	0	0	0	0	0	0
1272	F	0	0	0	0	0	0	0
1273	T	0	0	0	0	0	0	0
1274	S	0	0	0	0	0	0	0
1275	N	0	0	0	0	0	0	0
1276	L	0	0	0	0	0	0	0
1277	E	0	0	0	0	0	0	0
1278	R	0	0	0	0	0	0	0
1279	G	0	0	0	0	0	0	0
1280	G	0	0	0	0	0	0	0
1281	V	0	0	0	0	0	0	0
1282	E	0	0	0	0	0	0	0
1283	K	0	0	0	0	0	0	0
1284	L	0	0	0	0	0	0	0
1285	L	0	0	0	0	0	0	0
1286	D	0	0	0	0	0	0	0
1287	L	0	0	0	0	0	0	0
1288	S	Phosphoserine	VEKLLDLSWTESCKP	HHHHHCCCCCCCCCC	0	0	0	0
1289	W	0	0	0	0	0	0	0
1290	T	Phosphothreonine	KLLDLSWTESCKPTA	HHHCCCCCCCCCCCC	0	0	0	0
1291	E	0	0	0	0	0	0	0
1292	S	Phosphoserine	LDLSWTESCKPTATE	HCCCCCCCCCCCCCC	0	0	0	0
1293	C	0	0	0	0	0	0	0
1294	K	Ubiquitinlysine	LSWTESCKPTATEPL	CCCCCCCCCCCCCCC	0	0	0	0
1295	P	0	0	0	0	0	0	0
1296	T	0	0	0	0	0	0	0
1297	A	0	0	0	0	0	0	0
1298	T	0	0	0	0	0	0	0
1299	E	0	0	0	0	0	0	0
1300	P	0	0	0	0	0	0	0
1301	L	0	0	0	0	0	0	0
1302	F	0	0	0	0	0	0	0
1303	K	0	0	0	0	0	0	0
1304	K	0	0	0	0	0	0	0
1305	V	0	0	0	0	0	0	0
1306	S	0	0	0	0	0	0	0
1307	P	0	0	0	0	0	0	0
1308	W	0	0	0	0	0	0	0
1309	E	0	0	0	0	0	0	0
1310	T	0	0	0	0	0	0	0
1311	S	0	0	0	0	0	0	0
1312	T	0	0	0	0	0	0	0
1313	S	0	0	0	0	0	0	0
1314	S	0	0	0	0	0	0	0
1315	F	0	0	0	0	0	0	0
1316	F	0	0	0	0	0	0	0
1317	P	0	0	0	0	0	0	0
1318	I	0	0	0	0	0	0	0
1319	L	0	0	0	0	0	0	0
1320	A	0	0	0	0	0	0	0
1321	P	0	0	0	0	0	0	0
1322	A	0	0	0	0	0	0	0
1323	V	0	0	0	0	0	0	0
1324	G	0	0	0	0	0	0	0
1325	S	0	0	0	0	0	0	0
1326	Y	0	0	0	0	0	0	0
1327	L	0	0	0	0	0	0	0
1328	P	0	0	0	0	0	0	0
1329	P	0	0	0	0	0	0	0
1330	T	0	0	0	0	0	0	0
1331	A	0	0	0	0	0	0	0
1332	R	N6-methyllysine	SYLPPTARAHSPASL	HCCCCCCCCCCCCCC	0	0	0	0
1333	A	0	0	0	0	0	0	0
1334	H	0	0	0	0	0	0	0
1335	S	Phosphoserine	PPTARAHSPASLSFA	CCCCCCCCCCCCCCC	0	0	0	0
1336	P	0	0	0	0	0	0	0
1337	A	0	0	0	0	0	0	0
1338	S	Phosphoserine	ARAHSPASLSFASYR	CCCCCCCCCCCCCHH	0	0	0	0
1339	L	0	0	0	0	0	0	0
1340	S	Phosphoserine	AHSPASLSFASYRQV	CCCCCCCCCCCHHHH	0	0	0	0
1341	F	0	0	0	0	0	0	0
1342	A	0	0	0	0	0	0	0
1343	S	Phosphoserine	PASLSFASYRQVASF	CCCCCCCCHHHHHCC	0	0	0	0
1344	Y	0	0	0	0	0	0	0
1345	R	0	0	0	0	0	0	0
1346	Q	0	0	0	0	0	0	0
1347	V	0	0	0	0	0	0	0
1348	A	0	0	0	0	0	0	0
1349	S	0	0	0	0	0	0	0
1350	F	0	0	0	0	0	0	0
1351	G	0	0	0	0	0	0	0
1352	S	0	0	0	0	0	0	0
1353	A	0	0	0	0	0	0	0
1354	A	0	0	0	0	0	0	0
1355	P	0	0	0	0	0	0	0
1356	P	0	0	0	0	0	0	0
1357	R	0	0	0	0	0	0	0
1358	Q	0	0	0	0	0	0	0
1359	F	0	0	0	0	0	0	0
1360	D	0	0	0	0	0	0	0
1361	A	0	0	0	0	0	0	0
1362	S	0	0	0	0	0	0	0
1363	Q	0	0	0	0	0	0	0
1364	F	0	0	0	0	0	0	0
1365	S	0	0	0	0	0	0	0
1366	Q	0	0	0	0	0	0	0
1367	G	0	0	0	0	0	0	0
1368	P	0	0	0	0	0	0	0
1369	V	0	0	0	0	0	0	0
1370	P	0	0	0	0	0	0	0
1371	G	0	0	0	0	0	0	0
1372	T	0	0	0	0	0	0	0
1373	C	0	0	0	0	0	0	0
1374	A	0	0	0	0	0	0	0
1375	D	0	0	0	0	0	0	0
1376	W	0	0	0	0	0	0	0
1377	I	0	0	0	0	0	0	0
1378	P	0	0	0	0	0	0	0
1379	Q	0	0	0	0	0	0	0
1380	S	0	0	0	0	0	0	0
1381	A	0	0	0	0	0	0	0
1382	S	0	0	0	0	0	0	0
1383	C	0	0	0	0	0	0	0
1384	P	0	0	0	0	0	0	0
1385	T	0	0	0	0	0	0	0
1386	G	0	0	0	0	0	0	0
1387	P	0	0	0	0	0	0	0
1388	P	0	0	0	0	0	0	0
1389	Q	0	0	0	0	0	0	0
1390	N	0	0	0	0	0	0	0
1391	P	0	0	0	0	0	0	0
1392	P	0	0	0	0	0	0	0
1393	S	0	0	0	0	0	0	0
1394	S	0	0	0	0	0	0	0
1395	P	0	0	0	0	0	0	0
1396	Y	0	0	0	0	0	0	0
1397	C	0	0	0	0	0	0	0
1398	G	0	0	0	0	0	0	0
1399	I	0	0	0	0	0	0	0
1400	V	0	0	0	0	0	0	0
1401	F	0	0	0	0	0	0	0
1402	S	0	0	0	0	0	0	0
1403	G	0	0	0	0	0	0	0
1404	S	0	0	0	0	0	0	0
1405	S	0	0	0	0	0	0	0
1406	L	0	0	0	0	0	0	0
1407	S	0	0	0	0	0	0	0
1408	S	0	0	0	0	0	0	0
1409	A	0	0	0	0	0	0	0
1410	Q	0	0	0	0	0	0	0
1411	S	0	0	0	0	0	0	0
1412	A	0	0	0	0	0	0	0
1413	P	0	0	0	0	0	0	0
1414	L	0	0	0	0	0	0	0
1415	Q	0	0	0	0	0	0	0
1416	H	0	0	0	0	0	0	0
1417	P	0	0	0	0	0	0	0
1418	G	0	0	0	0	0	0	0
1419	G	0	0	0	0	0	0	0
1420	F	0	0	0	0	0	0	0
1421	T	0	0	0	0	0	0	0
1422	T	0	0	0	0	0	0	0
1423	R	0	0	0	0	0	0	0
1424	P	0	0	0	0	0	0	0
1425	S	0	0	0	0	0	0	0
1426	A	0	0	0	0	0	0	0
1427	G	0	0	0	0	0	0	0
1428	T	0	0	0	0	0	0	0
1429	F	0	0	0	0	0	0	0
1430	P	0	0	0	0	0	0	0
1431	E	0	0	0	0	0	0	0
1432	L	0	0	0	0	0	0	0
1433	D	0	0	0	0	0	0	0
1434	S	Phosphoserine	GTFPELDSPQLHFSL	CCCCCCCCCCEEEEC	0	0	0	0
1435	P	0	0	0	0	0	0	0
1436	Q	0	0	0	0	0	0	0
1437	L	0	0	0	0	0	0	0
1438	H	0	0	0	0	0	0	0
1439	F	0	0	0	0	0	0	0
1440	S	0	0	0	0	0	0	0
1441	L	0	0	0	0	0	0	0
1442	P	0	0	0	0	0	0	0
1443	T	0	0	0	0	0	0	0
1444	D	0	0	0	0	0	0	0
1445	P	0	0	0	0	0	0	0
1446	D	0	0	0	0	0	0	0
1447	P	0	0	0	0	0	0	0
1448	I	0	0	0	0	0	0	0
1449	R	N6-methyllysine	PTDPDPIRGFGSYHP	CCCCCCCCCCCCCCC	0	0	0	0
1450	G	0	0	0	0	0	0	0
1451	F	0	0	0	0	0	0	0
1452	G	0	0	0	0	0	0	0
1453	S	0	0	0	0	0	0	0
1454	Y	0	0	0	0	0	0	0
1455	H	0	0	0	0	0	0	0
1456	P	0	0	0	0	0	0	0
1457	S	0	0	0	0	0	0	0
1458	A	0	0	0	0	0	0	0
1459	S	0	0	0	0	0	0	0
1460	S	0	0	0	0	0	0	0
1461	P	0	0	0	0	0	0	0
1462	F	0	0	0	0	0	0	0
1463	H	0	0	0	0	0	0	0
1464	F	0	0	0	0	0	0	0
1465	Q	0	0	0	0	0	0	0
1466	P	0	0	0	0	0	0	0
1467	S	0	0	0	0	0	0	0
1468	A	0	0	0	0	0	0	0
1469	A	0	0	0	0	0	0	0
1470	S	0	0	0	0	0	0	0
1471	L	0	0	0	0	0	0	0
1472	T	0	0	0	0	0	0	0
1473	A	0	0	0	0	0	0	0
1474	N	0	0	0	0	0	0	0
1475	L	0	0	0	0	0	0	0
1476	R	Asymmetric dimethylarginine	ASLTANLRLPMASAL	HHHCCCCCCCHHHHC	0	0	0	0
1477	L	0	0	0	0	0	0	0
1478	P	0	0	0	0	0	0	0
1479	M	0	0	0	0	0	0	0
1480	A	0	0	0	0	0	0	0
1481	S	0	0	0	0	0	0	0
1482	A	0	0	0	0	0	0	0
1483	L	0	0	0	0	0	0	0
1484	P	0	0	0	0	0	0	0
1485	E	0	0	0	0	0	0	0
1486	A	0	0	0	0	0	0	0
1487	L	0	0	0	0	0	0	0
1488	C	0	0	0	0	0	0	0
1489	S	0	0	0	0	0	0	0
1490	Q	0	0	0	0	0	0	0
1491	S	0	0	0	0	0	0	0
1492	R	0	0	0	0	0	0	0
1493	T	Phosphothreonine	ALCSQSRTTPVDLCL	HHHCCCCCCCCCEEE	0	0	0	0
1494	T	Phosphothreonine	LCSQSRTTPVDLCLL	HHCCCCCCCCCEEEE	0	0	0	0
1495	P	0	0	0	0	0	0	0
1496	V	0	0	0	0	0	0	0
1497	D	0	0	0	0	0	0	0
1498	L	0	0	0	0	0	0	0
1499	C	0	0	0	0	0	0	0
1500	L	0	0	0	0	0	0	0
1501	L	0	0	0	0	0	0	0
1502	E	0	0	0	0	0	0	0
1503	E	0	0	0	0	0	0	0
1504	S	Phosphoserine	DLCLLEESVGSLEGS	CEEEEECCCCCCCCC	0	0	0	0
1505	V	0	0	0	0	0	0	0
1506	G	0	0	0	0	0	0	0
1507	S	Phosphoserine	LLEESVGSLEGSRCP	EEECCCCCCCCCCCC	0	0	0	0
1508	L	0	0	0	0	0	0	0
1509	E	0	0	0	0	0	0	0
1510	G	0	0	0	0	0	0	0
1511	S	0	0	0	0	0	0	0
1512	R	0	0	0	0	0	0	0
1513	C	0	0	0	0	0	0	0
1514	P	0	0	0	0	0	0	0
1515	V	0	0	0	0	0	0	0
1516	F	0	0	0	0	0	0	0
1517	A	0	0	0	0	0	0	0
1518	F	0	0	0	0	0	0	0
1519	Q	0	0	0	0	0	0	0
1520	S	0	0	0	0	0	0	0
1521	S	0	0	0	0	0	0	0
1522	D	0	0	0	0	0	0	0
1523	T	0	0	0	0	0	0	0
1524	E	0	0	0	0	0	0	0
1525	S	0	0	0	0	0	0	0
1526	D	0	0	0	0	0	0	0
1527	E	0	0	0	0	0	0	0
1528	L	0	0	0	0	0	0	0
1529	S	0	0	0	0	0	0	0
1530	E	0	0	0	0	0	0	0
1531	V	0	0	0	0	0	0	0
1532	L	0	0	0	0	0	0	0
1533	Q	0	0	0	0	0	0	0
1534	D	0	0	0	0	0	0	0
1535	S	Phosphoserine	LSEVLQDSCFLQIKC	HHHHHHHHCEEEEEE	0	0	0	0
1536	C	0	0	0	0	0	0	0
1537	F	0	0	0	0	0	0	0
1538	L	0	0	0	0	0	0	0
1539	Q	0	0	0	0	0	0	0
1540	I	0	0	0	0	0	0	0
1541	K	0	0	0	0	0	0	0
1542	C	0	0	0	0	0	0	0
1543	D	0	0	0	0	0	0	0
1544	T	0	0	0	0	0	0	0
1545	K	0	0	0	0	0	0	0
1546	D	0	0	0	0	0	0	0
1547	D	0	0	0	0	0	0	0
1548	S	0	0	0	0	0	0	0
1549	I	0	0	0	0	0	0	0
1550	L	0	0	0	0	0	0	0
1551	C	0	0	0	0	0	0	0
1552	F	0	0	0	0	0	0	0
1553	L	0	0	0	0	0	0	0
1554	E	0	0	0	0	0	0	0
1555	V	0	0	0	0	0	0	0
1556	K	0	0	0	0	0	0	0
1557	E	0	0	0	0	0	0	0
1558	E	0	0	0	0	0	0	0
1559	D	0	0	0	0	0	0	0
1560	E	0	0	0	0	0	0	0
1561	I	0	0	0	0	0	0	0
1562	V	0	0	0	0	0	0	0
1563	C	0	0	0	0	0	0	0
1564	I	0	0	0	0	0	0	0
1565	Q	0	0	0	0	0	0	0
1566	H	0	0	0	0	0	0	0
1567	W	0	0	0	0	0	0	0
1568	Q	0	0	0	0	0	0	0
1569	D	0	0	0	0	0	0	0
1570	A	0	0	0	0	0	0	0
1571	V	0	0	0	0	0	0	0
1572	P	0	0	0	0	0	0	0
1573	W	0	0	0	0	0	0	0
1574	T	0	0	0	0	0	0	0
1575	E	0	0	0	0	0	0	0
1576	L	0	0	0	0	0	0	0
1577	L	0	0	0	0	0	0	0
1578	S	0	0	0	0	0	0	0
1579	L	0	0	0	0	0	0	0
1580	Q	0	0	0	0	0	0	0
1581	T	0	0	0	0	0	0	0
1582	E	0	0	0	0	0	0	0
1583	D	0	0	0	0	0	0	0
1584	G	0	0	0	0	0	0	0
1585	F	0	0	0	0	0	0	0
1586	W	0	0	0	0	0	0	0
1587	K	0	0	0	0	0	0	0
1588	L	0	0	0	0	0	0	0
1589	T	0	0	0	0	0	0	0
1590	P	0	0	0	0	0	0	0
1591	E	0	0	0	0	0	0	0
1592	L	0	0	0	0	0	0	0
1593	G	0	0	0	0	0	0	0
1594	L	0	0	0	0	0	0	0
1595	I	0	0	0	0	0	0	0
1596	L	0	0	0	0	0	0	0
1597	N	0	0	0	0	0	0	0
1598	L	0	0	0	0	0	0	0
1599	N	0	0	0	0	0	0	0
1600	T	Phosphothreonine	GLILNLNTNGLHSFL	HEEEECCCCCHHHHH	0	0	0	0
1601	N	0	0	0	0	0	0	0
1602	G	0	0	0	0	0	0	0
1603	L	0	0	0	0	0	0	0
1604	H	0	0	0	0	0	0	0
1605	S	Phosphoserine	LNTNGLHSFLKQKGI	CCCCCHHHHHHHHCC	0	0	0	0
1606	F	0	0	0	0	0	0	0
1607	L	0	0	0	0	0	0	0
1608	K	0	0	0	0	0	0	0
1609	Q	0	0	0	0	0	0	0
1610	K	0	0	0	0	0	0	0
1611	G	0	0	0	0	0	0	0
1612	I	0	0	0	0	0	0	0
1613	Q	0	0	0	0	0	0	0
1614	S	Phosphoserine	LKQKGIQSLGVKGRE	HHHHCCHHCCCCHHH	0	0	0	0
1615	L	0	0	0	0	0	0	0
1616	G	0	0	0	0	0	0	0
1617	V	0	0	0	0	0	0	0
1618	K	0	0	0	0	0	0	0
1619	G	0	0	0	0	0	0	0
1620	R	0	0	0	0	0	0	0
1621	E	0	0	0	0	0	0	0
1622	C	0	0	0	0	0	0	0
1623	L	0	0	0	0	0	0	0
1624	L	0	0	0	0	0	0	0
1625	D	0	0	0	0	0	0	0
1626	L	0	0	0	0	0	0	0
1627	I	0	0	0	0	0	0	0
1628	A	0	0	0	0	0	0	0
1629	T	Phosphothreonine	CLLDLIATMLVLQFI	HHHHHHHHHHHHHHH	0	0	0	0
1630	M	0	0	0	0	0	0	0
1631	L	0	0	0	0	0	0	0
1632	V	0	0	0	0	0	0	0
1633	L	0	0	0	0	0	0	0
1634	Q	0	0	0	0	0	0	0
1635	F	0	0	0	0	0	0	0
1636	I	0	0	0	0	0	0	0
1637	R	0	0	0	0	0	0	0
1638	T	0	0	0	0	0	0	0
1639	R	0	0	0	0	0	0	0
1640	L	0	0	0	0	0	0	0
1641	E	0	0	0	0	0	0	0
1642	K	0	0	0	0	0	0	0
1643	E	0	0	0	0	0	0	0
1644	G	0	0	0	0	0	0	0
1645	I	0	0	0	0	0	0	0
1646	V	0	0	0	0	0	0	0
1647	F	0	0	0	0	0	0	0
1648	K	0	0	0	0	0	0	0
1649	S	Phosphoserine	KEGIVFKSLMKMDDA	HCCCEEEECCCCCCC	0	0	0	0
1650	L	0	0	0	0	0	0	0
1651	M	0	0	0	0	0	0	0
1652	K	0	0	0	0	0	0	0
1653	M	0	0	0	0	0	0	0
1654	D	0	0	0	0	0	0	0
1655	D	0	0	0	0	0	0	0
1656	A	0	0	0	0	0	0	0
1657	S	0	0	0	0	0	0	0
1658	I	0	0	0	0	0	0	0
1659	S	0	0	0	0	0	0	0
1660	R	0	0	0	0	0	0	0
1661	N	0	0	0	0	0	0	0
1662	I	0	0	0	0	0	0	0
1663	P	0	0	0	0	0	0	0
1664	W	0	0	0	0	0	0	0
1665	A	0	0	0	0	0	0	0
1666	F	0	0	0	0	0	0	0
1667	E	0	0	0	0	0	0	0
1668	A	0	0	0	0	0	0	0
1669	I	0	0	0	0	0	0	0
1670	K	0	0	0	0	0	0	0
1671	Q	0	0	0	0	0	0	0
1672	A	0	0	0	0	0	0	0
1673	S	0	0	0	0	0	0	0
1674	E	0	0	0	0	0	0	0
1675	W	0	0	0	0	0	0	0
1676	V	0	0	0	0	0	0	0
1677	R	0	0	0	0	0	0	0
1678	R	0	0	0	0	0	0	0
1679	T	0	0	0	0	0	0	0
1680	E	0	0	0	0	0	0	0
1681	G	0	0	0	0	0	0	0
1682	Q	0	0	0	0	0	0	0
1683	Y	0	0	0	0	0	0	0
1684	P	0	0	0	0	0	0	0
1685	S	0	0	0	0	0	0	0
1686	I	0	0	0	0	0	0	0
1687	C	0	0	0	0	0	0	0
1688	P	0	0	0	0	0	0	0
1689	R	0	0	0	0	0	0	0
1690	L	0	0	0	0	0	0	0
1691	E	0	0	0	0	0	0	0
1692	L	0	0	0	0	0	0	0
1693	G	0	0	0	0	0	0	0
1694	N	0	0	0	0	0	0	0
1695	D	0	0	0	0	0	0	0
1696	W	0	0	0	0	0	0	0
1697	D	0	0	0	0	0	0	0
1698	S	0	0	0	0	0	0	0
1699	A	0	0	0	0	0	0	0
1700	T	0	0	0	0	0	0	0
1701	K	0	0	0	0	0	0	0
1702	Q	0	0	0	0	0	0	0
1703	L	0	0	0	0	0	0	0
1704	L	0	0	0	0	0	0	0
1705	G	0	0	0	0	0	0	0
1706	L	0	0	0	0	0	0	0
1707	Q	0	0	0	0	0	0	0
1708	P	0	0	0	0	0	0	0
1709	I	0	0	0	0	0	0	0
1710	S	Phosphoserine	LLGLQPISTVSPLHR	HHCCCCCCCCCCHHH	0	0	0	0
1711	T	0	0	0	0	0	0	0
1712	V	0	0	0	0	0	0	0
1713	S	Phosphoserine	LQPISTVSPLHRVLH	CCCCCCCCCHHHHHH	0	0	0	0
1714	P	0	0	0	0	0	0	0
1715	L	0	0	0	0	0	0	0
1716	H	0	0	0	0	0	0	0
1717	R	0	0	0	0	0	0	0
1718	V	0	0	0	0	0	0	0
1719	L	0	0	0	0	0	0	0
1720	H	0	0	0	0	0	0	0
1721	Y	Phosphotyrosine	PLHRVLHYSQG----	CHHHHHHHCCC----	0	0	0	0
1722	S	Phosphoserine	LHRVLHYSQG-----	HHHHHHHCCC-----	0	0	0	0
1723	Q	0	0	0	0	0	0	0
1724	G	0	0	0	0	0	0	0
