location	residue	Modification	seq	secStruc	RelatedDisease	VariantPosition	ResidueChange	DaPSbySAP
1	M	0	0	0	0	0	0	0
2	M	0	0	0	0	0	0	0
3	A	0	0	0	0	0	0	0
4	V	0	0	0	0	0	0	0
5	D	0	0	0	0	0	0	0
6	I	0	0	0	0	0	0	0
7	E	0	0	0	0	0	0	0
8	Y	0	0	0	0	0	0	0
9	R	0	0	0	0	0	0	0
10	Y	0	0	0	0	0	0	0
11	N	0	0	0	0	0	0	0
12	C	0	0	0	0	0	0	0
13	M	0	0	0	0	0	0	0
14	A	0	0	0	0	0	0	0
15	P	0	0	0	0	0	0	0
16	S	0	0	0	0	0	0	0
17	L	0	0	0	0	0	0	0
18	R	0	0	0	0	0	0	0
19	Q	0	0	0	0	0	0	0
20	E	0	0	0	0	0	0	0
21	R	0	0	0	0	0	0	0
22	F	0	0	0	0	0	0	0
23	A	0	0	0	0	0	0	0
24	F	0	0	0	0	0	0	0
25	K	0	0	0	0	0	0	0
26	I	0	0	0	0	0	0	0
27	S	0	0	0	0	0	0	0
28	P	0	0	0	0	0	0	0
29	K	0	0	0	0	0	0	0
30	P	0	0	0	0	0	0	0
31	S	0	0	0	0	0	0	0
32	K	0	0	0	0	0	0	0
33	P	0	0	0	0	0	0	0
34	L	0	0	0	0	0	0	0
35	R	0	0	0	0	0	0	0
36	P	0	0	0	0	0	0	0
37	C	0	0	0	0	0	0	0
38	I	0	0	0	0	0	0	0
39	Q	0	0	0	0	0	0	0
40	L	0	0	0	0	0	0	0
41	S	0	0	0	0	0	0	0
42	S	0	0	0	0	0	0	0
43	K	0	0	0	0	0	0	0
44	N	0	0	0	0	0	0	0
45	E	0	0	0	0	0	0	0
46	A	0	0	0	0	0	0	0
47	S	0	0	0	0	0	0	0
48	G	0	0	0	0	0	E	57
49	M	0	0	0	0	0	0	0
50	V	0	0	0	0	0	0	0
51	A	0	0	0	0	0	0	0
52	P	0	0	0	0	0	0	0
53	A	0	0	0	0	0	0	0
54	V	0	0	0	0	0	0	0
55	Q	0	0	0	0	0	0	0
56	E	0	0	0	0	0	0	0
57	K	N-acetyllysine	VAPAVQEKKVKKRVS	CCHHHHHHCHHCCCC	Alzheimer's disease:Alzheimers disease	48 (9)	0	0
58	K	0	0	0	0	0	0	0
59	V	0	0	0	0	0	0	0
60	K	0	0	0	0	0	0	0
61	K	0	0	0	0	0	0	0
62	R	0	0	0	0	0	0	0
63	V	0	0	0	0	0	0	0
64	S	0	0	0	0	0	0	0
65	F	0	0	0	0	0	0	0
66	A	0	0	0	0	0	0	0
67	D	0	0	0	0	0	0	0
68	N	0	0	0	0	0	0	0
69	Q	0	0	0	0	0	0	0
70	G	0	0	0	0	0	0	0
71	L	0	0	0	0	0	0	0
72	A	0	0	0	0	0	0	0
73	L	0	0	0	0	0	0	0
74	T	0	0	0	0	0	0	0
75	M	0	0	0	0	0	0	0
76	V	0	0	0	0	0	0	0
77	K	0	0	0	0	0	0	0
78	V	0	0	0	0	0	0	0
79	F	0	0	0	0	0	0	0
80	S	0	0	0	0	0	0	0
81	E	0	0	0	0	0	0	0
82	F	0	0	0	0	0	0	0
83	D	0	0	0	0	0	0	0
84	D	0	0	0	0	0	0	0
85	P	0	0	0	0	0	0	0
86	L	0	0	0	0	0	0	0
87	D	0	0	0	0	0	0	0
88	M	0	0	0	0	0	0	0
89	P	0	0	0	0	0	0	0
90	F	0	0	0	0	0	0	0
91	N	0	0	0	0	0	0	0
92	I	0	0	0	0	0	0	0
93	T	0	0	0	0	0	0	0
94	E	0	0	0	0	0	0	0
95	L	0	0	0	0	0	0	0
96	L	0	0	0	0	0	0	0
97	D	0	0	0	0	0	0	0
98	N	0	0	0	0	0	0	0
99	I	0	0	0	0	0	0	0
100	V	0	0	0	0	0	0	0
101	S	0	0	0	0	0	0	0
102	L	0	0	0	0	0	0	0
103	T	0	0	0	0	0	0	0
104	T	0	0	0	0	0	0	0
105	A	0	0	0	0	0	0	0
106	E	0	0	0	0	0	0	0
107	S	0	0	0	0	0	0	0
108	E	0	0	0	0	0	0	0
109	S	0	0	0	0	0	0	0
110	F	0	0	0	0	0	0	0
111	V	0	0	0	0	0	0	0
112	L	0	0	0	0	0	0	0
113	D	0	0	0	0	0	0	0
114	F	0	0	0	0	0	0	0
115	S	0	0	0	0	0	0	0
116	Q	0	0	0	0	0	0	0
117	P	0	0	0	0	0	0	0
118	S	0	0	0	0	0	0	0
119	A	0	0	0	0	0	0	0
120	D	0	0	0	0	0	0	0
121	Y	0	0	0	0	0	0	0
122	L	0	0	0	0	0	0	0
123	D	0	0	0	0	0	0	0
124	F	0	0	0	0	0	0	0
125	R	0	0	0	0	0	0	0
126	N	0	0	0	0	0	0	0
127	R	0	0	0	0	0	0	0
128	L	0	0	0	0	0	0	0
129	Q	0	0	0	0	0	0	0
130	A	0	0	0	0	0	0	0
131	D	0	0	0	0	0	0	0
132	H	0	0	0	0	0	0	0
133	V	0	0	0	0	0	0	0
134	C	0	0	0	0	0	0	0
135	L	0	0	0	0	0	0	0
136	E	0	0	0	0	0	0	0
137	N	0	0	0	0	0	0	0
138	C	0	0	0	0	0	0	0
139	V	0	0	0	0	0	0	0
140	L	0	0	0	0	0	0	0
141	K	0	0	0	0	0	0	0
142	D	0	0	0	0	0	0	0
143	K	0	0	0	0	0	0	0
144	A	0	0	0	0	0	0	0
145	I	0	0	0	0	0	0	0
146	A	0	0	0	0	0	0	0
147	G	0	0	0	0	0	0	0
148	T	Phosphothreonine	KDKAIAGTVKVQNLA	CCCCEECEEEEEEEE	0	0	0	0
149	V	0	0	0	0	0	0	0
150	K	0	0	0	0	0	0	0
151	V	0	0	0	0	0	0	0
152	Q	0	0	0	0	0	0	0
153	N	0	0	0	0	0	0	0
154	L	0	0	0	0	0	0	0
155	A	0	0	0	0	0	0	0
156	F	0	0	0	0	0	0	0
157	E	0	0	0	0	0	0	0
158	K	0	0	0	0	0	0	0
159	T	0	0	0	0	0	0	0
160	V	0	0	0	0	0	0	0
161	K	0	0	0	0	0	0	0
162	I	0	0	0	0	0	0	0
163	R	0	0	0	0	0	0	0
164	M	0	0	0	0	0	0	0
165	T	0	0	0	0	0	0	0
166	F	0	0	0	0	0	0	0
167	D	0	0	0	0	0	0	0
168	T	0	0	0	0	0	0	0
169	W	0	0	0	0	0	0	0
170	K	0	0	0	0	0	0	0
171	S	0	0	0	0	0	0	0
172	Y	Phosphotyrosine	TFDTWKSYTDFPCQY	EECCHHHCCCCCCCE	0	0	0	0
173	T	0	0	0	0	0	0	0
174	D	0	0	0	0	0	0	0
175	F	0	0	0	0	0	0	0
176	P	0	0	0	0	0	0	0
177	C	0	0	0	0	0	0	0
178	Q	0	0	0	0	0	0	0
179	Y	0	0	0	0	0	0	0
180	V	0	0	0	0	0	0	0
181	K	0	0	0	0	0	0	0
182	D	0	0	0	0	0	0	0
183	T	0	0	0	0	0	0	0
184	Y	Phosphotyrosine	CQYVKDTYAGSDRDT	CCEEEECCCCCCCCE	0	0	0	0
185	A	0	0	0	0	0	0	0
186	G	0	0	0	0	0	0	0
187	S	0	0	0	0	0	0	0
188	D	0	0	0	0	0	0	0
189	R	0	0	0	0	0	0	0
190	D	0	0	0	0	0	0	0
191	T	0	0	0	0	0	0	0
192	F	0	0	0	0	0	0	0
193	S	0	0	0	0	0	0	0
194	F	0	0	0	0	0	0	0
195	D	0	0	0	0	0	0	0
196	I	0	0	0	0	0	0	0
197	S	0	0	0	0	0	0	0
198	L	0	0	0	0	0	0	0
199	P	0	0	0	0	0	0	0
200	E	0	0	0	0	0	0	0
201	K	0	0	0	0	0	0	0
202	I	0	0	0	0	0	0	0
203	Q	0	0	0	0	0	0	0
204	S	0	0	0	0	0	0	0
205	Y	0	0	0	0	0	0	0
206	E	0	0	0	0	0	0	0
207	R	0	0	0	0	0	0	0
208	M	0	0	0	0	0	0	0
209	E	0	0	0	0	0	0	0
210	F	0	0	0	0	0	0	0
211	A	0	0	0	0	0	0	0
212	V	0	0	0	0	0	0	0
213	Y	Phosphotyrosine	ERMEFAVYYECNGQT	CEEEEEEEEEECCEE	0	0	0	0
214	Y	Phosphotyrosine	RMEFAVYYECNGQTY	EEEEEEEEEECCEEE	0	0	0	0
215	E	0	0	0	0	0	0	0
216	C	0	0	0	0	0	0	0
217	N	0	0	0	0	0	0	0
218	G	0	0	0	0	0	0	0
219	Q	0	0	0	0	0	0	0
220	T	0	0	0	0	0	0	0
221	Y	0	0	0	0	0	0	0
222	W	0	0	0	0	0	0	0
223	D	0	0	0	0	0	0	0
224	S	0	0	0	0	0	0	0
225	N	0	0	0	0	0	0	0
226	R	0	0	0	0	0	0	0
227	G	0	0	0	0	0	0	0
228	K	0	0	0	0	0	0	0
229	N	0	0	0	0	0	0	0
230	Y	Phosphotyrosine	DSNRGKNYRIIRAEL	ECCCCCCEEEEEEEE	0	0	0	0
231	R	0	0	0	0	0	0	0
232	I	0	0	0	0	0	0	0
233	I	0	0	0	0	0	0	0
234	R	0	0	0	0	0	0	0
235	A	0	0	0	0	0	0	0
236	E	0	0	0	0	0	0	0
237	L	0	0	0	0	0	0	0
238	K	0	0	0	0	0	0	0
239	S	0	0	0	0	0	0	0
240	T	0	0	0	0	0	0	0
241	Q	0	0	0	0	0	0	0
242	G	0	0	0	0	0	0	0
243	M	0	0	0	0	0	0	0
244	T	0	0	0	0	0	0	0
245	K	0	0	0	0	0	0	0
246	P	0	0	0	0	0	0	0
247	H	0	0	0	0	0	0	0
248	S	0	0	0	0	0	0	0
249	G	0	0	0	0	0	0	0
250	P	0	0	0	0	0	0	0
251	D	0	0	0	0	0	0	0
252	L	0	0	0	0	0	0	0
253	G	0	0	0	0	0	0	0
254	I	0	0	0	0	0	0	0
255	S	Phosphoserine	SGPDLGISFDQFGSP	CCCCCCCCCHHCCCC	0	0	0	0
256	F	0	0	0	0	0	0	0
257	D	0	0	0	0	0	0	0
258	Q	0	0	0	0	0	0	0
259	F	0	0	0	0	0	0	0
260	G	0	0	0	0	0	0	0
261	S	Phosphoserine	ISFDQFGSPRCSYGL	CCCHHCCCCCCCCCC	0	0	0	0
262	P	0	0	0	0	0	0	0
263	R	0	0	0	0	0	0	0
264	C	0	0	0	0	0	0	0
265	S	0	0	0	0	0	0	0
266	Y	0	0	0	0	0	0	0
267	G	0	0	0	0	0	0	0
268	L	0	0	0	0	0	0	0
269	F	0	0	0	0	0	0	0
270	P	0	0	0	0	0	0	0
271	E	0	0	0	0	0	0	0
272	W	0	0	0	0	0	0	0
273	P	0	0	0	0	0	0	0
274	S	0	0	0	0	0	0	0
275	Y	0	0	0	0	0	0	0
276	L	0	0	0	0	0	0	0
277	G	0	0	0	0	0	0	0
278	Y	0	0	0	0	0	0	0
279	E	0	0	0	0	0	0	0
280	K	0	0	0	0	0	0	0
281	L	0	0	0	0	0	0	0
282	G	0	0	0	0	0	0	0
283	P	0	0	0	0	0	0	0
284	Y	0	0	0	0	0	0	0
285	Y	Phosphotyrosine	YEKLGPYY-------	CCCCCCCC-------	0	0	0	0
