location	residue	Modification	seq	secStruc	RelatedDisease	VariantPosition	ResidueChange	DaPSbySAP
1	M	0	0	0	0	0	0	0
2	E	0	0	0	0	0	0	0
3	V	0	0	0	0	0	0	0
4	K	0	0	0	0	0	0	0
5	G	0	0	0	0	0	0	0
6	K	0	0	0	0	0	0	0
7	K	0	0	0	0	0	0	0
8	Q	0	0	0	0	0	0	0
9	F	0	0	0	0	0	0	0
10	T	0	0	0	0	0	0	0
11	G	0	0	0	0	0	0	0
12	K	N6-acetyllysine	GKKQFTGKSTKTAQE	CCCCCCCCCCCHHHH	Obesity-related traits:diastolic blood pressure	13 (1)	0	0
13	S	0	0	0	0	0	N	12
14	T	0	0	0	0	0	0	0
15	K	0	0	0	0	0	0	0
16	T	0	0	0	0	0	0	0
17	A	0	0	0	0	0	0	0
18	Q	0	0	0	0	0	0	0
19	E	0	0	0	0	0	0	0
20	K	0	0	0	0	0	0	0
21	N	0	0	0	0	0	0	0
22	R	0	0	0	0	0	0	0
23	F	0	0	0	0	0	0	0
24	H	0	0	0	0	0	0	0
25	K	0	0	0	0	0	0	0
26	N	0	0	0	0	0	0	0
27	S	Phosphoserine	KNRFHKNSDSGSSKT	HHCCCCCCCCCCCCC	0	0	0	0
28	D	0	0	0	0	0	0	0
29	S	Phosphoserine	RFHKNSDSGSSKTFP	CCCCCCCCCCCCCCC	0	0	0	0
30	G	0	0	0	0	0	0	0
31	S	0	0	0	0	0	0	0
32	S	0	0	0	0	0	0	0
33	K	N6-acetyllysine	NSDSGSSKTFPTRKV	CCCCCCCCCCCCHHH	0	0	0	0
34	T	Phosphothreonine	SDSGSSKTFPTRKVA	CCCCCCCCCCCHHHH	0	0	0	0
35	F	0	0	0	0	0	0	0
36	P	0	0	0	0	0	0	0
37	T	Phosphothreonine	GSSKTFPTRKVAKEG	CCCCCCCCHHHHHCC	0	0	0	0
38	R	0	0	0	0	0	0	0
39	K	N6-methyllysine	SKTFPTRKVAKEGGP	CCCCCCHHHHHCCCC	0	0	0	0
40	V	0	0	0	0	0	0	0
41	A	0	0	0	0	0	0	0
42	K	0	0	0	0	0	0	0
43	E	0	0	0	0	0	0	0
44	G	0	0	0	0	0	0	0
45	G	0	0	0	0	0	0	0
46	P	0	0	0	0	0	0	0
47	K	0	0	0	0	0	0	0
48	V	0	0	0	0	0	0	0
49	T	0	0	0	0	0	0	0
50	S	0	0	0	0	0	0	0
51	R	0	0	0	0	0	0	0
52	N	0	0	0	0	0	0	0
53	F	0	0	0	0	0	0	0
54	E	0	0	0	0	0	0	0
55	K	0	0	0	0	0	0	0
56	S	0	0	0	0	0	0	0
57	I	0	0	0	0	0	0	0
58	T	0	0	0	0	0	0	0
59	K	0	0	0	0	0	0	0
60	L	0	0	0	0	0	0	0
61	G	0	0	0	0	0	0	0
62	K	0	0	0	0	0	0	0
63	K	0	0	0	0	0	0	0
64	G	0	0	0	0	0	0	0
65	V	0	0	0	0	0	0	0
66	K	0	0	0	0	0	0	0
67	Q	0	0	0	0	0	0	0
68	F	0	0	0	0	0	0	0
69	K	0	0	0	0	0	0	0
70	N	0	0	0	0	0	0	0
71	K	N-acetyllysine	GVKQFKNKQQGDKSP	HHHHHCCCCCCCCCC	0	0	0	0
72	Q	0	0	0	0	0	0	0
73	Q	0	0	0	0	0	0	0
74	G	0	0	0	0	0	0	0
75	D	0	0	0	0	0	0	0
76	K	0	0	0	0	0	0	0
77	S	Phosphoserine	NKQQGDKSPKNKFQP	CCCCCCCCCCCCCCC	0	0	0	0
78	P	0	0	0	0	0	0	0
79	K	N-acetyllysine	QQGDKSPKNKFQPAN	CCCCCCCCCCCCCCH	0	0	0	0
80	N	0	0	0	0	0	0	0
81	K	0	0	0	0	0	0	0
82	F	0	0	0	0	0	0	0
83	Q	0	0	0	0	0	0	0
84	P	0	0	0	0	0	0	0
85	A	0	0	0	0	0	0	0
86	N	0	0	0	0	0	0	0
87	K	N6-acetyllysine	NKFQPANKFNKKRKF	CCCCCCHHCCCCCCC	0	0	0	0
88	F	0	0	0	0	0	0	0
89	N	0	0	0	0	0	0	0
90	K	0	0	0	0	0	0	0
91	K	0	0	0	0	0	0	0
92	R	0	0	0	0	0	0	0
93	K	0	0	0	0	0	0	0
94	F	0	0	0	0	0	0	0
95	Q	0	0	0	0	0	0	0
96	P	0	0	0	0	0	0	0
97	D	0	0	0	0	0	0	0
98	G	0	0	0	0	0	0	0
99	R	0	0	0	0	0	0	0
100	S	Phosphoserine	KFQPDGRSDESAAKK	CCCCCCCCCHHHHHC	0	0	0	0
101	D	0	0	0	0	0	0	0
102	E	0	0	0	0	0	0	0
103	S	Phosphoserine	PDGRSDESAAKKPKW	CCCCCCHHHHHCCCH	0	0	0	0
104	A	0	0	0	0	0	0	0
105	A	0	0	0	0	0	0	0
106	K	N6-acetyllysine	RSDESAAKKPKWDDF	CCCHHHHHCCCHHHH	0	0	0	0
107	K	N6-acetyllysine	SDESAAKKPKWDDFK	CCHHHHHCCCHHHHH	0	0	0	0
108	P	0	0	0	0	0	0	0
109	K	0	0	0	0	0	0	0
110	W	0	0	0	0	0	0	0
111	D	0	0	0	0	0	0	0
112	D	0	0	0	0	0	0	0
113	F	0	0	0	0	0	0	0
114	K	N6-acetyllysine	KPKWDDFKKKKKELK	CCCHHHHHHHHHHHH	0	0	0	0
115	K	0	0	0	0	0	0	0
116	K	0	0	0	0	0	0	0
117	K	0	0	0	0	0	0	0
118	K	0	0	0	0	0	0	0
119	E	0	0	0	0	0	0	0
120	L	0	0	0	0	0	0	0
121	K	0	0	0	0	0	0	0
122	Q	0	0	0	0	0	0	0
123	S	0	0	0	0	0	0	0
124	R	0	0	0	0	0	0	0
125	Q	0	0	0	0	0	0	0
126	L	0	0	0	0	0	0	0
127	S	0	0	0	0	0	0	0
128	D	0	0	0	0	0	0	0
129	K	0	0	0	0	0	0	0
130	T	0	0	0	0	0	0	0
131	N	0	0	0	0	0	0	0
132	Y	0	0	0	0	0	0	0
133	D	0	0	0	0	0	0	0
134	I	0	0	0	0	0	0	0
135	V	0	0	0	0	0	0	0
136	V	0	0	0	0	0	0	0
137	R	0	0	0	0	0	0	0
138	A	0	0	0	0	0	0	0
139	K	0	0	0	0	0	0	0
140	Q	0	0	0	0	0	0	0
141	M	0	0	0	0	0	0	0
142	W	0	0	0	0	0	0	0
143	E	0	0	0	0	0	0	0
144	I	0	0	0	0	0	0	0
145	L	0	0	0	0	0	0	0
146	R	0	0	0	0	0	0	0
147	R	0	0	0	0	0	0	0
148	K	0	0	0	0	0	0	0
149	D	0	0	0	0	0	0	0
150	C	0	0	0	0	0	0	0
151	D	0	0	0	0	0	0	0
152	K	0	0	0	0	0	0	0
153	E	0	0	0	0	0	0	0
154	K	0	0	0	0	0	0	0
155	R	0	0	0	0	0	0	0
156	V	0	0	0	0	0	0	0
157	K	0	0	0	0	0	0	0
158	L	0	0	0	0	0	0	0
159	M	0	0	0	0	0	0	0
160	S	0	0	0	0	0	0	0
161	D	0	0	0	0	0	0	0
162	L	0	0	0	0	0	0	0
163	Q	0	0	0	0	0	0	0
164	K	N6-acetyllysine	KLMSDLQKLIQGKIK	HHHHHHHHHHCCCCC	0	0	0	0
165	L	0	0	0	0	0	0	0
166	I	0	0	0	0	0	0	0
167	Q	0	0	0	0	0	0	0
168	G	0	0	0	0	0	0	0
169	K	0	0	0	0	0	0	0
170	I	0	0	0	0	0	0	0
171	K	0	0	0	0	0	0	0
172	T	0	0	0	0	0	0	0
173	I	0	0	0	0	0	0	0
174	A	0	0	0	0	0	0	0
175	F	0	0	0	0	0	0	0
176	A	0	0	0	0	0	0	0
177	H	0	0	0	0	0	0	0
178	D	0	0	0	0	0	0	0
179	S	0	0	0	0	0	0	0
180	T	0	0	0	0	0	0	0
181	R	0	0	0	0	0	0	0
182	V	0	0	0	0	0	0	0
183	I	0	0	0	0	0	0	0
184	Q	0	0	0	0	0	0	0
185	C	0	0	0	0	0	0	0
186	Y	0	0	0	0	0	0	0
187	I	0	0	0	0	0	0	0
188	Q	0	0	0	0	0	0	0
189	Y	0	0	0	0	0	0	0
190	G	0	0	0	0	0	0	0
191	N	0	0	0	0	0	0	0
192	E	0	0	0	0	0	0	0
193	E	0	0	0	0	0	0	0
194	Q	0	0	0	0	0	0	0
195	R	0	0	0	0	0	0	0
196	K	0	0	0	0	0	0	0
197	Q	0	0	0	0	0	0	0
198	A	0	0	0	0	0	0	0
199	F	0	0	0	0	0	0	0
200	E	0	0	0	0	0	0	0
201	E	0	0	0	0	0	0	0
202	L	0	0	0	0	0	0	0
203	R	0	0	0	0	0	0	0
204	D	0	0	0	0	0	0	0
205	D	0	0	0	0	0	0	0
206	L	0	0	0	0	0	0	0
207	V	0	0	0	0	0	0	0
208	E	0	0	0	0	0	0	0
209	L	0	0	0	0	0	0	0
210	S	0	0	0	0	0	0	0
211	K	0	0	0	0	0	0	0
212	A	0	0	0	0	0	0	0
213	K	0	0	0	0	0	0	0
214	Y	0	0	0	0	0	0	0
215	S	0	0	0	0	0	0	0
216	R	0	0	0	0	0	0	0
217	N	0	0	0	0	0	0	0
218	I	0	0	0	0	0	0	0
219	V	0	0	0	0	0	0	0
220	K	0	0	0	0	0	0	0
221	K	N6-malonyllysine	YSRNIVKKFLMYGSK	HHHHHHHHHHHHCCC	0	0	0	0
222	F	0	0	0	0	0	0	0
223	L	0	0	0	0	0	0	0
224	M	0	0	0	0	0	0	0
225	Y	0	0	0	0	0	0	0
226	G	0	0	0	0	0	0	0
227	S	Phosphoserine	KKFLMYGSKPQIAEI	HHHHHHCCCHHHHHH	0	0	0	0
228	K	N6-acetyllysine	KFLMYGSKPQIAEII	HHHHHCCCHHHHHHH	0	0	0	0
229	P	0	0	0	0	0	0	0
230	Q	0	0	0	0	0	0	0
231	I	0	0	0	0	0	0	0
232	A	0	0	0	0	0	0	0
233	E	0	0	0	0	0	0	0
234	I	0	0	0	0	0	0	0
235	I	0	0	0	0	0	0	0
236	R	0	0	0	0	0	0	0
237	S	0	0	0	0	0	0	0
238	F	0	0	0	0	0	0	0
239	K	0	0	0	0	0	0	0
240	G	0	0	0	0	0	0	0
241	H	0	0	0	0	0	0	0
242	V	0	0	0	0	0	0	0
243	R	0	0	0	0	0	0	0
244	K	0	0	0	0	0	0	0
245	M	0	0	0	0	0	0	0
246	L	0	0	0	0	0	0	0
247	R	0	0	0	0	0	0	0
248	H	0	0	0	0	0	0	0
249	A	0	0	0	0	0	0	0
250	E	0	0	0	0	0	0	0
251	A	0	0	0	0	0	0	0
252	S	0	0	0	0	0	0	0
253	A	0	0	0	0	0	0	0
254	I	0	0	0	0	0	0	0
255	V	0	0	0	0	0	0	0
256	E	0	0	0	0	0	0	0
257	Y	Phosphotyrosine	EASAIVEYAYNDKAI	HHHHHHHHHHCCHHH	0	0	0	0
258	A	0	0	0	0	0	0	0
259	Y	Phosphotyrosine	SAIVEYAYNDKAILE	HHHHHHHHCCHHHHH	0	0	0	0
260	N	0	0	0	0	0	0	0
261	D	0	0	0	0	0	0	0
262	K	0	0	0	0	0	0	0
263	A	0	0	0	0	0	0	0
264	I	0	0	0	0	0	0	0
265	L	0	0	0	0	0	0	0
266	E	0	0	0	0	0	0	0
267	Q	0	0	0	0	0	0	0
268	R	0	0	0	0	0	0	0
269	N	0	0	0	0	0	0	0
270	M	0	0	0	0	0	0	0
271	L	0	0	0	0	0	0	0
272	T	0	0	0	0	0	0	0
273	E	0	0	0	0	0	0	0
274	E	0	0	0	0	0	0	0
275	L	0	0	0	0	0	0	0
276	Y	0	0	0	0	0	0	0
277	G	0	0	0	0	0	0	0
278	N	0	0	0	0	0	0	0
279	T	Phosphothreonine	TEELYGNTFQLYKSA	HHHHHCCHHHHHHCC	0	0	0	0
280	F	0	0	0	0	0	0	0
281	Q	0	0	0	0	0	0	0
282	L	0	0	0	0	0	0	0
283	Y	Phosphotyrosine	YGNTFQLYKSADHRT	HCCHHHHHHCCCCCC	0	0	0	0
284	K	0	0	0	0	0	0	0
285	S	Phosphoserine	NTFQLYKSADHRTLD	CHHHHHHCCCCCCHH	0	0	0	0
286	A	0	0	0	0	0	0	0
287	D	0	0	0	0	0	0	0
288	H	0	0	0	0	0	0	0
289	R	0	0	0	0	0	0	0
290	T	Phosphothreonine	YKSADHRTLDKVLEV	HHCCCCCCHHHHHHC	0	0	0	0
291	L	0	0	0	0	0	0	0
292	D	0	0	0	0	0	0	0
293	K	0	0	0	0	0	0	0
294	V	0	0	0	0	0	0	0
295	L	0	0	0	0	0	0	0
296	E	0	0	0	0	0	0	0
297	V	0	0	0	0	0	0	0
298	Q	0	0	0	0	0	0	0
299	P	0	0	0	0	0	0	0
300	E	0	0	0	0	0	0	0
301	K	N6-acetyllysine	VLEVQPEKLELIMDE	HHHCCHHHHHHHHHH	0	0	0	0
302	L	0	0	0	0	0	0	0
303	E	0	0	0	0	0	0	0
304	L	0	0	0	0	0	0	0
305	I	0	0	0	0	0	0	0
306	M	0	0	0	0	0	0	0
307	D	0	0	0	0	0	0	0
308	E	0	0	0	0	0	0	0
309	M	0	0	0	0	0	0	0
310	K	0	0	0	0	0	0	0
311	Q	0	0	0	0	0	0	0
312	I	0	0	0	0	0	0	0
313	L	0	0	0	0	0	0	0
314	T	Phosphothreonine	DEMKQILTPMAQKEA	HHHHHHHCHHHHHHH	0	0	0	0
315	P	0	0	0	0	0	0	0
316	M	0	0	0	0	0	0	0
317	A	0	0	0	0	0	0	0
318	Q	0	0	0	0	0	0	0
319	K	0	0	0	0	0	0	0
320	E	0	0	0	0	0	0	0
321	A	0	0	0	0	0	0	0
322	V	0	0	0	0	0	0	0
323	I	0	0	0	0	0	0	0
324	K	0	0	0	0	0	0	0
325	H	0	0	0	0	0	0	0
326	S	0	0	0	0	0	0	0
327	L	0	0	0	0	0	0	0
328	V	0	0	0	0	0	0	0
329	H	0	0	0	0	0	0	0
330	K	0	0	0	0	0	0	0
331	V	0	0	0	0	0	0	0
332	F	0	0	0	0	0	0	0
333	L	0	0	0	0	0	0	0
334	D	0	0	0	0	0	0	0
335	F	0	0	0	0	0	0	0
336	F	0	0	0	0	0	0	0
337	T	0	0	0	0	0	0	0
338	Y	0	0	0	0	0	0	0
339	A	0	0	0	0	0	0	0
340	P	0	0	0	0	0	0	0
341	P	0	0	0	0	0	0	0
342	K	0	0	0	0	0	0	0
343	L	0	0	0	0	0	0	0
344	R	0	0	0	0	0	0	0
345	S	0	0	0	0	0	0	0
346	E	0	0	0	0	0	0	0
347	M	0	0	0	0	0	0	0
348	I	0	0	0	0	0	0	0
349	E	0	0	0	0	0	0	0
350	A	0	0	0	0	0	0	0
351	I	0	0	0	0	0	0	0
352	R	0	0	0	0	0	0	0
353	E	0	0	0	0	0	0	0
354	A	0	0	0	0	0	0	0
355	V	0	0	0	0	0	0	0
356	V	0	0	0	0	0	0	0
357	Y	0	0	0	0	0	0	0
358	L	0	0	0	0	0	0	0
359	A	0	0	0	0	0	0	0
360	H	0	0	0	0	0	0	0
361	T	0	0	0	0	0	0	0
362	H	0	0	0	0	0	0	0
363	D	0	0	0	0	0	0	0
364	G	0	0	0	0	0	0	0
365	A	0	0	0	0	0	0	0
366	R	0	0	0	0	0	0	0
367	V	0	0	0	0	0	0	0
368	A	0	0	0	0	0	0	0
369	M	0	0	0	0	0	0	0
370	H	0	0	0	0	0	0	0
371	C	0	0	0	0	0	0	0
372	L	0	0	0	0	0	0	0
373	W	0	0	0	0	0	0	0
374	H	0	0	0	0	0	0	0
375	G	0	0	0	0	0	0	0
376	T	0	0	0	0	0	0	0
377	P	0	0	0	0	0	0	0
378	K	0	0	0	0	0	0	0
379	D	0	0	0	0	0	0	0
380	R	0	0	0	0	0	0	0
381	K	0	0	0	0	0	0	0
382	V	0	0	0	0	0	0	0
383	I	0	0	0	0	0	0	0
384	V	0	0	0	0	0	0	0
385	K	0	0	0	0	0	0	0
386	T	Phosphothreonine	DRKVIVKTMKTYVEK	CCCHHHHHHHHHHHH	0	0	0	0
387	M	0	0	0	0	0	0	0
388	K	0	0	0	0	0	0	0
389	T	0	0	0	0	0	0	0
390	Y	0	0	0	0	0	0	0
391	V	0	0	0	0	0	0	0
392	E	0	0	0	0	0	0	0
393	K	0	0	0	0	0	0	0
394	V	0	0	0	0	0	0	0
395	A	0	0	0	0	0	0	0
396	N	0	0	0	0	0	0	0
397	G	0	0	0	0	0	0	0
398	Q	0	0	0	0	0	0	0
399	Y	0	0	0	0	0	0	0
400	S	0	0	0	0	0	0	0
401	H	0	0	0	0	0	0	0
402	L	0	0	0	0	0	0	0
403	V	0	0	0	0	0	0	0
404	L	0	0	0	0	0	0	0
405	L	0	0	0	0	0	0	0
406	A	0	0	0	0	0	0	0
407	A	0	0	0	0	0	0	0
408	F	0	0	0	0	0	0	0
409	D	0	0	0	0	0	0	0
410	C	0	0	0	0	0	0	0
411	I	0	0	0	0	0	0	0
412	D	0	0	0	0	0	0	0
413	D	0	0	0	0	0	0	0
414	T	0	0	0	0	0	0	0
415	K	0	0	0	0	0	0	0
416	L	0	0	0	0	0	0	0
417	V	0	0	0	0	0	0	0
418	K	0	0	0	0	0	0	0
419	Q	0	0	0	0	0	0	0
420	I	0	0	0	0	0	0	0
421	I	0	0	0	0	0	0	0
422	I	0	0	0	0	0	0	0
423	S	0	0	0	0	0	0	0
424	E	0	0	0	0	0	0	0
425	I	0	0	0	0	0	0	0
426	I	0	0	0	0	0	0	0
427	S	Phosphoserine	IIISEIISSLPSIVN	HHHHHHHHCCHHHHC	0	0	0	0
428	S	0	0	0	0	0	0	0
429	L	0	0	0	0	0	0	0
430	P	0	0	0	0	0	0	0
431	S	0	0	0	0	0	0	0
432	I	0	0	0	0	0	0	0
433	V	0	0	0	0	0	0	0
434	N	0	0	0	0	0	0	0
435	D	0	0	0	0	0	0	0
436	K	0	0	0	0	0	0	0
437	Y	0	0	0	0	0	0	0
438	G	0	0	0	0	0	0	0
439	R	0	0	0	0	0	0	0
440	K	0	0	0	0	0	0	0
441	V	0	0	0	0	0	0	0
442	L	0	0	0	0	0	0	0
443	L	0	0	0	0	0	0	0
444	Y	0	0	0	0	0	0	0
445	L	0	0	0	0	0	0	0
446	L	0	0	0	0	0	0	0
447	S	0	0	0	0	0	0	0
448	P	0	0	0	0	0	0	0
449	R	0	0	0	0	0	0	0
450	D	0	0	0	0	0	0	0
451	P	0	0	0	0	0	0	0
452	A	0	0	0	0	0	0	0
453	H	0	0	0	0	0	0	0
454	T	0	0	0	0	0	0	0
455	V	0	0	0	0	0	0	0
456	R	0	0	0	0	0	0	0
457	E	0	0	0	0	0	0	0
458	I	0	0	0	0	0	0	0
459	I	0	0	0	0	0	0	0
460	E	0	0	0	0	0	0	0
461	V	0	0	0	0	0	0	0
462	L	0	0	0	0	0	0	0
463	Q	0	0	0	0	0	0	0
464	K	0	0	0	0	0	0	0
465	G	0	0	0	0	0	0	0
466	D	0	0	0	0	0	0	0
467	G	0	0	0	0	0	0	0
468	N	0	0	0	0	0	0	0
469	A	0	0	0	0	0	0	0
470	H	0	0	0	0	0	0	0
471	S	0	0	0	0	0	0	0
472	K	0	0	0	0	0	0	0
473	K	0	0	0	0	0	0	0
474	D	0	0	0	0	0	0	0
475	T	0	0	0	0	0	0	0
476	E	0	0	0	0	0	0	0
477	V	0	0	0	0	0	0	0
478	R	0	0	0	0	0	0	0
479	R	0	0	0	0	0	0	0
480	R	0	0	0	0	0	0	0
481	E	0	0	0	0	0	0	0
482	L	0	0	0	0	0	0	0
483	L	0	0	0	0	0	0	0
484	E	0	0	0	0	0	0	0
485	S	0	0	0	0	0	0	0
486	I	0	0	0	0	0	0	0
487	S	0	0	0	0	0	0	0
488	P	0	0	0	0	0	0	0
489	A	0	0	0	0	0	0	0
490	L	0	0	0	0	0	0	0
491	L	0	0	0	0	0	0	0
492	S	0	0	0	0	0	0	0
493	Y	0	0	0	0	0	0	0
494	L	0	0	0	0	0	0	0
495	Q	0	0	0	0	0	0	0
496	E	0	0	0	0	0	0	0
497	H	0	0	0	0	0	0	0
498	A	0	0	0	0	0	0	0
499	Q	0	0	0	0	0	0	0
500	E	0	0	0	0	0	0	0
501	V	0	0	0	0	0	0	0
502	V	0	0	0	0	0	0	0
503	L	0	0	0	0	0	0	0
504	D	0	0	0	0	0	0	0
505	K	0	0	0	0	0	0	0
506	S	Phosphoserine	QEVVLDKSACVLVSD	HHHHCCHHHHHHHHH	0	0	0	0
507	A	0	0	0	0	0	0	0
508	C	0	0	0	0	0	0	0
509	V	0	0	0	0	0	0	0
510	L	0	0	0	0	0	0	0
511	V	0	0	0	0	0	0	0
512	S	Phosphoserine	KSACVLVSDILGSAT	HHHHHHHHHHHCCCC	0	0	0	0
513	D	0	0	0	0	0	0	0
514	I	0	0	0	0	0	0	0
515	L	0	0	0	0	0	0	0
516	G	0	0	0	0	0	0	0
517	S	Phosphoserine	LVSDILGSATGDVQP	HHHHHHCCCCCCCHH	0	0	0	0
518	A	0	0	0	0	0	0	0
519	T	Phosphothreonine	SDILGSATGDVQPTM	HHHHCCCCCCCHHHH	0	0	0	0
520	G	0	0	0	0	0	0	0
521	D	0	0	0	0	0	0	0
522	V	0	0	0	0	0	0	0
523	Q	0	0	0	0	0	0	0
524	P	0	0	0	0	0	0	0
525	T	0	0	0	0	0	0	0
526	M	0	0	0	0	0	0	0
527	N	0	0	0	0	0	0	0
528	A	0	0	0	0	0	0	0
529	I	0	0	0	0	0	0	0
530	A	0	0	0	0	0	0	0
531	S	0	0	0	0	0	0	0
532	L	0	0	0	0	0	0	0
533	A	0	0	0	0	0	0	0
534	A	0	0	0	0	0	0	0
535	T	0	0	0	0	0	0	0
536	G	0	0	0	0	0	0	0
537	L	0	0	0	0	0	0	0
538	H	0	0	0	0	0	0	0
539	P	0	0	0	0	0	0	0
540	G	0	0	0	0	0	0	0
541	G	0	0	0	0	0	0	0
542	K	0	0	0	0	0	0	0
543	D	0	0	0	0	0	0	0
544	G	0	0	0	0	0	0	0
545	E	0	0	0	0	0	0	0
546	L	0	0	0	0	0	0	0
547	H	0	0	0	0	0	0	0
548	I	0	0	0	0	0	0	0
549	A	0	0	0	0	0	0	0
550	E	0	0	0	0	0	0	0
551	H	0	0	0	0	0	0	0
552	P	0	0	0	0	0	0	0
553	A	0	0	0	0	0	0	0
554	G	0	0	0	0	0	0	0
555	H	0	0	0	0	0	0	0
556	L	0	0	0	0	0	0	0
557	V	0	0	0	0	0	0	0
558	L	0	0	0	0	0	0	0
559	K	0	0	0	0	0	0	0
560	W	0	0	0	0	0	0	0
561	L	0	0	0	0	0	0	0
562	I	0	0	0	0	0	0	0
563	E	0	0	0	0	0	0	0
564	Q	0	0	0	0	0	0	0
565	D	0	0	0	0	0	0	0
566	K	N6-acetyllysine	KWLIEQDKKMKENGR	HHHHHHHHHHHHHCC	0	0	0	0
567	K	0	0	0	0	0	0	0
568	M	0	0	0	0	0	0	0
569	K	0	0	0	0	0	0	0
570	E	0	0	0	0	0	0	0
571	N	0	0	0	0	0	0	0
572	G	0	0	0	0	0	0	0
573	R	0	0	0	0	0	0	0
574	E	0	0	0	0	0	0	0
575	G	0	0	0	0	0	0	0
576	C	0	0	0	0	0	0	0
577	F	0	0	0	0	0	0	0
578	A	0	0	0	0	0	0	0
579	K	N6-acetyllysine	GREGCFAKTLVEHVG	CCCCCHHHHHHHHHC	0	0	0	0
580	T	0	0	0	0	0	0	0
581	L	0	0	0	0	0	0	0
582	V	0	0	0	0	0	0	0
583	E	0	0	0	0	0	0	0
584	H	0	0	0	0	0	0	0
585	V	0	0	0	0	0	0	0
586	G	0	0	0	0	0	0	0
587	M	0	0	0	0	0	0	0
588	K	N6-acetyllysine	LVEHVGMKNLKSWAS	HHHHHCCCCCHHHHC	0	0	0	0
589	N	0	0	0	0	0	0	0
590	L	0	0	0	0	0	0	0
591	K	N6-malonyllysine	HVGMKNLKSWASVNR	HHCCCCCHHHHCCCH	0	0	0	0
592	S	0	0	0	0	0	0	0
593	W	0	0	0	0	0	0	0
594	A	0	0	0	0	0	0	0
595	S	Phosphoserine	KNLKSWASVNRGAII	CCCHHHHCCCHHHHH	0	0	0	0
596	V	0	0	0	0	0	0	0
597	N	0	0	0	0	0	0	0
598	R	0	0	0	0	0	0	0
599	G	0	0	0	0	0	0	0
600	A	0	0	0	0	0	0	0
601	I	0	0	0	0	0	0	0
602	I	0	0	0	0	0	0	0
603	L	0	0	0	0	0	0	0
604	S	0	0	0	0	0	0	0
605	S	0	0	0	0	0	0	0
606	L	0	0	0	0	0	0	0
607	L	0	0	0	0	0	0	0
608	Q	0	0	0	0	0	0	0
609	S	0	0	0	0	0	0	0
610	C	0	0	0	0	0	0	0
611	D	0	0	0	0	0	0	0
612	L	0	0	0	0	0	0	0
613	E	0	0	0	0	0	0	0
614	V	0	0	0	0	0	0	0
615	A	0	0	0	0	0	0	0
616	N	0	0	0	0	0	0	0
617	K	0	0	0	0	0	0	0
618	V	0	0	0	0	0	0	0
619	K	0	0	0	0	0	0	0
620	A	0	0	0	0	0	0	0
621	A	0	0	0	0	0	0	0
622	L	0	0	0	0	0	0	0
623	K	N6-acetyllysine	NKVKAALKSLIPTLE	HHHHHHHHHHHHHHH	0	0	0	0
624	S	0	0	0	0	0	0	0
625	L	0	0	0	0	0	0	0
626	I	0	0	0	0	0	0	0
627	P	0	0	0	0	0	0	0
628	T	0	0	0	0	0	0	0
629	L	0	0	0	0	0	0	0
630	E	0	0	0	0	0	0	0
631	K	0	0	0	0	0	0	0
632	T	0	0	0	0	0	0	0
633	K	0	0	0	0	0	0	0
634	S	0	0	0	0	0	0	0
635	T	0	0	0	0	0	0	0
636	S	0	0	0	0	0	0	0
637	K	0	0	0	0	0	0	0
638	G	0	0	0	0	0	0	0
639	I	0	0	0	0	0	0	0
640	E	0	0	0	0	0	0	0
641	I	0	0	0	0	0	0	0
642	L	0	0	0	0	0	0	0
643	L	0	0	0	0	0	0	0
644	E	0	0	0	0	0	0	0
645	K	0	0	0	0	0	0	0
646	L	0	0	0	0	0	0	0
647	S	0	0	0	0	0	0	0
648	T	0	0	0	0	0	0	0
