location	residue	Modification	seq	secStruc	RelatedDisease	VariantPosition	ResidueChange	DaPSbySAP
1	M	0	0	0	0	0	0	0
2	G	0	0	0	0	0	0	0
3	P	0	0	0	0	0	0	0
4	T	O-linked (GalNAc)	----MGPTSVPLVKA	----CCCCCCCCCCC	Lymphocyte counts:lymphocyte count	13 (9)	0	0
5	S	O-linked (GalNAc)	---MGPTSVPLVKAH	---CCCCCCCCCCCC	Lymphocyte counts:lymphocyte count	13 (8)	0	0
6	V	0	0	0	0	0	0	0
7	P	0	0	0	0	0	0	0
8	L	0	0	0	0	0	0	0
9	V	0	0	0	0	0	0	0
10	K	0	0	0	0	0	0	0
11	A	0	0	0	0	0	0	0
12	H	0	0	0	0	0	0	0
13	R	0	0	0	0	0	S;G;C	4,5
14	S	0	0	0	0	0	0	0
15	S	0	0	0	0	0	0	0
16	V	0	0	0	0	0	0	0
17	S	0	0	0	0	0	0	0
18	D	0	0	0	0	0	0	0
19	Y	0	0	0	0	0	0	0
20	V	0	0	0	0	0	0	0
21	N	0	0	0	0	0	0	0
22	Y	0	0	0	0	0	0	0
23	D	0	0	0	0	0	0	0
24	I	0	0	0	0	0	0	0
25	I	0	0	0	0	0	0	0
26	V	0	0	0	0	0	0	0
27	R	0	0	0	0	0	0	0
28	H	0	0	0	0	0	0	0
29	Y	0	0	0	0	0	0	0
30	N	N-linked (GlcNAc)	DIIVRHYNYTGKLNI	EEEEEECCCCCCEEE	0	0	0	0
31	Y	0	0	0	0	0	0	0
32	T	0	0	0	0	0	0	0
33	G	0	0	0	0	0	0	0
34	K	0	0	0	0	0	0	0
35	L	0	0	0	0	0	0	0
36	N	0	0	0	0	0	0	0
37	I	0	0	0	0	0	0	0
38	S	N-linked Glycosylation	YTGKLNISADKENSI	CCCCEEECCCCCCCC	0	0	0	0
39	A	0	0	0	0	0	0	0
40	D	0	0	0	0	0	0	0
41	K	0	0	0	0	0	0	0
42	E	0	0	0	0	0	0	0
43	N	0	0	0	0	0	0	0
44	S	0	0	0	0	0	0	0
45	I	0	0	0	0	0	0	0
46	K	0	0	0	0	0	0	0
47	L	0	0	0	0	0	0	0
48	T	0	0	0	0	0	0	0
49	S	0	0	0	0	0	0	0
50	V	0	0	0	0	0	0	0
51	V	0	0	0	0	0	0	0
52	F	0	0	0	0	0	0	0
53	I	0	0	0	0	0	0	0
54	L	0	0	0	0	0	0	0
55	I	0	0	0	0	0	0	0
56	C	0	0	0	0	0	0	0
57	C	0	0	0	0	0	0	0
58	F	0	0	0	0	0	0	0
59	I	0	0	0	0	0	0	0
60	I	0	0	0	0	0	0	0
61	L	0	0	0	0	0	0	0
62	E	0	0	0	0	0	0	0
63	N	0	0	0	0	0	0	0
64	I	0	0	0	0	0	0	0
65	F	0	0	0	0	0	0	0
66	V	0	0	0	0	0	0	0
67	L	0	0	0	0	0	0	0
68	L	0	0	0	0	0	0	0
69	T	0	0	0	0	0	0	0
70	I	0	0	0	0	0	0	0
71	W	0	0	0	0	0	0	0
72	K	0	0	0	0	0	0	0
73	T	0	0	0	0	0	0	0
74	K	0	0	0	0	0	0	0
75	K	0	0	0	0	0	0	0
76	F	0	0	0	0	0	0	0
77	H	0	0	0	0	0	0	0
78	R	0	0	0	0	0	0	0
79	P	0	0	0	0	0	0	0
80	M	0	0	0	0	0	0	0
81	Y	0	0	0	0	0	0	0
82	Y	0	0	0	0	0	0	0
83	F	0	0	0	0	0	0	0
84	I	0	0	0	0	0	0	0
85	G	0	0	0	0	0	0	0
86	N	0	0	0	0	0	0	0
87	L	0	0	0	0	0	0	0
88	A	0	0	0	0	0	0	0
89	L	0	0	0	0	0	0	0
90	S	0	0	0	0	0	0	0
91	D	0	0	0	0	0	0	0
92	L	0	0	0	0	0	0	0
93	L	0	0	0	0	0	0	0
94	A	0	0	0	0	0	0	0
95	G	0	0	0	0	0	0	0
96	V	0	0	0	0	0	0	0
97	A	0	0	0	0	0	0	0
98	Y	0	0	0	0	0	0	0
99	T	0	0	0	0	0	0	0
100	A	0	0	0	0	0	0	0
101	N	0	0	0	0	0	0	0
102	L	0	0	0	0	0	0	0
103	L	0	0	0	0	0	0	0
104	L	0	0	0	0	0	0	0
105	S	0	0	0	0	0	0	0
106	G	0	0	0	0	0	0	0
107	A	0	0	0	0	0	0	0
108	T	0	0	0	0	0	0	0
109	T	0	0	0	0	0	0	0
110	Y	0	0	0	0	0	0	0
111	K	0	0	0	0	0	0	0
112	L	0	0	0	0	0	0	0
113	T	0	0	0	0	0	0	0
114	P	0	0	0	0	0	0	0
115	A	0	0	0	0	0	0	0
116	Q	0	0	0	0	0	0	0
117	W	0	0	0	0	0	0	0
118	F	0	0	0	0	0	0	0
119	L	0	0	0	0	0	0	0
120	R	0	0	0	0	0	0	0
121	E	0	0	0	0	0	0	0
122	G	0	0	0	0	0	0	0
123	S	0	0	0	0	0	0	0
124	M	0	0	0	0	0	0	0
125	F	0	0	0	0	0	0	0
126	V	0	0	0	0	0	0	0
127	A	0	0	0	0	0	0	0
128	L	0	0	0	0	0	0	0
129	S	Phosphoserine	GSMFVALSASVFSLL	CCHHHHHHHHHHHHH	0	0	0	0
130	A	0	0	0	0	0	0	0
131	S	0	0	0	0	0	0	0
132	V	0	0	0	0	0	0	0
133	F	0	0	0	0	0	0	0
134	S	0	0	0	0	0	0	0
135	L	0	0	0	0	0	0	0
136	L	0	0	0	0	0	0	0
137	A	0	0	0	0	0	0	0
138	I	0	0	0	0	0	0	0
139	A	0	0	0	0	0	0	0
140	I	0	0	0	0	0	0	0
141	E	0	0	0	0	0	0	0
142	R	0	0	0	0	0	0	0
143	Y	Phosphotyrosine	LAIAIERYITMLKMK	HHHHHHHHHHHHHHH	0	0	0	0
144	I	0	0	0	0	0	0	0
145	T	0	0	0	0	0	0	0
146	M	0	0	0	0	0	0	0
147	L	0	0	0	0	0	0	0
148	K	0	0	0	0	0	0	0
149	M	0	0	0	0	0	0	0
150	K	0	0	0	0	0	0	0
151	L	0	0	0	0	0	0	0
152	H	0	0	0	0	0	0	0
153	N	0	0	0	0	0	0	0
154	G	0	0	0	0	0	0	0
155	S	0	0	0	0	0	0	0
156	N	0	0	0	0	0	0	0
157	N	0	0	0	0	0	0	0
158	F	0	0	0	0	0	0	0
159	R	0	0	0	0	0	0	0
160	L	0	0	0	0	0	0	0
161	F	0	0	0	0	0	0	0
162	L	0	0	0	0	0	0	0
163	L	0	0	0	0	0	0	0
164	I	0	0	0	0	0	0	0
165	S	0	0	0	0	0	0	0
166	A	0	0	0	0	0	0	0
167	C	0	0	0	0	0	0	0
168	W	0	0	0	0	0	0	0
169	V	0	0	0	0	0	0	0
170	I	0	0	0	0	0	0	0
171	S	0	0	0	0	0	0	0
172	L	0	0	0	0	0	0	0
173	I	0	0	0	0	0	0	0
174	L	0	0	0	0	0	0	0
175	G	0	0	0	0	0	0	0
176	G	0	0	0	0	0	0	0
177	L	0	0	0	0	0	0	0
178	P	0	0	0	0	0	0	0
179	I	0	0	0	0	0	0	0
180	M	0	0	0	0	0	0	0
181	G	0	0	0	0	0	0	0
182	W	0	0	0	0	0	0	0
183	N	0	0	0	0	0	0	0
184	C	0	0	0	0	0	0	0
185	I	0	0	0	0	0	0	0
186	S	0	0	0	0	0	0	0
187	A	0	0	0	0	0	0	0
188	L	0	0	0	0	0	0	0
189	S	0	0	0	0	0	0	0
190	S	0	0	0	0	0	0	0
191	C	0	0	0	0	0	0	0
192	S	0	0	0	0	0	0	0
193	T	0	0	0	0	0	0	0
194	V	0	0	0	0	0	0	0
195	L	0	0	0	0	0	0	0
196	P	0	0	0	0	0	0	0
197	L	0	0	0	0	0	0	0
198	Y	0	0	0	0	0	0	0
199	H	0	0	0	0	0	0	0
200	K	0	0	0	0	0	0	0
201	H	0	0	0	0	0	0	0
202	Y	0	0	0	0	0	0	0
203	I	0	0	0	0	0	0	0
204	L	0	0	0	0	0	0	0
205	F	0	0	0	0	0	0	0
206	C	0	0	0	0	0	0	0
207	T	0	0	0	0	0	0	0
208	T	0	0	0	0	0	0	0
209	V	0	0	0	0	0	0	0
210	F	0	0	0	0	0	0	0
211	T	0	0	0	0	0	0	0
212	L	0	0	0	0	0	0	0
213	L	0	0	0	0	0	0	0
214	L	0	0	0	0	0	0	0
215	L	0	0	0	0	0	0	0
216	S	0	0	0	0	0	0	0
217	I	0	0	0	0	0	0	0
218	V	0	0	0	0	0	0	0
219	I	0	0	0	0	0	0	0
220	L	0	0	0	0	0	0	0
221	Y	0	0	0	0	0	0	0
222	C	0	0	0	0	0	0	0
223	R	0	0	0	0	0	0	0
224	I	0	0	0	0	0	0	0
225	Y	0	0	0	0	0	0	0
226	S	0	0	0	0	0	0	0
227	L	0	0	0	0	0	0	0
228	V	0	0	0	0	0	0	0
229	R	0	0	0	0	0	0	0
230	T	0	0	0	0	0	0	0
231	R	0	0	0	0	0	0	0
232	S	0	0	0	0	0	0	0
233	R	0	0	0	0	0	0	0
234	R	0	0	0	0	0	0	0
235	L	0	0	0	0	0	0	0
236	T	Phosphothreonine	RTRSRRLTFRKNISK	HHHHHHHHHHHHHHH	0	0	0	0
237	F	0	0	0	0	0	0	0
238	R	0	0	0	0	0	0	0
239	K	0	0	0	0	0	0	0
240	N	0	0	0	0	0	0	0
241	I	0	0	0	0	0	0	0
242	S	0	0	0	0	0	0	0
243	K	0	0	0	0	0	0	0
244	A	0	0	0	0	0	0	0
245	S	0	0	0	0	0	0	0
246	R	0	0	0	0	0	0	0
247	S	0	0	0	0	0	0	0
248	S	0	0	0	0	0	0	0
249	E	0	0	0	0	0	0	0
250	K	0	0	0	0	0	0	0
251	S	0	0	0	0	0	0	0
252	L	0	0	0	0	0	0	0
253	A	0	0	0	0	0	0	0
254	L	0	0	0	0	0	0	0
255	L	0	0	0	0	0	0	0
256	K	0	0	0	0	0	0	0
257	T	0	0	0	0	0	0	0
258	V	0	0	0	0	0	0	0
259	I	0	0	0	0	0	0	0
260	I	0	0	0	0	0	0	0
261	V	0	0	0	0	0	0	0
262	L	0	0	0	0	0	0	0
263	S	0	0	0	0	0	0	0
264	V	0	0	0	0	0	0	0
265	F	0	0	0	0	0	0	0
266	I	0	0	0	0	0	0	0
267	A	0	0	0	0	0	0	0
268	C	0	0	0	0	0	0	0
269	W	0	0	0	0	0	0	0
270	A	0	0	0	0	0	0	0
271	P	0	0	0	0	0	0	0
272	L	0	0	0	0	0	0	0
273	F	0	0	0	0	0	0	0
274	I	0	0	0	0	0	0	0
275	L	0	0	0	0	0	0	0
276	L	0	0	0	0	0	0	0
277	L	0	0	0	0	0	0	0
278	L	0	0	0	0	0	0	0
279	D	0	0	0	0	0	0	0
280	V	0	0	0	0	0	0	0
281	G	0	0	0	0	0	0	0
282	C	0	0	0	0	0	0	0
283	K	0	0	0	0	0	0	0
284	V	0	0	0	0	0	0	0
285	K	0	0	0	0	0	0	0
286	T	0	0	0	0	0	0	0
287	C	0	0	0	0	0	0	0
288	D	0	0	0	0	0	0	0
289	I	0	0	0	0	0	0	0
290	L	0	0	0	0	0	0	0
291	F	0	0	0	0	0	0	0
292	R	0	0	0	0	0	0	0
293	A	0	0	0	0	0	0	0
294	E	0	0	0	0	0	0	0
295	Y	0	0	0	0	0	0	0
296	F	0	0	0	0	0	0	0
297	L	0	0	0	0	0	0	0
298	V	0	0	0	0	0	0	0
299	L	0	0	0	0	0	0	0
300	A	0	0	0	0	0	0	0
301	V	0	0	0	0	0	0	0
302	L	0	0	0	0	0	0	0
303	N	0	0	0	0	0	0	0
304	S	0	0	0	0	0	0	0
305	G	0	0	0	0	0	0	0
306	T	0	0	0	0	0	0	0
307	N	0	0	0	0	0	0	0
308	P	0	0	0	0	0	0	0
309	I	0	0	0	0	0	0	0
310	I	0	0	0	0	0	0	0
311	Y	0	0	0	0	0	0	0
312	T	0	0	0	0	0	0	0
313	L	0	0	0	0	0	0	0
314	T	0	0	0	0	0	0	0
315	N	0	0	0	0	0	0	0
316	K	0	0	0	0	0	0	0
317	E	0	0	0	0	0	0	0
318	M	0	0	0	0	0	0	0
319	R	0	0	0	0	0	0	0
320	R	0	0	0	0	0	0	0
321	A	0	0	0	0	0	0	0
322	F	0	0	0	0	0	0	0
323	I	0	0	0	0	0	0	0
324	R	0	0	0	0	0	0	0
325	I	0	0	0	0	0	0	0
326	M	0	0	0	0	0	0	0
327	S	0	0	0	0	0	0	0
328	C	0	0	0	0	0	0	0
329	C	0	0	0	0	0	0	0
330	K	N-acetyllysine	IRIMSCCKCPSGDSA	HHHHHCCCCCCCCCC	0	0	0	0
331	C	0	0	0	0	0	0	0
332	P	0	0	0	0	0	0	0
333	S	0	0	0	0	0	0	0
334	G	0	0	0	0	0	0	0
335	D	0	0	0	0	0	0	0
336	S	0	0	0	0	0	0	0
337	A	0	0	0	0	0	0	0
338	G	0	0	0	0	0	0	0
339	K	0	0	0	0	0	0	0
340	F	0	0	0	0	0	0	0
341	K	0	0	0	0	0	0	0
342	R	0	0	0	0	0	0	0
343	P	0	0	0	0	0	0	0
344	I	0	0	0	0	0	0	0
345	I	0	0	0	0	0	0	0
346	A	0	0	0	0	0	0	0
347	G	0	0	0	0	0	0	0
348	M	0	0	0	0	0	0	0
349	E	0	0	0	0	0	0	0
350	F	0	0	0	0	0	0	0
351	S	Phosphoserine	IIAGMEFSRSKSDNS	EEECCEECCCCCCCC	0	0	0	0
352	R	0	0	0	0	0	0	0
353	S	Phosphoserine	AGMEFSRSKSDNSSH	ECCEECCCCCCCCCC	0	0	0	0
354	K	0	0	0	0	0	0	0
355	S	Phosphoserine	MEFSRSKSDNSSHPQ	CEECCCCCCCCCCCC	0	0	0	0
356	D	0	0	0	0	0	0	0
357	N	0	0	0	0	0	0	0
358	S	Phosphoserine	SRSKSDNSSHPQKDE	CCCCCCCCCCCCCCC	0	0	0	0
359	S	Phosphoserine	RSKSDNSSHPQKDEG	CCCCCCCCCCCCCCC	0	0	0	0
360	H	0	0	0	0	0	0	0
361	P	0	0	0	0	0	0	0
362	Q	0	0	0	0	0	0	0
363	K	0	0	0	0	0	0	0
364	D	0	0	0	0	0	0	0
365	E	0	0	0	0	0	0	0
366	G	0	0	0	0	0	0	0
367	D	0	0	0	0	0	0	0
368	N	0	0	0	0	0	0	0
369	P	0	0	0	0	0	0	0
370	E	0	0	0	0	0	0	0
371	T	0	0	0	0	0	0	0
372	I	0	0	0	0	0	0	0
373	M	0	0	0	0	0	0	0
374	S	0	0	0	0	0	0	0
375	S	0	0	0	0	0	0	0
376	G	0	0	0	0	0	0	0
377	N	0	0	0	0	0	0	0
378	V	0	0	0	0	0	0	0
379	N	0	0	0	0	0	0	0
380	S	0	0	0	0	0	0	0
381	S	0	0	0	0	0	0	0
382	S	0	0	0	0	0	0	0
