location	residue	Modification	seq	secStruc	RelatedDisease	VariantPosition	ResidueChange	DaPSbySAP
1	M	0	0	0	0	0	0	0
2	A	0	0	0	0	0	0	0
3	V	0	0	0	0	0	0	0
4	Y	0	0	0	0	0	0	0
5	R	0	0	0	0	0	0	0
6	A	0	0	0	0	0	0	0
7	A	0	0	0	0	0	0	0
8	L	0	0	0	0	0	0	0
9	G	0	0	0	0	0	0	0
10	A	0	0	0	0	0	0	0
11	S	0	0	0	0	0	0	0
12	L	0	0	0	0	0	0	0
13	A	0	0	0	0	0	0	0
14	A	0	0	0	0	0	0	0
15	A	0	0	0	0	0	0	0
16	R	0	0	0	0	0	0	0
17	L	0	0	0	0	0	0	0
18	L	0	0	0	0	0	0	0
19	P	0	0	0	0	0	0	0
20	L	0	0	0	0	0	0	0
21	G	0	0	0	0	0	0	0
22	R	0	0	0	0	0	0	0
23	C	0	0	0	0	0	0	0
24	S	0	0	0	0	0	0	0
25	P	0	0	0	0	0	0	0
26	S	0	0	0	0	0	0	0
27	P	0	0	0	0	0	0	0
28	A	0	0	0	0	0	0	0
29	P	0	0	0	0	0	0	0
30	R	0	0	0	0	0	0	0
31	S	0	0	0	0	0	0	0
32	T	0	0	0	0	0	0	0
33	L	0	0	0	0	0	0	0
34	S	0	0	0	0	0	0	0
35	G	0	0	0	0	0	0	0
36	A	0	0	0	0	0	0	0
37	A	0	0	0	0	0	0	0
38	M	0	0	0	0	0	0	0
39	E	0	0	0	0	0	0	0
40	P	0	0	0	0	0	0	0
41	A	0	0	0	0	0	0	0
42	P	0	0	0	0	0	0	0
43	R	0	0	0	0	0	0	0
44	W	0	0	0	0	0	0	0
45	L	0	0	0	0	0	0	0
46	A	0	0	0	0	0	0	0
47	G	0	0	0	0	0	0	0
48	L	0	0	0	0	0	0	0
49	R	0	0	0	0	0	0	0
50	F	0	0	0	0	0	0	0
51	D	0	0	0	0	0	0	0
52	N	0	0	0	0	0	0	0
53	R	0	0	0	0	0	0	0
54	A	0	0	0	0	0	0	0
55	L	0	0	0	0	0	0	0
56	R	0	0	0	0	0	0	0
57	A	0	0	0	0	0	0	0
58	L	0	0	0	0	0	0	0
59	P	0	0	0	0	0	0	0
60	V	0	0	0	0	0	0	0
61	E	0	0	0	0	0	0	0
62	A	0	0	0	0	0	0	0
63	P	0	0	0	0	0	0	0
64	P	0	0	0	0	0	0	0
65	P	0	0	0	0	0	0	0
66	G	0	0	0	0	0	0	0
67	P	0	0	0	0	0	0	0
68	E	0	0	0	0	0	0	0
69	G	0	0	0	0	0	0	0
70	A	0	0	0	0	0	0	0
71	P	0	0	0	0	0	0	0
72	S	0	0	0	0	0	0	0
73	A	0	0	0	0	0	0	0
74	P	0	0	0	0	0	0	0
75	R	0	0	0	0	0	0	0
76	P	0	0	0	0	0	0	0
77	V	0	0	0	0	0	0	0
78	P	0	0	0	0	0	0	0
79	G	0	0	0	0	0	0	0
80	A	0	0	0	0	0	0	0
81	C	0	0	0	0	0	0	0
82	F	0	0	0	0	0	0	0
83	T	0	0	0	0	0	0	0
84	R	0	0	0	0	0	0	0
85	V	0	0	0	0	0	0	0
86	Q	0	0	0	0	0	0	0
87	P	0	0	0	0	0	0	0
88	T	0	0	0	0	0	0	0
89	P	0	0	0	0	0	0	0
90	L	0	0	0	0	0	0	0
91	R	0	0	0	0	0	0	0
92	Q	0	0	0	0	0	0	0
93	P	0	0	0	0	0	0	0
94	R	0	0	0	0	0	0	0
95	L	0	0	0	0	0	0	0
96	V	0	0	0	0	0	0	0
97	A	0	0	0	0	0	0	0
98	L	0	0	0	0	0	0	0
99	S	0	0	0	0	0	0	0
100	E	0	0	0	0	0	0	0
101	P	0	0	0	0	0	0	0
102	A	0	0	0	0	0	0	0
103	L	0	0	0	0	0	0	0
104	A	0	0	0	0	0	0	0
105	L	0	0	0	0	0	0	0
106	L	0	0	0	0	0	0	0
107	G	0	0	0	0	0	0	0
108	L	0	0	0	0	0	0	0
109	G	0	0	0	0	0	0	0
110	A	0	0	0	0	0	0	0
111	P	0	0	0	0	0	0	0
112	P	0	0	0	0	0	0	0
113	A	0	0	0	0	0	0	0
114	R	0	0	0	0	0	0	0
115	E	0	0	0	0	0	0	0
116	A	0	0	0	0	0	0	0
117	E	0	0	0	0	0	0	0
118	A	0	0	0	0	0	0	0
119	E	0	0	0	0	0	0	0
120	A	0	0	0	0	0	0	0
121	A	0	0	0	0	0	0	0
122	L	0	0	0	0	0	0	0
123	F	0	0	0	0	0	0	0
124	F	0	0	0	0	0	0	0
125	S	0	0	0	0	0	0	0
126	G	0	0	0	0	0	0	0
127	N	0	0	0	0	0	0	0
128	A	0	0	0	0	0	0	0
129	L	0	0	0	0	0	0	0
130	L	0	0	0	0	0	0	0
131	P	0	0	0	0	0	0	0
132	G	0	0	0	0	0	0	0
133	A	0	0	0	0	0	0	0
134	E	0	0	0	0	0	0	0
135	P	0	0	0	0	0	0	0
136	A	0	0	0	0	0	0	0
137	A	0	0	0	0	0	0	0
138	H	0	0	0	0	0	0	0
139	C	0	0	0	0	0	0	0
140	Y	0	0	0	0	0	0	0
141	C	0	0	0	0	0	0	0
142	G	0	0	0	0	0	0	0
143	H	0	0	0	0	0	0	0
144	Q	0	0	0	0	0	0	0
145	F	0	0	0	0	0	0	0
146	G	0	0	0	0	0	0	0
147	Q	0	0	0	0	0	0	0
148	F	0	0	0	0	0	0	0
149	A	0	0	0	0	0	0	0
150	G	0	0	0	0	0	0	0
151	Q	0	0	0	0	0	0	0
152	L	0	0	0	0	0	0	0
153	G	0	0	0	0	0	0	0
154	D	0	0	0	0	0	0	0
155	G	0	0	0	0	0	0	0
156	A	0	0	0	0	0	0	0
157	A	0	0	0	0	0	0	0
158	M	0	0	0	0	0	0	0
159	Y	0	0	0	0	0	0	0
160	L	0	0	0	0	0	0	0
161	G	0	0	0	0	0	0	0
162	E	0	0	0	0	0	0	0
163	V	0	0	0	0	0	0	0
164	C	0	0	0	0	0	0	0
165	T	0	0	0	0	0	0	0
166	A	0	0	0	0	0	0	0
167	T	0	0	0	0	0	0	0
168	G	0	0	0	0	0	0	0
169	E	0	0	0	0	0	0	0
170	R	0	0	0	0	0	0	0
171	W	0	0	0	0	0	0	0
172	E	0	0	0	0	0	0	0
173	L	0	0	0	0	0	0	0
174	Q	0	0	0	0	0	0	0
175	L	0	0	0	0	0	0	0
176	K	0	0	0	0	0	0	0
177	G	0	0	0	0	0	0	0
178	A	0	0	0	0	0	0	0
179	G	0	0	0	0	0	0	0
180	P	0	0	0	0	0	0	0
181	T	0	0	0	0	0	0	0
182	P	0	0	0	0	0	0	0
183	F	0	0	0	0	0	0	0
184	S	0	0	0	0	0	0	0
185	R	0	0	0	0	0	0	0
186	Q	0	0	0	0	0	0	0
187	A	0	0	0	0	0	0	0
188	D	0	0	0	0	0	0	0
189	G	0	0	0	0	0	0	0
190	R	0	0	0	0	0	0	0
191	K	0	0	0	0	0	0	0
192	V	0	0	0	0	0	0	0
193	L	0	0	0	0	0	0	0
194	R	0	0	0	0	0	0	0
195	S	0	0	0	0	0	0	0
196	S	0	0	0	0	0	0	0
197	I	0	0	0	0	0	0	0
198	R	0	0	0	0	0	0	0
199	E	0	0	0	0	0	0	0
200	F	0	0	0	0	0	0	0
201	L	0	0	0	0	0	0	0
202	C	0	0	0	0	0	0	0
203	S	Phosphoserine	SIREFLCSEAMFHLG	HHHHHHHHHHHHHCC	0	0	0	0
204	E	0	0	0	0	0	0	0
205	A	0	0	0	0	0	0	0
206	M	0	0	0	0	0	0	0
207	F	0	0	0	0	0	0	0
208	H	0	0	0	0	0	0	0
209	L	0	0	0	0	0	0	0
210	G	0	0	0	0	0	0	0
211	V	0	0	0	0	0	0	0
212	P	0	0	0	0	0	0	0
213	T	Phosphothreonine	MFHLGVPTTRAGACV	HHHCCCCCCCCCCCC	0	0	0	0
214	T	Phosphothreonine	FHLGVPTTRAGACVT	HHCCCCCCCCCCCCC	0	0	0	0
215	R	0	0	0	0	0	0	0
216	A	0	0	0	0	0	0	0
217	G	0	0	0	0	0	0	0
218	A	0	0	0	0	0	0	0
219	C	0	0	0	0	0	0	0
220	V	0	0	0	0	0	0	0
221	T	0	0	0	0	0	0	0
222	S	0	0	0	0	0	0	0
223	E	0	0	0	0	0	0	0
224	S	0	0	0	0	0	0	0
225	T	0	0	0	0	0	0	0
226	V	0	0	0	0	0	0	0
227	V	0	0	0	0	0	0	0
228	R	0	0	0	0	0	0	0
229	D	0	0	0	0	0	0	0
230	V	0	0	0	0	0	0	0
231	F	0	0	0	0	0	0	0
232	Y	0	0	0	0	0	0	0
233	D	0	0	0	0	0	0	0
234	G	0	0	0	0	0	0	0
235	N	0	0	0	0	0	0	0
236	P	0	0	0	0	0	0	0
237	K	0	0	0	0	0	0	0
238	Y	0	0	0	0	0	0	0
239	E	0	0	0	0	0	0	0
240	Q	0	0	0	0	0	0	0
241	C	0	0	0	0	0	0	0
242	T	0	0	0	0	0	0	0
243	V	0	0	0	0	0	0	0
244	V	0	0	0	0	0	0	0
245	L	0	0	0	0	0	0	0
246	R	0	0	0	0	0	0	0
247	V	0	0	0	0	0	0	0
248	A	0	0	0	0	0	0	0
249	S	0	0	0	0	0	0	0
250	T	0	0	0	0	0	0	0
251	F	0	0	0	0	0	0	0
252	I	0	0	0	0	0	0	0
253	R	0	0	0	0	0	0	0
254	F	0	0	0	0	0	0	0
255	G	0	0	0	0	0	0	0
256	S	0	0	0	0	0	0	0
257	F	0	0	0	0	0	0	0
258	E	0	0	0	0	0	0	0
259	I	0	0	0	0	0	0	0
260	F	0	0	0	0	0	0	0
261	K	0	0	0	0	0	0	0
262	S	Phosphoserine	GSFEIFKSADEHTGR	CCEEEECCCCCCCCC	0	0	0	0
263	A	0	0	0	0	0	0	0
264	D	0	0	0	0	0	0	0
265	E	0	0	0	0	0	0	0
266	H	0	0	0	0	0	0	0
267	T	Phosphothreonine	FKSADEHTGRAGPSV	ECCCCCCCCCCCCCC	0	0	0	0
268	G	0	0	0	0	0	0	0
269	R	0	0	0	0	0	0	0
270	A	0	0	0	0	0	0	0
271	G	0	0	0	0	0	0	0
272	P	0	0	0	0	0	0	0
273	S	0	0	0	0	0	0	0
274	V	0	0	0	0	0	0	0
275	G	0	0	0	0	0	0	0
276	R	0	0	0	0	0	0	0
277	N	0	0	0	0	0	0	0
278	D	0	0	0	0	0	0	0
279	I	0	0	0	0	0	0	0
280	R	0	0	0	0	0	0	0
281	V	0	0	0	0	0	0	0
282	Q	0	0	0	0	0	0	0
283	L	0	0	0	0	0	0	0
284	L	0	0	0	0	0	0	0
285	D	0	0	0	0	0	0	0
286	Y	0	0	0	0	0	0	0
287	V	0	0	0	0	0	0	0
288	I	0	0	0	0	0	0	0
289	S	0	0	0	0	0	0	0
290	S	0	0	0	0	0	0	0
291	F	0	0	0	0	0	0	0
292	Y	0	0	0	0	0	0	0
293	P	0	0	0	0	0	0	0
294	E	0	0	0	0	0	0	0
295	I	0	0	0	0	0	0	0
296	Q	0	0	0	0	0	0	0
297	A	0	0	0	0	0	0	0
298	A	0	0	0	0	0	0	0
299	H	0	0	0	0	0	0	0
300	A	0	0	0	0	0	0	0
301	S	0	0	0	0	0	0	0
302	D	0	0	0	0	0	0	0
303	S	0	0	0	0	0	0	0
304	V	0	0	0	0	0	0	0
305	Q	0	0	0	0	0	0	0
306	R	0	0	0	0	0	0	0
307	N	0	0	0	0	0	0	0
308	A	0	0	0	0	0	0	0
309	A	0	0	0	0	0	0	0
310	F	0	0	0	0	0	0	0
311	F	0	0	0	0	0	0	0
312	R	0	0	0	0	0	0	0
313	E	0	0	0	0	0	0	0
314	V	0	0	0	0	0	0	0
315	T	0	0	0	0	0	0	0
316	R	0	0	0	0	0	0	0
317	R	0	0	0	0	0	0	0
318	T	0	0	0	0	0	0	0
319	A	0	0	0	0	0	0	0
320	R	0	0	0	0	0	0	0
321	M	0	0	0	0	0	0	0
322	V	0	0	0	0	0	0	0
323	A	0	0	0	0	0	0	0
324	E	0	0	0	0	0	0	0
325	W	0	0	0	0	0	0	0
326	Q	0	0	0	0	0	0	0
327	C	0	0	0	0	0	0	0
328	V	0	0	0	0	0	0	0
329	G	0	0	0	0	0	0	0
330	F	0	0	0	0	0	0	0
331	C	0	0	0	0	0	0	0
332	H	0	0	0	0	0	0	0
333	G	0	0	0	0	0	0	0
334	V	0	0	0	0	0	0	0
335	L	0	0	0	0	0	0	0
336	N	0	0	0	0	0	0	0
337	T	0	0	0	0	0	0	0
338	D	0	0	0	0	0	0	0
339	N	0	0	0	0	0	0	0
340	M	0	0	0	0	0	0	0
341	S	0	0	0	0	0	0	0
342	I	0	0	0	0	0	0	0
343	L	0	0	0	0	0	0	0
344	G	0	0	0	0	0	0	0
345	L	0	0	0	0	0	0	0
346	T	0	0	0	0	0	0	0
347	I	0	0	0	0	0	0	0
348	D	0	0	0	0	0	0	0
349	Y	0	0	0	0	0	0	0
350	G	0	0	0	0	0	0	0
351	P	0	0	0	0	0	0	0
352	F	0	0	0	0	0	0	0
353	G	0	0	0	0	0	0	0
354	F	0	0	0	0	0	0	0
355	L	0	0	0	0	0	0	0
356	D	0	0	0	0	0	0	0
357	R	0	0	0	0	0	0	0
358	Y	Phosphotyrosine	PFGFLDRYDPDHVCN	CCCCHHCCCCCCCCC	0	0	0	0
359	D	0	0	0	0	0	0	0
360	P	0	0	0	0	0	0	0
361	D	0	0	0	0	0	0	0
362	H	0	0	0	0	0	0	0
363	V	0	0	0	0	0	0	0
364	C	0	0	0	0	0	0	0
365	N	0	0	0	0	0	0	0
366	A	0	0	0	0	0	0	0
367	S	0	0	0	0	0	0	0
368	D	0	0	0	0	0	0	0
369	N	0	0	0	0	0	0	0
370	T	0	0	0	0	0	0	0
371	G	0	0	0	0	0	0	0
372	R	0	0	0	0	0	0	0
373	Y	Phosphotyrosine	ASDNTGRYAYSKQPE	CCCCCCCCCCCCCHH	0	0	0	0
374	A	0	0	0	0	0	0	0
375	Y	Phosphotyrosine	DNTGRYAYSKQPEVC	CCCCCCCCCCCHHHH	0	0	0	0
376	S	0	0	0	0	0	0	0
377	K	0	0	0	0	0	0	0
378	Q	0	0	0	0	0	0	0
379	P	0	0	0	0	0	0	0
380	E	0	0	0	0	0	0	0
381	V	0	0	0	0	0	0	0
382	C	0	0	0	0	0	0	0
383	R	0	0	0	0	0	0	0
384	W	0	0	0	0	0	0	0
385	N	0	0	0	0	0	0	0
386	L	0	0	0	0	0	0	0
387	R	0	0	0	0	0	0	0
388	K	0	0	0	0	0	0	0
389	L	0	0	0	0	0	0	0
390	A	0	0	0	0	0	0	0
391	E	0	0	0	0	0	0	0
392	A	0	0	0	0	0	0	0
393	L	0	0	0	0	0	0	0
394	Q	0	0	0	0	0	0	0
395	P	0	0	0	0	0	0	0
396	E	0	0	0	0	0	0	0
397	L	0	0	0	0	0	0	0
398	P	0	0	0	0	0	0	0
399	L	0	0	0	0	0	0	0
400	E	0	0	0	0	0	0	0
401	L	0	0	0	0	0	0	0
402	G	0	0	0	0	0	0	0
403	E	0	0	0	0	0	0	0
404	A	0	0	0	0	0	0	0
405	I	0	0	0	0	0	0	0
406	L	0	0	0	0	0	0	0
407	A	0	0	0	0	0	0	0
408	E	0	0	0	0	0	0	0
409	E	0	0	0	0	0	0	0
410	F	0	0	0	0	0	0	0
411	D	0	0	0	0	0	0	0
412	A	0	0	0	0	0	0	0
413	E	0	0	0	0	0	0	0
414	F	0	0	0	0	0	0	0
415	Q	0	0	0	0	0	0	0
416	R	0	0	0	0	0	0	0
417	H	0	0	0	0	0	0	0
418	Y	0	0	0	0	0	0	0
419	L	0	0	0	0	0	0	0
420	Q	0	0	0	0	0	0	0
421	K	0	0	0	0	0	0	0
422	M	0	0	0	0	0	0	0
423	R	0	0	0	0	0	0	0
424	R	0	0	0	0	0	0	0
425	K	0	0	0	0	0	0	0
426	L	0	0	0	0	0	0	0
427	G	0	0	0	0	0	0	0
428	L	0	0	0	0	0	0	0
429	V	0	0	0	0	0	0	0
430	Q	0	0	0	0	0	0	0
431	V	0	0	0	0	0	0	0
432	E	0	0	0	0	0	0	0
433	L	0	0	0	0	0	0	0
434	E	0	0	0	0	0	0	0
435	E	0	0	0	0	0	0	0
436	D	0	0	0	0	0	0	0
437	G	0	0	0	0	0	0	0
438	A	0	0	0	0	0	0	0
439	L	0	0	0	0	0	0	0
440	V	0	0	0	0	0	0	0
441	S	Phosphoserine	EEDGALVSKLLETMH	CCCCHHHHHHHHHHH	0	0	0	0
442	K	0	0	0	0	0	0	0
443	L	0	0	0	0	0	0	0
444	L	0	0	0	0	0	0	0
445	E	0	0	0	0	0	0	0
446	T	0	0	0	0	0	0	0
447	M	0	0	0	0	0	0	0
448	H	0	0	0	0	0	0	0
449	L	0	0	0	0	0	0	0
450	T	0	0	0	0	0	0	0
451	G	0	0	0	0	0	0	0
452	A	0	0	0	0	0	0	0
453	D	0	0	0	0	0	0	0
454	F	0	0	0	0	0	0	0
455	T	0	0	0	0	0	0	0
456	N	0	0	0	0	0	0	0
457	T	0	0	0	0	0	0	0
458	F	0	0	0	0	0	0	0
459	Y	0	0	0	0	0	0	0
460	L	0	0	0	0	0	0	0
461	L	0	0	0	0	0	0	0
462	S	0	0	0	0	0	0	0
463	S	0	0	0	0	0	0	0
464	F	0	0	0	0	0	0	0
465	P	0	0	0	0	0	0	0
466	V	0	0	0	0	0	0	0
467	E	0	0	0	0	0	0	0
468	L	0	0	0	0	0	0	0
469	E	0	0	0	0	0	0	0
470	S	0	0	0	0	0	0	0
471	P	0	0	0	0	0	0	0
472	G	0	0	0	0	0	0	0
473	L	0	0	0	0	0	0	0
474	A	0	0	0	0	0	0	0
475	E	0	0	0	0	0	0	0
476	F	0	0	0	0	0	0	0
477	L	0	0	0	0	0	0	0
478	A	0	0	0	0	0	0	0
479	R	0	0	0	0	0	0	0
480	L	0	0	0	0	0	0	0
481	M	0	0	0	0	0	0	0
482	E	0	0	0	0	0	0	0
483	Q	0	0	0	0	0	0	0
484	C	0	0	0	0	0	0	0
485	A	0	0	0	0	0	0	0
486	S	0	0	0	0	0	0	0
487	L	0	0	0	0	0	0	0
488	E	0	0	0	0	0	0	0
489	E	0	0	0	0	0	0	0
490	L	0	0	0	0	0	0	0
491	R	0	0	0	0	0	0	0
492	L	0	0	0	0	0	0	0
493	A	0	0	0	0	0	0	0
494	F	0	0	0	0	0	0	0
495	R	0	0	0	0	0	0	0
496	P	0	0	0	0	0	0	0
497	Q	0	0	0	0	0	0	0
498	M	0	0	0	0	0	0	0
499	D	0	0	0	0	0	0	0
500	P	0	0	0	0	0	0	0
501	R	0	0	0	0	0	0	0
502	Q	0	0	0	0	0	0	0
503	L	0	0	0	0	0	0	0
504	S	0	0	0	0	0	0	0
505	M	0	0	0	0	0	0	0
506	M	0	0	0	0	0	0	0
507	L	0	0	0	0	0	0	0
508	M	0	0	0	0	0	0	0
509	L	0	0	0	0	0	0	0
510	A	0	0	0	0	0	0	0
511	Q	0	0	0	0	0	0	0
512	S	0	0	0	0	0	0	0
513	N	0	0	0	0	0	0	0
514	P	0	0	0	0	0	0	0
515	Q	0	0	0	0	0	0	0
516	L	0	0	0	0	0	0	0
517	F	0	0	0	0	0	0	0
518	A	0	0	0	0	0	0	0
519	L	0	0	0	0	0	0	0
520	M	0	0	0	0	0	0	0
521	G	0	0	0	0	0	0	0
522	T	0	0	0	0	0	0	0
523	R	0	0	0	0	0	0	0
524	A	0	0	0	0	0	0	0
525	G	0	0	0	0	0	0	0
526	I	0	0	0	0	0	0	0
527	A	0	0	0	0	0	0	0
528	R	0	0	0	0	0	0	0
529	E	0	0	0	0	0	0	0
530	L	0	0	0	0	0	0	0
531	E	0	0	0	0	0	0	0
532	R	0	0	0	0	0	0	0
533	V	0	0	0	0	0	0	0
534	E	0	0	0	0	0	0	0
535	Q	0	0	0	0	0	0	0
536	Q	0	0	0	0	0	0	0
537	S	0	0	0	0	0	0	0
538	R	0	0	0	0	0	0	0
539	L	0	0	0	0	0	0	0
540	E	0	0	0	0	0	0	0
541	Q	0	0	0	0	0	0	0
542	L	0	0	0	0	0	0	0
543	S	Phosphoserine	QSRLEQLSAAELQSR	HHHHHHHHHHHHHHC	0	0	0	0
544	A	0	0	0	0	0	0	0
545	A	0	0	0	0	0	0	0
546	E	0	0	0	0	0	0	0
547	L	0	0	0	0	0	0	0
548	Q	0	0	0	0	0	0	0
549	S	0	0	0	0	0	0	0
550	R	0	0	0	0	0	0	0
551	N	0	0	0	0	0	0	0
552	Q	0	0	0	0	0	0	0
553	G	0	0	0	0	0	0	0
554	H	0	0	0	0	0	0	0
555	W	0	0	0	0	0	0	0
556	A	0	0	0	0	0	0	0
557	D	0	0	0	0	0	0	0
558	W	0	0	0	0	0	0	0
559	L	0	0	0	0	0	0	0
560	Q	0	0	0	0	0	0	0
561	A	0	0	0	0	0	0	0
562	Y	Phosphotyrosine	WADWLQAYRARLDKD	HHHHHHHHHHHHCCC	0	0	0	0
563	R	0	0	0	0	0	0	0
564	A	0	0	0	0	0	0	0
565	R	0	0	0	0	0	0	0
566	L	0	0	0	0	0	0	0
567	D	0	0	0	0	0	0	0
568	K	0	0	0	0	0	0	0
569	D	0	0	0	0	0	0	0
570	L	0	0	0	0	0	0	0
571	E	0	0	0	0	0	0	0
572	G	0	0	0	0	0	0	0
573	A	0	0	0	0	0	0	0
574	G	0	0	0	0	0	0	0
575	D	0	0	0	0	0	0	0
576	A	0	0	0	0	0	0	0
577	A	0	0	0	0	0	0	0
578	A	0	0	0	0	0	0	0
579	W	0	0	0	0	0	0	0
580	Q	0	0	0	0	0	0	0
581	A	0	0	0	0	0	0	0
582	E	0	0	0	0	0	0	0
583	H	0	0	0	0	0	0	0
584	V	0	0	0	0	0	0	0
585	R	0	0	0	0	0	0	0
586	V	0	0	0	0	0	0	0
587	M	0	0	0	0	0	0	0
588	H	0	0	0	0	0	0	0
589	A	0	0	0	0	0	0	0
590	N	0	0	0	0	0	0	0
591	N	0	0	0	0	0	0	0
592	P	0	0	0	0	0	0	0
593	K	N6-acetyllysine	VMHANNPKYVLRNYI	EECCCCHHHHHHHHH	0	0	0	0
594	Y	0	0	0	0	0	0	0
595	V	0	0	0	0	0	0	0
596	L	0	0	0	0	0	0	0
597	R	0	0	0	0	0	0	0
598	N	0	0	0	0	0	0	0
599	Y	0	0	0	0	0	0	0
600	I	0	0	0	0	0	0	0
601	A	0	0	0	0	0	0	0
602	Q	0	0	0	0	0	0	0
603	N	0	0	0	0	0	0	0
604	A	0	0	0	0	0	0	0
605	I	0	0	0	0	0	0	0
606	E	0	0	0	0	0	0	0
607	A	0	0	0	0	0	0	0
608	A	0	0	0	0	0	0	0
609	E	0	0	0	0	0	0	0
610	R	0	0	0	0	0	0	0
611	G	0	0	0	0	0	0	0
612	D	0	0	0	0	0	0	0
613	F	0	0	0	0	0	0	0
614	S	0	0	0	0	0	0	0
615	E	0	0	0	0	0	0	0
616	V	0	0	0	0	0	0	0
617	R	0	0	0	0	0	0	0
618	R	0	0	0	0	0	0	0
619	V	0	0	0	0	0	0	0
620	L	0	0	0	0	0	0	0
621	K	0	0	0	0	0	0	0
622	L	0	0	0	0	0	0	0
623	L	0	0	0	0	0	0	0
624	E	0	0	0	0	0	0	0
625	T	0	0	0	0	0	0	0
626	P	0	0	0	0	0	0	0
627	Y	0	0	0	0	0	0	0
628	H	0	0	0	0	0	0	0
629	C	0	0	0	0	0	0	0
630	E	0	0	0	0	0	0	0
631	A	0	0	0	0	0	0	0
632	G	0	0	0	0	0	0	0
633	A	0	0	0	0	0	0	0
634	A	0	0	0	0	0	0	0
635	T	Phosphothreonine	HCEAGAATDAEATEA	CCCCCCCCCHHHHHC	Serum uric acid levels:uric acid measurement	645 (10)	0	0
636	D	0	0	0	0	0	0	0
637	A	0	0	0	0	0	0	0
638	E	0	0	0	0	0	0	0
639	A	0	0	0	0	0	0	0
640	T	0	0	0	0	0	0	0
641	E	0	0	0	0	0	0	0
642	A	0	0	0	0	0	0	0
643	D	0	0	0	0	0	0	0
644	G	0	0	0	0	0	0	0
645	A	0	0	0	0	0	G;V	635,653
646	D	0	0	0	0	0	0	0
647	G	0	0	0	0	0	0	0
648	R	0	0	0	0	0	0	0
649	Q	0	0	0	0	0	0	0
650	R	0	0	0	0	0	0	0
651	S	0	0	0	0	0	0	0
652	Y	0	0	0	0	0	0	0
653	S	Phosphoserine	DGRQRSYSSKPPLWA	CCCCCCCCCCCCCEE	Serum uric acid levels:uric acid measurement	645 (8)	0	0
654	S	0	0	0	0	0	0	0
655	K	0	0	0	0	0	0	0
656	P	0	0	0	0	0	0	0
657	P	0	0	0	0	0	0	0
658	L	0	0	0	0	0	0	0
659	W	0	0	0	0	0	0	0
660	A	0	0	0	0	0	0	0
661	A	0	0	0	0	0	0	0
662	E	0	0	0	0	0	0	0
663	L	0	0	0	0	0	0	0
664	C	0	0	0	0	0	0	0
665	V	0	0	0	0	0	0	0
666	T	0	0	0	0	0	0	0
667	U	0	0	0	0	0	0	0
668	S	0	0	0	0	0	0	0
669	S	0	0	0	0	0	0	0
