location	residue	Modification	seq	secStruc	RelatedDisease	VariantPosition	ResidueChange	DaPSbySAP
1	M	0	0	0	0	0	0	0
2	L	0	0	0	0	0	0	0
3	L	0	0	0	0	0	0	0
4	F	0	0	0	0	0	0	0
5	L	0	0	0	0	0	0	0
6	L	0	0	0	0	0	0	0
7	S	0	0	0	0	0	0	0
8	A	0	0	0	0	0	0	0
9	L	0	0	0	0	0	0	0
10	V	0	0	0	0	0	0	0
11	L	0	0	0	0	0	0	0
12	L	0	0	0	0	0	0	0
13	T	0	0	0	0	0	0	0
14	Q	0	0	0	0	0	0	0
15	P	0	0	0	0	0	0	0
16	L	0	0	0	0	0	0	0
17	G	0	0	0	0	0	0	0
18	Y	0	0	0	0	0	0	0
19	L	0	0	0	0	0	0	0
20	E	0	0	0	0	0	0	0
21	A	0	0	0	0	0	0	0
22	E	0	0	0	0	0	0	0
23	M	0	0	0	0	0	0	0
24	K	0	0	0	0	0	0	0
25	T	0	0	0	0	0	0	0
26	Y	0	0	0	0	0	0	0
27	S	0	0	0	0	0	0	0
28	H	0	0	0	0	0	0	0
29	R	0	0	0	0	0	0	0
30	T	Phosphothreonine	MKTYSHRTMPSACTL	HHHCCCCCCCCCCEE	Chronic obstructive pulmonary disease:chronic obstructive pulmonary disease	31 (1)	0	0
31	M	0	0	0	0	0	T	30,33,35,40
32	P	0	0	0	0	0	0	0
33	S	Phosphoserine	YSHRTMPSACTLVMC	CCCCCCCCCCEEEEC	Chronic obstructive pulmonary disease:chronic obstructive pulmonary disease	31 (2)	0	0
34	A	0	0	0	0	0	0	0
35	C	S-nitrosocysteine	HRTMPSACTLVMCSS	CCCCCCCCEEEECCC	Chronic obstructive pulmonary disease:chronic obstructive pulmonary disease	31 (4)	0	0
36	T	0	0	0	0	0	0	0
37	L	0	0	0	0	0	0	0
38	V	0	0	0	0	0	0	0
39	M	0	0	0	0	0	0	0
40	C	S-nitrosocysteine	SACTLVMCSSVESGL	CCCEEEECCCCCCCC	Chronic obstructive pulmonary disease:chronic obstructive pulmonary disease	31 (9)	0	0
41	S	0	0	0	0	0	0	0
42	S	0	0	0	0	0	0	0
43	V	0	0	0	0	0	0	0
44	E	0	0	0	0	0	0	0
45	S	0	0	0	0	0	0	0
46	G	0	0	0	0	0	0	0
47	L	0	0	0	0	0	0	0
48	P	0	0	0	0	0	0	0
49	G	0	0	0	0	0	0	0
50	R	0	0	0	0	0	0	0
51	D	0	0	0	0	0	0	0
52	G	0	0	0	0	0	0	0
53	R	0	0	0	0	0	0	0
54	D	0	0	0	0	0	0	0
55	G	0	0	0	0	0	0	0
56	R	0	0	0	0	0	0	0
57	E	0	0	0	0	0	0	0
58	G	0	0	0	0	0	0	0
59	P	0	0	0	0	0	0	0
60	R	0	0	0	0	0	0	0
61	G	0	0	0	0	0	0	0
62	E	0	0	0	0	0	0	0
63	K	0	0	0	0	0	0	0
64	G	0	0	0	0	0	0	0
65	D	0	0	0	0	0	0	0
66	P	0	0	0	0	0	0	0
67	G	0	0	0	0	0	0	0
68	L	0	0	0	0	0	0	0
69	P	0	0	0	0	0	0	0
70	G	0	0	0	0	0	0	0
71	A	0	0	0	0	0	0	0
72	A	0	0	0	0	0	0	0
73	G	0	0	0	0	0	0	0
74	Q	0	0	0	0	0	0	0
75	A	0	0	0	0	0	0	0
76	G	0	0	0	0	0	0	0
77	M	0	0	0	0	0	0	0
78	P	0	0	0	0	0	0	0
79	G	0	0	0	0	0	0	0
80	Q	0	0	0	0	0	0	0
81	A	0	0	0	0	0	0	0
82	G	0	0	0	0	0	0	0
83	P	0	0	0	0	0	0	0
84	V	0	0	0	0	0	0	0
85	G	0	0	0	0	0	0	0
86	P	0	0	0	0	0	0	0
87	K	0	0	0	0	0	0	0
88	G	0	0	0	0	0	0	0
89	D	0	0	0	0	0	0	0
90	N	0	0	0	0	0	0	0
91	G	0	0	0	0	0	0	0
92	S	0	0	0	0	0	0	0
93	V	0	0	0	0	0	0	0
94	G	0	0	0	0	0	0	0
95	E	0	0	0	0	0	0	0
96	P	0	0	0	0	0	0	0
97	G	0	0	0	0	0	0	0
98	P	0	0	0	0	0	0	0
99	K	0	0	0	0	0	0	0
100	G	0	0	0	0	0	0	0
101	D	0	0	0	0	0	0	0
102	T	0	0	0	0	0	0	0
103	G	0	0	0	0	0	0	0
104	P	0	0	0	0	0	0	0
105	S	0	0	0	0	0	0	0
106	G	0	0	0	0	0	0	0
107	P	0	0	0	0	0	0	0
108	P	0	0	0	0	0	0	0
109	G	0	0	0	0	0	0	0
110	P	0	0	0	0	0	0	0
111	P	0	0	0	0	0	0	0
112	G	0	0	0	0	0	0	0
113	V	0	0	0	0	0	0	0
114	P	0	0	0	0	0	0	0
115	G	0	0	0	0	0	0	0
116	P	N-linked Glycosylation	GPPGVPGPAGREGPL	CCCCCCCCCCCCCCC	0	0	0	0
117	A	0	0	0	0	0	0	0
118	G	0	0	0	0	0	0	0
119	R	0	0	0	0	0	0	0
120	E	0	0	0	0	0	0	0
121	G	0	0	0	0	0	0	0
122	P	0	0	0	0	0	0	0
123	L	0	0	0	0	0	0	0
124	G	0	0	0	0	0	0	0
125	K	0	0	0	0	0	0	0
126	Q	0	0	0	0	0	0	0
127	G	0	0	0	0	0	0	0
128	N	0	0	0	0	0	0	0
129	I	0	0	0	0	0	0	0
130	G	0	0	0	0	0	0	0
131	P	0	0	0	0	0	0	0
132	Q	0	0	0	0	0	0	0
133	G	0	0	0	0	0	0	0
134	K	0	0	0	0	0	0	0
135	P	0	0	0	0	0	0	0
136	G	0	0	0	0	0	0	0
137	P	0	0	0	0	0	0	0
138	K	0	0	0	0	0	0	0
139	G	0	0	0	0	0	0	0
140	E	0	0	0	0	0	0	0
141	A	0	0	0	0	0	0	0
142	G	0	0	0	0	0	0	0
143	P	0	0	0	0	0	0	0
144	K	0	0	0	0	0	0	0
145	G	0	0	0	0	0	0	0
146	E	0	0	0	0	0	0	0
147	V	0	0	0	0	0	0	0
148	G	0	0	0	0	0	0	0
149	A	0	0	0	0	0	0	0
150	P	0	0	0	0	0	0	0
151	G	0	0	0	0	0	0	0
152	M	0	0	0	0	0	0	0
153	Q	0	0	0	0	0	0	0
154	G	0	0	0	0	0	0	0
155	S	0	0	0	0	0	0	0
156	A	0	0	0	0	0	0	0
157	G	0	0	0	0	0	0	0
158	A	0	0	0	0	0	0	0
159	R	0	0	0	0	0	0	0
160	G	0	0	0	0	0	0	0
161	L	0	0	0	0	0	0	0
162	A	0	0	0	0	0	0	0
163	G	0	0	0	0	0	0	0
164	P	0	0	0	0	0	0	0
165	K	0	0	0	0	0	0	0
166	G	0	0	0	0	0	0	0
167	E	0	0	0	0	0	0	0
168	R	0	0	0	0	0	0	0
169	G	0	0	0	0	0	0	0
170	V	0	0	0	0	0	0	0
171	P	0	0	0	0	0	0	0
172	G	0	0	0	0	0	0	0
173	E	0	0	0	0	0	0	0
174	R	0	0	0	0	0	0	0
175	G	0	0	0	0	0	0	0
176	V	0	0	0	0	0	0	0
177	P	0	0	0	0	0	0	0
178	G	0	0	0	0	0	0	0
179	N	0	0	0	0	0	0	0
180	T	0	0	0	0	0	0	0
181	G	0	0	0	0	0	0	0
182	A	0	0	0	0	0	0	0
183	A	0	0	0	0	0	0	0
184	G	0	0	0	0	0	0	0
185	S	0	0	0	0	0	0	0
186	A	0	0	0	0	0	0	0
187	G	0	0	0	0	0	0	0
188	A	0	0	0	0	0	0	0
189	M	0	0	0	0	0	0	0
190	G	0	0	0	0	0	0	0
191	P	0	0	0	0	0	0	0
192	Q	0	0	0	0	0	0	0
193	G	0	0	0	0	0	0	0
194	S	0	0	0	0	0	0	0
195	P	0	0	0	0	0	0	0
196	G	0	0	0	0	0	0	0
197	A	0	0	0	0	0	0	0
198	R	0	0	0	0	0	0	0
199	G	0	0	0	0	0	0	0
200	P	0	0	0	0	0	0	0
201	P	0	0	0	0	0	0	0
202	G	0	0	0	0	0	0	0
203	L	0	0	0	0	0	0	0
204	K	0	0	0	0	0	0	0
205	G	0	0	0	0	0	0	0
206	D	0	0	0	0	0	0	0
207	K	0	0	0	0	0	0	0
208	G	0	0	0	0	0	0	0
209	I	0	0	0	0	0	0	0
210	P	0	0	0	0	0	0	0
211	G	0	0	0	0	0	0	0
212	D	0	0	0	0	0	0	0
213	K	0	0	0	0	0	0	0
214	G	0	0	0	0	0	0	0
215	A	0	0	0	0	0	0	0
216	K	0	0	0	0	0	0	0
217	G	0	0	0	0	0	0	0
218	E	0	0	0	0	0	0	0
219	S	0	0	0	0	0	0	0
220	G	0	0	0	0	0	0	0
221	L	0	0	0	0	0	0	0
222	P	0	0	0	0	0	0	0
223	D	0	0	0	0	0	0	0
224	V	0	0	0	0	0	0	0
225	A	0	0	0	0	0	0	0
226	S	0	0	0	0	0	0	0
227	L	0	0	0	0	0	0	0
228	R	0	0	0	0	0	0	0
229	Q	0	0	0	0	0	0	0
230	Q	0	0	0	0	0	0	0
231	V	0	0	0	0	0	0	0
232	E	0	0	0	0	0	0	0
233	A	0	0	0	0	0	0	0
234	L	0	0	0	0	0	0	0
235	Q	0	0	0	0	0	0	0
236	G	0	0	0	0	0	0	0
237	Q	0	0	0	0	0	0	0
238	V	0	0	0	0	0	0	0
239	Q	0	0	0	0	0	0	0
240	H	0	0	0	0	0	0	0
241	L	0	0	0	0	0	0	0
242	Q	0	0	0	0	0	0	0
243	A	0	0	0	0	0	0	0
244	A	0	0	0	0	0	0	0
245	F	0	0	0	0	0	0	0
246	S	0	0	0	0	0	0	0
247	Q	0	0	0	0	0	0	0
248	Y	0	0	0	0	0	0	0
249	K	0	0	0	0	0	0	0
250	K	0	0	0	0	0	0	0
251	V	0	0	0	0	0	0	0
252	E	0	0	0	0	0	0	0
253	L	0	0	0	0	0	0	0
254	F	0	0	0	0	0	0	0
255	P	0	0	0	0	0	0	0
256	N	0	0	0	0	0	0	0
257	G	0	0	0	0	0	0	0
258	Q	0	0	0	0	0	0	0
259	S	0	0	0	0	0	0	0
260	V	0	0	0	0	0	0	0
261	G	0	0	0	0	0	0	0
262	E	0	0	0	0	0	0	0
263	K	0	0	0	0	0	0	0
264	I	0	0	0	0	0	0	0
265	F	0	0	0	0	0	0	0
266	K	0	0	0	0	0	0	0
267	T	0	0	0	0	0	0	0
268	A	0	0	0	0	0	0	0
269	G	0	0	0	0	0	0	0
270	F	0	0	0	0	0	0	0
271	V	0	0	0	0	0	0	0
272	K	0	0	0	0	0	0	0
273	P	0	0	0	0	0	0	0
274	F	0	0	0	0	0	0	0
275	T	0	0	0	0	0	0	0
276	E	0	0	0	0	0	0	0
277	A	0	0	0	0	0	0	0
278	Q	0	0	0	0	0	0	0
279	L	0	0	0	0	0	0	0
280	L	0	0	0	0	0	0	0
281	C	0	0	0	0	0	0	0
282	T	0	0	0	0	0	0	0
283	Q	0	0	0	0	0	0	0
284	A	0	0	0	0	0	0	0
285	G	0	0	0	0	0	0	0
286	G	0	0	0	0	0	0	0
287	Q	0	0	0	0	0	0	0
288	L	0	0	0	0	0	0	0
289	A	0	0	0	0	0	0	0
290	S	0	0	0	0	0	0	0
291	P	0	0	0	0	0	0	0
292	R	0	0	0	0	0	0	0
293	S	0	0	0	0	0	0	0
294	A	0	0	0	0	0	0	0
295	A	0	0	0	0	0	0	0
296	E	0	0	0	0	0	0	0
297	N	0	0	0	0	0	0	0
298	A	0	0	0	0	0	0	0
299	A	0	0	0	0	0	0	0
300	L	0	0	0	0	0	0	0
301	Q	0	0	0	0	0	0	0
302	Q	0	0	0	0	0	0	0
303	L	0	0	0	0	0	0	0
304	V	0	0	0	0	0	0	0
305	V	0	0	0	0	0	0	0
306	A	0	0	0	0	0	0	0
307	K	0	0	0	0	0	0	0
308	N	0	0	0	0	0	0	0
309	E	0	0	0	0	0	0	0
310	A	0	0	0	0	0	0	0
311	A	0	0	0	0	0	0	0
312	F	0	0	0	0	0	0	0
313	L	0	0	0	0	0	0	0
314	S	0	0	0	0	0	0	0
315	M	0	0	0	0	0	0	0
316	T	0	0	0	0	0	0	0
317	D	0	0	0	0	0	0	0
318	S	0	0	0	0	0	0	0
319	K	0	0	0	0	0	0	0
320	T	0	0	0	0	0	0	0
321	E	0	0	0	0	0	0	0
322	G	0	0	0	0	0	0	0
323	K	0	0	0	0	0	0	0
324	F	0	0	0	0	0	0	0
325	T	0	0	0	0	0	0	0
326	Y	0	0	0	0	0	0	0
327	P	0	0	0	0	0	0	0
328	T	0	0	0	0	0	0	0
329	G	0	0	0	0	0	0	0
330	E	0	0	0	0	0	0	0
331	S	0	0	0	0	0	0	0
332	L	0	0	0	0	0	0	0
333	V	0	0	0	0	0	0	0
334	Y	0	0	0	0	0	0	0
335	S	0	0	0	0	0	0	0
336	N	0	0	0	0	0	0	0
337	W	0	0	0	0	0	0	0
338	A	0	0	0	0	0	0	0
339	P	0	0	0	0	0	0	0
340	G	0	0	0	0	0	0	0
341	E	0	0	0	0	0	0	0
342	P	0	0	0	0	0	0	0
343	N	0	0	0	0	0	0	0
344	D	0	0	0	0	0	0	0
345	D	0	0	0	0	0	0	0
346	G	0	0	0	0	0	0	0
347	G	0	0	0	0	0	0	0
348	S	0	0	0	0	0	0	0
349	E	0	0	0	0	0	0	0
350	D	0	0	0	0	0	0	0
351	C	0	0	0	0	0	0	0
352	V	0	0	0	0	0	0	0
353	E	0	0	0	0	0	0	0
354	I	0	0	0	0	0	0	0
355	F	0	0	0	0	0	0	0
356	T	0	0	0	0	0	0	0
357	N	0	0	0	0	0	0	0
358	G	0	0	0	0	0	0	0
359	K	0	0	0	0	0	0	0
360	W	0	0	0	0	0	0	0
361	N	0	0	0	0	0	0	0
362	D	0	0	0	0	0	0	0
363	R	0	0	0	0	0	0	0
364	A	0	0	0	0	0	0	0
365	C	0	0	0	0	0	0	0
366	G	0	0	0	0	0	0	0
367	E	0	0	0	0	0	0	0
368	K	0	0	0	0	0	0	0
369	R	0	0	0	0	0	0	0
370	L	0	0	0	0	0	0	0
371	V	0	0	0	0	0	0	0
372	V	0	0	0	0	0	0	0
373	C	0	0	0	0	0	0	0
374	E	0	0	0	0	0	0	0
375	F	0	0	0	0	0	0	0
