location	residue	Modification	seq	secStruc	RelatedDisease	VariantPosition	ResidueChange	DaPSbySAP
1	M	0	0	0	0	0	0	0
2	N	0	0	0	0	0	0	0
3	G	0	0	0	0	0	0	0
4	P	0	0	0	0	0	0	0
5	A	0	0	0	0	0	0	0
6	L	0	0	0	0	0	0	0
7	Q	0	0	0	0	0	0	0
8	P	0	0	0	0	0	0	0
9	S	0	0	0	0	0	0	0
10	S	Phosphoserine	GPALQPSSPSSAPSA	CCCCCCCCCCCCCCC	0	0	0	0
11	P	0	0	0	0	0	0	0
12	S	0	0	0	0	0	0	0
13	S	Phosphoserine	LQPSSPSSAPSASPA	CCCCCCCCCCCCCCC	0	0	0	0
14	A	0	0	0	0	0	0	0
15	P	0	0	0	0	0	0	0
16	S	Phosphoserine	SSPSSAPSASPAAAP	CCCCCCCCCCCCCCC	0	0	0	0
17	A	0	0	0	0	0	0	0
18	S	Phosphoserine	PSSAPSASPAAAPRG	CCCCCCCCCCCCCCC	0	0	0	0
19	P	0	0	0	0	0	0	0
20	A	0	0	0	0	0	0	0
21	A	0	0	0	0	0	0	0
22	A	0	0	0	0	0	0	0
23	P	0	0	0	0	0	0	0
24	R	0	0	0	0	0	0	0
25	G	0	0	0	0	0	0	0
26	W	0	0	0	0	0	0	0
27	S	0	0	0	0	0	0	0
28	E	0	0	0	0	0	0	0
29	F	0	0	0	0	0	0	0
30	C	0	0	0	0	0	0	0
31	E	0	0	0	0	0	0	0
32	L	0	0	0	0	0	0	0
33	H	0	0	0	0	0	0	0
34	A	0	0	0	0	0	0	0
35	V	0	0	0	0	0	0	0
36	A	0	0	0	0	0	0	0
37	A	0	0	0	0	0	0	0
38	A	0	0	0	0	0	0	0
39	R	0	0	0	0	0	0	0
40	E	0	0	0	0	0	0	0
41	L	0	0	0	0	0	0	0
42	A	0	0	0	0	0	0	0
43	R	0	0	0	0	0	0	0
44	Q	0	0	0	0	0	0	0
45	Y	0	0	0	0	0	0	0
46	W	0	0	0	0	0	0	0
47	L	0	0	0	0	0	0	0
48	F	0	0	0	0	0	0	0
49	A	0	0	0	0	0	0	0
50	R	0	0	0	0	0	0	0
51	E	0	0	0	0	0	0	0
52	H	0	0	0	0	0	0	0
53	P	0	0	0	0	0	0	0
54	Q	0	0	0	0	0	0	0
55	H	0	0	0	0	0	0	0
56	A	0	0	0	0	0	0	0
57	P	0	0	0	0	0	0	0
58	L	0	0	0	0	0	0	0
59	R	0	0	0	0	0	0	0
60	A	0	0	0	0	0	0	0
61	E	0	0	0	0	0	0	0
62	L	0	0	0	0	0	0	0
63	V	0	0	0	0	0	0	0
64	S	0	0	0	0	0	0	0
65	L	0	0	0	0	0	0	0
66	Q	0	0	0	0	0	0	0
67	F	0	0	0	0	0	0	0
68	T	0	0	0	0	0	0	0
69	D	0	0	0	0	0	0	0
70	L	0	0	0	0	0	0	0
71	F	0	0	0	0	0	0	0
72	Q	0	0	0	0	0	0	0
73	R	0	0	0	0	0	0	0
74	Y	0	0	0	0	0	0	0
75	F	0	0	0	0	0	0	0
76	C	0	0	0	0	0	0	0
77	R	0	0	0	0	0	0	0
78	E	0	0	0	0	0	0	0
79	V	0	0	0	0	0	0	0
80	R	0	0	0	0	0	0	0
81	D	0	0	0	0	0	0	0
82	G	0	0	0	0	0	0	0
83	R	0	0	0	0	0	0	0
84	A	0	0	0	0	0	0	0
85	P	0	0	0	0	0	0	0
86	G	0	0	0	0	0	0	0
87	R	0	0	0	0	0	0	0
88	D	0	0	0	0	0	0	0
89	Y	0	0	0	0	0	0	0
90	R	0	0	0	0	0	0	0
91	D	0	0	0	0	0	0	0
92	T	0	0	0	0	0	0	0
93	G	0	0	0	0	0	0	0
94	R	0	0	0	0	0	0	0
95	G	0	0	0	0	0	0	0
96	P	0	0	0	0	0	0	0
97	P	0	0	0	0	0	0	0
98	A	0	0	0	0	0	0	0
99	K	0	0	0	0	0	0	0
100	A	0	0	0	0	0	0	0
101	E	0	0	0	0	0	0	0
102	A	0	0	0	0	0	0	0
103	S	Phosphoserine	PPAKAEASPEPGPGP	CCCCCCCCCCCCCCC	0	0	0	0
104	P	0	0	0	0	0	0	0
105	E	0	0	0	0	0	0	0
106	P	0	0	0	0	0	0	0
107	G	0	0	0	0	0	0	0
108	P	0	0	0	0	0	0	0
109	G	0	0	0	0	0	0	0
110	P	0	0	0	0	0	0	0
111	A	0	0	0	0	0	0	0
112	A	0	0	0	0	0	0	0
113	P	0	0	0	0	0	0	0
114	G	0	0	0	0	0	0	0
115	L	0	0	0	0	0	0	0
116	P	0	0	0	0	0	0	0
117	K	0	0	0	0	0	0	0
118	A	0	0	0	0	0	0	0
119	R	0	0	0	0	0	0	0
120	S	Phosphoserine	PGLPKARSSEELAPP	CCCCCCCCCCCCCCC	0	0	0	0
121	S	0	0	0	0	0	0	0
122	E	0	0	0	0	0	0	0
123	E	0	0	0	0	0	0	0
124	L	0	0	0	0	0	0	0
125	A	0	0	0	0	0	0	0
126	P	0	0	0	0	0	0	0
127	P	0	0	0	0	0	0	0
128	R	0	0	0	0	0	0	0
129	P	0	0	0	0	0	0	0
130	P	0	0	0	0	0	0	0
131	G	0	0	0	0	0	0	0
132	P	0	0	0	0	0	0	0
133	C	0	0	0	0	0	0	0
134	S	0	0	0	0	0	0	0
135	F	0	0	0	0	0	0	0
136	Q	0	0	0	0	0	0	0
137	H	0	0	0	0	0	0	0
138	F	0	0	0	0	0	0	0
139	R	0	0	0	0	0	0	0
140	R	0	0	0	0	0	0	0
141	S	0	0	0	0	0	0	0
142	L	0	0	0	0	0	0	0
143	R	0	0	0	0	0	0	0
144	H	0	0	0	0	0	0	0
145	I	0	0	0	0	0	0	0
146	F	0	0	0	0	0	0	0
147	R	0	0	0	0	0	0	0
148	R	0	0	0	0	0	0	0
149	R	0	0	0	0	0	0	0
150	S	Phosphoserine	RHIFRRRSAGELPAA	HHHHHHCCCCCCCCC	0	0	0	0
151	A	0	0	0	0	0	0	0
152	G	0	0	0	0	0	0	0
153	E	0	0	0	0	0	0	0
154	L	0	0	0	0	0	0	0
155	P	0	0	0	0	0	0	0
156	A	0	0	0	0	0	0	0
157	A	0	0	0	0	0	0	0
158	H	0	0	0	0	0	0	0
159	T	Phosphothreonine	GELPAAHTAAAPGTP	CCCCCCEECCCCCCC	0	0	0	0
160	A	0	0	0	0	0	0	0
161	A	0	0	0	0	0	0	0
162	A	0	0	0	0	0	0	0
163	P	0	0	0	0	0	0	0
164	G	0	0	0	0	0	0	0
165	T	Phosphothreonine	HTAAAPGTPGEAAET	EECCCCCCCCCCCCC	0	0	0	0
166	P	0	0	0	0	0	0	0
167	G	0	0	0	0	0	0	0
168	E	0	0	0	0	0	0	0
169	A	0	0	0	0	0	0	0
170	A	0	0	0	0	0	0	0
171	E	0	0	0	0	0	0	0
172	T	0	0	0	0	0	0	0
173	P	0	0	0	0	0	0	0
174	A	0	0	0	0	0	0	0
175	R	0	0	0	0	0	0	0
176	P	0	0	0	0	0	0	0
177	G	0	0	0	0	0	0	0
178	L	0	0	0	0	0	0	0
179	A	0	0	0	0	0	0	0
180	K	0	0	0	0	0	0	0
181	K	0	0	0	0	0	0	0
182	F	0	0	0	0	0	0	0
183	L	0	0	0	0	0	0	0
184	P	0	0	0	0	0	0	0
185	W	0	0	0	0	0	0	0
186	S	0	0	0	0	0	0	0
187	L	0	0	0	0	0	0	0
188	A	0	0	0	0	0	0	0
189	R	0	0	0	0	0	0	0
190	E	0	0	0	0	0	0	0
191	P	0	0	0	0	0	0	0
192	P	0	0	0	0	0	0	0
193	P	0	0	0	0	0	K	203
194	E	0	0	0	0	0	0	0
195	A	0	0	0	0	0	0	0
196	L	0	0	0	0	0	0	0
197	K	0	0	0	0	0	0	0
198	E	0	0	0	0	0	0	0
199	A	0	0	0	0	0	0	0
200	V	0	0	0	0	0	0	0
201	L	0	0	0	0	0	0	0
202	R	0	0	0	0	0	0	0
203	Y	Phosphotyrosine	LKEAVLRYSLADEAS	HHHHHHHHHHCCHHH	Plateletcrit:plateletcrit;Platelet count:platelet count	193 (10)	0	0
204	S	0	0	0	0	0	0	0
205	L	0	0	0	0	0	0	0
206	A	0	0	0	0	0	0	0
207	D	0	0	0	0	0	0	0
208	E	0	0	0	0	0	0	0
209	A	0	0	0	0	0	0	0
210	S	0	0	0	0	0	0	0
211	M	0	0	0	0	0	0	0
212	D	0	0	0	0	0	0	0
213	S	0	0	0	0	0	0	0
214	G	0	0	0	0	0	0	0
215	A	0	0	0	0	0	0	0
216	R	0	0	0	0	0	0	0
217	W	0	0	0	0	0	0	0
218	Q	0	0	0	0	0	0	0
219	R	0	0	0	0	0	0	0
220	G	0	0	0	0	0	0	0
221	R	0	0	0	0	0	0	0
222	L	0	0	0	0	0	0	0
223	A	0	0	0	0	0	0	0
224	L	0	0	0	0	0	0	0
225	R	0	0	0	0	0	0	0
226	R	0	0	0	0	0	0	0
227	A	0	0	0	0	0	0	0
228	P	0	0	0	0	0	0	0
229	G	0	0	0	0	0	0	0
230	P	0	0	0	0	0	0	0
231	D	0	0	0	0	0	0	0
232	G	0	0	0	0	0	0	0
233	P	0	0	0	0	0	0	0
234	D	0	0	0	0	0	0	0
235	R	0	0	0	0	0	0	0
236	V	0	0	0	0	0	0	0
237	L	0	0	0	0	0	0	0
238	E	0	0	0	0	0	0	0
239	L	0	0	0	0	0	0	0
240	F	0	0	0	0	0	0	0
241	D	0	0	0	0	0	0	0
242	P	0	0	0	0	0	0	0
243	P	0	0	0	0	0	0	0
244	K	0	0	0	0	0	0	0
245	S	0	0	0	0	0	0	0
246	S	0	0	0	0	0	0	0
247	R	0	0	0	0	0	0	0
248	P	0	0	0	0	0	0	0
249	K	0	0	0	0	0	0	0
250	L	0	0	0	0	0	0	0
251	Q	0	0	0	0	0	0	0
252	A	0	0	0	0	0	0	0
253	A	0	0	0	0	0	0	0
254	C	0	0	0	0	0	0	0
255	S	0	0	0	0	0	0	0
256	S	0	0	0	0	0	0	0
257	I	0	0	0	0	0	0	0
258	Q	0	0	0	0	0	0	0
259	E	0	0	0	0	0	0	0
260	V	0	0	0	0	0	0	0
261	R	0	0	0	0	0	0	0
262	W	0	0	0	0	0	0	0
263	C	0	0	0	0	0	0	0
264	T	0	0	0	0	0	0	0
265	R	0	0	0	0	0	0	0
266	L	0	0	0	0	0	0	0
267	E	0	0	0	0	0	0	0
268	M	0	0	0	0	0	0	0
269	P	0	0	0	0	0	0	0
270	D	0	0	0	0	0	0	0
271	N	0	0	0	0	0	0	0
272	L	0	0	0	0	0	0	0
273	Y	Phosphotyrosine	LEMPDNLYTFVLKVK	EECCCCEEEEEEEEC	0	0	0	0
274	T	0	0	0	0	0	0	0
275	F	0	0	0	0	0	0	0
276	V	0	0	0	0	0	0	0
277	L	0	0	0	0	0	0	0
278	K	0	0	0	0	0	0	0
279	V	0	0	0	0	0	0	0
280	K	0	0	0	0	0	0	0
281	D	0	0	0	0	0	0	0
282	R	0	0	0	0	0	0	0
283	T	0	0	0	0	0	0	0
284	D	0	0	0	0	0	0	0
285	I	0	0	0	0	0	0	0
286	I	0	0	0	0	0	0	0
287	F	0	0	0	0	0	0	0
288	E	0	0	0	0	0	0	0
289	V	0	0	0	0	0	0	0
290	G	0	0	0	0	0	0	0
291	D	0	0	0	0	0	0	0
292	E	0	0	0	0	0	0	0
293	Q	0	0	0	0	0	0	0
294	Q	0	0	0	0	0	0	0
295	L	0	0	0	0	0	0	0
296	N	0	0	0	0	0	0	0
297	S	0	0	0	0	0	0	0
298	W	0	0	0	0	0	0	0
299	M	0	0	0	0	0	0	0
300	A	0	0	0	0	0	0	0
301	E	0	0	0	0	0	0	0
302	L	0	0	0	0	0	0	0
303	S	0	0	0	0	0	0	0
304	E	0	0	0	0	0	0	0
305	C	0	0	0	0	0	0	0
306	T	0	0	0	0	0	0	0
307	G	0	0	0	0	0	0	0
308	R	0	0	0	0	0	0	0
309	G	0	0	0	0	0	0	0
310	L	0	0	0	0	0	0	0
311	E	0	0	0	0	0	0	0
312	S	0	0	0	0	0	0	0
313	T	0	0	0	0	0	0	0
314	E	0	0	0	0	0	0	0
315	A	0	0	0	0	0	0	0
316	E	0	0	0	0	0	0	0
317	M	0	0	0	0	0	0	0
318	H	0	0	0	0	0	0	0
319	I	0	0	0	0	0	0	0
320	P	0	0	0	0	0	0	0
321	S	0	0	0	0	0	0	0
322	A	0	0	0	0	0	0	0
323	L	0	0	0	0	0	0	0
324	E	0	0	0	0	0	0	0
325	P	0	0	0	0	0	0	0
326	S	0	0	0	0	0	0	0
327	T	0	0	0	0	0	0	0
328	S	0	0	0	0	0	0	0
329	S	0	0	0	0	0	0	0
330	S	Phosphoserine	LEPSTSSSPRGSTDS	CCCCCCCCCCCCCCC	0	0	0	0
331	P	0	0	0	0	0	0	0
332	R	0	0	0	0	0	0	0
333	G	0	0	0	0	0	0	0
334	S	0	0	0	0	0	0	0
335	T	0	0	0	0	0	0	0
336	D	0	0	0	0	0	0	0
337	S	0	0	0	0	0	0	0
338	L	0	0	0	0	0	0	0
339	N	0	0	0	0	0	0	0
340	Q	0	0	0	0	0	0	0
341	G	0	0	0	0	0	0	0
342	A	0	0	0	0	0	0	0
343	S	0	0	0	0	0	0	0
344	P	0	0	0	0	0	0	0
345	G	0	0	0	0	0	0	0
346	G	0	0	0	0	0	0	0
347	L	0	0	0	0	0	0	0
348	L	0	0	0	0	0	0	0
349	D	0	0	0	0	0	0	0
350	P	0	0	0	0	0	0	0
351	A	0	0	0	0	0	0	0
352	C	0	0	0	0	0	0	0
353	Q	0	0	0	0	0	0	0
354	K	0	0	0	0	0	0	0
355	T	0	0	0	0	0	0	0
356	D	0	0	0	0	0	0	0
357	H	0	0	0	0	0	0	0
358	F	0	0	0	0	0	0	0
359	L	0	0	0	0	0	0	0
360	S	0	0	0	0	0	0	0
361	C	0	0	0	0	0	0	0
362	Y	0	0	0	0	0	0	0
363	P	0	0	0	0	0	0	0
364	W	0	0	0	0	0	0	0
365	F	0	0	0	0	0	0	0
366	H	0	0	0	0	0	0	0
367	G	0	0	0	0	0	0	0
368	P	0	0	0	0	0	0	0
369	I	0	0	0	0	0	0	0
370	S	0	0	0	0	0	0	0
371	R	0	0	0	0	0	0	0
372	V	0	0	0	0	0	0	0
373	K	0	0	0	0	0	0	0
374	A	0	0	0	0	0	0	0
375	A	0	0	0	0	0	0	0
376	Q	0	0	0	0	0	0	0
377	L	0	0	0	0	0	0	0
378	V	0	0	0	0	0	0	0
379	Q	0	0	0	0	0	0	0
380	L	0	0	0	0	0	0	0
381	Q	0	0	0	0	0	0	0
382	G	0	0	0	0	0	0	0
383	P	0	0	0	0	0	0	0
384	D	0	0	0	0	0	0	0
385	A	0	0	0	0	0	0	0
386	H	0	0	0	0	0	0	0
387	G	0	0	0	0	0	0	0
388	V	0	0	0	0	0	0	0
389	F	0	0	0	0	0	0	0
390	L	0	0	0	0	0	0	0
391	V	0	0	0	0	0	0	0
392	R	0	0	0	0	0	0	0
393	Q	0	0	0	0	0	0	0
394	S	0	0	0	0	0	0	0
395	E	0	0	0	0	0	0	0
396	T	0	0	0	0	0	0	0
397	R	0	0	0	0	0	0	0
398	R	0	0	0	0	0	0	0
399	G	0	0	0	0	0	0	0
400	E	0	0	0	0	0	0	0
401	Y	0	0	0	0	0	0	0
402	V	0	0	0	0	0	0	0
403	L	0	0	0	0	0	0	0
404	T	0	0	0	0	0	0	0
405	F	0	0	0	0	0	0	0
406	N	0	0	0	0	0	0	0
407	F	0	0	0	0	0	0	0
408	Q	0	0	0	0	0	0	0
409	G	0	0	0	0	0	0	0
410	I	0	0	0	0	0	0	0
411	A	0	0	0	0	0	0	0
412	K	0	0	0	0	0	0	0
413	H	0	0	0	0	0	0	0
414	L	0	0	0	0	0	0	0
415	R	0	0	0	0	0	0	0
416	L	0	0	0	0	0	0	0
417	S	0	0	0	0	0	0	0
418	L	0	0	0	0	0	0	0
419	T	0	0	0	0	0	0	0
420	E	0	0	0	0	0	0	0
421	R	0	0	0	0	0	0	0
422	G	0	0	0	0	0	0	0
423	Q	0	0	0	0	0	0	0
424	C	0	0	0	0	0	0	0
425	R	0	0	0	0	0	0	0
426	V	0	0	0	0	0	0	0
427	Q	0	0	0	0	0	0	0
428	H	0	0	0	0	0	0	0
429	L	0	0	0	0	0	0	0
430	H	0	0	0	0	0	0	0
431	F	0	0	0	0	0	0	0
432	P	0	0	0	0	0	0	0
433	S	0	0	0	0	0	0	0
434	V	0	0	0	0	0	0	0
435	V	0	0	0	0	0	0	0
436	D	0	0	0	0	0	0	0
437	M	0	0	0	0	0	0	0
438	L	0	0	0	0	0	0	0
439	H	0	0	0	0	0	0	0
440	H	0	0	0	0	0	0	0
441	F	0	0	0	0	0	0	0
442	Q	0	0	0	0	0	0	0
443	R	0	0	0	0	0	0	0
444	S	0	0	0	0	0	0	0
445	P	0	0	0	0	0	0	0
446	I	0	0	0	0	0	0	0
447	P	0	0	0	0	0	0	0
448	L	0	0	0	0	0	0	0
449	E	0	0	0	0	0	0	0
450	C	0	0	0	0	0	0	0
451	G	0	0	0	0	0	0	0
452	A	0	0	0	0	0	0	0
453	A	0	0	0	0	0	0	0
454	C	0	0	0	0	0	0	0
455	D	0	0	0	0	0	0	0
456	V	0	0	0	0	0	0	0
457	R	0	0	0	0	0	0	0
458	L	0	0	0	0	0	0	0
459	S	0	0	0	0	0	0	0
460	S	0	0	0	0	0	0	0
461	Y	0	0	0	0	0	0	0
462	V	0	0	0	0	0	0	0
463	V	0	0	0	0	0	0	0
464	V	0	0	0	0	0	0	0
465	V	0	0	0	0	0	0	0
466	S	0	0	0	0	0	0	0
467	Q	0	0	0	0	0	0	0
468	P	0	0	0	0	0	0	0
469	P	0	0	0	0	0	0	0
470	G	0	0	0	0	0	0	0
471	S	0	0	0	0	0	0	0
472	C	0	0	0	0	0	0	0
473	N	0	0	0	0	0	0	0
474	T	0	0	0	0	0	0	0
475	V	0	0	0	0	0	0	0
476	L	0	0	0	0	0	0	0
477	F	0	0	0	0	0	0	0
478	P	0	0	0	0	0	0	0
479	F	0	0	0	0	0	0	0
480	S	0	0	0	0	0	0	0
481	L	0	0	0	0	0	0	0
482	P	0	0	0	0	0	0	0
483	H	0	0	0	0	0	0	0
484	W	0	0	0	0	0	0	0
485	D	0	0	0	0	0	0	0
486	S	0	0	0	0	0	0	0
487	E	0	0	0	0	0	0	0
488	S	0	0	0	0	0	0	0
489	L	0	0	0	0	0	0	0
490	P	0	0	0	0	0	0	0
491	H	0	0	0	0	0	0	0
492	W	0	0	0	0	0	0	0
493	G	0	0	0	0	0	0	0
494	S	0	0	0	0	0	0	0
495	E	0	0	0	0	0	0	0
496	L	0	0	0	0	0	0	0
497	G	0	0	0	0	0	0	0
498	L	0	0	0	0	0	0	0
499	P	0	0	0	0	0	0	0
500	H	0	0	0	0	0	0	0
501	L	0	0	0	0	0	0	0
502	S	0	0	0	0	0	0	0
503	S	0	0	0	0	0	0	0
504	S	0	0	0	0	0	0	0
505	G	0	0	0	0	0	0	0
506	C	0	0	0	0	0	0	0
507	P	0	0	0	0	0	0	0
508	R	0	0	0	0	0	0	0
509	G	0	0	0	0	0	0	0
510	L	0	0	0	0	0	0	0
511	S	Phosphoserine	SGCPRGLSPEGLPGR	CCCCCCCCCCCCCCC	0	0	0	0
512	P	0	0	0	0	0	0	0
513	E	0	0	0	0	0	0	0
514	G	0	0	0	0	0	0	0
515	L	0	0	0	0	0	0	0
516	P	0	0	0	0	0	0	0
517	G	0	0	0	0	0	0	0
518	R	0	0	0	0	0	0	0
519	S	0	0	0	0	0	0	0
520	S	0	0	0	0	0	0	0
521	P	0	0	0	0	0	0	0
522	P	0	0	0	0	0	0	0
523	E	0	0	0	0	0	0	0
524	Q	0	0	0	0	0	0	0
525	I	0	0	0	0	0	0	0
526	F	0	0	0	0	0	0	0
527	H	0	0	0	0	0	0	0
528	L	0	0	0	0	0	0	0
529	V	0	0	0	0	0	0	0
530	P	0	0	0	0	0	0	0
531	S	0	0	0	0	0	0	0
532	P	0	0	0	0	0	0	0
533	E	0	0	0	0	0	0	0
534	E	0	0	0	0	0	0	0
535	L	0	0	0	0	0	0	0
536	A	0	0	0	0	0	0	0
537	N	0	0	0	0	0	0	0
538	S	0	0	0	0	0	0	0
539	L	0	0	0	0	0	0	0
540	Q	0	0	0	0	0	0	0
541	H	0	0	0	0	0	0	0
542	L	0	0	0	0	0	0	0
543	E	0	0	0	0	0	0	0
544	H	0	0	0	0	0	0	0
545	E	0	0	0	0	0	0	0
546	P	0	0	0	0	0	0	0
547	V	0	0	0	0	0	0	0
548	N	0	0	0	0	0	0	0
549	R	0	0	0	0	0	0	0
550	A	0	0	0	0	0	0	0
551	R	0	0	0	0	0	0	0
552	D	0	0	0	0	0	0	0
553	S	Phosphoserine	PVNRARDSDYEMDSS	CCCCCCCCCCCCCCC	0	0	0	0
554	D	0	0	0	0	0	0	0
555	Y	Phosphotyrosine	NRARDSDYEMDSSSR	CCCCCCCCCCCCCCH	0	0	0	0
556	E	0	0	0	0	0	0	0
557	M	0	0	0	0	0	0	0
558	D	0	0	0	0	0	0	0
559	S	Phosphoserine	DSDYEMDSSSRSHLR	CCCCCCCCCCHHHHH	0	0	0	0
560	S	Phosphoserine	SDYEMDSSSRSHLRA	CCCCCCCCCHHHHHH	0	0	0	0
561	S	0	0	0	0	0	0	0
562	R	0	0	0	0	0	0	0
563	S	0	0	0	0	0	0	0
564	H	0	0	0	0	0	0	0
565	L	0	0	0	0	0	0	0
566	R	0	0	0	0	0	0	0
567	A	0	0	0	0	0	0	0
568	I	0	0	0	0	0	0	0
569	D	0	0	0	0	0	0	0
570	N	0	0	0	0	0	0	0
571	Q	0	0	0	0	0	0	0
572	Y	Phosphotyrosine	LRAIDNQYTPL----	HHHHHCCCCCC----	0	0	0	0
573	T	0	0	0	0	0	0	0
574	P	0	0	0	0	0	0	0
575	L	0	0	0	0	0	0	0
