location	residue	Modification	seq	secStruc	RelatedDisease	VariantPosition	ResidueChange	DaPSbySAP
1	M	0	0	0	0	0	0	0
2	N	0	0	0	0	0	0	0
3	G	0	0	0	0	0	0	0
4	A	0	0	0	0	0	0	0
5	P	0	0	0	0	0	0	0
6	S	0	0	0	0	0	0	0
7	P	0	0	0	0	0	0	0
8	E	0	0	0	0	0	0	0
9	D	0	0	0	0	0	0	0
10	G	0	0	0	0	0	0	0
11	A	0	0	0	0	0	0	0
12	S	0	0	0	0	0	0	0
13	P	0	0	0	0	0	0	0
14	S	0	0	0	0	0	0	0
15	S	0	0	0	0	0	0	0
16	P	0	0	0	0	0	0	0
17	P	0	0	0	0	0	0	0
18	L	0	0	0	0	0	0	0
19	P	0	0	0	0	0	0	0
20	P	0	0	0	0	0	0	0
21	P	0	0	0	0	0	0	0
22	P	0	0	0	0	0	0	0
23	P	0	0	0	0	0	0	0
24	P	0	0	0	0	0	0	0
25	S	0	0	0	0	0	0	0
26	W	0	0	0	0	0	0	0
27	R	0	0	0	0	0	0	0
28	E	0	0	0	0	0	0	0
29	F	0	0	0	0	0	0	0
30	C	0	0	0	0	0	0	0
31	E	0	0	0	0	0	0	0
32	S	0	0	0	0	0	0	0
33	H	0	0	0	0	0	0	0
34	A	0	0	0	0	0	0	0
35	R	0	0	0	0	0	0	0
36	A	0	0	0	0	0	0	0
37	A	0	0	0	0	0	0	0
38	A	0	0	0	0	0	0	0
39	L	0	0	0	0	0	0	0
40	D	0	0	0	0	0	0	0
41	F	0	0	0	0	0	0	0
42	A	0	0	0	0	0	0	0
43	R	0	0	0	0	0	0	0
44	R	0	0	0	0	0	0	0
45	F	0	0	0	0	0	0	0
46	R	0	0	0	0	0	0	0
47	L	0	0	0	0	0	0	0
48	Y	Phosphotyrosine	FARRFRLYLASHPQY	HHHHHHHHHHHCCCC	0	0	0	0
49	L	0	0	0	0	0	0	0
50	A	0	0	0	0	0	0	0
51	S	Phosphoserine	RFRLYLASHPQYAGP	HHHHHHHHCCCCCCC	0	0	0	0
52	H	0	0	0	0	0	0	0
53	P	0	0	0	0	0	0	0
54	Q	0	0	0	0	0	0	0
55	Y	Phosphotyrosine	YLASHPQYAGPGAEA	HHHHCCCCCCCCHHH	0	0	0	0
56	A	0	0	0	0	0	0	0
57	G	0	0	0	0	0	0	0
58	P	0	0	0	0	0	0	0
59	G	0	0	0	0	0	0	0
60	A	0	0	0	0	0	0	0
61	E	0	0	0	0	0	0	0
62	A	0	0	0	0	0	0	0
63	A	0	0	0	0	0	0	0
64	F	0	0	0	0	0	0	0
65	S	Phosphoserine	PGAEAAFSRRFAELF	CCHHHHHHHHHHHHH	0	0	0	0
66	R	0	0	0	0	0	0	0
67	R	0	0	0	0	0	0	0
68	F	0	0	0	0	0	0	0
69	A	0	0	0	0	0	0	0
70	E	0	0	0	0	0	0	0
71	L	0	0	0	0	0	0	0
72	F	0	0	0	0	0	0	0
73	L	0	0	0	0	0	0	0
74	Q	0	0	0	0	0	0	0
75	H	0	0	0	0	0	0	0
76	F	0	0	0	0	0	0	0
77	E	0	0	0	0	0	0	0
78	A	0	0	0	0	0	0	0
79	E	0	0	0	0	0	0	0
80	V	0	0	0	0	0	0	0
81	A	0	0	0	0	0	0	0
82	R	0	0	0	0	0	0	0
83	A	0	0	0	0	0	0	0
84	S	Phosphoserine	EAEVARASGSLSPPI	HHHHHHHCCCCCCCE	0	0	0	0
85	G	0	0	0	0	0	0	0
86	S	Phosphoserine	EVARASGSLSPPILA	HHHHHCCCCCCCEEE	0	0	0	0
87	L	0	0	0	0	0	0	0
88	S	Phosphoserine	ARASGSLSPPILAPL	HHHCCCCCCCEEECC	0	0	0	0
89	P	0	0	0	0	0	0	0
90	P	0	0	0	0	0	0	0
91	I	0	0	0	0	0	0	0
92	L	0	0	0	0	0	0	0
93	A	0	0	0	0	0	0	0
94	P	0	0	0	0	0	0	0
95	L	0	0	0	0	0	0	0
96	S	Phosphoserine	PPILAPLSPGAEISP	CCEEECCCCCCCCCC	0	0	0	0
97	P	0	0	0	0	0	0	0
98	G	0	0	0	0	0	0	0
99	A	0	0	0	0	0	0	0
100	E	0	0	0	0	0	0	0
101	I	0	0	0	0	0	0	0
102	S	Phosphoserine	LSPGAEISPHDLSLE	CCCCCCCCCCCCCCC	0	0	0	0
103	P	0	0	0	0	0	0	0
104	H	0	0	0	0	0	0	0
105	D	0	0	0	0	0	0	0
106	L	0	0	0	0	0	0	0
107	S	Phosphoserine	EISPHDLSLESCRVG	CCCCCCCCCCCCCCC	0	0	0	0
108	L	0	0	0	0	0	0	0
109	E	0	0	0	0	0	0	0
110	S	Phosphoserine	PHDLSLESCRVGGPL	CCCCCCCCCCCCCCE	0	0	0	0
111	C	0	0	0	0	0	0	0
112	R	0	0	0	0	0	0	0
113	V	0	0	0	0	0	0	0
114	G	0	0	0	0	0	0	0
115	G	0	0	0	0	0	0	0
116	P	0	0	0	0	0	0	0
117	L	0	0	0	0	0	0	0
118	A	0	0	0	0	0	0	0
119	V	0	0	0	0	0	0	0
120	L	0	0	0	0	0	0	0
121	G	0	0	0	0	0	0	0
122	P	0	0	0	0	0	0	0
123	S	Phosphoserine	PLAVLGPSRSSEDLA	CEEEECCCCCCCCCC	0	0	0	0
124	R	0	0	0	0	0	0	0
125	S	Phosphoserine	AVLGPSRSSEDLAGP	EEECCCCCCCCCCCC	0	0	0	0
126	S	Phosphoserine	VLGPSRSSEDLAGPL	EECCCCCCCCCCCCC	0	0	0	0
127	E	0	0	0	0	0	0	0
128	D	0	0	0	0	0	0	0
129	L	0	0	0	0	0	0	0
130	A	0	0	0	0	0	0	0
131	G	0	0	0	0	0	0	0
132	P	0	0	0	0	0	0	0
133	L	0	0	0	0	0	0	0
134	P	0	0	0	0	0	0	0
135	S	0	0	0	0	0	0	0
136	S	0	0	0	0	0	0	0
137	V	0	0	0	0	0	0	0
138	S	0	0	0	0	0	0	0
139	S	0	0	0	0	0	0	0
140	S	0	0	0	0	0	0	0
141	S	0	0	0	0	0	0	0
142	T	0	0	0	0	0	0	0
143	T	0	0	0	0	0	0	0
144	S	0	0	0	0	0	0	0
145	S	Phosphoserine	SSSSTTSSKPKLKKR	CCCCCCCCCCCHHHC	Waist circumference:waist circumference;Body mass index:body mass index	148 (3)	0	0
146	K	0	0	0	0	0	0	0
147	P	0	0	0	0	0	0	0
148	K	0	0	0	0	0	A;S	145,154,157
149	L	0	0	0	0	0	0	0
150	K	0	0	0	0	0	0	0
151	K	0	0	0	0	0	0	0
152	R	0	0	0	0	0	0	0
153	F	0	0	0	0	0	0	0
154	S	Phosphoserine	PKLKKRFSLRSVGRS	CCHHHCEEEHHHCCC	Waist circumference:waist circumference;Body mass index:body mass index	148 (6)	0	0
155	L	0	0	0	0	0	0	0
156	R	0	0	0	0	0	0	0
157	S	Phosphoserine	KKRFSLRSVGRSVRG	HHCEEEHHHCCCHHH	Waist circumference:waist circumference;Body mass index:body mass index	148 (9)	0	0
158	V	0	0	0	0	0	0	0
159	G	0	0	0	0	0	0	0
160	R	0	0	0	0	0	0	0
161	S	Phosphoserine	SLRSVGRSVRGSVRG	EEHHHCCCHHHHHHH	0	0	0	0
162	V	0	0	0	0	0	0	0
163	R	0	0	0	0	0	0	0
164	G	0	0	0	0	0	0	0
165	S	Phosphoserine	VGRSVRGSVRGILQW	HCCCHHHHHHHHEEE	0	0	0	0
166	V	0	0	0	0	0	0	0
167	R	0	0	0	0	0	0	0
168	G	0	0	0	0	0	0	0
169	I	0	0	0	0	0	0	0
170	L	0	0	0	0	0	0	0
171	Q	0	0	0	0	0	0	0
172	W	0	0	0	0	0	0	0
173	R	0	0	0	0	0	0	0
174	G	0	0	0	0	0	0	0
175	T	0	0	0	0	0	0	0
176	V	0	0	0	0	0	0	0
177	D	0	0	0	0	0	0	0
178	P	0	0	0	0	0	0	0
179	P	0	0	0	0	0	0	0
180	S	0	0	0	0	0	0	0
181	S	0	0	0	0	0	0	0
182	A	0	0	0	0	0	0	0
183	G	0	0	0	0	0	0	0
184	P	0	0	0	0	0	0	0
185	L	0	0	0	0	0	0	0
186	E	0	0	0	0	0	0	0
187	T	0	0	0	0	0	0	0
188	S	0	0	0	0	0	0	0
189	S	0	0	0	0	0	0	0
190	G	0	0	0	0	0	0	0
191	P	0	0	0	0	0	0	0
192	P	0	0	0	0	0	0	0
193	V	0	0	0	0	0	0	0
194	L	0	0	0	0	0	0	0
195	G	0	0	0	0	0	0	0
196	G	0	0	0	0	0	0	0
197	N	0	0	0	0	0	0	0
198	S	0	0	0	0	0	0	0
199	N	0	0	0	0	0	0	0
200	S	0	0	0	0	0	0	0
201	N	0	0	0	0	0	0	0
202	S	0	0	0	0	0	0	0
203	S	0	0	0	0	0	0	0
204	G	0	0	0	0	0	0	0
205	G	0	0	0	0	0	0	0
206	A	0	0	0	0	0	0	0
207	G	0	0	0	0	0	0	0
208	T	0	0	0	0	0	0	0
209	V	0	0	0	0	0	0	0
210	G	0	0	0	0	0	0	0
211	R	N6-methyllysine	GGAGTVGRGLVSDGT	CCCCCCCCCCCCCCC	0	0	0	0
212	G	0	0	0	0	0	0	0
213	L	0	0	0	0	0	0	0
214	V	0	0	0	0	0	0	0
215	S	0	0	0	0	0	0	0
216	D	0	0	0	0	0	0	0
217	G	0	0	0	0	0	0	0
218	T	Phosphothreonine	RGLVSDGTSPGERWT	CCCCCCCCCCCCHHC	0	0	0	0
219	S	Phosphoserine	GLVSDGTSPGERWTH	CCCCCCCCCCCHHCH	0	0	0	0
220	P	0	0	0	0	0	0	0
221	G	0	0	0	0	0	0	0
222	E	0	0	0	0	0	0	0
223	R	0	0	0	0	0	0	0
224	W	0	0	0	0	0	0	0
225	T	0	0	0	0	0	0	0
226	H	0	0	0	0	0	0	0
227	R	0	0	0	0	0	0	0
228	F	0	0	0	0	0	0	0
229	E	0	0	0	0	0	0	0
230	R	0	0	0	0	0	0	0
231	L	0	0	0	0	0	0	0
232	R	0	0	0	0	0	0	0
233	L	0	0	0	0	0	0	0
234	S	0	0	0	0	0	0	0
235	R	N6-methyllysine	FERLRLSRGGGALKD	HHHHHCCCCCCCCCC	0	0	0	0
236	G	0	0	0	0	0	0	0
237	G	0	0	0	0	0	0	0
238	G	0	0	0	0	0	0	0
239	A	0	0	0	0	0	0	0
240	L	0	0	0	0	0	0	0
241	K	0	0	0	0	0	0	0
242	D	0	0	0	0	0	0	0
243	G	0	0	0	0	0	0	0
244	A	0	0	0	0	0	0	0
245	G	0	0	0	0	0	0	0
246	M	0	0	0	0	0	0	0
247	V	0	0	0	0	0	0	0
248	Q	0	0	0	0	0	0	0
249	R	0	0	0	0	0	0	0
250	E	0	0	0	0	0	0	0
251	E	0	0	0	0	0	0	0
252	L	0	0	0	0	0	0	0
253	L	0	0	0	0	0	0	0
254	S	0	0	0	0	0	0	0
255	F	0	0	0	0	0	0	0
256	M	0	0	0	0	0	0	0
257	G	0	0	0	0	0	0	0
258	A	0	0	0	0	0	0	0
259	E	0	0	0	0	0	0	0
260	E	0	0	0	0	0	0	0
261	A	0	0	0	0	0	0	0
262	A	0	0	0	0	0	0	0
263	P	0	0	0	0	0	0	0
264	D	0	0	0	0	0	0	0
265	P	0	0	0	0	0	0	0
266	A	0	0	0	0	0	0	0
267	G	0	0	0	0	0	0	0
268	V	0	0	0	0	0	0	0
269	G	0	0	0	0	0	0	0
270	R	Omega-N-methylarginine	PDPAGVGRGGGVAGP	CCCCCCCCCCCCCCC	0	0	0	0
271	G	0	0	0	0	0	0	0
272	G	0	0	0	0	0	0	0
273	G	0	0	0	0	0	0	0
274	V	0	0	0	0	0	0	0
275	A	0	0	0	0	0	0	0
276	G	0	0	0	0	0	0	0
277	P	0	0	0	0	0	0	0
278	P	0	0	0	0	0	0	0
279	S	0	0	0	0	0	0	0
280	G	0	0	0	0	0	0	0
281	G	0	0	0	0	0	0	0
282	G	0	0	0	0	0	0	0
283	G	0	0	0	0	0	0	0
284	Q	0	0	0	0	0	0	0
285	P	0	0	0	0	0	0	0
286	Q	0	0	0	0	0	0	0
287	W	0	0	0	0	0	0	0
288	Q	0	0	0	0	0	0	0
289	K	0	0	0	0	0	0	0
290	C	0	0	0	0	0	0	0
291	R	0	0	0	0	0	0	0
292	L	0	0	0	0	0	0	0
293	L	0	0	0	0	0	0	0
294	L	0	0	0	0	0	0	0
295	R	0	0	0	0	0	0	0
296	S	0	0	0	0	0	0	0
297	E	0	0	0	0	0	0	0
298	G	0	0	0	0	0	0	0
299	E	0	0	0	0	0	0	0
300	G	0	0	0	0	0	0	0
301	G	0	0	0	0	0	0	0
302	G	0	0	0	0	0	0	0
303	G	0	0	0	0	0	0	0
304	S	0	0	0	0	0	0	0
305	R	0	0	0	0	0	0	0
306	L	0	0	0	0	0	0	0
307	E	0	0	0	0	0	0	0
308	F	0	0	0	0	0	0	0
309	F	0	0	0	0	0	0	0
310	V	0	0	0	0	0	0	0
311	P	0	0	0	0	0	0	0
312	P	0	0	0	0	0	0	0
313	K	0	0	0	0	0	0	0
314	A	0	0	0	0	0	0	0
315	S	0	0	0	0	0	0	0
316	R	0	0	0	0	0	0	0
317	P	0	0	0	0	0	0	0
318	R	0	0	0	0	0	0	0
319	L	0	0	0	0	0	0	0
320	S	Phosphoserine	KASRPRLSIPCSSIT	CCCCCCEECCCCCCC	0	0	0	0
321	I	0	0	0	0	0	0	0
322	P	0	0	0	0	0	0	0
323	C	0	0	0	0	0	0	0
324	S	0	0	0	0	0	0	0
325	S	0	0	0	0	0	0	0
326	I	0	0	0	0	0	0	0
327	T	0	0	0	0	0	0	0
328	D	0	0	0	0	0	0	0
329	V	0	0	0	0	0	0	0
330	R	0	0	0	0	0	0	0
331	T	0	0	0	0	0	0	0
332	T	0	0	0	0	0	0	0
333	T	0	0	0	0	0	0	0
334	A	0	0	0	0	0	0	0
335	L	0	0	0	0	0	0	0
336	E	0	0	0	0	0	0	0
337	M	0	0	0	0	0	0	0
338	P	0	0	0	0	0	0	0
339	D	0	0	0	0	0	0	0
340	R	0	0	0	0	0	0	0
341	E	0	0	0	0	0	0	0
342	N	0	0	0	0	0	0	0
343	T	0	0	0	0	0	0	0
344	F	0	0	0	0	0	0	0
345	V	0	0	0	0	0	0	0
346	V	0	0	0	0	0	0	0
347	K	0	0	0	0	0	0	0
348	V	0	0	0	0	0	0	0
349	E	0	0	0	0	0	0	0
350	G	0	0	0	0	0	0	0
351	P	0	0	0	0	0	0	0
352	S	Phosphoserine	VVKVEGPSEYIMETV	EEEEECCCCCEEEEC	0	0	0	0
353	E	0	0	0	0	0	0	0
354	Y	0	0	0	0	0	0	0
355	I	0	0	0	0	0	0	0
356	M	0	0	0	0	0	0	0
357	E	0	0	0	0	0	0	0
358	T	0	0	0	0	0	0	0
359	V	0	0	0	0	0	0	0
360	D	0	0	0	0	0	0	0
361	A	0	0	0	0	0	0	0
362	Q	0	0	0	0	0	0	0
363	H	0	0	0	0	0	0	0
364	V	0	0	0	0	0	0	0
365	K	0	0	0	0	0	0	0
366	A	0	0	0	0	0	0	0
367	W	0	0	0	0	0	0	0
368	V	0	0	0	0	0	0	0
369	S	0	0	0	0	0	0	0
370	D	0	0	0	0	0	0	0
371	I	0	0	0	0	0	0	0
372	Q	0	0	0	0	0	0	0
373	E	0	0	0	0	0	0	0
374	C	0	0	0	0	0	0	0
375	L	0	0	0	0	0	0	0
376	S	0	0	0	0	0	0	0
377	P	0	0	0	0	0	0	0
378	G	0	0	0	0	0	0	0
379	P	0	0	0	0	0	0	0
380	C	0	0	0	0	0	0	0
381	P	0	0	0	0	0	0	0
382	A	0	0	0	0	0	0	0
383	T	Phosphothreonine	SPGPCPATSPRPMTL	CCCCCCCCCCCCCCC	0	0	0	0
384	S	0	0	0	0	0	0	0
385	P	0	0	0	0	0	0	0
386	R	0	0	0	0	0	0	0
387	P	0	0	0	0	0	0	0
388	M	0	0	0	0	0	0	0
389	T	0	0	0	0	0	0	0
390	L	0	0	0	0	0	0	0
391	P	0	0	0	0	0	0	0
392	L	0	0	0	0	0	0	0
393	A	0	0	0	0	0	0	0
394	P	0	0	0	0	0	0	0
395	G	0	0	0	0	0	0	0
396	T	0	0	0	0	0	0	0
397	S	0	0	0	0	0	0	0
398	F	0	0	0	0	0	0	0
399	L	0	0	0	0	0	0	0
400	T	0	0	0	0	0	0	0
401	R	0	0	0	0	0	0	0
402	E	0	0	0	0	0	0	0
403	N	0	0	0	0	0	0	0
404	T	0	0	0	0	0	0	0
405	D	0	0	0	0	0	0	0
406	S	0	0	0	0	0	0	0
407	L	0	0	0	0	0	0	0
408	E	0	0	0	0	0	0	0
409	L	0	0	0	0	0	0	0
410	S	0	0	0	0	0	0	0
411	C	0	0	0	0	0	0	0
412	L	0	0	0	0	0	0	0
413	N	0	0	0	0	0	0	0
414	H	0	0	0	0	0	0	0
415	S	0	0	0	0	0	0	0
416	E	0	0	0	0	0	0	0
417	S	0	0	0	0	0	0	0
418	L	0	0	0	0	0	0	0
419	P	0	0	0	0	0	0	0
420	S	0	0	0	0	0	0	0
421	Q	0	0	0	0	0	0	0
422	D	0	0	0	0	0	0	0
423	L	0	0	0	0	0	0	0
424	L	0	0	0	0	0	0	0
425	L	0	0	0	0	0	0	0
426	G	0	0	0	0	0	0	0
427	P	0	0	0	0	0	0	0
428	S	0	0	0	0	0	0	0
429	E	0	0	0	0	0	0	0
430	S	0	0	0	0	0	0	0
431	N	0	0	0	0	0	0	0
432	D	0	0	0	0	0	0	0
433	R	0	0	0	0	0	0	0
434	L	0	0	0	0	0	0	0
435	S	0	0	0	0	0	0	0
436	Q	0	0	0	0	0	0	0
437	G	0	0	0	0	0	0	0
438	A	0	0	0	0	0	0	0
439	Y	Phosphotyrosine	DRLSQGAYGGLSDRP	CCCCCCCCCCCCCCC	0	0	0	0
440	G	0	0	0	0	0	0	0
441	G	0	0	0	0	0	0	0
442	L	0	0	0	0	0	0	0
443	S	0	0	0	0	0	0	0
444	D	0	0	0	0	0	0	0
445	R	0	0	0	0	0	0	0
446	P	0	0	0	0	0	0	0
447	S	0	0	0	0	0	0	0
448	A	0	0	0	0	0	0	0
449	S	0	0	0	0	0	0	0
450	I	0	0	0	0	0	0	0
451	S	0	0	0	0	0	0	0
452	P	0	0	0	0	0	0	0
453	S	0	0	0	0	0	0	0
454	S	0	0	0	0	0	0	0
455	A	0	0	0	0	0	0	0
456	S	0	0	0	0	0	0	0
457	I	0	0	0	0	0	0	0
458	A	0	0	0	0	0	0	0
459	A	0	0	0	0	0	0	0
460	S	0	0	0	0	0	0	0
461	H	0	0	0	0	0	0	0
462	F	0	0	0	0	0	0	0
463	D	0	0	0	0	0	0	0
464	S	0	0	0	0	0	0	0
465	M	0	0	0	0	0	0	0
466	E	0	0	0	0	0	0	0
467	L	0	0	0	0	0	0	0
468	L	0	0	0	0	0	0	0
469	P	0	0	0	0	0	0	0
470	P	0	0	0	0	0	0	0
471	E	0	0	0	0	0	0	0
472	L	0	0	0	0	0	0	0
473	P	0	0	0	0	0	0	0
474	P	0	0	0	0	0	0	0
475	R	0	0	0	0	0	0	0
476	I	0	0	0	0	0	0	0
477	P	0	0	0	0	0	0	0
478	I	0	0	0	0	0	0	0
479	E	0	0	0	0	0	0	0
480	E	0	0	0	0	0	0	0
481	G	0	0	0	0	0	0	0
482	P	0	0	0	0	0	0	0
483	P	0	0	0	0	0	0	0
484	T	0	0	0	0	0	0	0
485	G	0	0	0	0	0	0	0
486	T	0	0	0	0	0	0	0
487	V	0	0	0	0	0	0	0
488	H	0	0	0	0	0	0	0
489	P	0	0	0	0	0	0	0
490	L	0	0	0	0	0	0	0
491	S	0	0	0	0	0	0	0
492	A	0	0	0	0	0	0	0
493	P	0	0	0	0	0	0	0
494	Y	Phosphotyrosine	VHPLSAPYPPLDTPE	CCCCCCCCCCCCCCC	0	0	0	0
495	P	0	0	0	0	0	0	0
496	P	0	0	0	0	0	0	0
497	L	0	0	0	0	0	0	0
498	D	0	0	0	0	0	0	0
499	T	0	0	0	0	0	0	0
500	P	0	0	0	0	0	0	0
501	E	0	0	0	0	0	0	0
502	T	0	0	0	0	0	0	0
503	A	0	0	0	0	0	0	0
504	T	0	0	0	0	0	0	0
505	G	0	0	0	0	0	0	0
506	S	0	0	0	0	0	0	0
507	F	0	0	0	0	0	0	0
508	L	0	0	0	0	0	0	0
509	F	0	0	0	0	0	0	0
510	Q	0	0	0	0	0	0	0
511	G	0	0	0	0	0	0	0
512	E	0	0	0	0	0	0	0
513	P	0	0	0	0	0	0	0
514	E	0	0	0	0	0	0	0
515	G	0	0	0	0	0	0	0
516	G	0	0	0	0	0	0	0
517	E	0	0	0	0	0	0	0
518	G	0	0	0	0	0	0	0
519	D	0	0	0	0	0	0	0
520	Q	0	0	0	0	0	0	0
521	P	0	0	0	0	0	0	0
522	L	0	0	0	0	0	0	0
523	S	0	0	0	0	0	0	0
524	G	0	0	0	0	0	0	0
525	Y	0	0	0	0	0	0	0
526	P	0	0	0	0	0	0	0
527	W	0	0	0	0	0	0	0
528	F	0	0	0	0	0	0	0
529	H	0	0	0	0	0	0	0
530	G	0	0	0	0	0	0	0
531	M	0	0	0	0	0	0	0
532	L	0	0	0	0	0	0	0
533	S	0	0	0	0	0	0	0
534	R	0	0	0	0	0	0	0
535	L	0	0	0	0	0	0	0
536	K	0	0	0	0	0	0	0
537	A	0	0	0	0	0	0	0
538	A	0	0	0	0	0	0	0
539	Q	0	0	0	0	0	0	0
540	L	0	0	0	0	0	0	0
541	V	0	0	0	0	0	0	0
542	L	0	0	0	0	0	0	0
543	T	0	0	0	0	0	0	0
544	G	0	0	0	0	0	0	0
545	G	0	0	0	0	0	0	0
546	T	0	0	0	0	0	0	0
547	G	0	0	0	0	0	0	0
548	S	0	0	0	0	0	0	0
549	H	0	0	0	0	0	0	0
550	G	0	0	0	0	0	0	0
551	V	0	0	0	0	0	0	0
552	F	0	0	0	0	0	0	0
553	L	0	0	0	0	0	0	0
554	V	0	0	0	0	0	0	0
555	R	0	0	0	0	0	0	0
556	Q	0	0	0	0	0	0	0
557	S	0	0	0	0	0	0	0
558	E	0	0	0	0	0	0	0
559	T	0	0	0	0	0	0	0
560	R	0	0	0	0	0	0	0
561	R	0	0	0	0	0	0	0
562	G	0	0	0	0	0	0	0
563	E	0	0	0	0	0	0	0
564	Y	0	0	0	0	0	0	0
565	V	0	0	0	0	0	0	0
566	L	0	0	0	0	0	0	0
567	T	0	0	0	0	0	0	0
568	F	0	0	0	0	0	0	0
569	N	0	0	0	0	0	0	0
570	F	0	0	0	0	0	0	0
571	Q	0	0	0	0	0	0	0
572	G	0	0	0	0	0	0	0
573	K	0	0	0	0	0	0	0
574	A	0	0	0	0	0	0	0
575	K	0	0	0	0	0	0	0
576	H	0	0	0	0	0	0	0
577	L	0	0	0	0	0	0	0
578	R	0	0	0	0	0	0	0
579	L	0	0	0	0	0	0	0
580	S	0	0	0	0	0	0	0
581	L	0	0	0	0	0	0	0
582	N	0	0	0	0	0	0	0
583	E	0	0	0	0	0	0	0
584	E	0	0	0	0	0	0	0
585	G	0	0	0	0	0	0	0
586	Q	0	0	0	0	0	0	0
587	C	0	0	0	0	0	0	0
588	R	0	0	0	0	0	0	0
589	V	0	0	0	0	0	0	0
590	Q	0	0	0	0	0	0	0
591	H	0	0	0	0	0	0	0
592	L	0	0	0	0	0	0	0
593	W	0	0	0	0	0	0	0
594	F	0	0	0	0	0	0	0
595	Q	0	0	0	0	0	0	0
596	S	0	0	0	0	0	0	0
597	I	0	0	0	0	0	0	0
598	F	0	0	0	0	0	0	0
599	D	0	0	0	0	0	0	0
600	M	0	0	0	0	0	0	0
601	L	0	0	0	0	0	0	0
602	E	0	0	0	0	0	0	0
603	H	0	0	0	0	0	0	0
604	F	0	0	0	0	0	0	0
605	R	0	0	0	0	0	0	0
606	V	0	0	0	0	0	0	0
607	H	0	0	0	0	0	0	0
608	P	0	0	0	0	0	0	0
609	I	0	0	0	0	0	0	0
610	P	0	0	0	0	0	0	0
611	L	0	0	0	0	0	0	0
612	E	0	0	0	0	0	0	0
613	S	0	0	0	0	0	0	0
614	G	0	0	0	0	0	0	0
615	G	0	0	0	0	0	0	0
616	S	0	0	0	0	0	0	0
617	S	0	0	0	0	0	0	0
618	D	0	0	0	0	0	0	0
619	V	0	0	0	0	0	0	0
620	V	0	0	0	0	0	0	0
621	L	0	0	0	0	0	0	0
622	V	0	0	0	0	0	0	0
623	S	0	0	0	0	0	0	0
624	Y	Phosphotyrosine	SDVVLVSYVPSSQRQ	CCEEEEEECCCCCCC	0	0	0	0
625	V	0	0	0	0	0	0	0
626	P	0	0	0	0	0	0	0
627	S	0	0	0	0	0	0	0
628	S	0	0	0	0	0	0	0
629	Q	0	0	0	0	0	0	0
630	R	0	0	0	0	0	0	0
631	Q	0	0	0	0	0	0	0
632	Q	0	0	0	0	0	0	0
633	E	0	0	0	0	0	0	0
634	P	0	0	0	0	0	0	0
635	T	0	0	0	0	0	0	0
636	T	0	0	0	0	0	0	0
637	S	0	0	0	0	0	0	0
638	H	0	0	0	0	0	0	0
639	D	0	0	0	0	0	0	0
640	P	0	0	0	0	0	0	0
641	P	0	0	0	0	0	0	0
642	Q	0	0	0	0	0	0	0
643	P	0	0	0	0	0	0	0
644	P	0	0	0	0	0	0	0
645	E	0	0	0	0	0	0	0
646	P	0	0	0	0	0	0	0
647	P	0	0	0	0	0	0	0
648	S	0	0	0	0	0	0	0
649	W	0	0	0	0	0	0	0
650	T	0	0	0	0	0	0	0
651	D	0	0	0	0	0	0	0
652	P	0	0	0	0	0	0	0
653	P	0	0	0	0	0	0	0
654	Q	0	0	0	0	0	0	0
655	P	0	0	0	0	0	0	0
656	G	0	0	0	0	0	0	0
657	A	0	0	0	0	0	0	0
658	E	0	0	0	0	0	0	0
659	E	0	0	0	0	0	0	0
660	A	0	0	0	0	0	0	0
661	S	0	0	0	0	0	0	0
662	R	0	0	0	0	0	0	0
663	A	0	0	0	0	0	0	0
664	P	0	0	0	0	0	0	0
665	E	0	0	0	0	0	0	0
666	V	0	0	0	0	0	0	0
667	A	0	0	0	0	0	0	0
668	A	0	0	0	0	0	0	0
669	A	0	0	0	0	0	0	0
670	A	0	0	0	0	0	0	0
671	A	0	0	0	0	0	0	0
672	A	0	0	0	0	0	0	0
673	A	0	0	0	0	0	0	0
674	A	0	0	0	0	0	0	0
675	K	0	0	0	0	0	0	0
676	E	0	0	0	0	0	0	0
677	R	0	0	0	0	0	0	0
678	Q	0	0	0	0	0	0	0
679	E	0	0	0	0	0	0	0
680	K	0	0	0	0	0	0	0
681	E	0	0	0	0	0	0	0
682	K	0	0	0	0	0	0	0
683	A	0	0	0	0	0	0	0
684	G	0	0	0	0	0	0	0
685	G	0	0	0	0	0	0	0
686	G	0	0	0	0	0	0	0
687	G	0	0	0	0	0	0	0
688	V	0	0	0	0	0	0	0
689	P	0	0	0	0	0	0	0
690	E	0	0	0	0	0	0	0
691	E	0	0	0	0	0	0	0
692	L	0	0	0	0	0	0	0
693	V	0	0	0	0	0	0	0
694	P	0	0	0	0	0	0	0
695	V	0	0	0	0	0	0	0
696	V	0	0	0	0	0	0	0
697	E	0	0	0	0	0	0	0
698	L	0	0	0	0	0	0	0
699	V	0	0	0	0	0	0	0
700	P	0	0	0	0	0	0	0
701	V	0	0	0	0	0	0	0
702	V	0	0	0	0	0	0	0
703	E	0	0	0	0	0	0	0
704	L	0	0	0	0	0	0	0
705	E	0	0	0	0	0	0	0
706	E	0	0	0	0	0	0	0
707	A	0	0	0	0	0	0	0
708	I	0	0	0	0	0	0	0
709	A	0	0	0	0	0	0	0
710	P	0	0	0	0	0	0	0
711	G	0	0	0	0	0	0	0
712	S	0	0	0	0	0	0	0
713	E	0	0	0	0	0	0	0
714	A	0	0	0	0	0	0	0
715	Q	0	0	0	0	0	0	0
716	G	0	0	0	0	0	0	0
717	A	0	0	0	0	0	0	0
718	G	0	0	0	0	0	0	0
719	S	0	0	0	0	0	0	0
720	G	0	0	0	0	0	0	0
721	G	0	0	0	0	0	0	0
722	D	0	0	0	0	0	0	0
723	A	0	0	0	0	0	0	0
724	G	0	0	0	0	0	0	0
725	V	0	0	0	0	0	0	0
726	P	0	0	0	0	0	0	0
727	P	0	0	0	0	0	0	0
728	M	0	0	0	0	0	0	0
729	V	0	0	0	0	0	0	0
730	Q	0	0	0	0	0	0	0
731	L	0	0	0	0	0	0	0
732	Q	0	0	0	0	0	0	0
733	Q	0	0	0	0	0	0	0
734	S	0	0	0	0	0	0	0
735	P	0	0	0	0	0	0	0
736	L	0	0	0	0	0	0	0
737	G	0	0	0	0	0	0	0
738	G	0	0	0	0	0	0	0
739	D	0	0	0	0	0	0	0
740	G	0	0	0	0	0	0	0
741	E	0	0	0	0	0	0	0
742	E	0	0	0	0	0	0	0
743	G	0	0	0	0	0	0	0
744	G	0	0	0	0	0	0	0
745	H	0	0	0	0	0	0	0
746	P	0	0	0	0	0	0	0
747	R	0	0	0	0	0	0	0
748	A	0	0	0	0	0	0	0
749	I	0	0	0	0	0	0	0
750	N	0	0	0	0	0	0	0
751	N	0	0	0	0	0	0	0
752	Q	0	0	0	0	0	0	0
753	Y	0	0	0	0	0	0	0
754	S	0	0	0	0	0	0	0
755	F	0	0	0	0	0	0	0
756	V	0	0	0	0	0	0	0
