location	residue	Modification	seq	secStruc	RelatedDisease	VariantPosition	ResidueChange	DaPSbySAP
1	M	0	0	0	0	0	0	0
2	F	0	0	0	0	0	0	0
3	Q	0	0	0	0	0	0	0
4	L	0	0	0	0	0	0	0
5	P	0	0	0	0	0	0	0
6	I	0	0	0	0	0	0	0
7	L	0	0	0	0	0	0	0
8	N	0	0	0	0	0	0	0
9	F	0	0	0	0	0	0	0
10	S	0	0	0	0	0	0	0
11	P	0	0	0	0	0	0	0
12	Q	0	0	0	0	0	0	0
13	Q	0	0	0	0	0	0	0
14	V	0	0	0	0	0	0	0
15	A	0	0	0	0	0	0	0
16	G	0	0	0	0	0	0	0
17	V	0	0	0	0	0	0	0
18	C	0	0	0	0	0	0	0
19	E	0	0	0	0	0	0	0
20	T	0	0	0	0	0	0	0
21	L	0	0	0	0	0	0	0
22	E	0	0	0	0	0	0	0
23	E	0	0	0	0	0	0	0
24	S	0	0	0	0	0	0	0
25	G	0	0	0	0	0	0	0
26	D	0	0	0	0	0	0	0
27	V	0	0	0	0	0	0	0
28	E	0	0	0	0	0	0	0
29	R	0	0	0	0	0	0	0
30	L	0	0	0	0	0	0	0
31	G	0	0	0	0	0	0	0
32	R	0	0	0	0	0	0	0
33	F	0	0	0	0	0	0	0
34	L	0	0	0	0	0	0	0
35	W	0	0	0	0	0	0	0
36	S	0	0	0	0	0	0	0
37	L	0	0	0	0	0	0	0
38	P	0	0	0	0	0	0	0
39	V	0	0	0	0	0	0	0
40	A	0	0	0	0	0	0	0
41	P	0	0	0	0	0	0	0
42	A	0	0	0	0	0	0	0
43	A	0	0	0	0	0	0	0
44	C	0	0	0	0	0	0	0
45	E	0	0	0	0	0	0	0
46	A	0	0	0	0	0	0	0
47	L	0	0	0	0	0	0	0
48	N	0	0	0	0	0	0	0
49	K	0	0	0	0	0	0	0
50	N	0	0	0	0	0	0	0
51	E	0	0	0	0	0	0	0
52	S	0	0	0	0	0	0	0
53	V	0	0	0	0	0	0	0
54	L	0	0	0	0	0	0	0
55	R	0	0	0	0	0	0	0
56	A	0	0	0	0	0	0	0
57	R	0	0	0	0	0	0	0
58	A	0	0	0	0	0	0	0
59	I	0	0	0	0	0	0	0
60	V	0	0	0	0	0	0	0
61	A	0	0	0	0	0	0	0
62	F	0	0	0	0	0	0	0
63	H	0	0	0	0	0	0	0
64	G	0	0	0	0	0	0	0
65	G	0	0	0	0	0	0	0
66	N	0	0	0	0	0	0	0
67	Y	0	0	0	0	0	0	0
68	R	0	0	0	0	0	0	0
69	E	0	0	0	0	0	0	0
70	L	0	0	0	0	0	0	0
71	Y	0	0	0	0	0	0	0
72	H	0	0	0	0	0	0	0
73	I	0	0	0	0	0	0	0
74	L	0	0	0	0	0	0	0
75	E	0	0	0	0	0	0	0
76	N	0	0	0	0	0	0	0
77	H	0	0	0	0	0	0	0
78	K	0	0	0	0	0	0	0
79	F	0	0	0	0	0	0	0
80	T	0	0	0	0	0	0	0
81	K	0	0	0	0	0	0	0
82	E	0	0	0	0	0	0	0
83	S	0	0	0	0	0	0	0
84	H	0	0	0	0	0	0	0
85	A	0	0	0	0	0	0	0
86	K	0	0	0	0	0	0	0
87	L	0	0	0	0	0	0	0
88	Q	0	0	0	0	0	0	0
89	A	0	0	0	0	0	0	0
90	L	0	0	0	0	0	0	0
91	W	0	0	0	0	0	0	0
92	L	0	0	0	0	0	0	0
93	E	0	0	0	0	0	0	0
94	A	0	0	0	0	0	0	0
95	H	0	0	0	0	0	0	0
96	Y	Phosphotyrosine	ALWLEAHYQEAEKLR	HHHHHHHHHHHHHHC	0	0	0	0
97	Q	0	0	0	0	0	0	0
98	E	0	0	0	0	0	0	0
99	A	0	0	0	0	0	0	0
100	E	0	0	0	0	0	0	0
101	K	0	0	0	0	0	0	0
102	L	0	0	0	0	0	0	0
103	R	0	0	0	0	0	0	0
104	G	0	0	0	0	0	0	0
105	R	0	0	0	0	0	0	0
106	P	0	0	0	0	0	0	0
107	L	0	0	0	0	0	0	0
108	G	0	0	0	0	0	0	0
109	P	0	0	0	0	0	0	0
110	V	0	0	0	0	0	0	0
111	D	0	0	0	0	0	0	0
112	K	0	0	0	0	0	0	0
113	Y	0	0	0	0	0	0	0
114	R	0	0	0	0	0	0	0
115	V	0	0	0	0	0	0	0
116	R	0	0	0	0	0	0	0
117	K	0	0	0	0	0	0	0
118	K	0	0	0	0	0	0	0
119	F	0	0	0	0	0	0	0
120	P	0	0	0	0	0	0	0
121	L	0	0	0	0	0	0	0
122	P	0	0	0	0	0	0	0
123	R	0	0	0	0	0	0	0
124	T	0	0	0	0	0	0	0
125	I	0	0	0	0	0	0	0
126	W	0	0	0	0	0	0	0
127	D	0	0	0	0	0	0	0
128	G	0	0	0	0	0	0	0
129	E	0	0	0	0	0	0	0
130	Q	0	0	0	0	0	0	0
131	K	0	0	0	0	0	0	0
132	T	0	0	0	0	0	0	0
133	H	0	0	0	0	0	0	0
134	C	0	0	0	0	0	0	0
135	F	0	0	0	0	0	0	0
136	K	0	0	0	0	0	0	0
137	E	0	0	0	0	0	0	0
138	R	0	0	0	0	0	0	0
139	T	0	0	0	0	0	0	0
140	R	0	0	0	0	0	0	0
141	H	0	0	0	0	0	N	147
142	L	0	0	0	0	0	0	0
143	L	0	0	0	0	0	0	0
144	R	0	0	0	0	0	0	0
145	E	0	0	0	0	0	0	0
146	W	0	0	0	0	0	0	0
147	Y	Phosphotyrosine	RHLLREWYLQDPYPN	HHHHHHHHHHCCCCC	Glaucoma (high intraocular pressure):open-angle glaucoma	141 (6)	0	0
148	L	0	0	0	0	0	0	0
149	Q	0	0	0	0	0	0	0
150	D	0	0	0	0	0	0	0
151	P	0	0	0	0	0	0	0
152	Y	0	0	0	0	0	0	0
153	P	0	0	0	0	0	0	0
154	N	0	0	0	0	0	0	0
155	P	0	0	0	0	0	0	0
156	S	0	0	0	0	0	0	0
157	K	0	0	0	0	0	0	0
158	K	0	0	0	0	0	0	0
159	R	0	0	0	0	0	0	0
160	E	0	0	0	0	0	0	0
161	L	0	0	0	0	0	0	0
162	A	0	0	0	0	0	0	0
163	Q	0	0	0	0	0	0	0
164	A	0	0	0	0	0	0	0
165	T	0	0	0	0	0	0	0
166	G	0	0	0	0	0	0	0
167	L	0	0	0	0	0	0	0
168	T	0	0	0	0	0	0	0
169	P	0	0	0	0	0	0	0
170	T	0	0	0	0	0	0	0
171	Q	0	0	0	0	0	0	0
172	V	0	0	0	0	0	0	0
173	G	0	0	0	0	0	0	0
174	N	0	0	0	0	0	0	0
175	W	0	0	0	0	0	0	0
176	F	0	0	0	0	0	0	0
177	K	0	0	0	0	0	0	0
178	N	0	0	0	0	0	0	0
179	R	0	0	0	0	0	0	0
180	R	0	0	0	0	0	0	0
181	Q	0	0	0	0	0	0	0
182	R	0	0	0	0	0	0	0
183	D	0	0	0	0	0	0	0
184	R	0	0	0	0	0	0	0
185	A	0	0	0	0	0	0	0
186	A	0	0	0	0	0	0	0
187	A	0	0	0	0	0	0	0
188	A	0	0	0	0	0	0	0
189	K	0	0	0	0	0	0	0
190	N	0	0	0	0	0	0	0
191	R	0	0	0	0	0	0	0
192	L	0	0	0	0	0	0	0
193	Q	0	0	0	0	0	0	0
194	Q	0	0	0	0	0	0	0
195	Q	0	0	0	0	0	0	0
196	V	0	0	0	0	0	0	0
197	L	0	0	0	0	0	0	0
198	S	Phosphoserine	RLQQQVLSQGSGRAL	HHHHHHHHCCCCCCH	0	0	0	0
199	Q	0	0	0	0	0	0	0
200	G	0	0	0	0	0	0	0
201	S	Phosphoserine	QQVLSQGSGRALRAE	HHHHHCCCCCCHHHC	0	0	0	0
202	G	0	0	0	0	0	0	0
203	R	0	0	0	0	0	0	0
204	A	0	0	0	0	0	0	0
205	L	0	0	0	0	0	0	0
206	R	0	0	0	0	0	0	0
207	A	0	0	0	0	0	0	0
208	E	0	0	0	0	0	0	0
209	G	0	0	0	0	0	0	0
210	D	0	0	0	0	0	0	0
211	G	0	0	0	0	0	0	0
212	T	Phosphothreonine	LRAEGDGTPEVLGVA	HHHCCCCCCCCCEEE	0	0	0	0
213	P	0	0	0	0	0	0	0
214	E	0	0	0	0	0	0	0
215	V	0	0	0	0	0	0	0
216	L	0	0	0	0	0	0	0
217	G	0	0	0	0	0	0	0
218	V	0	0	0	0	0	0	0
219	A	0	0	0	0	0	0	0
220	T	Phosphothreonine	PEVLGVATSPAASLS	CCCCEEECCCCHHHC	0	0	0	0
221	S	Phosphoserine	EVLGVATSPAASLSS	CCCEEECCCCHHHCC	0	0	0	0
222	P	0	0	0	0	0	0	0
223	A	0	0	0	0	0	0	0
224	A	0	0	0	0	0	0	0
225	S	Phosphoserine	VATSPAASLSSKAAT	EECCCCHHHCCCCCC	0	0	0	0
226	L	0	0	0	0	0	0	0
227	S	Phosphoserine	TSPAASLSSKAATSA	CCCCHHHCCCCCCCC	0	0	0	0
228	S	Phosphoserine	SPAASLSSKAATSAI	CCCHHHCCCCCCCCC	0	0	0	0
229	K	0	0	0	0	0	0	0
230	A	0	0	0	0	0	0	0
231	A	0	0	0	0	0	0	0
232	T	0	0	0	0	0	0	0
233	S	0	0	0	0	0	0	0
234	A	0	0	0	0	0	0	0
235	I	0	0	0	0	0	0	0
236	S	0	0	0	0	0	0	0
237	I	0	0	0	0	0	0	0
238	T	0	0	0	0	0	0	0
239	S	0	0	0	0	0	0	0
240	S	0	0	0	0	0	0	0
241	D	0	0	0	0	0	0	0
242	S	0	0	0	0	0	0	0
243	E	0	0	0	0	0	0	0
244	C	0	0	0	0	0	0	0
245	D	0	0	0	0	0	0	0
246	I	0	0	0	0	0	0	0
