location	residue	Modification	seq	secStruc	RelatedDisease	VariantPosition	ResidueChange	DaPSbySAP
1	M	0	0	0	0	0	0	0
2	D	0	0	0	0	0	0	0
3	F	0	0	0	0	0	0	0
4	P	0	0	0	0	0	0	0
5	S	0	0	0	0	0	0	0
6	S	0	0	0	0	0	0	0
7	L	0	0	0	0	0	0	0
8	R	0	0	0	0	0	0	0
9	P	0	0	0	0	0	0	0
10	A	0	0	0	0	0	0	0
11	L	0	0	0	0	0	0	0
12	F	0	0	0	0	0	0	0
13	L	0	0	0	0	0	0	0
14	T	0	0	0	0	0	0	0
15	G	0	0	0	0	0	0	0
16	P	0	0	0	0	0	0	0
17	L	0	0	0	0	0	0	0
18	G	0	0	0	0	0	0	0
19	L	0	0	0	0	0	0	0
20	S	0	0	0	0	0	0	0
21	D	0	0	0	0	0	0	0
22	V	0	0	0	0	0	0	0
23	P	0	0	0	0	0	0	0
24	D	0	0	0	0	0	0	0
25	L	0	0	0	0	0	0	0
26	S	0	0	0	0	0	0	0
27	F	0	0	0	0	0	0	0
28	M	0	0	0	0	0	0	0
29	C	0	0	0	0	0	0	0
30	S	0	0	0	0	0	0	0
31	W	0	0	0	0	0	0	0
32	R	0	0	0	0	0	0	0
33	D	0	0	0	0	0	0	0
34	A	0	0	0	0	0	0	0
35	L	0	0	0	0	0	0	0
36	T	0	0	0	0	0	0	0
37	L	0	0	0	0	0	0	0
38	P	0	0	0	0	0	0	0
39	E	0	0	0	0	0	0	0
40	A	0	0	0	0	0	0	0
41	Q	0	0	0	0	0	0	0
42	P	0	0	0	0	0	0	0
43	Q	0	0	0	0	0	0	0
44	N	0	0	0	0	0	0	0
45	S	0	0	0	0	0	0	0
46	E	0	0	0	0	0	0	0
47	N	0	0	0	0	0	0	0
48	G	0	0	0	0	0	0	0
49	A	0	0	0	0	0	0	0
50	L	0	0	0	0	0	0	0
51	H	0	0	0	0	0	0	0
52	V	0	0	0	0	0	0	0
53	T	0	0	0	0	0	0	0
54	K	0	0	0	0	0	0	0
55	D	0	0	0	0	0	0	0
56	L	0	0	0	0	0	0	0
57	L	0	0	0	0	0	0	0
58	W	0	0	0	0	0	0	0
59	E	0	0	0	0	0	0	0
60	P	0	0	0	0	0	0	0
61	A	0	0	0	0	0	0	0
62	T	0	0	0	0	0	0	0
63	P	0	0	0	0	0	0	0
64	G	Ubiquitinlysine	LWEPATPGPLPMLPP	CCCCCCCCCCCCCCC	0	0	0	0
65	P	0	0	0	0	0	0	0
66	L	0	0	0	0	0	0	0
67	P	0	0	0	0	0	0	0
68	M	0	0	0	0	0	0	0
69	L	0	0	0	0	0	0	0
70	P	0	0	0	0	0	0	0
71	P	0	0	0	0	0	0	0
72	L	0	0	0	0	0	0	0
73	I	0	0	0	0	0	0	0
74	D	0	0	0	0	0	0	0
75	P	0	0	0	0	0	0	0
76	W	0	0	0	0	0	0	0
77	D	0	0	0	0	0	0	0
78	P	0	0	0	0	0	0	0
79	G	0	0	0	0	0	0	0
80	L	0	0	0	0	0	0	0
81	T	0	0	0	0	0	0	0
82	A	0	0	0	0	0	0	0
83	R	0	0	0	0	0	0	0
84	D	0	0	0	0	0	0	0
85	L	0	0	0	0	0	0	0
86	L	0	0	0	0	0	0	0
87	F	0	0	0	0	0	0	0
88	R	0	0	0	0	0	0	0
89	G	0	0	0	0	0	0	0
90	G	0	0	0	0	0	0	0
91	C	0	0	0	0	0	0	0
92	R	0	0	0	0	0	0	0
93	Y	0	0	0	0	0	0	0
94	R	0	0	0	0	0	0	0
95	K	0	0	0	0	0	0	0
96	R	0	0	0	0	0	0	0
97	P	0	0	0	0	0	0	0
98	R	0	0	0	0	0	0	0
99	V	0	0	0	0	0	0	0
100	V	0	0	0	0	0	0	0
101	L	0	0	0	0	0	0	0
102	D	0	0	0	0	0	0	0
103	V	0	0	0	0	0	0	0
104	T	0	0	0	0	0	0	0
105	E	0	0	0	0	0	0	0
106	Q	0	0	0	0	0	0	0
107	I	0	0	0	0	0	0	0
108	S	Phosphoserine	LDVTEQISRFLLDHG	EEHHHHHHHHHHHCC	0	0	0	0
109	R	0	0	0	0	0	0	0
110	F	0	0	0	0	0	0	0
111	L	0	0	0	0	0	0	0
112	L	0	0	0	0	0	0	0
113	D	0	0	0	0	0	0	0
114	H	0	0	0	0	0	0	0
115	G	0	0	0	0	0	0	0
116	D	0	0	0	0	0	0	0
117	V	0	0	0	0	0	0	0
118	A	0	0	0	0	0	0	0
119	F	0	0	0	0	0	0	0
120	A	0	0	0	0	0	0	0
121	P	0	0	0	0	0	0	0
122	L	0	0	0	0	0	0	0
123	G	0	0	0	0	0	0	0
124	K	0	0	0	0	0	0	0
125	L	0	0	0	0	0	0	0
126	M	0	0	0	0	0	0	0
127	L	0	0	0	0	0	0	0
128	E	0	0	0	0	0	0	0
129	N	0	0	0	0	0	0	0
130	F	0	0	0	0	0	0	0
131	K	Ubiquitinlysine	KLMLENFKLEGAGSR	HHHHHCCCCCCCCCC	0	0	0	0
132	L	0	0	0	0	0	0	0
133	E	0	0	0	0	0	0	0
134	G	0	0	0	0	0	0	0
135	A	0	0	0	0	0	0	0
136	G	0	0	0	0	0	0	0
137	S	0	0	0	0	0	0	0
138	R	0	0	0	0	0	0	0
139	T	0	0	0	0	0	0	0
140	K	0	0	0	0	0	0	0
141	K	0	0	0	0	0	0	0
142	K	0	0	0	0	0	0	0
143	T	0	0	0	0	0	0	0
144	V	0	0	0	0	0	0	0
145	V	0	0	0	0	0	0	0
146	S	0	0	0	0	0	0	0
147	V	0	0	0	0	0	0	0
148	K	0	0	0	0	0	0	0
149	K	0	0	0	0	0	0	0
150	L	0	0	0	0	0	0	0
151	L	0	0	0	0	0	0	0
152	Q	0	0	0	0	0	0	0
153	D	0	0	0	0	0	0	0
154	L	0	0	0	0	0	0	0
155	G	0	0	0	0	0	0	0
156	G	0	0	0	0	0	0	0
157	H	0	0	0	0	0	0	0
158	Q	0	0	0	0	0	0	0
159	P	0	0	0	0	0	0	0
160	W	0	0	0	0	0	0	0
161	G	0	0	0	0	0	0	0
162	C	0	0	0	0	0	0	0
163	P	0	0	0	0	0	0	0
164	W	0	0	0	0	0	0	0
165	A	0	0	0	0	0	0	0
166	Y	0	0	0	0	0	0	0
167	L	0	0	0	0	0	0	0
168	S	0	0	0	0	0	0	0
169	N	0	0	0	0	0	0	0
170	R	0	0	0	0	0	0	0
171	Q	0	0	0	0	0	0	0
172	R	0	0	0	0	0	0	0
173	R	0	0	0	0	0	0	0
174	F	0	0	0	0	0	0	0
175	S	0	0	0	0	0	0	0
176	I	0	0	0	0	0	0	0
177	L	0	0	0	0	0	0	0
178	G	0	0	0	0	0	0	0
179	G	0	0	0	0	0	0	0
180	P	0	0	0	0	0	0	0
181	I	0	0	0	0	0	0	0
182	L	0	0	0	0	0	0	0
183	G	0	0	0	0	0	0	0
184	T	0	0	0	0	0	0	0
185	S	0	0	0	0	0	0	0
186	V	0	0	0	0	0	0	0
187	A	0	0	0	0	0	0	0
188	S	0	0	0	0	0	0	0
189	H	0	0	0	0	0	0	0
190	L	0	0	0	0	0	0	0
191	A	Ubiquitinlysine	TSVASHLAELLHEEL	HHHHHHHHHHHHHHH	0	0	0	0
192	E	0	0	0	0	0	0	0
193	L	0	0	0	0	0	0	0
194	L	0	0	0	0	0	0	0
195	H	0	0	0	0	0	0	0
196	E	0	0	0	0	0	0	0
197	E	0	0	0	0	0	0	0
198	L	0	0	0	0	0	0	0
199	V	0	0	0	0	0	0	0
200	L	0	0	0	0	0	0	0
201	R	0	0	0	0	0	0	0
202	W	0	0	0	0	0	0	0
203	E	0	0	0	0	0	0	0
204	Q	0	0	0	0	0	0	0
205	L	0	0	0	0	0	0	0
206	L	0	0	0	0	0	0	0
207	L	0	0	0	0	0	0	0
208	D	0	0	0	0	0	0	0
209	E	0	0	0	0	0	0	0
210	A	0	0	0	0	0	0	0
211	C	0	0	0	0	0	0	0
212	T	0	0	0	0	0	0	0
213	G	0	0	0	0	0	0	0
214	G	0	0	0	0	0	0	0
215	A	0	0	0	0	0	0	0
216	L	0	0	0	0	0	0	0
217	A	0	0	0	0	0	0	0
218	W	0	0	0	0	0	0	0
219	V	0	0	0	0	0	0	0
220	P	0	0	0	0	0	0	0
221	G	0	0	0	0	0	0	0
222	R	0	0	0	0	0	0	0
223	T	0	0	0	0	0	0	0
224	P	0	0	0	0	0	0	0
225	Q	0	0	0	0	0	0	0
226	F	0	0	0	0	0	0	0
227	G	0	0	0	0	0	0	0
228	Q	0	0	0	0	0	0	0
229	L	0	0	0	0	0	0	0
230	V	Ubiquitinlysine	TPQFGQLVYPAGGAQ	CCCCCCEEECCCCCC	0	0	0	0
231	Y	0	0	0	0	0	0	0
232	P	0	0	0	0	0	0	0
233	A	0	0	0	0	0	0	0
234	G	0	0	0	0	0	0	0
235	G	0	0	0	0	0	0	0
236	A	0	0	0	0	0	0	0
237	Q	0	0	0	0	0	0	0
238	D	0	0	0	0	0	0	0
239	R	0	0	0	0	0	0	0
240	L	0	0	0	0	0	0	0
241	H	0	0	0	0	0	0	0
242	F	0	0	0	0	0	0	0
243	Q	0	0	0	0	0	0	0
244	E	0	0	0	0	0	0	0
245	V	0	0	0	0	0	0	0
246	V	0	0	0	0	0	0	0
247	L	0	0	0	0	0	0	0
248	T	0	0	0	0	0	0	0
249	P	0	0	0	0	0	0	0
250	G	0	0	0	0	0	0	0
251	D	0	0	0	0	0	0	0
252	N	0	0	0	0	0	0	0
253	P	0	0	0	0	0	0	0
254	Q	0	0	0	0	0	0	0
255	F	0	0	0	0	0	0	0
256	L	0	0	0	0	0	0	0
257	G	0	0	0	0	0	0	0
258	K	Ubiquitinlysine	DNPQFLGKPGRIQLQ	CCCHHCCCCCEEEEC	0	0	0	0
259	P	0	0	0	0	0	0	0
260	G	0	0	0	0	0	0	0
261	R	0	0	0	0	0	0	0
262	I	0	0	0	0	0	0	0
263	Q	0	0	0	0	0	0	0
264	L	0	0	0	0	0	0	0
265	Q	0	0	0	0	0	0	0
266	G	0	0	0	0	0	0	0
267	P	0	0	0	0	0	0	0
268	V	0	0	0	0	0	0	0
269	R	0	0	0	0	0	0	0
270	Q	0	0	0	0	0	0	0
271	V	0	0	0	0	0	0	0
272	V	0	0	0	0	0	0	0
273	T	0	0	0	0	0	0	0
274	C	0	0	0	0	0	0	0
275	T	0	0	0	0	0	0	0
276	V	0	0	0	0	0	0	0
277	Q	0	0	0	0	0	0	0
278	G	0	0	0	0	0	0	0
279	E	0	0	0	0	0	0	0
280	S	0	0	0	0	0	0	0
281	K	0	0	0	0	0	0	0
282	A	0	0	0	0	0	0	0
283	L	0	0	0	0	0	0	0
284	I	0	0	0	0	0	0	0
285	Y	0	0	0	0	0	0	0
286	T	0	0	0	0	0	0	0
287	F	0	0	0	0	0	0	0
288	L	0	0	0	0	0	0	0
289	P	0	0	0	0	0	0	0
290	H	0	0	0	0	0	0	0
291	W	0	0	0	0	0	0	0
292	L	0	0	0	0	0	0	0
293	T	0	0	0	0	0	0	0
294	C	0	0	0	0	0	0	0
295	Y	0	0	0	0	0	0	0
296	L	0	0	0	0	0	0	0
297	T	0	0	0	0	0	0	0
298	P	0	0	0	0	0	0	0
299	G	0	0	0	0	0	0	0
300	P	0	0	0	0	0	0	0
301	F	0	0	0	0	0	0	0
302	H	0	0	0	0	0	0	0
303	P	0	0	0	0	0	0	0
304	S	0	0	0	0	0	0	0
305	S	0	0	0	0	0	0	0
306	A	0	0	0	0	0	0	0
307	L	0	0	0	0	0	0	0
308	L	0	0	0	0	0	0	0
309	A	0	0	0	0	0	0	0
310	V	0	0	0	0	0	0	0
311	R	0	0	0	0	0	0	0
312	S	0	0	0	0	0	0	0
313	D	0	0	0	0	0	0	0
314	Y	0	0	0	0	0	0	0
315	H	0	0	0	0	0	0	0
316	C	0	0	0	0	0	0	0
317	A	0	0	0	0	0	0	0
318	V	0	0	0	0	0	0	0
319	W	0	0	0	0	0	0	0
320	K	0	0	0	0	0	0	0
321	F	0	0	0	0	0	0	0
322	G	0	0	0	0	0	0	0
323	K	Ubiquitinlysine	CAVWKFGKQWQPTLL	EEHHHCCCCCCCHHH	0	0	0	0
324	Q	0	0	0	0	0	0	0
325	W	0	0	0	0	0	0	0
326	Q	0	0	0	0	0	0	0
327	P	0	0	0	0	0	0	0
328	T	0	0	0	0	0	0	0
329	L	0	0	0	0	0	0	0
330	L	0	0	0	0	0	0	0
331	Q	0	0	0	0	0	0	0
332	A	0	0	0	0	0	0	0
333	M	0	0	0	0	0	0	0
334	Q	0	0	0	0	0	0	0
335	V	0	0	0	0	0	0	0
336	E	0	0	0	0	0	0	0
337	K	0	0	0	0	0	0	0
338	G	0	0	0	0	0	0	0
339	A	0	0	0	0	0	0	0
340	T	0	0	0	0	0	0	0
341	G	Ubiquitinlysine	QVEKGATGISLSPHL	HCCCCCCCEECCCCC	0	0	0	0
342	I	0	0	0	0	0	0	0
343	S	0	0	0	0	0	0	0
344	L	0	0	0	0	0	0	0
345	S	0	0	0	0	0	0	0
346	P	0	0	0	0	0	0	0
347	H	0	0	0	0	0	0	0
348	L	0	0	0	0	0	0	0
349	P	0	0	0	0	0	0	0
350	G	0	0	0	0	0	0	0
351	E	0	0	0	0	0	0	0
352	L	0	0	0	0	0	0	0
353	A	0	0	0	0	0	0	0
354	I	0	0	0	0	0	0	0
355	C	0	0	0	0	0	0	0
356	S	0	0	0	0	0	0	0
357	R	0	0	0	0	0	0	0
358	S	0	0	0	0	0	0	0
359	G	0	0	0	0	0	0	0
360	A	0	0	0	0	0	0	0
361	V	0	0	0	0	0	0	0
362	C	0	0	0	0	0	0	0
363	L	0	0	0	0	0	0	0
364	W	0	0	0	0	0	0	0
365	S	0	0	0	0	0	0	0
366	P	0	0	0	0	0	0	0
367	E	0	0	0	0	0	0	0
368	D	0	0	0	0	0	0	0
369	G	0	0	0	0	0	0	0
370	L	0	0	0	0	0	0	0
371	R	0	0	0	0	0	0	0
372	Q	0	0	0	0	0	0	0
373	I	0	0	0	0	0	0	0
374	Y	0	0	0	0	0	0	0
375	R	0	0	0	0	0	0	0
376	D	0	0	0	0	0	0	0
377	P	0	0	0	0	0	0	0
378	E	0	0	0	0	0	0	0
379	T	0	0	0	0	0	0	0
380	L	0	0	0	0	0	0	0
381	V	0	0	0	0	0	0	0
382	F	0	0	0	0	0	0	0
383	R	0	0	0	0	0	0	0
384	D	0	0	0	0	0	0	0
385	S	0	0	0	0	0	0	0
386	S	0	0	0	0	0	0	0
387	S	0	0	0	0	0	0	0
388	W	0	0	0	0	0	0	0
389	R	0	0	0	0	0	0	0
390	W	0	0	0	0	0	0	0
391	A	0	0	0	0	0	0	0
392	D	0	0	0	0	0	0	0
393	F	0	0	0	0	0	0	0
394	T	0	0	0	0	0	0	0
395	A	0	0	0	0	0	0	0
396	H	0	0	0	0	0	0	0
397	P	0	0	0	0	0	0	0
398	R	0	0	0	0	0	0	0
399	V	0	0	0	0	0	0	0
400	L	0	0	0	0	0	0	0
401	T	0	0	0	0	0	0	0
402	V	0	0	0	0	0	0	0
403	G	0	0	0	0	0	0	0
404	D	0	0	0	0	0	0	0
405	R	0	0	0	0	0	0	0
406	T	0	0	0	0	0	0	0
407	G	0	0	0	0	0	0	0
408	V	0	0	0	0	0	0	0
409	K	0	0	0	0	0	0	0
410	M	0	0	0	0	0	0	0
411	L	0	0	0	0	0	0	0
412	D	0	0	0	0	0	0	0
413	T	0	0	0	0	0	0	0
414	Q	0	0	0	0	0	0	0
415	G	0	0	0	0	0	0	0
416	P	0	0	0	0	0	0	0
417	P	0	0	0	0	0	0	0
418	G	0	0	0	0	0	0	0
419	C	0	0	0	0	0	0	0
420	G	0	0	0	0	0	0	0
421	L	0	0	0	0	0	0	0
422	L	0	0	0	0	0	0	0
423	L	0	0	0	0	0	0	0
424	F	0	0	0	0	0	0	0
425	R	0	0	0	0	0	0	0
426	L	0	0	0	0	0	0	0
427	G	0	0	0	0	0	0	0
428	A	0	0	0	0	0	0	0
429	E	0	0	0	0	0	R	434
430	A	0	0	0	0	0	0	0
431	S	0	0	0	0	0	0	0
432	C	0	0	0	0	0	0	0
433	Q	0	0	0	0	0	0	0
434	K	Ubiquitinlysine	GAEASCQKGERVLLT	CHHHCCCCCCEEEEE	Autism:autism	429 (5)	0	0
435	G	0	0	0	0	0	0	0
436	E	0	0	0	0	0	0	0
437	R	0	0	0	0	0	0	0
438	V	0	0	0	0	0	0	0
439	L	0	0	0	0	0	0	0
440	L	0	0	0	0	0	0	0
441	T	0	0	0	0	0	0	0
442	Q	0	0	0	0	0	0	0
443	Y	0	0	0	0	0	0	0
444	L	0	0	0	0	0	0	0
445	G	0	0	0	0	0	0	0
446	H	0	0	0	0	0	0	0
447	S	0	0	0	0	0	0	0
448	S	0	0	0	0	0	0	0
449	P	0	0	0	0	0	0	0
450	K	0	0	0	0	0	0	0
451	C	0	0	0	0	0	0	0
452	L	0	0	0	0	0	0	0
453	P	0	0	0	0	0	0	0
454	P	0	0	0	0	0	0	0
455	T	0	0	0	0	0	0	0
456	L	0	0	0	0	0	0	0
457	H	0	0	0	0	0	0	0
458	L	0	0	0	0	0	0	0
459	V	Ubiquitinlysine	LPPTLHLVCTQFSLY	CCCHHHHHHHHHHHH	0	0	0	0
460	C	0	0	0	0	0	0	0
461	T	0	0	0	0	0	0	0
462	Q	0	0	0	0	0	0	0
463	F	0	0	0	0	0	0	0
464	S	0	0	0	0	0	0	0
465	L	0	0	0	0	0	0	0
466	Y	0	0	0	0	0	0	0
467	L	0	0	0	0	0	0	0
468	V	0	0	0	0	0	0	0
469	D	0	0	0	0	0	0	0
470	E	0	0	0	0	0	0	0
471	R	0	0	0	0	0	0	0
472	L	0	0	0	0	0	0	0
473	P	0	0	0	0	0	0	0
474	L	0	0	0	0	0	0	0
475	V	0	0	0	0	0	0	0
476	P	0	0	0	0	0	0	0
477	M	0	0	0	0	0	0	0
478	L	0	0	0	0	0	0	0
479	K	0	0	0	0	0	0	0
480	W	0	0	0	0	0	0	0
481	N	0	0	0	0	0	0	0
482	H	0	0	0	0	0	0	0
483	G	0	0	0	0	0	0	0
484	L	0	0	0	0	0	0	0
485	P	0	0	0	0	0	0	0
486	S	0	0	0	0	0	0	0
487	P	0	0	0	0	0	0	0
488	L	0	0	0	0	0	0	0
489	L	0	0	0	0	0	0	0
490	L	0	0	0	0	0	0	0
491	A	0	0	0	0	0	0	0
492	R	0	0	0	0	0	0	0
493	L	0	0	0	0	0	0	0
494	L	0	0	0	0	0	0	0
495	P	0	0	0	0	0	0	0
496	P	0	0	0	0	0	0	0
497	P	0	0	0	0	0	0	0
498	R	0	0	0	0	0	0	0
499	P	0	0	0	0	0	0	0
500	S	0	0	0	0	0	0	0
501	C	0	0	0	0	0	0	0
502	V	0	0	0	0	0	0	0
503	Q	0	0	0	0	0	0	0
504	P	0	0	0	0	0	0	0
505	L	0	0	0	0	0	0	0
506	L	0	0	0	0	0	0	0
507	L	0	0	0	0	0	0	0
508	G	0	0	0	0	0	0	0
509	G	0	0	0	0	0	0	0
510	Q	0	0	0	0	0	0	0
511	G	0	0	0	0	0	0	0
512	G	0	0	0	0	0	0	0
513	Q	0	0	0	0	0	0	0
514	L	0	0	0	0	0	0	0
515	Q	0	0	0	0	0	0	0
516	L	0	0	0	0	0	0	0
517	L	0	0	0	0	0	0	0
518	H	0	0	0	0	0	0	0
519	L	0	0	0	0	0	0	0
520	A	0	0	0	0	0	0	0
521	G	0	0	0	0	0	0	0
522	E	0	0	0	0	0	0	0
523	G	0	0	0	0	0	0	0
524	A	0	0	0	0	0	0	0
525	S	0	0	0	0	0	0	0
526	V	0	0	0	0	0	0	0
527	P	0	0	0	0	0	0	0
528	R	0	0	0	0	0	0	0
529	L	0	0	0	0	0	0	0
530	A	0	0	0	0	0	0	0
531	G	0	0	0	0	0	0	0
532	P	0	0	0	0	0	0	0
533	P	0	0	0	0	0	0	0
534	Q	0	0	0	0	0	0	0
535	S	0	0	0	0	0	0	0
536	L	0	0	0	0	0	0	0
537	P	0	0	0	0	0	0	0
538	S	0	0	0	0	0	0	0
539	R	0	0	0	0	0	0	0
540	I	0	0	0	0	0	0	0
541	D	0	0	0	0	0	0	0
542	S	Phosphoserine	SLPSRIDSLPAFPLL	CCCCCCCCCCCCCCC	0	0	0	0
543	L	0	0	0	0	0	0	0
544	P	0	0	0	0	0	0	0
545	A	0	0	0	0	0	0	0
546	F	0	0	0	0	0	0	0
547	P	0	0	0	0	0	0	0
548	L	0	0	0	0	0	0	0
549	L	0	0	0	0	0	0	0
550	E	0	0	0	0	0	0	0
551	P	0	0	0	0	0	0	0
552	K	Ubiquitinlysine	AFPLLEPKIQWRLQE	CCCCCCHHHHHHHHH	0	0	0	0
553	I	0	0	0	0	0	0	0
554	Q	0	0	0	0	0	0	0
555	W	0	0	0	0	0	0	0
556	R	0	0	0	0	0	0	0
557	L	0	0	0	0	0	0	0
558	Q	0	0	0	0	0	0	0
559	E	0	0	0	0	0	0	0
560	R	0	0	0	0	0	0	0
561	L	0	0	0	0	0	0	0
562	K	0	0	0	0	0	0	0
563	A	0	0	0	0	0	0	0
564	P	0	0	0	0	0	0	0
565	T	0	0	0	0	0	0	0
566	I	0	0	0	0	0	0	0
567	G	0	0	0	0	0	0	0
568	L	0	0	0	0	0	0	0
569	A	0	0	0	0	0	0	0
570	A	0	0	0	0	0	0	0
571	V	0	0	0	0	0	0	0
572	V	0	0	0	0	0	0	0
573	P	0	0	0	0	0	0	0
574	P	0	0	0	0	0	0	0
575	L	0	0	0	0	0	0	0
576	P	0	0	0	0	0	0	0
577	S	0	0	0	0	0	0	0
578	A	0	0	0	0	0	0	0
579	P	0	0	0	0	0	0	0
580	T	0	0	0	0	0	0	0
581	P	0	0	0	0	0	0	0
582	G	0	0	0	0	0	0	0
583	L	0	0	0	0	0	0	0
584	V	0	0	0	0	0	0	0
585	L	0	0	0	0	0	0	0
586	F	0	0	0	0	0	0	0
587	Q	0	0	0	0	0	0	0
588	L	0	0	0	0	0	0	0
589	S	0	0	0	0	0	0	0
590	A	0	0	0	0	0	0	0
591	A	0	0	0	0	0	0	0
592	G	0	0	0	0	0	0	0
593	D	0	0	0	0	0	0	0
594	V	0	0	0	0	0	0	0
595	F	0	0	0	0	0	0	0
596	Y	0	0	0	0	0	0	0
597	Q	0	0	0	0	0	0	0
598	Q	0	0	0	0	0	0	0
599	L	0	0	0	0	0	0	0
600	R	0	0	0	0	0	0	0
601	P	0	0	0	0	0	0	0
602	Q	0	0	0	0	0	0	0
603	V	0	0	0	0	0	0	0
604	D	0	0	0	0	0	0	0
605	S	0	0	0	0	0	0	0
606	S	0	0	0	0	0	0	0
607	L	0	0	0	0	0	0	0
608	R	0	0	0	0	0	0	0
609	R	0	0	0	0	0	0	0
610	D	0	0	0	0	0	0	0
611	A	0	0	0	0	0	0	0
612	G	0	0	0	0	0	0	0
613	P	0	0	0	0	0	0	0
614	P	0	0	0	0	0	0	0
615	G	0	0	0	0	0	0	0
616	D	0	0	0	0	0	0	0
617	T	Phosphothreonine	DAGPPGDTQPDCHAP	CCCCCCCCCCCCCCC	0	0	0	0
618	Q	0	0	0	0	0	0	0
619	P	0	0	0	0	0	0	0
620	D	0	0	0	0	0	0	0
621	C	0	0	0	0	0	0	0
622	H	0	0	0	0	0	0	0
623	A	0	0	0	0	0	0	0
624	P	0	0	0	0	0	0	0
625	T	0	0	0	0	0	0	0
626	A	0	0	0	0	0	0	0
627	S	0	0	0	0	0	0	0
628	W	0	0	0	0	0	0	0
629	T	0	0	0	0	0	0	0
630	S	0	0	0	0	0	0	0
631	Q	0	0	0	0	0	0	0
632	D	0	0	0	0	0	0	0
633	T	0	0	0	0	0	0	0
634	A	0	0	0	0	0	0	0
635	G	0	0	0	0	0	0	0
636	C	0	0	0	0	0	0	0
637	S	0	0	0	0	0	0	0
638	Q	0	0	0	0	0	0	0
639	W	0	0	0	0	0	0	0
640	L	0	0	0	0	0	0	0
641	K	0	0	0	0	0	0	0
642	A	0	0	0	0	0	0	0
643	L	0	0	0	0	0	0	0
644	L	0	0	0	0	0	0	0
645	K	0	0	0	0	0	0	0
646	V	0	0	0	0	0	0	0
647	P	0	0	0	0	0	0	0
648	L	0	0	0	0	0	0	0
649	A	0	0	0	0	0	0	0
650	P	0	0	0	0	0	0	0
651	P	0	0	0	0	0	0	0
652	V	0	0	0	0	0	0	0
653	W	0	0	0	0	0	0	0
654	T	Phosphothreonine	PLAPPVWTAPTFTHR	CCCCCCCCCCCCCCH	0	0	0	0
655	A	0	0	0	0	0	0	0
656	P	0	0	0	0	0	0	0
657	T	0	0	0	0	0	0	0
658	F	0	0	0	0	0	0	0
659	T	0	0	0	0	0	0	0
660	H	0	0	0	0	0	0	0
661	R	0	0	0	0	0	0	0
662	Q	0	0	0	0	0	0	0
663	M	0	0	0	0	0	0	0
664	L	0	0	0	0	0	0	0
665	G	0	0	0	0	0	0	0
666	S	0	0	0	0	0	0	0
667	T	0	0	0	0	0	0	0
668	E	0	0	0	0	0	0	0
669	L	0	0	0	0	0	0	0
670	R	0	0	0	0	0	0	0
671	R	0	0	0	0	0	0	0
672	E	0	0	0	0	0	0	0
673	E	0	0	0	0	0	0	0
674	E	0	0	0	0	0	0	0
675	E	0	0	0	0	0	0	0
676	G	0	0	0	0	0	0	0
677	Q	0	0	0	0	0	0	0
678	R	0	0	0	0	0	0	0
679	L	0	0	0	0	0	0	0
680	G	0	0	0	0	0	0	0
681	V	0	0	0	0	0	0	0
682	L	0	0	0	0	0	0	0
683	R	0	0	0	0	0	0	0
684	K	0	0	0	0	0	0	0
685	A	0	0	0	0	0	0	0
686	M	0	0	0	0	0	0	0
687	A	0	0	0	0	0	0	0
688	R	0	0	0	0	0	0	0
689	G	0	0	0	0	0	0	0
690	Q	0	0	0	0	0	0	0
691	L	0	0	0	0	0	0	0
692	L	0	0	0	0	0	0	0
693	L	0	0	0	0	0	0	0
694	Q	0	0	0	0	0	0	0
695	R	0	0	0	0	0	0	0
696	D	0	0	0	0	0	0	0
697	L	0	0	0	0	0	0	0
698	G	0	0	0	0	0	0	0
699	S	0	0	0	0	0	0	0
700	L	0	0	0	0	0	0	0
701	P	0	0	0	0	0	0	0
702	A	0	0	0	0	0	0	0
703	A	0	0	0	0	0	0	0
704	E	0	0	0	0	0	0	0
705	P	0	0	0	0	0	0	0
706	P	0	0	0	0	0	0	0
707	P	0	0	0	0	0	0	0
708	A	0	0	0	0	0	0	0
709	P	0	0	0	0	0	0	0
710	E	0	0	0	0	0	0	0
711	S	0	0	0	0	0	0	0
712	G	0	0	0	0	0	0	0
713	L	0	0	0	0	0	0	0
714	E	0	0	0	0	0	0	0
715	D	0	0	0	0	0	0	0
716	K	0	0	0	0	0	0	0
717	L	0	0	0	0	0	0	0
718	S	0	0	0	0	0	0	0
719	E	0	0	0	0	0	0	0
720	R	0	0	0	0	0	0	0
721	L	0	0	0	0	0	0	0
722	G	0	0	0	0	0	0	0
723	E	0	0	0	0	0	0	0
724	A	0	0	0	0	0	0	0
725	W	0	0	0	0	0	0	0
726	A	0	0	0	0	0	0	0
727	G	0	0	0	0	0	0	0
728	R	N6-methyllysine	LGEAWAGRGAAWWER	HHHHHCCCCHHHHHH	0	0	0	0
729	G	0	0	0	0	0	0	0
730	A	0	0	0	0	0	0	0
731	A	0	0	0	0	0	0	0
732	W	0	0	0	0	0	0	0
733	W	0	0	0	0	0	0	0
734	E	0	0	0	0	0	0	0
735	R	0	0	0	0	0	0	0
736	Q	0	0	0	0	0	0	0
737	Q	0	0	0	0	0	0	0
738	G	0	0	0	0	0	0	0
739	R	0	0	0	0	0	0	0
740	T	Phosphothreonine	WERQQGRTSEPGRQT	HHHHCCCCCCCCCCC	0	0	0	0
741	S	0	0	0	0	0	0	0
742	E	0	0	0	0	0	0	0
743	P	0	0	0	0	0	0	0
744	G	0	0	0	0	0	0	0
745	R	0	0	0	0	0	0	0
746	Q	0	0	0	0	0	0	0
747	T	0	0	0	0	0	0	0
748	R	0	0	0	0	0	0	0
749	R	0	0	0	0	0	0	0
750	P	0	0	0	0	0	0	0
751	K	0	0	0	0	0	0	0
752	R	0	0	0	0	0	0	0
753	R	0	0	0	0	0	0	0
754	T	0	0	0	0	0	0	0
755	Q	0	0	0	0	0	0	0
756	L	0	0	0	0	0	0	0
757	S	0	0	0	0	0	0	0
758	S	0	0	0	0	0	0	0
759	S	0	0	0	0	0	0	0
760	F	0	0	0	0	0	0	0
761	S	0	0	0	0	0	0	0
762	L	0	0	0	0	0	0	0
763	S	Phosphoserine	LSSSFSLSGHVDPSE	CCCCEECCCCCCCCC	0	0	0	0
764	G	0	0	0	0	0	0	0
765	H	0	0	0	0	0	0	0
766	V	0	0	0	0	0	0	0
767	D	0	0	0	0	0	0	0
768	P	0	0	0	0	0	0	0
769	S	0	0	0	0	0	0	0
770	E	0	0	0	0	0	0	0
771	D	0	0	0	0	0	0	0
772	T	0	0	0	0	0	0	0
773	S	0	0	0	0	0	0	0
774	S	0	0	0	0	0	0	0
775	P	0	0	0	0	0	0	0
776	H	0	0	0	0	0	0	0
777	S	0	0	0	0	0	0	0
778	P	0	0	0	0	0	0	0
779	E	0	0	0	0	0	0	0
780	W	0	0	0	0	0	0	0
781	P	0	0	0	0	0	0	0
782	P	0	0	0	0	0	0	0
783	A	0	0	0	0	0	0	0
784	D	0	0	0	0	0	0	0
785	A	0	0	0	0	0	0	0
786	L	0	0	0	0	0	0	0
787	P	0	0	0	0	0	0	0
788	L	0	0	0	0	0	0	0
789	P	0	0	0	0	0	0	0
790	P	0	0	0	0	0	0	0
791	T	0	0	0	0	0	0	0
792	T	0	0	0	0	0	0	0
793	P	0	0	0	0	0	0	0
794	P	0	0	0	0	0	0	0
795	S	0	0	0	0	0	0	0
796	Q	0	0	0	0	0	0	0
797	E	0	0	0	0	0	0	0
798	L	0	0	0	0	0	0	0
799	T	0	0	0	0	0	0	0
800	P	0	0	0	0	0	0	0
801	D	0	0	0	0	0	0	0
802	A	0	0	0	0	0	0	0
803	C	0	0	0	0	0	0	0
804	A	0	0	0	0	0	0	0
805	Q	0	0	0	0	0	0	0
806	G	0	0	0	0	0	0	0
807	V	0	0	0	0	0	0	0
808	P	0	0	0	0	0	0	0
809	S	0	0	0	0	0	0	0
810	E	0	0	0	0	0	0	0
811	Q	0	0	0	0	0	0	0
812	R	0	0	0	0	0	0	0
813	Q	0	0	0	0	0	0	0
814	M	0	0	0	0	0	0	0
815	L	0	0	0	0	0	0	0
816	R	0	0	0	0	0	0	0
817	D	0	0	0	0	0	0	0
818	Y	0	0	0	0	0	0	0
819	M	0	0	0	0	0	0	0
820	A	0	0	0	0	0	0	0
821	K	0	0	0	0	0	0	0
822	L	0	0	0	0	0	0	0
823	P	0	0	0	0	0	0	0
824	P	0	0	0	0	0	0	0
825	Q	0	0	0	0	0	0	0
826	R	0	0	0	0	0	0	0
827	D	0	0	0	0	0	0	0
828	T	Phosphothreonine	KLPPQRDTPGCATTP	HCCCCCCCCCCCCCC	0	0	0	0
829	P	0	0	0	0	0	0	0
830	G	0	0	0	0	0	0	0
831	C	0	0	0	0	0	0	0
832	A	0	0	0	0	0	0	0
833	T	Phosphothreonine	RDTPGCATTPPHSQA	CCCCCCCCCCCCCHH	0	0	0	0
834	T	Phosphothreonine	DTPGCATTPPHSQAS	CCCCCCCCCCCCHHH	0	0	0	0
835	P	0	0	0	0	0	0	0
836	P	0	0	0	0	0	0	0
837	H	0	0	0	0	0	0	0
838	S	Phosphoserine	CATTPPHSQASSVRA	CCCCCCCCHHHHHHC	0	0	0	0
839	Q	0	0	0	0	0	0	0
840	A	0	0	0	0	0	0	0
841	S	0	0	0	0	0	0	0
842	S	0	0	0	0	0	0	0
843	V	0	0	0	0	0	0	0
844	R	0	0	0	0	0	0	0
845	A	0	0	0	0	0	0	0
846	T	Phosphothreonine	QASSVRATRSQQHTP	HHHHHHCCCCCCCCC	0	0	0	0
847	R	0	0	0	0	0	0	0
848	S	Phosphoserine	SSVRATRSQQHTPVL	HHHHCCCCCCCCCCC	0	0	0	0
849	Q	0	0	0	0	0	0	0
850	Q	0	0	0	0	0	0	0
851	H	0	0	0	0	0	0	0
852	T	Phosphothreonine	ATRSQQHTPVLSSSQ	CCCCCCCCCCCCCCC	0	0	0	0
853	P	0	0	0	0	0	0	0
854	V	0	0	0	0	0	0	0
855	L	0	0	0	0	0	0	0
856	S	Phosphoserine	QQHTPVLSSSQPLRK	CCCCCCCCCCCCCCC	0	0	0	0
857	S	Phosphoserine	QHTPVLSSSQPLRKK	CCCCCCCCCCCCCCC	0	0	0	0
858	S	Phosphoserine	HTPVLSSSQPLRKKP	CCCCCCCCCCCCCCC	0	0	0	0
859	Q	0	0	0	0	0	0	0
860	P	0	0	0	0	0	0	0
861	L	0	0	0	0	0	0	0
862	R	0	0	0	0	0	0	0
863	K	0	0	0	0	0	0	0
864	K	0	0	0	0	0	0	0
865	P	0	0	0	0	0	0	0
866	R	0	0	0	0	0	0	0
867	M	0	0	0	0	0	0	0
868	G	0	0	0	0	0	0	0
869	F	0	0	0	0	0	0	0
