location	residue	Modification	seq	secStruc	RelatedDisease	VariantPosition	ResidueChange	DaPSbySAP
1	M	0	0	0	0	0	0	0
2	R	0	0	0	0	0	0	0
3	E	0	0	0	0	0	0	0
4	I	0	0	0	0	0	0	0
5	V	0	0	0	0	0	0	0
6	H	0	0	0	0	0	0	0
7	I	0	0	0	0	0	0	0
8	Q	0	0	0	0	0	0	0
9	I	0	0	0	0	0	0	0
10	G	0	0	0	0	0	0	0
11	Q	0	0	0	0	0	0	0
12	C	0	0	0	0	0	0	0
13	G	0	0	0	0	0	0	0
14	N	0	0	0	0	0	0	0
15	Q	0	0	0	0	0	0	0
16	I	0	0	0	0	0	0	0
17	G	0	0	0	0	0	0	0
18	A	0	0	0	0	0	0	0
19	K	0	0	0	0	0	0	0
20	F	0	0	0	0	0	0	0
21	W	0	0	0	0	0	0	0
22	E	0	0	0	0	0	0	0
23	M	0	0	0	0	0	0	0
24	I	0	0	0	0	0	0	0
25	G	0	0	0	0	0	0	0
26	E	0	0	0	0	0	0	0
27	E	0	0	0	0	0	0	0
28	H	0	0	0	0	0	0	0
29	G	0	0	0	0	0	0	0
30	I	0	0	0	0	0	0	0
31	D	0	0	0	0	0	0	0
32	L	0	0	0	0	0	0	0
33	A	0	0	0	0	0	0	0
34	G	0	0	0	0	0	0	0
35	S	0	0	0	0	0	0	0
36	D	0	0	0	0	0	0	0
37	R	0	0	0	0	0	0	0
38	G	0	0	0	0	0	0	0
39	A	0	0	0	0	0	0	0
40	S	0	0	0	0	0	0	0
41	A	0	0	0	0	0	0	0
42	L	0	0	0	0	0	0	0
43	Q	0	0	0	0	0	0	0
44	L	0	0	0	0	0	0	0
45	E	0	0	0	0	0	0	0
46	R	0	0	0	0	0	0	0
47	I	0	0	0	0	0	0	0
48	S	0	0	0	0	0	0	0
49	V	0	0	0	0	0	0	0
50	Y	0	0	0	0	0	0	0
51	Y	0	0	0	0	0	0	0
52	N	0	0	0	0	0	0	0
53	E	0	0	0	0	0	0	0
54	A	0	0	0	0	0	0	0
55	Y	Phosphotyrosine	SVYYNEAYGRKYVPR	EEEEEHHCCCCCCCE	0	0	0	0
56	G	0	0	0	0	0	0	0
57	R	0	0	0	0	0	0	0
58	K	N-acetyllysine	YNEAYGRKYVPRAVL	EEHHCCCCCCCEEEE	0	0	0	0
59	Y	0	0	0	0	0	0	0
60	V	0	0	0	0	0	0	0
61	P	0	0	0	0	0	0	0
62	R	0	0	0	0	0	0	0
63	A	0	0	0	0	0	0	0
64	V	0	0	0	0	0	0	0
65	L	0	0	0	0	0	0	0
66	V	0	0	0	0	0	0	0
67	D	0	0	0	0	0	0	0
68	L	0	0	0	0	0	0	0
69	E	0	0	0	0	0	0	0
70	P	0	0	0	0	0	0	0
71	G	0	0	0	0	0	0	0
72	T	0	0	0	0	0	0	0
73	M	0	0	0	0	0	0	0
74	D	0	0	0	0	0	0	0
75	S	0	0	0	0	0	0	0
76	I	0	0	0	0	0	0	0
77	R	0	0	0	0	0	0	0
78	S	0	0	0	0	0	0	0
79	S	0	0	0	0	0	0	0
80	K	0	0	0	0	0	0	0
81	L	0	0	0	0	0	0	0
82	G	0	0	0	0	0	0	0
83	A	0	0	0	0	0	0	0
84	L	0	0	0	0	0	0	0
85	F	0	0	0	0	0	0	0
86	Q	0	0	0	0	0	0	0
87	P	0	0	0	0	0	0	0
88	D	0	0	0	0	0	0	0
89	S	0	0	0	0	0	0	0
90	F	0	0	0	0	0	0	0
91	V	0	0	0	0	0	0	0
92	H	0	0	0	0	0	0	0
93	G	0	0	0	0	0	0	0
94	N	0	0	0	0	0	0	0
95	S	0	0	0	0	0	0	0
96	G	0	0	0	0	0	0	0
97	A	0	0	0	0	0	0	0
98	G	0	0	0	0	0	0	0
99	N	0	0	0	0	0	0	0
100	N	0	0	0	0	0	0	0
101	W	0	0	0	0	0	0	0
102	A	0	0	0	0	0	0	0
103	K	0	0	0	0	0	0	0
104	G	0	0	0	0	0	0	0
105	H	0	0	0	0	0	0	0
106	Y	0	0	0	0	0	0	0
107	T	0	0	0	0	0	0	0
108	E	0	0	0	0	0	0	0
109	G	0	0	0	0	0	0	0
110	A	0	0	0	0	0	0	0
111	E	0	0	0	0	0	0	0
112	L	0	0	0	0	0	0	0
113	I	0	0	0	0	0	0	0
114	E	0	0	0	0	0	0	0
115	N	0	0	0	0	0	0	0
116	V	0	0	0	0	0	0	0
117	L	0	0	0	0	0	0	0
118	E	0	0	0	0	0	0	0
119	V	0	0	0	0	0	0	0
120	V	0	0	0	0	0	0	0
121	R	0	0	0	0	0	0	0
122	H	0	0	0	0	0	0	0
123	E	0	0	0	0	0	0	0
124	S	0	0	0	0	0	0	0
125	E	0	0	0	0	0	0	0
126	S	0	0	0	0	0	0	0
127	C	0	0	0	0	0	0	0
128	D	0	0	0	0	0	0	0
129	C	0	0	0	0	0	0	0
130	L	0	0	0	0	0	0	0
131	Q	0	0	0	0	0	0	0
132	G	0	0	0	0	0	0	0
133	F	0	0	0	0	0	0	0
134	Q	0	0	0	0	0	0	0
135	I	0	0	0	0	0	0	0
136	V	0	0	0	0	0	0	0
137	H	0	0	0	0	0	0	0
138	S	0	0	0	0	0	0	0
139	L	0	0	0	0	0	0	0
140	G	0	0	0	0	0	0	0
141	G	0	0	0	0	0	0	0
142	G	0	0	0	0	0	0	0
143	T	0	0	0	0	0	0	0
144	G	0	0	0	0	0	0	0
145	S	0	0	0	0	0	0	0
146	G	0	0	0	0	0	0	0
147	M	0	0	0	0	0	0	0
148	G	0	0	0	0	0	0	0
149	T	0	0	0	0	0	0	0
150	L	0	0	0	0	0	0	0
151	L	0	0	0	0	0	0	0
152	M	0	0	0	0	0	0	0
153	N	0	0	0	0	0	0	0
154	K	0	0	0	0	0	0	0
155	I	0	0	0	0	0	0	0
156	R	0	0	0	0	0	0	0
157	E	0	0	0	0	0	0	0
158	E	0	0	0	0	0	0	0
159	Y	Phosphotyrosine	MNKIREEYPDRIMNS	HHHHHHHCCCHHHHC	0	0	0	0
160	P	0	0	0	0	0	0	0
161	D	0	0	0	0	0	0	0
162	R	0	0	0	0	0	0	0
163	I	0	0	0	0	0	0	0
164	M	0	0	0	0	0	0	0
165	N	0	0	0	0	0	0	0
166	S	Phosphoserine	YPDRIMNSFSVMPSP	CCCHHHHCCCCCCCC	0	0	0	0
167	F	0	0	0	0	0	0	0
168	S	Phosphoserine	DRIMNSFSVMPSPKV	CHHHHCCCCCCCCCC	0	0	0	0
169	V	0	0	0	0	0	0	0
170	M	0	0	0	0	0	0	0
171	P	0	0	0	0	0	0	0
172	S	Phosphoserine	NSFSVMPSPKVSDTV	HCCCCCCCCCCCCCC	0	0	0	0
173	P	0	0	0	0	0	0	0
174	K	0	0	0	0	0	0	0
175	V	0	0	0	0	0	0	0
176	S	0	0	0	0	0	0	0
177	D	0	0	0	0	0	0	0
178	T	0	0	0	0	0	0	0
179	V	0	0	0	0	0	0	0
180	V	0	0	0	0	0	0	0
181	E	0	0	0	0	0	0	0
182	P	0	0	0	0	0	0	0
183	Y	0	0	0	0	0	0	0
184	N	0	0	0	0	0	0	0
185	A	0	0	0	0	0	0	0
186	V	0	0	0	0	0	0	0
187	L	0	0	0	0	0	0	0
188	S	0	0	0	0	0	0	0
189	I	0	0	0	0	0	0	0
190	H	0	0	0	0	0	0	0
191	Q	0	0	0	0	0	0	0
192	L	0	0	0	0	0	0	0
193	I	0	0	0	0	0	0	0
194	E	0	0	0	0	0	0	0
195	N	0	0	0	0	0	0	0
196	A	0	0	0	0	0	0	0
197	D	0	0	0	0	0	0	0
198	A	0	0	0	0	0	0	0
199	C	0	0	0	0	0	0	0
200	F	0	0	0	0	0	0	0
201	C	0	0	0	0	0	0	0
202	I	0	0	0	0	0	0	0
203	D	0	0	0	0	0	0	0
204	N	0	0	0	0	0	0	0
205	E	0	0	0	0	0	0	0
206	A	0	0	0	0	0	0	0
207	L	0	0	0	0	0	0	0
208	Y	0	0	0	0	0	0	0
209	D	0	0	0	0	0	0	0
210	I	0	0	0	0	0	0	0
211	C	0	0	0	0	0	0	0
212	F	0	0	0	0	0	0	0
213	R	0	0	0	0	0	0	0
214	T	0	0	0	0	0	0	0
215	L	0	0	0	0	0	0	0
216	K	Ubiquitinlysine	DICFRTLKLTTPTYG	HHHHHCCCCCCCCCC	0	0	0	0
217	L	0	0	0	0	0	0	0
218	T	0	0	0	0	0	0	0
219	T	0	0	0	0	0	0	0
220	P	0	0	0	0	0	0	0
221	T	0	0	0	0	0	0	0
222	Y	0	0	0	0	0	0	0
223	G	0	0	0	0	0	0	0
224	D	0	0	0	0	0	0	0
225	L	0	0	0	0	0	0	0
226	N	0	0	0	0	0	0	0
227	H	0	0	0	0	0	0	0
228	L	0	0	0	0	0	0	0
229	V	0	0	0	0	0	0	0
230	S	0	0	0	0	0	0	0
231	L	0	0	0	0	0	0	0
232	T	0	0	0	0	0	0	0
233	M	0	0	0	0	0	0	0
234	S	0	0	0	0	0	0	0
235	G	0	0	0	0	0	0	0
236	I	0	0	0	0	0	0	0
237	T	0	0	0	0	0	0	0
238	T	0	0	0	0	0	0	0
239	S	0	0	0	0	0	0	0
240	L	0	0	0	0	0	0	0
241	R	0	0	0	0	0	0	0
242	F	0	0	0	0	0	0	0
243	P	0	0	0	0	0	0	0
244	G	0	0	0	0	0	0	0
245	Q	0	0	0	0	0	0	0
246	L	0	0	0	0	0	0	0
247	N	0	0	0	0	0	0	0
248	A	0	0	0	0	0	0	0
249	D	0	0	0	0	0	0	0
250	L	0	0	0	0	0	0	0
251	R	0	0	0	0	0	0	0
252	K	Ubiquitinlysine	QLNADLRKLAVNMVP	CCCHHHHHHHHHCCC	0	0	0	0
253	L	0	0	0	0	0	0	0
254	A	0	0	0	0	0	0	0
255	V	0	0	0	0	0	0	0
256	N	0	0	0	0	0	0	0
257	M	0	0	0	0	0	0	0
258	V	0	0	0	0	0	0	0
259	P	0	0	0	0	0	0	0
260	F	0	0	0	0	0	0	0
261	P	0	0	0	0	0	0	0
262	R	0	0	0	0	0	0	0
263	L	0	0	0	0	0	0	0
264	H	0	0	0	0	0	0	0
265	F	0	0	0	0	0	0	0
266	F	0	0	0	0	0	0	0
267	M	0	0	0	0	0	0	0
268	P	0	0	0	0	0	0	0
269	G	0	0	0	0	0	0	0
270	F	0	0	0	0	0	0	0
271	A	0	0	0	0	0	0	0
272	P	0	0	0	0	0	0	0
273	L	0	0	0	0	0	0	0
274	T	0	0	0	0	0	0	0
275	A	0	0	0	0	0	0	0
276	Q	0	0	0	0	0	0	0
277	G	0	0	0	0	0	0	0
278	S	Phosphoserine	APLTAQGSQQYRALS	CCCCCCCHHHHHHHH	Platelet distribution width:platelet distribution width	287 (9)	0	0
279	Q	0	0	0	0	0	0	0
280	Q	0	0	0	0	0	0	0
281	Y	0	0	0	0	0	0	0
282	R	0	0	0	0	0	0	0
283	A	0	0	0	0	0	0	0
284	L	0	0	0	0	0	0	0
285	S	0	0	0	0	0	0	0
286	V	0	0	0	0	0	0	0
287	A	0	0	0	0	0	V	278
288	E	0	0	0	0	0	0	0
289	L	0	0	0	0	0	0	0
290	T	0	0	0	0	0	0	0
291	Q	0	0	0	0	0	0	0
292	Q	0	0	0	0	0	0	0
293	M	0	0	0	0	0	0	0
294	F	0	0	0	0	0	0	0
295	D	0	0	0	0	0	0	0
296	A	0	0	0	0	0	0	0
297	R	0	0	0	0	0	0	0
298	N	0	0	0	0	0	0	0
299	T	0	0	0	0	0	0	0
300	M	0	0	0	0	0	0	0
301	A	0	0	0	0	0	0	0
302	A	0	0	0	0	0	0	0
303	C	0	0	0	0	0	0	0
304	D	0	0	0	0	0	0	0
305	L	0	0	0	0	0	0	0
306	R	0	0	0	0	0	0	0
307	R	0	0	0	0	0	0	0
308	G	0	0	0	0	0	0	0
309	R	0	0	0	0	0	0	0
310	Y	0	0	0	0	0	0	0
311	L	0	0	0	0	0	0	0
312	T	0	0	0	0	0	0	0
313	V	0	0	0	0	0	0	0
314	A	0	0	0	0	0	0	0
315	C	0	0	0	0	0	0	0
316	I	0	0	0	0	0	0	0
317	F	0	0	0	0	0	0	0
318	R	0	0	0	0	0	0	0
319	G	0	0	0	0	0	0	0
320	K	0	0	0	0	0	0	0
321	M	0	0	0	0	0	0	0
322	S	0	0	0	0	0	0	0
323	T	0	0	0	0	0	0	0
324	K	N-acetyllysine	FRGKMSTKEVDQQLL	ECCCCCHHHHHHHHH	0	0	0	0
325	E	0	0	0	0	0	0	0
326	V	0	0	0	0	0	0	0
327	D	0	0	0	0	0	0	0
328	Q	0	0	0	0	0	0	0
329	Q	0	0	0	0	0	0	0
330	L	0	0	0	0	0	0	0
331	L	0	0	0	0	0	0	0
332	S	0	0	0	0	0	0	0
333	V	0	0	0	0	0	0	0
334	Q	0	0	0	0	0	0	0
335	T	0	0	0	0	0	0	0
336	R	0	0	0	0	0	0	0
337	N	0	0	0	0	0	0	0
338	S	0	0	0	0	0	0	0
339	S	0	0	0	0	0	0	0
340	C	0	0	0	0	0	0	0
341	F	0	0	0	0	0	0	0
342	V	0	0	0	0	0	0	0
343	E	0	0	0	0	0	0	0
344	W	0	0	0	0	0	0	0
345	I	0	0	0	0	0	0	0
346	P	0	0	0	0	0	0	0
347	N	0	0	0	0	0	0	0
348	N	0	0	0	0	0	0	0
349	V	0	0	0	0	0	0	0
350	K	0	0	0	0	0	0	0
351	V	0	0	0	0	0	0	0
352	A	0	0	0	0	0	0	0
353	V	0	0	0	0	0	0	0
354	C	0	0	0	0	0	0	0
355	D	0	0	0	0	0	0	0
356	I	0	0	0	0	0	0	0
357	P	0	0	0	0	0	0	0
358	P	0	0	0	0	0	0	0
359	R	0	0	0	0	0	0	0
360	G	0	0	0	0	0	0	0
361	L	0	0	0	0	0	0	0
362	S	0	0	0	0	0	0	0
363	M	0	0	0	0	0	0	0
364	A	0	0	0	0	0	0	0
365	A	0	0	0	0	0	0	0
366	T	0	0	0	0	0	0	0
367	F	0	0	0	0	0	0	0
368	I	0	0	0	0	0	0	0
369	G	0	0	0	0	0	0	0
370	N	0	0	0	0	0	0	0
371	N	0	0	0	0	0	0	0
372	T	0	0	0	0	0	0	0
373	A	0	0	0	0	0	0	0
374	I	0	0	0	0	0	0	0
375	Q	0	0	0	0	0	0	0
376	E	0	0	0	0	0	0	0
377	I	0	0	0	0	0	0	0
378	F	0	0	0	0	0	0	0
379	N	0	0	0	0	0	0	0
380	R	0	0	0	0	0	0	0
381	V	0	0	0	0	0	0	0
382	S	0	0	0	0	0	0	0
383	E	0	0	0	0	0	0	0
384	H	0	0	0	0	0	0	0
385	F	0	0	0	0	0	0	0
386	S	0	0	0	0	0	0	0
387	A	0	0	0	0	0	0	0
388	M	0	0	0	0	0	0	0
389	F	0	0	0	0	0	0	0
390	K	N-acetyllysine	EHFSAMFKRKAFVHW	HHHHHHHHCCCCEEE	0	0	0	0
391	R	0	0	0	0	0	0	0
392	K	0	0	0	0	0	0	0
393	A	0	0	0	0	0	0	0
394	F	0	0	0	0	0	0	0
395	V	0	0	0	0	0	0	0
396	H	0	0	0	0	0	0	0
397	W	0	0	0	0	0	0	0
398	Y	0	0	0	0	0	0	0
399	T	0	0	0	0	0	0	0
400	S	0	0	0	0	0	0	0
401	E	0	0	0	0	0	0	0
402	G	0	0	0	0	0	0	0
403	M	0	0	0	0	0	0	0
404	D	0	0	0	0	0	0	0
405	I	0	0	0	0	0	0	0
406	N	0	0	0	0	0	0	0
407	E	0	0	0	0	0	0	0
408	F	0	0	0	0	0	0	0
409	G	0	0	0	0	0	0	0
410	E	0	0	0	0	0	0	0
411	A	0	0	0	0	0	0	0
412	E	0	0	0	0	0	0	0
413	N	0	0	0	0	0	0	0
414	N	0	0	0	0	0	0	0
415	I	0	0	0	0	0	0	0
416	H	0	0	0	0	0	0	0
417	D	0	0	0	0	0	0	0
418	L	0	0	0	0	0	0	0
419	V	0	0	0	0	0	0	0
420	S	0	0	0	0	0	0	0
421	E	0	0	0	0	0	0	0
422	Y	0	0	0	0	0	0	0
423	Q	0	0	0	0	0	0	0
424	Q	0	0	0	0	0	0	0
425	F	0	0	0	0	0	0	0
426	Q	0	0	0	0	0	0	0
427	D	0	0	0	0	0	0	0
428	A	0	0	0	0	0	0	0
429	K	0	0	0	0	0	0	0
430	A	0	0	0	0	0	0	0
431	V	0	0	0	0	0	0	0
432	L	0	0	0	0	0	0	0
433	E	0	0	0	0	0	0	0
434	E	0	0	0	0	0	0	0
435	D	0	0	0	0	0	0	0
436	E	0	0	0	0	0	0	0
437	E	0	0	0	0	0	0	0
438	V	0	0	0	0	0	0	0
439	T	Phosphothreonine	LEEDEEVTEEAEMEP	HHCCHHHHHHHHCCC	0	0	0	0
440	E	0	0	0	0	0	0	0
441	E	0	0	0	0	0	0	0
442	A	0	0	0	0	0	0	0
443	E	0	0	0	0	0	0	0
444	M	0	0	0	0	0	0	0
445	E	0	0	0	0	0	0	0
446	P	0	0	0	0	0	0	0
447	E	0	0	0	0	0	0	0
448	D	0	0	0	0	0	0	0
449	K	0	0	0	0	0	0	0
450	G	0	0	0	0	0	0	0
451	H	0	0	0	0	0	0	0
