location	residue	Modification	seq	secStruc	RelatedDisease	VariantPosition	ResidueChange	DaPSbySAP
1	M	0	0	0	0	0	0	0
2	E	0	0	0	0	0	0	0
3	A	0	0	0	0	0	0	0
4	E	0	0	0	0	0	0	0
5	N	0	0	0	0	0	0	0
6	A	0	0	0	0	0	0	0
7	G	0	0	0	0	0	0	0
8	S	0	0	0	0	0	0	0
9	Y	0	0	0	0	0	0	0
10	S	0	0	0	0	0	0	0
11	L	0	0	0	0	0	0	0
12	Q	0	0	0	0	0	0	0
13	Q	0	0	0	0	0	0	0
14	A	0	0	0	0	0	0	0
15	Q	0	0	0	0	0	0	0
16	A	0	0	0	0	0	0	0
17	F	0	0	0	0	0	0	0
18	Y	0	0	0	0	0	0	0
19	T	0	0	0	0	0	0	0
20	F	0	0	0	0	0	0	0
21	P	0	0	0	0	0	0	0
22	F	0	0	0	0	0	0	0
23	Q	0	0	0	0	0	0	0
24	Q	0	0	0	0	0	0	0
25	L	0	0	0	0	0	0	0
26	M	0	0	0	0	0	0	0
27	A	0	0	0	0	0	0	0
28	E	0	0	0	0	0	0	0
29	A	0	0	0	0	0	0	0
30	P	0	0	0	0	0	0	0
31	N	0	0	0	0	0	0	0
32	M	0	0	0	0	0	0	0
33	A	0	0	0	0	0	0	0
34	V	0	0	0	0	0	0	0
35	V	0	0	0	0	0	0	0
36	N	0	0	0	0	0	0	0
37	E	0	0	0	0	0	0	0
38	Q	0	0	0	0	0	0	0
39	Q	0	0	0	0	0	0	0
40	M	0	0	0	0	0	0	0
41	P	0	0	0	0	0	0	0
42	E	0	0	0	0	0	0	0
43	E	0	0	0	0	0	0	0
44	V	0	0	0	0	0	0	0
45	P	0	0	0	0	0	0	0
46	A	0	0	0	0	0	0	0
47	P	0	0	0	0	0	0	0
48	A	0	0	0	0	0	0	0
49	P	0	0	0	0	0	0	0
50	A	0	0	0	0	0	0	0
51	Q	0	0	0	0	0	0	0
52	E	0	0	0	0	0	0	0
53	P	0	0	0	0	0	0	0
54	V	0	0	0	0	0	0	0
55	Q	0	0	0	0	0	0	0
56	E	0	0	0	0	0	0	0
57	A	0	0	0	0	0	0	0
58	P	0	0	0	0	0	0	0
59	K	0	0	0	0	0	0	0
60	G	0	0	0	0	0	0	0
61	R	0	0	0	0	0	0	0
62	K	0	0	0	0	0	0	0
63	R	0	0	0	0	0	0	0
64	K	0	0	0	0	0	0	0
65	P	0	0	0	0	0	0	0
66	R	0	0	0	0	0	0	0
67	T	0	0	0	0	0	0	0
68	T	Phosphothreonine	RKRKPRTTEPKQPVE	CCCCCCCCCCCCCCC	0	0	0	0
69	E	0	0	0	0	0	0	0
70	P	0	0	0	0	0	0	0
71	K	0	0	0	0	0	0	0
72	Q	0	0	0	0	0	0	0
73	P	0	0	0	0	0	0	0
74	V	0	0	0	0	0	0	0
75	E	0	0	0	0	0	0	0
76	P	0	0	0	0	0	0	0
77	K	0	0	0	0	0	0	0
78	K	0	0	0	0	0	0	0
79	P	0	0	0	0	0	0	0
80	V	0	0	0	0	0	0	0
81	E	0	0	0	0	0	0	0
82	S	Phosphoserine	EPKKPVESKKSGKSA	CCCCCCCCCCCCCCC	0	0	0	0
83	K	N-acetyllysine	PKKPVESKKSGKSAK	CCCCCCCCCCCCCCC	0	0	0	0
84	K	N-acetyllysine	KKPVESKKSGKSAKS	CCCCCCCCCCCCCCC	0	0	0	0
85	S	Phosphoserine	KPVESKKSGKSAKSK	CCCCCCCCCCCCCCH	0	0	0	0
86	G	0	0	0	0	0	0	0
87	K	N-acetyllysine	VESKKSGKSAKSKEK	CCCCCCCCCCCCHHH	0	0	0	0
88	S	0	0	0	0	0	0	0
89	A	0	0	0	0	0	0	0
90	K	0	0	0	0	0	0	0
91	S	0	0	0	0	0	0	0
92	K	N-acetyllysine	SGKSAKSKEKQEKIT	CCCCCCCHHHHHHHC	0	0	0	0
93	E	0	0	0	0	0	0	0
94	K	N-acetyllysine	KSAKSKEKQEKITDT	CCCCCHHHHHHHCHH	0	0	0	0
95	Q	0	0	0	0	0	0	0
96	E	0	0	0	0	0	0	0
97	K	N6-acetyllysine	KSKEKQEKITDTFKV	CCHHHHHHHCHHHHH	0	0	0	0
98	I	0	0	0	0	0	0	0
99	T	0	0	0	0	0	0	0
100	D	0	0	0	0	0	0	0
101	T	0	0	0	0	0	0	0
102	F	0	0	0	0	0	0	0
103	K	Sumoyllysine	EKITDTFKVKRKVDR	HHHCHHHHHHHHHHC	0	0	0	0
104	V	0	0	0	0	0	0	0
105	K	0	0	0	0	0	0	0
106	R	0	0	0	0	0	0	0
107	K	0	0	0	0	0	0	0
108	V	0	0	0	0	0	0	0
109	D	0	0	0	0	0	0	0
110	R	0	0	0	0	0	0	0
111	F	0	0	0	0	0	0	0
112	N	0	0	0	0	0	0	0
113	G	0	0	0	0	0	0	0
114	V	0	0	0	0	0	0	0
115	S	0	0	0	0	0	0	0
116	E	0	0	0	0	0	0	0
117	A	0	0	0	0	0	0	0
118	E	0	0	0	0	0	0	0
119	L	0	0	0	0	0	0	0
120	L	0	0	0	0	0	0	0
121	T	0	0	0	0	0	0	0
122	K	0	0	0	0	0	0	0
123	T	0	0	0	0	0	0	0
124	L	0	0	0	0	0	0	0
125	P	0	0	0	0	0	0	0
126	D	0	0	0	0	0	0	0
127	I	0	0	0	0	0	0	0
128	L	0	0	0	0	0	0	0
129	T	0	0	0	0	0	0	0
130	F	0	0	0	0	0	0	0
131	N	0	0	0	0	0	0	0
132	L	0	0	0	0	0	0	0
133	D	0	0	0	0	0	0	0
134	I	0	0	0	0	0	0	0
135	V	0	0	0	0	0	0	0
136	I	0	0	0	0	0	0	0
137	I	0	0	0	0	0	0	0
138	G	0	0	0	0	0	0	0
139	I	0	0	0	0	0	0	0
140	N	0	0	0	0	0	0	0
141	P	0	0	0	0	0	0	0
142	G	0	0	0	0	0	0	0
143	L	0	0	0	0	0	0	0
144	M	0	0	0	0	0	0	0
145	A	0	0	0	0	0	0	0
146	A	0	0	0	0	0	0	0
147	Y	0	0	0	0	0	0	0
148	K	0	0	0	0	0	0	0
149	G	0	0	0	0	0	0	0
150	H	0	0	0	0	0	0	0
151	H	0	0	0	0	0	0	0
152	Y	0	0	0	0	0	0	0
153	P	0	0	0	0	0	0	0
154	G	0	0	0	0	0	0	0
155	P	0	0	0	0	0	0	0
156	G	0	0	0	0	0	0	0
157	N	0	0	0	0	0	0	0
158	H	0	0	0	0	0	0	0
159	F	0	0	0	0	0	0	0
160	W	0	0	0	0	0	0	0
161	K	0	0	0	0	0	0	0
162	C	0	0	0	0	0	0	0
163	L	0	0	0	0	0	0	0
164	F	0	0	0	0	0	0	0
165	M	0	0	0	0	0	0	0
166	S	0	0	0	0	0	0	0
167	G	0	0	0	0	0	0	0
168	L	0	0	0	0	0	0	0
169	S	0	0	0	0	0	0	0
170	E	0	0	0	0	0	0	0
171	V	0	0	0	0	0	0	0
172	Q	0	0	0	0	0	0	0
173	L	0	0	0	0	0	0	0
174	N	0	0	0	0	0	0	0
175	H	0	0	0	0	0	0	0
176	M	0	0	0	0	0	V	185
177	D	0	0	0	0	0	0	0
178	D	0	0	0	0	0	0	0
179	H	0	0	0	0	0	0	0
180	T	0	0	0	0	0	0	0
181	L	0	0	0	0	0	0	0
182	P	0	0	0	0	0	0	0
183	G	0	0	0	0	0	0	0
184	K	0	0	0	0	0	0	0
185	Y	Phosphotyrosine	DHTLPGKYGIGFTNM	CCCCCCCCEEECCCC	Glucagon levels in response to oral glucose tolerance test (fasting):glucagon measurement, glucose tolerance test	176 (9)	0	0
186	G	0	0	0	0	0	0	0
187	I	0	0	0	0	0	0	0
188	G	0	0	0	0	0	0	0
189	F	0	0	0	0	0	0	0
190	T	0	0	0	0	0	0	0
191	N	0	0	0	0	0	0	0
192	M	0	0	0	0	0	0	0
193	V	0	0	0	0	0	0	0
194	E	0	0	0	0	0	0	0
195	R	0	0	0	0	0	0	0
196	T	0	0	0	0	0	0	0
197	T	0	0	0	0	0	0	0
198	P	0	0	0	0	0	0	0
199	G	0	0	0	0	0	0	0
200	S	0	0	0	0	0	0	0
201	K	Ubiquitinlysine	ERTTPGSKDLSSKEF	EECCCCCCCCCCHHH	0	0	0	0
202	D	0	0	0	0	0	0	0
203	L	0	0	0	0	0	0	0
204	S	0	0	0	0	0	0	0
205	S	0	0	0	0	0	0	0
206	K	0	0	0	0	0	0	0
207	E	0	0	0	0	0	0	0
208	F	0	0	0	0	0	0	0
209	R	0	0	0	0	0	0	0
210	E	0	0	0	0	0	0	0
211	G	0	0	0	0	0	0	0
212	G	0	0	0	0	0	0	0
213	R	0	0	0	0	0	0	0
214	I	0	0	0	0	0	0	0
215	L	0	0	0	0	0	0	0
216	V	0	0	0	0	0	0	0
217	Q	0	0	0	0	0	0	0
218	K	0	0	0	0	0	0	0
219	L	0	0	0	0	0	0	0
220	Q	0	0	0	0	0	0	0
221	K	Ubiquitinlysine	ILVQKLQKYQPRIAV	HHHHHHHHCCCEEEE	0	0	0	0
222	Y	0	0	0	0	0	0	0
223	Q	0	0	0	0	0	0	0
224	P	0	0	0	0	0	0	0
225	R	0	0	0	0	0	0	0
226	I	0	0	0	0	0	0	0
227	A	0	0	0	0	0	0	0
228	V	0	0	0	0	0	0	0
229	F	0	0	0	0	0	0	0
230	N	0	0	0	0	0	0	0
231	G	0	0	0	0	0	0	0
232	K	0	0	0	0	0	0	0
233	C	0	0	0	0	0	0	0
234	I	0	0	0	0	0	0	0
235	Y	0	0	0	0	0	0	0
236	E	0	0	0	0	0	0	0
237	I	0	0	0	0	0	0	0
238	F	0	0	0	0	0	0	0
239	S	Phosphoserine	KCIYEIFSKEVFGVK	EEHHHHCCHHHCCEE	0	0	0	0
240	K	0	0	0	0	0	0	0
241	E	0	0	0	0	0	0	0
242	V	0	0	0	0	0	0	0
243	F	0	0	0	0	0	0	0
244	G	0	0	0	0	0	0	0
245	V	0	0	0	0	0	0	0
246	K	0	0	0	0	0	0	0
247	V	0	0	0	0	0	0	0
248	K	Sumoyllysine	EVFGVKVKNLEFGLQ	HHCCEEEEEECCCCC	0	0	0	0
249	N	0	0	0	0	0	0	0
250	L	0	0	0	0	0	0	0
251	E	0	0	0	0	0	0	0
252	F	0	0	0	0	0	0	0
253	G	0	0	0	0	0	0	0
254	L	0	0	0	0	0	0	0
255	Q	0	0	0	0	0	0	0
256	P	0	0	0	0	0	0	0
257	H	0	0	0	0	0	0	0
258	K	0	0	0	0	0	0	0
259	I	0	0	0	0	0	0	0
260	P	0	0	0	0	0	0	0
261	D	0	0	0	0	0	0	0
262	T	0	0	0	0	0	0	0
263	E	0	0	0	0	0	0	0
264	T	0	0	0	0	0	0	0
265	L	0	0	0	0	0	0	0
266	C	0	0	0	0	0	0	0
267	Y	0	0	0	0	0	0	0
268	V	0	0	0	0	0	0	0
269	M	0	0	0	0	0	0	0
270	P	0	0	0	0	0	0	0
271	S	0	0	0	0	0	0	0
272	S	0	0	0	0	0	0	0
273	S	0	0	0	0	0	0	0
274	A	0	0	0	0	0	0	0
275	R	0	0	0	0	0	0	0
276	C	0	0	0	0	0	0	0
277	A	0	0	0	0	0	0	0
278	Q	0	0	0	0	0	0	0
279	F	0	0	0	0	0	0	0
280	P	0	0	0	0	0	0	0
281	R	0	0	0	0	0	0	0
282	A	0	0	0	0	0	0	0
283	Q	0	0	0	0	0	0	0
284	D	0	0	0	0	0	0	0
285	K	0	0	0	0	0	0	0
286	V	0	0	0	0	0	0	0
287	H	0	0	0	0	0	0	0
288	Y	0	0	0	0	0	0	0
289	Y	0	0	0	0	0	0	0
290	I	0	0	0	0	0	0	0
291	K	0	0	0	0	0	0	0
292	L	0	0	0	0	0	0	0
293	K	0	0	0	0	0	0	0
294	D	0	0	0	0	0	0	0
295	L	0	0	0	0	0	0	0
296	R	0	0	0	0	0	0	0
297	D	0	0	0	0	0	0	0
298	Q	0	0	0	0	0	0	0
299	L	0	0	0	0	0	0	0
300	K	0	0	0	0	0	0	0
301	G	0	0	0	0	0	0	0
302	I	0	0	0	0	0	0	0
303	E	0	0	0	0	0	0	0
304	R	0	0	0	0	0	0	0
305	N	0	0	0	0	0	0	0
306	M	0	0	0	0	0	0	0
307	D	0	0	0	0	0	0	0
308	V	0	0	0	0	0	0	0
309	Q	0	0	0	0	0	0	0
310	E	0	0	0	0	0	0	0
311	V	0	0	0	0	0	0	0
312	Q	0	0	0	0	0	0	0
313	Y	0	0	0	0	0	0	0
314	T	0	0	0	0	0	0	0
315	F	0	0	0	0	0	0	0
316	D	0	0	0	0	0	0	0
317	L	0	0	0	0	0	0	0
318	Q	0	0	0	0	0	0	0
319	L	0	0	0	0	0	0	0
320	A	0	0	0	0	0	0	0
321	Q	0	0	0	0	0	0	0
322	E	0	0	0	0	0	0	0
323	D	0	0	0	0	0	0	0
324	A	0	0	0	0	0	0	0
325	K	0	0	0	0	0	0	0
326	K	0	0	0	0	0	0	0
327	M	0	0	0	0	0	0	0
328	A	0	0	0	0	0	0	0
329	V	0	0	0	0	0	0	0
330	K	Sumoyllysine	DAKKMAVKEEKYDPG	HHHHHHHHHHHCCCC	0	0	0	0
331	E	0	0	0	0	0	0	0
332	E	0	0	0	0	0	0	0
333	K	0	0	0	0	0	0	0
334	Y	0	0	0	0	0	0	0
335	D	0	0	0	0	0	0	0
336	P	0	0	0	0	0	0	0
337	G	0	0	0	0	0	0	0
338	Y	0	0	0	0	0	0	0
339	E	0	0	0	0	0	0	0
340	A	0	0	0	0	0	0	0
341	A	0	0	0	0	0	0	0
342	Y	0	0	0	0	0	0	0
343	G	0	0	0	0	0	0	0
344	G	0	0	0	0	0	0	0
345	A	0	0	0	0	0	0	0
346	Y	0	0	0	0	0	0	0
347	G	0	0	0	0	0	0	0
348	E	0	0	0	0	0	0	0
349	N	0	0	0	0	0	0	0
350	P	0	0	0	0	0	0	0
351	C	0	0	0	0	0	0	0
352	S	0	0	0	0	0	0	0
353	S	0	0	0	0	0	0	0
354	E	0	0	0	0	0	0	0
355	P	0	0	0	0	0	0	0
356	C	0	0	0	0	0	0	0
357	G	0	0	0	0	0	0	0
358	F	0	0	0	0	0	0	0
359	S	0	0	0	0	0	0	0
360	S	0	0	0	0	0	0	0
361	N	0	0	0	0	0	0	0
362	G	0	0	0	0	0	0	0
363	L	0	0	0	0	0	0	0
364	I	0	0	0	0	0	0	0
365	E	0	0	0	0	0	0	0
366	S	0	0	0	0	0	0	0
367	V	0	0	0	0	0	0	0
368	E	0	0	0	0	0	0	0
369	L	0	0	0	0	0	0	0
370	R	0	0	0	0	0	0	0
371	G	0	0	0	0	0	0	0
372	E	0	0	0	0	0	0	0
373	S	0	0	0	0	0	0	0
374	A	0	0	0	0	0	0	0
375	F	0	0	0	0	0	0	0
376	S	0	0	0	0	0	0	0
377	G	0	0	0	0	0	0	0
378	I	0	0	0	0	0	0	0
379	P	0	0	0	0	0	0	0
380	N	0	0	0	0	0	0	0
381	G	0	0	0	0	0	0	0
382	Q	0	0	0	0	0	0	0
383	W	0	0	0	0	0	0	0
384	M	0	0	0	0	0	0	0
385	T	0	0	0	0	0	0	0
386	Q	0	0	0	0	0	0	0
387	S	0	0	0	0	0	0	0
388	F	0	0	0	0	0	0	0
389	T	0	0	0	0	0	0	0
390	D	0	0	0	0	0	0	0
391	Q	0	0	0	0	0	0	0
392	I	0	0	0	0	0	0	0
393	P	0	0	0	0	0	0	0
394	S	0	0	0	0	0	0	0
395	F	0	0	0	0	0	0	0
396	S	0	0	0	0	0	0	0
397	N	0	0	0	0	0	0	0
398	H	0	0	0	0	0	0	0
399	C	0	0	0	0	0	0	0
400	G	0	0	0	0	0	0	0
401	T	0	0	0	0	0	0	0
402	Q	0	0	0	0	0	0	0
403	E	0	0	0	0	0	0	0
404	Q	0	0	0	0	0	0	0
405	E	0	0	0	0	0	0	0
406	E	0	0	0	0	0	0	0
407	E	0	0	0	0	0	0	0
408	S	0	0	0	0	0	0	0
409	H	0	0	0	0	0	0	0
410	A	0	0	0	0	0	0	0
