location	residue	Modification	seq	secStruc	RelatedDisease	VariantPosition	ResidueChange	DaPSbySAP
1	M	0	0	0	0	0	0	0
2	A	0	0	0	0	0	0	0
3	H	0	0	0	0	0	0	0
4	V	0	0	0	0	0	0	0
5	R	0	0	0	0	0	0	0
6	G	0	0	0	0	0	0	0
7	L	0	0	0	0	0	0	0
8	Q	0	0	0	0	0	0	0
9	L	0	0	0	0	0	0	0
10	P	0	0	0	0	0	0	0
11	G	0	0	0	0	0	0	0
12	C	0	0	0	0	0	0	0
13	L	0	0	0	0	0	0	0
14	A	0	0	0	0	0	0	0
15	L	0	0	0	0	0	0	0
16	A	0	0	0	0	0	0	0
17	A	0	0	0	0	0	0	0
18	L	0	0	0	0	0	0	0
19	C	0	0	0	0	0	0	0
20	S	0	0	0	0	0	0	0
21	L	0	0	0	0	0	0	0
22	V	0	0	0	0	0	0	0
23	H	0	0	0	0	0	0	0
24	S	0	0	0	0	0	0	0
25	Q	0	0	0	0	0	0	0
26	H	0	0	0	0	0	0	0
27	V	0	0	0	0	0	0	0
28	F	0	0	0	0	0	0	0
29	L	0	0	0	0	0	0	0
30	A	0	0	0	0	0	0	0
31	P	0	0	0	0	0	0	0
32	Q	0	0	0	0	0	0	0
33	Q	0	0	0	0	0	0	0
34	A	0	0	0	0	0	0	0
35	R	0	0	0	0	0	0	0
36	S	0	0	0	0	0	0	0
37	L	0	0	0	0	0	0	0
38	L	0	0	0	0	0	0	0
39	Q	0	0	0	0	0	0	0
40	R	0	0	0	0	0	0	0
41	V	0	0	0	0	0	0	0
42	R	0	0	0	0	0	0	0
43	R	0	0	0	0	0	0	0
44	A	0	0	0	0	0	0	0
45	N	0	0	0	0	0	0	0
46	T	0	0	0	0	0	0	0
47	F	0	0	0	0	0	0	0
48	L	0	0	0	0	0	0	0
49	E	4-carboxyglutamate	RRANTFLEEVRKGNL	HHHHHHHHHHHCCCC	0	0	0	0
50	E	4-carboxyglutamate	RANTFLEEVRKGNLE	HHHHHHHHHHCCCCH	0	0	0	0
51	V	0	0	0	0	0	0	0
52	R	0	0	0	0	0	0	0
53	K	0	0	0	0	0	0	0
54	G	0	0	0	0	0	0	0
55	N	0	0	0	0	0	0	0
56	L	0	0	0	0	0	0	0
57	E	4-carboxyglutamate	EVRKGNLERECVEET	HHHCCCCHHHHHHHH	0	0	0	0
58	R	0	0	0	0	0	0	0
59	E	4-carboxyglutamate	RKGNLERECVEETCS	HCCCCHHHHHHHHCC	0	0	0	0
60	C	0	0	0	0	0	0	0
61	V	0	0	0	0	0	0	0
62	E	4-carboxyglutamate	NLERECVEETCSYEE	CCHHHHHHHHCCHHH	0	0	0	0
63	E	4-carboxyglutamate	LERECVEETCSYEEA	CHHHHHHHHCCHHHH	0	0	0	0
64	T	0	0	0	0	0	0	0
65	C	0	0	0	0	0	0	0
66	S	0	0	0	0	0	0	0
67	Y	0	0	0	0	0	0	0
68	E	4-carboxyglutamate	VEETCSYEEAFEALE	HHHHCCHHHHHHHHH	0	0	0	0
69	E	4-carboxyglutamate	EETCSYEEAFEALES	HHHCCHHHHHHHHHC	0	0	0	0
70	A	0	0	0	0	0	0	0
71	F	0	0	0	0	0	0	0
72	E	4-carboxyglutamate	CSYEEAFEALESSTA	CCHHHHHHHHHCCCH	0	0	0	0
73	A	0	0	0	0	0	0	0
74	L	0	0	0	0	0	0	0
75	E	4-carboxyglutamate	EEAFEALESSTATDV	HHHHHHHHCCCHHHH	0	0	0	0
76	S	0	0	0	0	0	0	0
77	S	0	0	0	0	0	0	0
78	T	0	0	0	0	0	0	0
79	A	0	0	0	0	0	0	0
80	T	0	0	0	0	0	0	0
81	D	0	0	0	0	0	0	0
82	V	0	0	0	0	0	0	0
83	F	0	0	0	0	0	0	0
84	W	0	0	0	0	0	0	0
85	A	0	0	0	0	0	0	0
86	K	0	0	0	0	0	0	0
87	Y	0	0	0	0	0	0	0
88	T	0	0	0	0	0	0	0
89	A	0	0	0	0	0	0	0
90	C	0	0	0	0	0	0	0
91	E	0	0	0	0	0	0	0
92	T	0	0	0	0	0	0	0
93	A	0	0	0	0	0	0	0
94	R	0	0	0	0	0	0	0
95	T	0	0	0	0	0	0	0
96	P	0	0	0	0	0	0	0
97	R	0	0	0	0	0	0	0
98	D	0	0	0	0	0	0	0
99	K	0	0	0	0	0	0	0
100	L	0	0	0	0	0	0	0
101	A	0	0	0	0	0	0	0
102	A	0	0	0	0	0	0	0
103	C	0	0	0	0	0	0	0
104	L	0	0	0	0	0	0	0
105	E	0	0	0	0	0	0	0
106	G	0	0	0	0	0	0	0
107	N	0	0	0	0	0	0	0
108	C	0	0	0	0	0	0	0
109	A	0	0	0	0	0	0	0
110	E	0	0	0	0	0	0	0
111	G	0	0	0	0	0	0	0
112	L	0	0	0	0	0	0	0
113	G	0	0	0	0	0	0	0
114	T	0	0	0	0	0	0	0
115	N	0	0	0	0	0	0	0
116	Y	0	0	0	0	0	0	0
117	R	0	0	0	0	0	0	0
118	G	0	0	0	0	0	0	0
119	H	0	0	0	0	0	0	0
120	V	0	0	0	0	0	0	0
121	N	N-linked (GlcNAc)	TNYRGHVNITRSGIE	CCCCCCEEEECCCEE	0	0	0	0
122	I	0	0	0	0	0	0	0
123	T	0	0	0	0	0	0	0
124	R	0	0	0	0	0	0	0
125	S	0	0	0	0	0	0	0
126	G	0	0	0	0	0	0	0
127	I	0	0	0	0	0	0	0
128	E	0	0	0	0	0	0	0
129	C	0	0	0	0	0	0	0
130	Q	0	0	0	0	0	0	0
131	L	0	0	0	0	0	0	0
132	W	0	0	0	0	0	0	0
133	R	0	0	0	0	0	0	0
134	S	0	0	0	0	0	0	0
135	R	0	0	0	0	0	0	0
136	Y	0	0	0	0	0	0	0
137	P	0	0	0	0	0	0	0
138	H	0	0	0	0	0	0	0
139	K	0	0	0	0	0	0	0
140	P	0	0	0	0	0	0	0
141	E	0	0	0	0	0	0	0
142	I	0	0	0	0	0	0	0
143	N	N-linked Glycosylation	YPHKPEINSTTHPGA	CCCCCCCCCCCCCCC	Intraocular pressure:intraocular pressure measurement	149 (6)	0	0
144	S	0	0	0	0	0	0	0
145	T	0	0	0	0	0	0	0
146	T	0	0	0	0	0	0	0
147	H	0	0	0	0	0	0	0
148	P	0	0	0	0	0	0	0
149	G	0	0	0	0	0	R;M	143,143,153
150	A	0	0	0	0	0	0	0
151	D	0	0	0	0	0	0	0
152	L	0	0	0	0	0	0	0
153	Q	N-linked Glycosylation	THPGADLQENFCRNP	CCCCCCHHHHCCCCC	Intraocular pressure:intraocular pressure measurement	149 (4)	0	0
154	E	0	0	0	0	0	0	0
155	N	0	0	0	0	0	0	0
156	F	0	0	0	0	0	0	0
157	C	0	0	0	0	0	0	0
158	R	0	0	0	0	0	0	0
159	N	0	0	0	0	0	0	0
160	P	0	0	0	0	0	0	0
161	D	0	0	0	0	0	0	0
162	S	0	0	0	0	0	0	0
163	S	0	0	0	0	0	0	0
164	T	0	0	0	0	0	0	0
165	T	0	0	0	0	0	0	0
166	G	0	0	0	0	0	0	0
167	P	0	0	0	0	0	0	0
168	W	0	0	0	0	0	0	0
169	C	0	0	0	0	0	0	0
170	Y	0	0	0	0	0	0	0
171	T	0	0	0	0	0	0	0
172	T	0	0	0	0	0	0	0
173	D	0	0	0	0	0	0	0
174	P	0	0	0	0	0	0	0
175	T	0	0	0	0	0	0	0
176	V	N-linked Glycosylation	CYTTDPTVRRQECSI	EEECCCCCCCCCCCC	0	0	0	0
177	R	0	0	0	0	0	0	0
178	R	0	0	0	0	0	0	0
179	Q	0	0	0	0	0	0	0
180	E	0	0	0	0	0	0	0
181	C	0	0	0	0	0	0	0
182	S	0	0	0	0	0	0	0
183	I	0	0	0	0	0	0	0
184	P	0	0	0	0	0	0	0
185	V	0	0	0	0	0	0	0
186	C	0	0	0	0	0	0	0
187	G	0	0	0	0	0	0	0
188	Q	0	0	0	0	0	0	0
189	D	0	0	0	0	0	0	0
190	Q	0	0	0	0	0	0	0
191	V	0	0	0	0	0	0	0
192	T	0	0	0	0	0	0	0
193	V	0	0	0	0	0	0	0
194	A	0	0	0	0	0	0	0
195	M	0	0	0	0	0	0	0
196	T	0	0	0	0	0	0	0
197	P	0	0	0	0	0	0	0
198	R	0	0	0	0	0	0	0
199	S	0	0	0	0	0	0	0
200	E	0	0	0	0	0	0	0
201	G	0	0	0	0	0	0	0
202	S	0	0	0	0	0	0	0
203	S	0	0	0	0	0	0	0
204	V	0	0	0	0	0	0	0
205	N	0	0	0	0	0	0	0
206	L	0	0	0	0	0	0	0
207	S	0	0	0	0	0	0	0
208	P	0	0	0	0	0	0	0
209	P	0	0	0	0	0	0	0
210	L	0	0	0	0	0	0	0
211	E	0	0	0	0	0	0	0
212	Q	0	0	0	0	0	0	0
213	C	0	0	0	0	0	0	0
214	V	0	0	0	0	0	0	0
215	P	0	0	0	0	0	0	0
216	D	0	0	0	0	0	0	0
217	R	0	0	0	0	0	0	0
218	G	0	0	0	0	0	0	0
219	Q	0	0	0	0	0	0	0
220	Q	0	0	0	0	0	0	0
221	Y	0	0	0	0	0	0	0
222	Q	0	0	0	0	0	0	0
223	G	0	0	0	0	0	0	0
224	R	0	0	0	0	0	0	0
225	L	0	0	0	0	0	0	0
226	A	0	0	0	0	0	0	0
227	V	0	0	0	0	0	0	0
228	T	0	0	0	0	0	0	0
229	T	0	0	0	0	0	0	0
230	H	0	0	0	0	0	0	0
231	G	0	0	0	0	0	0	0
232	L	0	0	0	0	0	0	0
233	P	0	0	0	0	0	0	0
234	C	0	0	0	0	0	0	0
235	L	0	0	0	0	0	0	0
236	A	0	0	0	0	0	0	0
237	W	0	0	0	0	0	0	0
238	A	0	0	0	0	0	0	0
239	S	0	0	0	0	0	0	0
240	A	0	0	0	0	0	0	0
241	Q	0	0	0	0	0	0	0
242	A	0	0	0	0	0	0	0
243	K	0	0	0	0	0	0	0
244	A	0	0	0	0	0	0	0
245	L	0	0	0	0	0	0	0
246	S	0	0	0	0	0	0	0
247	K	0	0	0	0	0	0	0
248	H	0	0	0	0	0	0	0
249	Q	0	0	0	0	0	0	0
250	D	0	0	0	0	0	0	0
251	F	0	0	0	0	0	0	0
252	N	0	0	0	0	0	0	0
253	S	0	0	0	0	0	0	0
254	A	0	0	0	0	0	0	0
255	V	0	0	0	0	0	0	0
256	Q	0	0	0	0	0	0	0
257	L	0	0	0	0	0	0	0
258	V	0	0	0	0	0	0	0
259	E	0	0	0	0	0	0	0
260	N	0	0	0	0	0	0	0
261	F	0	0	0	0	0	0	0
262	C	0	0	0	0	0	0	0
263	R	0	0	0	0	0	0	0
264	N	0	0	0	0	0	0	0
265	P	0	0	0	0	0	0	0
266	D	0	0	0	0	0	0	0
267	G	0	0	0	0	0	0	0
268	D	0	0	0	0	0	0	0
269	E	0	0	0	0	0	0	0
270	E	0	0	0	0	0	0	0
271	G	0	0	0	0	0	0	0
272	V	0	0	0	0	0	0	0
273	W	0	0	0	0	0	0	0
274	C	0	0	0	0	0	0	0
275	Y	0	0	0	0	0	0	0
276	V	0	0	0	0	0	0	0
277	A	0	0	0	0	0	0	0
278	G	0	0	0	0	0	0	0
279	K	0	0	0	0	0	0	0
280	P	0	0	0	0	0	0	0
281	G	0	0	0	0	0	0	0
282	D	0	0	0	0	0	0	0
283	F	0	0	0	0	0	0	0
284	G	0	0	0	0	0	0	0
285	Y	0	0	0	0	0	0	0
286	C	0	0	0	0	0	0	0
287	D	0	0	0	0	0	0	0
288	L	0	0	0	0	0	0	0
289	N	0	0	0	0	0	0	0
290	Y	0	0	0	0	0	0	0
291	C	0	0	0	0	0	0	0
292	E	0	0	0	0	0	0	0
293	E	0	0	0	0	0	0	0
294	A	0	0	0	0	0	0	0
295	V	0	0	0	0	0	0	0
296	E	0	0	0	0	0	0	0
297	E	0	0	0	0	0	0	0
298	E	0	0	0	0	0	0	0
299	T	0	0	0	0	0	0	0
300	G	0	0	0	0	0	0	0
301	D	0	0	0	0	0	0	0
302	G	0	0	0	0	0	0	0
303	L	0	0	0	0	0	0	0
304	D	0	0	0	0	0	0	0
305	E	0	0	0	0	0	0	0
306	D	0	0	0	0	0	0	0
307	S	0	0	0	0	0	0	0
308	D	0	0	0	0	0	0	0
309	R	0	0	0	0	0	0	0
310	A	0	0	0	0	0	0	0
311	I	0	0	0	0	0	0	0
312	E	0	0	0	0	0	0	0
313	G	0	0	0	0	0	0	0
314	R	0	0	0	0	0	0	0
315	T	0	0	0	0	0	0	0
316	A	0	0	0	0	0	0	0
317	T	0	0	0	0	0	0	0
318	S	0	0	0	0	0	0	0
319	E	0	0	0	0	0	0	0
320	Y	Phosphotyrosine	GRTATSEYQTFFNPR	CCCCCCCCCCCCCCC	0	0	0	0
321	Q	0	0	0	0	0	0	0
322	T	0	0	0	0	0	0	0
323	F	0	0	0	0	0	0	0
324	F	0	0	0	0	0	0	0
325	N	0	0	0	0	0	0	0
326	P	0	0	0	0	0	0	0
327	R	0	0	0	0	0	0	0
328	T	0	0	0	0	0	0	0
329	F	0	0	0	0	0	0	0
330	G	0	0	0	0	0	0	0
331	S	Phosphoserine	FNPRTFGSGEADCGL	CCCCCCCCCCCCCCC	0	0	0	0
332	G	0	0	0	0	0	0	0
333	E	0	0	0	0	0	0	0
334	A	0	0	0	0	0	0	0
335	D	0	0	0	0	0	0	0
336	C	0	0	0	0	0	0	0
337	G	0	0	0	0	0	0	0
338	L	0	0	0	0	0	0	0
339	R	0	0	0	0	0	0	0
340	P	0	0	0	0	0	0	0
341	L	0	0	0	0	0	0	0
342	F	0	0	0	0	0	0	0
343	E	0	0	0	0	0	0	0
344	K	0	0	0	0	0	0	0
345	K	0	0	0	0	0	0	0
346	S	0	0	0	0	0	0	0
347	L	0	0	0	0	0	0	0
348	E	0	0	0	0	0	0	0
349	D	0	0	0	0	0	0	0
350	K	0	0	0	0	0	0	0
351	T	0	0	0	0	0	0	0
352	E	0	0	0	0	0	0	0
353	R	0	0	0	0	0	0	0
354	E	0	0	0	0	0	0	0
355	L	0	0	0	0	0	0	0
356	L	0	0	0	0	0	0	0
357	E	0	0	0	0	0	0	0
358	S	0	0	0	0	0	0	0
359	Y	0	0	0	0	0	0	0
360	I	0	0	0	0	0	0	0
361	D	0	0	0	0	0	0	0
362	G	0	0	0	0	0	0	0
363	R	0	0	0	0	0	0	0
364	I	0	0	0	0	0	0	0
365	V	0	0	0	0	0	0	0
366	E	0	0	0	0	0	0	0
367	G	0	0	0	0	0	0	0
368	S	0	0	0	0	0	0	0
369	D	0	0	0	0	0	0	0
370	A	0	0	0	0	0	0	0
371	E	0	0	0	0	0	0	0
372	I	0	0	0	0	0	0	0
373	G	0	0	0	0	0	0	0
374	M	0	0	0	0	0	0	0
375	S	0	0	0	0	0	0	0
376	P	0	0	0	0	0	0	0
377	W	0	0	0	0	0	0	0
378	Q	0	0	0	0	0	0	0
379	V	0	0	0	0	0	0	0
380	M	0	0	0	0	0	0	0
381	L	0	0	0	0	0	0	0
382	F	0	0	0	0	0	0	0
383	R	0	0	0	0	0	0	0
384	K	0	0	0	0	0	0	0
385	S	0	0	0	0	0	0	0
386	P	0	0	0	0	0	0	0
387	Q	0	0	0	0	0	0	0
388	E	0	0	0	0	0	0	0
389	L	0	0	0	0	0	0	0
390	L	0	0	0	0	0	0	0
391	C	0	0	0	0	0	0	0
392	G	0	0	0	0	0	0	0
393	A	0	0	0	0	0	0	0
394	S	0	0	0	0	0	0	0
395	L	0	0	0	0	0	0	0
396	I	0	0	0	0	0	0	0
397	S	0	0	0	0	0	0	0
398	D	0	0	0	0	0	0	0
399	R	0	0	0	0	0	0	0
400	W	0	0	0	0	0	0	0
401	V	0	0	0	0	0	0	0
402	L	0	0	0	0	0	0	0
403	T	0	0	0	0	0	0	0
404	A	0	0	0	0	0	0	0
405	A	0	0	0	0	0	0	0
406	H	0	0	0	0	0	0	0
407	C	0	0	0	0	0	0	0
408	L	0	0	0	0	0	0	0
409	L	0	0	0	0	0	0	0
410	Y	0	0	0	0	0	0	0
411	P	0	0	0	0	0	0	0
412	P	0	0	0	0	0	0	0
413	W	0	0	0	0	0	0	0
414	D	0	0	0	0	0	0	0
415	K	0	0	0	0	0	0	0
416	N	N-linked Glycosylation	LYPPWDKNFTENDLL	HCCCCCCCCCCCCEE	0	0	0	0
417	F	0	0	0	0	0	0	0
418	T	0	0	0	0	0	0	0
419	E	0	0	0	0	0	0	0
420	N	0	0	0	0	0	0	0
421	D	0	0	0	0	0	0	0
422	L	0	0	0	0	0	0	0
423	L	0	0	0	0	0	0	0
424	V	0	0	0	0	0	0	0
425	R	0	0	0	0	0	0	0
426	I	0	0	0	0	0	0	0
427	G	0	0	0	0	0	0	0
428	K	0	0	0	0	0	0	0
429	H	0	0	0	0	0	0	0
430	S	0	0	0	0	0	0	0
431	R	0	0	0	0	0	0	0
432	T	0	0	0	0	0	0	0
433	R	0	0	0	0	0	0	0
434	Y	Phosphotyrosine	GKHSRTRYERNIEKI	CCCCCCHHHHHHHHH	0	0	0	0
435	E	0	0	0	0	0	0	0
436	R	0	0	0	0	0	0	0
437	N	0	0	0	0	0	0	0
438	I	0	0	0	0	0	0	0
439	E	0	0	0	0	0	0	0
440	K	0	0	0	0	0	0	0
441	I	0	0	0	0	0	0	0
442	S	0	0	0	0	0	0	0
443	M	0	0	0	0	0	0	0
444	L	0	0	0	0	0	0	0
445	E	0	0	0	0	0	0	0
446	K	0	0	0	0	0	0	0
447	I	0	0	0	0	0	0	0
448	Y	0	0	0	0	0	0	0
449	I	0	0	0	0	0	0	0
450	H	0	0	0	0	0	0	0
451	P	0	0	0	0	0	0	0
452	R	0	0	0	0	0	0	0
453	Y	0	0	0	0	0	0	0
454	N	0	0	0	0	0	0	0
455	W	0	0	0	0	0	0	0
456	R	0	0	0	0	0	0	0
457	E	0	0	0	0	0	0	0
458	N	0	0	0	0	0	0	0
459	L	0	0	0	0	0	0	0
460	D	0	0	0	0	0	0	0
461	R	0	0	0	0	0	0	0
462	D	0	0	0	0	0	0	0
463	I	0	0	0	0	0	0	0
464	A	0	0	0	0	0	0	0
465	L	0	0	0	0	0	0	0
466	M	0	0	0	0	0	0	0
467	K	0	0	0	0	0	0	0
468	L	0	0	0	0	0	0	0
469	K	0	0	0	0	0	0	0
470	K	0	0	0	0	0	0	0
471	P	0	0	0	0	0	0	0
472	V	0	0	0	0	0	0	0
473	A	0	0	0	0	0	0	0
474	F	0	0	0	0	0	0	0
475	S	0	0	0	0	0	0	0
476	D	0	0	0	0	0	0	0
477	Y	0	0	0	0	0	0	0
478	I	0	0	0	0	0	0	0
479	H	0	0	0	0	0	0	0
480	P	0	0	0	0	0	0	0
481	V	0	0	0	0	0	0	0
482	C	0	0	0	0	0	0	0
483	L	0	0	0	0	0	0	0
484	P	0	0	0	0	0	0	0
485	D	0	0	0	0	0	0	0
486	R	0	0	0	0	0	0	0
487	E	0	0	0	0	0	0	0
488	T	0	0	0	0	0	0	0
489	A	0	0	0	0	0	0	0
490	A	0	0	0	0	0	0	0
491	S	0	0	0	0	0	0	0
492	L	0	0	0	0	0	0	0
493	L	0	0	0	0	0	0	0
494	Q	0	0	0	0	0	0	0
495	A	0	0	0	0	0	0	0
496	G	0	0	0	0	0	0	0
497	Y	0	0	0	0	0	0	0
498	K	0	0	0	0	0	0	0
499	G	0	0	0	0	0	0	0
500	R	0	0	0	0	0	0	0
501	V	0	0	0	0	0	0	0
502	T	0	0	0	0	0	0	0
503	G	0	0	0	0	0	0	0
504	W	0	0	0	0	0	0	0
505	G	0	0	0	0	0	0	0
506	N	0	0	0	0	0	0	0
507	L	0	0	0	0	0	0	0
508	K	0	0	0	0	0	0	0
509	E	0	0	0	0	0	0	0
510	T	0	0	0	0	0	0	0
511	W	0	0	0	0	0	0	0
512	T	0	0	0	0	0	0	0
513	A	0	0	0	0	0	0	0
514	N	0	0	0	0	0	0	0
515	V	0	0	0	0	0	0	0
516	G	0	0	0	0	0	0	0
517	K	0	0	0	0	0	0	0
518	G	0	0	0	0	0	0	0
519	Q	0	0	0	0	0	0	0
520	P	0	0	0	0	0	0	0
521	S	0	0	0	0	0	0	0
522	V	0	0	0	0	0	0	0
523	L	0	0	0	0	0	0	0
524	Q	0	0	0	0	0	0	0
525	V	0	0	0	0	0	0	0
526	V	0	0	0	0	0	0	0
527	N	0	0	0	0	0	0	0
528	L	0	0	0	0	0	0	0
529	P	0	0	0	0	0	0	0
530	I	0	0	0	0	0	0	0
531	V	0	0	0	0	0	0	0
532	E	0	0	0	0	0	0	0
533	R	0	0	0	0	0	0	0
534	P	0	0	0	0	0	0	0
535	V	0	0	0	0	0	0	0
536	C	0	0	0	0	0	0	0
537	K	0	0	0	0	0	0	0
538	D	0	0	0	0	0	0	0
539	S	Phosphoserine	ERPVCKDSTRIRITD	ECCCCCCCCEEEEEC	0	0	0	0
540	T	Phosphothreonine	RPVCKDSTRIRITDN	CCCCCCCCEEEEECC	0	0	0	0
541	R	0	0	0	0	0	0	0
542	I	0	0	0	0	0	0	0
543	R	0	0	0	0	0	0	0
544	I	0	0	0	0	0	0	0
545	T	0	0	0	0	0	0	0
546	D	0	0	0	0	0	0	0
547	N	0	0	0	0	0	0	0
548	M	0	0	0	0	0	0	0
549	F	0	0	0	0	0	0	0
550	C	0	0	0	0	0	0	0
551	A	0	0	0	0	0	0	0
552	G	0	0	0	0	0	0	0
553	Y	0	0	0	0	0	0	0
554	K	0	0	0	0	0	0	0
555	P	0	0	0	0	0	0	0
556	D	0	0	0	0	0	0	0
557	E	0	0	0	0	0	0	0
558	G	0	0	0	0	0	0	0
559	K	0	0	0	0	0	0	0
560	R	0	0	0	0	0	0	0
561	G	0	0	0	0	0	0	0
562	D	0	0	0	0	0	0	0
563	A	0	0	0	0	0	0	0
564	C	0	0	0	0	0	0	0
565	E	0	0	0	0	0	0	0
566	G	0	0	0	0	0	0	0
567	D	0	0	0	0	0	0	0
568	S	0	0	0	0	0	0	0
569	G	0	0	0	0	0	0	0
570	G	0	0	0	0	0	0	0
571	P	0	0	0	0	0	0	0
572	F	0	0	0	0	0	0	0
573	V	0	0	0	0	0	0	0
574	M	0	0	0	0	0	0	0
575	K	0	0	0	0	0	0	0
576	S	0	0	0	0	0	0	0
577	P	0	0	0	0	0	0	0
578	F	0	0	0	0	0	0	0
579	N	0	0	0	0	0	0	0
580	N	0	0	0	0	0	0	0
581	R	0	0	0	0	0	0	0
582	W	0	0	0	0	0	0	0
583	Y	0	0	0	0	0	0	0
584	Q	0	0	0	0	0	0	0
585	M	0	0	0	0	0	0	0
586	G	0	0	0	0	0	0	0
587	I	0	0	0	0	0	0	0
588	V	0	0	0	0	0	0	0
589	S	0	0	0	0	0	0	0
590	W	0	0	0	0	0	0	0
591	G	0	0	0	0	0	0	0
592	E	0	0	0	0	0	0	0
593	G	0	0	0	0	0	0	0
594	C	0	0	0	0	0	0	0
595	D	0	0	0	0	0	0	0
596	R	0	0	0	0	0	0	0
597	D	0	0	0	0	0	0	0
598	G	0	0	0	0	0	0	0
599	K	N-acetyllysine	EGCDRDGKYGFYTHV	CCCCCCCCCEEEHHH	0	0	0	0
600	Y	0	0	0	0	0	0	0
601	G	0	0	0	0	0	0	0
602	F	0	0	0	0	0	0	0
603	Y	0	0	0	0	0	0	0
604	T	0	0	0	0	0	0	0
605	H	0	0	0	0	0	0	0
606	V	0	0	0	0	0	0	0
607	F	0	0	0	0	0	0	0
608	R	0	0	0	0	0	0	0
609	L	0	0	0	0	0	0	0
610	K	0	0	0	0	0	0	0
611	K	0	0	0	0	0	0	0
612	W	0	0	0	0	0	0	0
613	I	0	0	0	0	0	0	0
614	Q	0	0	0	0	0	0	0
615	K	0	0	0	0	0	0	0
616	V	0	0	0	0	0	0	0
617	I	0	0	0	0	0	0	0
618	D	0	0	0	0	0	0	0
619	Q	0	0	0	0	0	0	0
620	F	0	0	0	0	0	0	0
621	G	0	0	0	0	0	0	0
622	E	0	0	0	0	0	0	0
