location	residue	Modification	seq	secStruc	RelatedDisease	VariantPosition	ResidueChange	DaPSbySAP
1	M	0	0	0	0	0	0	0
2	A	0	0	0	0	0	0	0
3	K	0	0	0	0	0	0	0
4	P	0	0	0	0	0	0	0
5	T	0	0	0	0	0	0	0
6	S	0	0	0	0	0	0	0
7	K	N-acetyllysine	-MAKPTSKDSGLKEK	-CCCCCCCCCCHHHH	0	0	0	0
8	D	0	0	0	0	0	0	0
9	S	0	0	0	0	0	0	0
10	G	0	0	0	0	0	0	0
11	L	0	0	0	0	0	0	0
12	K	N-acetyllysine	TSKDSGLKEKFKILL	CCCCCCHHHHHHHHH	0	0	0	0
13	E	0	0	0	0	0	0	0
14	K	0	0	0	0	0	0	0
15	F	0	0	0	0	0	0	0
16	K	0	0	0	0	0	0	0
17	I	0	0	0	0	0	0	0
18	L	0	0	0	0	0	0	0
19	L	0	0	0	0	0	0	0
20	G	0	0	0	0	0	0	0
21	L	0	0	0	0	0	0	0
22	G	0	0	0	0	0	0	0
23	T	Phosphothreonine	KILLGLGTPRPNPRS	HHHHCCCCCCCCCCC	0	0	0	0
24	P	0	0	0	0	0	0	0
25	R	0	0	0	0	0	0	0
26	P	0	0	0	0	0	0	0
27	N	0	0	0	0	0	0	0
28	P	0	0	0	0	0	0	0
29	R	0	0	0	0	0	0	0
30	S	0	0	0	0	0	0	0
31	A	0	0	0	0	0	0	0
32	E	0	0	0	0	0	0	0
33	G	0	0	0	0	0	0	0
34	K	0	0	0	0	0	0	0
35	Q	0	0	0	0	0	0	0
36	T	0	0	0	0	0	0	0
37	E	0	0	0	0	0	0	0
38	F	0	0	0	0	0	0	0
39	I	0	0	0	0	0	0	0
40	I	0	0	0	0	0	0	0
41	T	0	0	0	0	0	0	0
42	A	0	0	0	0	0	0	0
43	E	0	0	0	0	0	0	0
44	I	0	0	0	0	0	0	0
45	L	0	0	0	0	0	0	0
46	R	0	0	0	0	0	0	0
47	E	0	0	0	0	0	0	0
48	L	0	0	0	0	0	0	0
49	S	0	0	0	0	0	0	0
50	M	0	0	0	0	0	0	0
51	E	0	0	0	0	0	0	0
52	C	0	0	0	0	0	0	0
53	G	0	0	0	0	0	0	0
54	L	0	0	0	0	0	0	0
55	N	0	0	0	0	0	0	0
56	N	0	0	0	0	0	0	0
57	R	0	0	0	0	0	0	0
58	I	0	0	0	0	0	0	0
59	R	0	0	0	0	0	0	0
60	M	0	0	0	0	0	0	0
61	I	0	0	0	0	0	Q;P;L	69
62	G	0	0	0	0	0	0	0
63	Q	0	0	0	0	0	0	0
64	I	0	0	0	0	0	0	0
65	C	0	0	0	0	0	0	0
66	E	0	0	0	0	0	0	0
67	V	0	0	0	0	0	0	0
68	A	0	0	0	0	0	0	0
69	K	N-acetyllysine	GQICEVAKTKKFEEH	HHHHHHHCCCCHHHH	Obesity-related traits:IGFBP-3 measurement	61 (8)	0	0
70	T	0	0	0	0	0	0	0
71	K	0	0	0	0	0	0	0
72	K	Ubiquitinlysine	CEVAKTKKFEEHAVE	HHHHCCCCHHHHHHH	0	0	0	0
73	F	0	0	0	0	0	0	0
74	E	0	0	0	0	0	0	0
75	E	0	0	0	0	0	0	0
76	H	0	0	0	0	0	0	0
77	A	0	0	0	0	0	0	0
78	V	0	0	0	0	0	0	0
79	E	0	0	0	0	0	0	0
80	A	0	0	0	0	0	0	0
81	L	0	0	0	0	0	0	0
82	W	0	0	0	0	0	0	0
83	K	0	0	0	0	0	0	0
84	A	0	0	0	0	0	0	0
85	V	0	0	0	0	0	0	0
86	A	0	0	0	0	0	0	0
87	D	0	0	0	0	0	0	0
88	L	0	0	0	0	0	0	0
89	L	0	0	0	0	0	0	0
90	Q	0	0	0	0	0	0	0
91	P	0	0	0	0	0	0	0
92	E	0	0	0	0	0	0	0
93	R	0	0	0	0	0	0	0
94	P	0	0	0	0	0	0	0
95	L	0	0	0	0	0	0	0
96	E	0	0	0	0	0	0	0
97	A	0	0	0	0	0	0	0
98	R	0	0	0	0	0	0	0
99	H	0	0	0	0	0	0	0
100	A	0	0	0	0	0	0	0
101	V	0	0	0	0	0	0	0
102	L	0	0	0	0	0	0	0
103	A	0	0	0	0	0	0	0
104	L	0	0	0	0	0	0	0
105	L	0	0	0	0	0	0	0
106	K	0	0	0	0	0	0	0
107	A	0	0	0	0	0	0	0
108	I	0	0	0	0	0	0	0
109	V	0	0	0	0	0	0	0
110	Q	0	0	0	0	0	0	0
111	G	0	0	0	0	0	0	0
112	Q	0	0	0	0	0	0	0
113	G	0	0	0	0	0	0	0
114	E	0	0	0	0	0	0	0
115	R	0	0	0	0	0	0	0
116	L	0	0	0	0	0	0	0
117	G	0	0	0	0	0	0	0
118	V	0	0	0	0	0	0	0
119	L	0	0	0	0	0	0	0
120	R	0	0	0	0	0	0	0
121	A	0	0	0	0	0	0	0
122	L	0	0	0	0	0	0	0
123	F	0	0	0	0	0	0	0
124	F	0	0	0	0	0	0	0
125	K	0	0	0	0	0	0	0
126	V	0	0	0	0	0	0	0
127	I	0	0	0	0	0	0	0
128	K	0	0	0	0	0	0	0
129	D	0	0	0	0	0	0	0
130	Y	0	0	0	0	0	0	0
131	P	0	0	0	0	0	0	0
132	S	0	0	0	0	0	0	0
133	N	0	0	0	0	0	0	0
134	E	0	0	0	0	0	0	0
135	D	0	0	0	0	0	0	0
136	L	0	0	0	0	0	0	0
137	H	0	0	0	0	0	0	0
138	E	0	0	0	0	0	0	0
139	R	0	0	0	0	0	0	0
140	L	0	0	0	0	0	0	0
141	E	0	0	0	0	0	0	0
142	V	0	0	0	0	0	0	0
143	F	0	0	0	0	0	0	0
144	K	Ubiquitinlysine	HERLEVFKALTDNGR	HHHHHHHHHHHCCCC	0	0	0	0
145	A	0	0	0	0	0	0	0
146	L	0	0	0	0	0	0	0
147	T	0	0	0	0	0	0	0
148	D	0	0	0	0	0	0	0
149	N	0	0	0	0	0	0	0
150	G	0	0	0	0	0	0	0
151	R	0	0	0	0	0	0	0
152	H	0	0	0	0	0	0	0
153	I	0	0	0	0	0	0	0
154	T	0	0	0	0	0	0	0
155	Y	0	0	0	0	0	0	0
156	L	0	0	0	0	0	0	0
157	E	0	0	0	0	0	0	0
158	E	0	0	0	0	0	0	0
159	E	0	0	0	0	0	0	0
160	L	0	0	0	0	0	0	0
161	A	0	0	0	0	0	0	0
162	D	0	0	0	0	0	0	0
163	F	0	0	0	0	0	0	0
164	V	0	0	0	0	0	0	0
165	L	0	0	0	0	0	0	0
166	Q	0	0	0	0	0	0	0
167	W	0	0	0	0	0	0	0
168	M	0	0	0	0	0	0	0
169	D	0	0	0	0	0	0	0
170	V	0	0	0	0	0	0	0
171	G	0	0	0	0	0	0	0
172	L	0	0	0	0	0	0	0
173	S	0	0	0	0	0	0	0
174	S	0	0	0	0	0	0	0
175	E	0	0	0	0	0	0	0
176	F	0	0	0	0	0	0	0
177	L	0	0	0	0	0	0	0
178	L	0	0	0	0	0	0	0
179	V	0	0	0	0	0	0	0
180	L	0	0	0	0	0	0	0
181	V	0	0	0	0	0	0	0
182	N	0	0	0	0	0	0	0
183	L	0	0	0	0	0	0	0
184	V	0	0	0	0	0	0	0
185	K	0	0	0	0	0	0	0
186	F	0	0	0	0	0	0	0
187	N	0	0	0	0	0	0	0
188	S	Phosphoserine	VNLVKFNSCYLDEYI	HHHHCCCCCCHHHHH	0	0	0	0
189	C	0	0	0	0	0	0	0
190	Y	0	0	0	0	0	0	0
191	L	0	0	0	0	0	0	0
192	D	0	0	0	0	0	0	0
193	E	0	0	0	0	0	0	0
194	Y	0	0	0	0	0	0	0
195	I	0	0	0	0	0	0	0
196	A	0	0	0	0	0	0	0
197	R	0	0	0	0	0	0	0
198	M	0	0	0	0	0	0	0
199	V	0	0	0	0	0	0	0
200	Q	0	0	0	0	0	0	0
201	M	0	0	0	0	0	0	0
202	I	0	0	0	0	0	0	0
203	C	0	0	0	0	0	0	0
204	L	0	0	0	0	0	0	0
205	L	0	0	0	0	0	0	0
206	C	0	0	0	0	0	0	0
207	V	0	0	0	0	0	0	0
208	R	0	0	0	0	0	0	0
209	T	0	0	0	0	0	0	0
210	A	0	0	0	0	0	0	0
211	S	0	0	0	0	0	0	0
212	S	0	0	0	0	0	0	0
213	V	0	0	0	0	0	0	0
214	D	0	0	0	0	0	0	0
215	I	0	0	0	0	0	0	0
216	E	0	0	0	0	0	0	0
217	V	0	0	0	0	0	0	0
218	S	0	0	0	0	0	0	0
219	L	0	0	0	0	0	0	0
220	Q	0	0	0	0	0	0	0
221	V	0	0	0	0	0	0	0
222	L	0	0	0	0	0	0	0
223	D	0	0	0	0	0	0	0
224	A	0	0	0	0	0	0	0
225	V	0	0	0	0	0	0	0
226	V	0	0	0	0	0	0	0
227	C	0	0	0	0	0	0	0
228	Y	0	0	0	0	0	0	0
229	N	0	0	0	0	0	0	0
230	C	0	0	0	0	0	0	0
231	L	0	0	0	0	0	0	0
232	P	0	0	0	0	0	0	0
233	A	0	0	0	0	0	0	0
234	E	0	0	0	0	0	0	0
235	S	0	0	0	0	0	0	0
236	L	0	0	0	0	0	0	0
237	P	0	0	0	0	0	0	0
238	L	0	0	0	0	0	0	0
239	F	0	0	0	0	0	0	0
240	I	0	0	0	0	0	0	0
241	V	0	0	0	0	0	0	0
242	T	0	0	0	0	0	0	0
243	L	0	0	0	0	0	0	0
244	C	0	0	0	0	0	0	0
245	R	0	0	0	0	0	0	0
246	T	0	0	0	0	0	0	0
247	I	0	0	0	0	0	0	0
248	N	0	0	0	0	0	0	0
249	V	0	0	0	0	0	0	0
250	K	0	0	0	0	0	0	0
251	E	0	0	0	0	0	0	0
252	L	0	0	0	0	0	0	0
253	C	0	0	0	0	0	0	0
254	E	0	0	0	0	0	0	0
255	P	0	0	0	0	0	0	0
256	C	0	0	0	0	0	0	0
257	W	0	0	0	0	0	0	0
258	K	0	0	0	0	0	0	0
259	L	0	0	0	0	0	0	0
260	M	0	0	0	0	0	0	0
261	R	0	0	0	0	0	0	0
262	N	0	0	0	0	0	0	0
263	L	0	0	0	0	0	0	0
264	L	0	0	0	0	0	0	0
265	G	0	0	0	0	0	0	0
266	T	0	0	0	0	0	0	0
267	H	0	0	0	0	0	0	0
268	L	0	0	0	0	0	0	0
269	G	0	0	0	0	0	0	0
270	H	0	0	0	0	0	0	0
271	S	0	0	0	0	0	0	0
272	A	0	0	0	0	0	0	0
273	I	0	0	0	0	0	0	0
274	Y	0	0	0	0	0	0	0
275	N	0	0	0	0	0	0	0
276	M	0	0	0	0	0	0	0
277	C	0	0	0	0	0	0	0
278	H	0	0	0	0	0	0	0
279	L	0	0	0	0	0	0	0
280	M	0	0	0	0	0	0	0
281	E	0	0	0	0	0	0	0
282	D	0	0	0	0	0	0	0
283	R	0	0	0	0	0	0	0
284	A	0	0	0	0	0	0	0
285	Y	0	0	0	0	0	0	0
286	M	0	0	0	0	0	0	0
287	E	0	0	0	0	0	0	0
288	D	0	0	0	0	0	0	0
289	A	0	0	0	0	0	0	0
290	P	0	0	0	0	0	0	0
291	L	0	0	0	0	0	0	0
292	L	0	0	0	0	0	0	0
293	R	0	0	0	0	0	0	0
294	G	0	0	0	0	0	0	0
295	A	0	0	0	0	0	0	0
296	V	0	0	0	0	0	0	0
297	F	0	0	0	0	0	0	0
298	F	0	0	0	0	0	0	0
299	V	0	0	0	0	0	0	0
300	G	0	0	0	0	0	0	0
301	M	0	0	0	0	0	0	0
302	A	0	0	0	0	0	0	0
303	L	0	0	0	0	0	0	0
304	W	0	0	0	0	0	0	0
305	G	0	0	0	0	0	0	0
306	A	0	0	0	0	0	0	0
307	H	0	0	0	0	0	0	0
308	R	0	0	0	0	0	0	0
309	L	0	0	0	0	0	0	0
310	Y	0	0	0	0	0	0	0
311	S	0	0	0	0	0	0	0
312	L	0	0	0	0	0	0	0
313	R	0	0	0	0	0	0	0
314	N	0	0	0	0	0	0	0
315	S	0	0	0	0	0	0	0
316	P	0	0	0	0	0	0	0
317	T	0	0	0	0	0	0	0
318	S	0	0	0	0	0	0	0
319	V	0	0	0	0	0	0	0
320	L	0	0	0	0	0	0	0
321	P	0	0	0	0	0	0	0
322	S	0	0	0	0	0	0	0
323	F	0	0	0	0	0	0	0
324	Y	0	0	0	0	0	0	0
325	Q	0	0	0	0	0	0	0
326	A	0	0	0	0	0	0	0
327	M	0	0	0	0	0	0	0
328	A	0	0	0	0	0	0	0
329	C	0	0	0	0	0	0	0
330	P	0	0	0	0	0	0	0
331	N	0	0	0	0	0	0	0
332	E	0	0	0	0	0	0	0
333	V	0	0	0	0	0	0	0
334	V	0	0	0	0	0	0	0
335	S	0	0	0	0	0	0	0
336	Y	0	0	0	0	0	0	0
337	E	0	0	0	0	0	0	0
338	I	0	0	0	0	0	0	0
339	V	0	0	0	0	0	0	0
340	L	0	0	0	0	0	0	0
341	S	0	0	0	0	0	0	0
342	I	0	0	0	0	0	0	0
343	T	0	0	0	0	0	0	0
344	R	0	0	0	0	0	0	0
345	L	0	0	0	0	0	0	0
346	I	0	0	0	0	0	0	0
347	K	0	0	0	0	0	0	0
348	K	0	0	0	0	0	0	0
349	Y	0	0	0	0	0	0	0
350	R	0	0	0	0	0	0	0
351	K	0	0	0	0	0	0	0
352	E	0	0	0	0	0	0	0
353	L	0	0	0	0	0	0	0
354	Q	0	0	0	0	0	0	0
355	V	0	0	0	0	0	0	0
356	V	0	0	0	0	0	0	0
357	A	0	0	0	0	0	0	0
358	W	0	0	0	0	0	0	0
359	D	0	0	0	0	0	0	0
360	I	0	0	0	0	0	0	0
361	L	0	0	0	0	0	0	0
362	L	0	0	0	0	0	0	0
363	N	0	0	0	0	0	0	0
364	I	0	0	0	0	0	0	0
365	I	0	0	0	0	0	0	0
366	E	0	0	0	0	0	0	0
367	R	0	0	0	0	0	0	0
368	L	0	0	0	0	0	0	0
369	L	0	0	0	0	0	0	0
370	Q	0	0	0	0	0	0	0
371	Q	0	0	0	0	0	0	0
372	L	0	0	0	0	0	0	0
373	Q	0	0	0	0	0	0	0
374	T	0	0	0	0	0	0	0
375	L	0	0	0	0	0	0	0
376	D	0	0	0	0	0	0	0
377	S	0	0	0	0	0	0	0
378	P	0	0	0	0	0	0	0
379	E	0	0	0	0	0	0	0
380	L	0	0	0	0	0	0	0
381	R	0	0	0	0	0	0	0
382	T	0	0	0	0	0	0	0
383	I	0	0	0	0	0	0	0
384	V	0	0	0	0	0	0	0
385	H	0	0	0	0	0	0	0
386	D	0	0	0	0	0	0	0
387	L	0	0	0	0	0	0	0
388	L	0	0	0	0	0	0	0
389	T	0	0	0	0	0	0	0
390	T	0	0	0	0	0	0	0
391	V	0	0	0	0	0	0	0
392	E	0	0	0	0	0	0	0
393	E	0	0	0	0	0	0	0
394	L	0	0	0	0	0	0	0
395	C	0	0	0	0	0	0	0
396	D	0	0	0	0	0	0	0
397	Q	0	0	0	0	0	0	0
398	N	0	0	0	0	0	0	0
399	E	0	0	0	0	0	0	0
400	F	0	0	0	0	0	0	0
401	H	Ubiquitinlysine	LCDQNEFHGSQERYF	HHHCCCCCCCHHHHH	0	0	0	0
402	G	0	0	0	0	0	0	0
403	S	0	0	0	0	0	0	0
404	Q	0	0	0	0	0	0	0
405	E	0	0	0	0	0	0	0
406	R	0	0	0	0	0	0	0
407	Y	0	0	0	0	0	0	0
408	F	0	0	0	0	0	0	0
409	E	0	0	0	0	0	0	0
410	L	0	0	0	0	0	0	0
411	V	0	0	0	0	0	0	0
412	E	0	0	0	0	0	0	0
413	R	0	0	0	0	0	0	0
414	C	0	0	0	0	0	0	0
415	A	0	0	0	0	0	0	0
416	D	0	0	0	0	0	0	0
417	Q	0	0	0	0	0	0	0
418	R	0	0	0	0	0	0	0
419	P	0	0	0	0	0	0	0
420	E	0	0	0	0	0	0	0
421	S	0	0	0	0	0	0	0
422	S	0	0	0	0	0	0	0
423	L	0	0	0	0	0	0	0
424	L	0	0	0	0	0	0	0
425	N	0	0	0	0	0	0	0
426	L	0	0	0	0	0	0	0
427	I	0	0	0	0	0	0	0
428	S	0	0	0	0	0	0	0
429	Y	0	0	0	0	0	0	0
430	R	0	0	0	0	0	0	0
431	A	0	0	0	0	0	0	0
432	Q	0	0	0	0	0	0	0
433	S	0	0	0	0	0	0	0
434	I	0	0	0	0	0	0	0
435	H	0	0	0	0	0	0	0
436	P	0	0	0	0	0	0	0
437	A	0	0	0	0	0	0	0
438	K	Ubiquitinlysine	AQSIHPAKDGWIQNL	HCCCCCCCCCHHHHH	0	0	0	0
439	D	0	0	0	0	0	0	0
440	G	0	0	0	0	0	0	0
441	W	0	0	0	0	0	0	0
442	I	0	0	0	0	0	0	0
443	Q	0	0	0	0	0	0	0
444	N	0	0	0	0	0	0	0
445	L	0	0	0	0	0	0	0
446	Q	0	0	0	0	0	0	0
447	A	0	0	0	0	0	0	0
448	L	0	0	0	0	0	0	0
449	M	0	0	0	0	0	0	0
450	E	0	0	0	0	0	0	0
451	R	0	0	0	0	0	0	0
452	F	0	0	0	0	0	0	0
453	F	0	0	0	0	0	0	0
454	R	0	0	0	0	0	0	0
455	S	0	0	0	0	0	0	0
456	E	0	0	0	0	0	0	0
457	S	0	0	0	0	0	0	0
458	R	0	0	0	0	0	0	0
459	G	0	0	0	0	0	0	0
460	A	0	0	0	0	0	0	0
461	V	0	0	0	0	0	0	0
462	R	0	0	0	0	0	0	0
463	I	0	0	0	0	0	0	0
464	K	0	0	0	0	0	0	0
465	V	0	0	0	0	0	0	0
466	L	0	0	0	0	0	0	0
467	D	0	0	0	0	0	0	0
468	V	0	0	0	0	0	0	0
469	L	0	0	0	0	0	0	0
470	S	0	0	0	0	0	0	0
471	F	0	0	0	0	0	0	0
472	V	0	0	0	0	0	0	0
473	L	0	0	0	0	0	0	0
474	L	0	0	0	0	0	0	0
475	I	0	0	0	0	0	0	0
476	N	0	0	0	0	0	0	0
477	R	0	0	0	0	0	0	0
478	Q	0	0	0	0	0	0	0
479	F	0	0	0	0	0	0	0
480	Y	0	0	0	0	0	0	0
481	E	0	0	0	0	0	0	0
482	E	0	0	0	0	0	0	0
483	E	0	0	0	0	0	0	0
484	L	0	0	0	0	0	0	0
485	I	0	0	0	0	0	0	0
486	N	0	0	0	0	0	0	0
487	S	0	0	0	0	0	0	0
488	V	0	0	0	0	0	0	0
489	V	0	0	0	0	0	0	0
490	I	0	0	0	0	0	0	0
491	S	0	0	0	0	0	0	0
492	Q	0	0	0	0	0	0	0
493	L	0	0	0	0	0	0	0
494	S	0	0	0	0	0	0	0
495	H	0	0	0	0	0	0	0
496	I	0	0	0	0	0	0	0
497	P	0	0	0	0	0	0	0
498	E	0	0	0	0	0	0	0
499	D	0	0	0	0	0	0	0
500	K	0	0	0	0	0	0	0
501	D	0	0	0	0	0	0	0
502	H	0	0	0	0	0	0	0
503	Q	0	0	0	0	0	0	0
504	V	0	0	0	0	0	0	0
505	R	0	0	0	0	0	0	0
506	K	0	0	0	0	0	0	0
507	L	0	0	0	0	0	0	0
508	A	0	0	0	0	0	0	0
509	T	0	0	0	0	0	0	0
510	Q	0	0	0	0	0	0	0
511	L	0	0	0	0	0	0	0
512	L	0	0	0	0	0	0	0
513	V	0	0	0	0	0	0	0
514	D	0	0	0	0	0	0	0
515	L	0	0	0	0	0	0	0
516	A	0	0	0	0	0	0	0
517	E	0	0	0	0	0	0	0
518	G	0	0	0	0	0	0	0
519	C	0	0	0	0	0	0	0
520	H	0	0	0	0	0	0	0
521	T	0	0	0	0	0	0	0
522	H	0	0	0	0	0	0	0
523	H	0	0	0	0	0	0	0
524	F	0	0	0	0	0	0	0
525	N	0	0	0	0	0	0	0
526	S	0	0	0	0	0	0	0
527	L	0	0	0	0	0	0	0
528	L	0	0	0	0	0	0	0
529	D	0	0	0	0	0	0	0
530	I	0	0	0	0	0	0	0
531	I	0	0	0	0	0	0	0
532	E	0	0	0	0	0	0	0
533	K	0	0	0	0	0	0	0
534	V	0	0	0	0	0	0	0
535	M	0	0	0	0	0	0	0
536	A	0	0	0	0	0	0	0
537	R	0	0	0	0	0	0	0
538	S	0	0	0	0	0	0	0
539	L	0	0	0	0	0	0	0
540	S	Phosphoserine	KVMARSLSPPPELEE	HHHHHHCCCCCCHHH	0	0	0	0
541	P	0	0	0	0	0	0	0
542	P	0	0	0	0	0	0	0
543	P	0	0	0	0	0	0	0
544	E	0	0	0	0	0	0	0
545	L	0	0	0	0	0	0	0
546	E	0	0	0	0	0	0	0
547	E	0	0	0	0	0	0	0
548	R	0	0	0	0	0	0	0
549	D	0	0	0	0	0	0	0
550	V	0	0	0	0	0	0	0
551	A	0	0	0	0	0	0	0
552	A	0	0	0	0	0	0	0
553	Y	0	0	0	0	0	0	0
554	S	0	0	0	0	0	0	0
555	A	0	0	0	0	0	0	0
556	S	0	0	0	0	0	0	0
557	L	0	0	0	0	0	0	0
558	E	0	0	0	0	0	0	0
559	D	0	0	0	0	0	0	0
560	V	0	0	0	0	0	0	0
561	K	0	0	0	0	0	0	0
562	T	0	0	0	0	0	0	0
563	A	0	0	0	0	0	0	0
564	V	0	0	0	0	0	0	0
565	L	0	0	0	0	0	0	0
566	G	0	0	0	0	0	0	0
567	L	0	0	0	0	0	0	0
568	L	0	0	0	0	0	0	0
569	V	0	0	0	0	0	0	0
570	I	0	0	0	0	0	0	0
571	L	0	0	0	0	0	0	0
572	Q	0	0	0	0	0	0	0
573	T	0	0	0	0	0	0	0
574	K	0	0	0	0	0	0	0
575	L	0	0	0	0	0	0	0
576	Y	0	0	0	0	0	0	0
577	T	0	0	0	0	0	0	0
578	L	0	0	0	0	0	0	0
579	P	0	0	0	0	0	0	0
580	A	0	0	0	0	0	0	0
581	S	0	0	0	0	0	0	0
582	H	0	0	0	0	0	0	0
583	A	0	0	0	0	0	0	0
584	T	0	0	0	0	0	0	0
585	R	0	0	0	0	0	0	0
586	V	0	0	0	0	0	0	0
587	Y	0	0	0	0	0	0	0
588	E	0	0	0	0	0	0	0
589	M	0	0	0	0	0	0	0
590	L	0	0	0	0	0	0	0
591	V	0	0	0	0	0	0	0
592	S	0	0	0	0	0	0	0
593	H	0	0	0	0	0	0	0
594	I	0	0	0	0	0	0	0
595	Q	0	0	0	0	0	0	0
596	L	0	0	0	0	0	0	0
597	H	0	0	0	0	0	0	0
598	Y	0	0	0	0	0	0	0
599	K	0	0	0	0	0	0	0
600	H	0	0	0	0	0	0	0
601	S	0	0	0	0	0	0	0
602	Y	Phosphotyrosine	QLHYKHSYTLPIASS	HCCCCCCCCCCCCCH	0	0	0	0
603	T	0	0	0	0	0	0	0
604	L	0	0	0	0	0	0	0
605	P	0	0	0	0	0	0	0
606	I	0	0	0	0	0	0	0
607	A	0	0	0	0	0	0	0
608	S	Phosphoserine	SYTLPIASSIRLQAF	CCCCCCCCHHHHHHH	0	0	0	0
609	S	0	0	0	0	0	0	0
610	I	0	0	0	0	0	0	0
611	R	0	0	0	0	0	0	0
612	L	0	0	0	0	0	0	0
613	Q	0	0	0	0	0	0	0
614	A	0	0	0	0	0	0	0
615	F	0	0	0	0	0	0	0
616	D	0	0	0	0	0	0	0
617	F	0	0	0	0	0	0	0
618	L	0	0	0	0	0	0	0
619	L	0	0	0	0	0	0	0
620	L	0	0	0	0	0	0	0
621	L	0	0	0	0	0	0	0
622	R	0	0	0	0	0	0	0
623	A	0	0	0	0	0	0	0
624	D	0	0	0	0	0	0	0
625	S	0	0	0	0	0	0	0
626	L	0	0	0	0	0	0	0
627	H	0	0	0	0	0	0	0
628	R	0	0	0	0	0	0	0
629	L	0	0	0	0	0	0	0
630	G	0	0	0	0	0	0	0
631	L	0	0	0	0	0	0	0
632	P	0	0	0	0	0	0	0
633	N	0	0	0	0	0	0	0
634	K	0	0	0	0	0	0	0
635	D	0	0	0	0	0	0	0
636	G	0	0	0	0	0	0	0
637	V	0	0	0	0	0	0	0
638	V	0	0	0	0	0	0	0
639	R	0	0	0	0	0	0	0
640	F	0	0	0	0	0	0	0
641	S	0	0	0	0	0	0	0
642	P	0	0	0	0	0	0	0
643	Y	0	0	0	0	0	0	0
644	C	0	0	0	0	0	0	0
645	V	0	0	0	0	0	0	0
646	C	0	0	0	0	0	0	0
647	D	0	0	0	0	0	0	0
648	Y	0	0	0	0	0	0	0
649	M	0	0	0	0	0	0	0
650	E	0	0	0	0	0	0	0
651	P	0	0	0	0	0	0	0
652	E	0	0	0	0	0	0	0
653	R	0	0	0	0	0	0	0
654	G	0	0	0	0	0	0	0
655	S	0	0	0	0	0	0	0
656	E	0	0	0	0	0	0	0
657	K	0	0	0	0	0	0	0
658	K	0	0	0	0	0	0	0
659	T	Phosphothreonine	ERGSEKKTSGPLSPP	CCCCCCCCCCCCCCC	0	0	0	0
660	S	0	0	0	0	0	0	0
661	G	0	0	0	0	0	0	0
662	P	0	0	0	0	0	0	0
663	L	0	0	0	0	0	0	0
664	S	Phosphoserine	KKTSGPLSPPTGPPG	CCCCCCCCCCCCCCC	0	0	0	0
665	P	0	0	0	0	0	0	0
666	P	0	0	0	0	0	0	0
667	T	0	0	0	0	0	0	0
668	G	0	0	0	0	0	0	0
669	P	0	0	0	0	0	0	0
670	P	0	0	0	0	0	0	0
671	G	0	0	0	0	0	0	0
672	P	0	0	0	0	0	0	0
673	A	0	0	0	0	0	0	0
674	P	0	0	0	0	0	0	0
675	A	0	0	0	0	0	0	0
676	G	0	0	0	0	0	0	0
677	P	0	0	0	0	0	0	0
678	A	0	0	0	0	0	0	0
679	V	0	0	0	0	0	0	0
680	R	0	0	0	0	0	0	0
681	L	0	0	0	0	0	0	0
682	G	0	0	0	0	0	0	0
683	S	0	0	0	0	0	0	0
684	V	0	0	0	0	0	0	0
685	P	0	0	0	0	0	0	0
686	Y	0	0	0	0	0	0	0
687	S	0	0	0	0	0	0	0
688	L	0	0	0	0	0	0	0
689	L	0	0	0	0	0	0	0
690	F	0	0	0	0	0	0	0
691	R	0	0	0	0	0	0	0
692	V	0	0	0	0	0	0	0
693	L	0	0	0	0	0	0	0
694	L	0	0	0	0	0	0	0
695	Q	0	0	0	0	0	0	0
696	C	0	0	0	0	0	0	0
697	L	0	0	0	0	0	0	0
698	K	0	0	0	0	0	0	0
699	Q	0	0	0	0	0	0	0
700	E	0	0	0	0	0	0	0
701	S	0	0	0	0	0	0	0
702	D	0	0	0	0	0	0	0
703	W	0	0	0	0	0	0	0
704	K	0	0	0	0	0	0	0
705	V	0	0	0	0	0	0	0
706	L	0	0	0	0	0	0	0
707	K	0	0	0	0	0	0	0
708	L	0	0	0	0	0	0	0
709	V	0	0	0	0	0	0	0
710	L	0	0	0	0	0	0	0
711	G	0	0	0	0	0	0	0
712	R	0	0	0	0	0	0	0
713	L	0	0	0	0	0	0	0
714	P	0	0	0	0	0	0	0
715	E	0	0	0	0	0	0	0
716	S	0	0	0	0	0	0	0
717	L	0	0	0	0	0	0	0
718	R	0	0	0	0	0	0	0
719	Y	0	0	0	0	0	0	0
720	K	0	0	0	0	0	0	0
721	V	0	0	0	0	0	0	0
722	L	0	0	0	0	0	0	0
723	I	0	0	0	0	0	0	0
724	F	0	0	0	0	0	0	0
725	T	0	0	0	0	0	0	0
726	S	0	0	0	0	0	0	0
727	P	0	0	0	0	0	0	0
728	C	0	0	0	0	0	0	0
729	S	0	0	0	0	0	0	0
730	V	0	0	0	0	0	0	0
731	D	0	0	0	0	0	0	0
732	Q	0	0	0	0	0	0	0
733	L	0	0	0	0	0	0	0
734	C	0	0	0	0	0	0	0
735	S	0	0	0	0	0	0	0
736	A	0	0	0	0	0	0	0
737	L	0	0	0	0	0	0	0
738	C	0	0	0	0	0	0	0
739	S	0	0	0	0	0	0	0
740	M	0	0	0	0	0	0	0
741	L	0	0	0	0	0	0	0
742	S	0	0	0	0	0	0	0
743	G	0	0	0	0	0	0	0
744	P	0	0	0	0	0	0	0
745	K	0	0	0	0	0	0	0
746	T	0	0	0	0	0	0	0
747	L	0	0	0	0	0	0	0
748	E	0	0	0	0	0	0	0
749	R	0	0	0	0	0	0	0
750	L	0	0	0	0	0	0	0
751	R	N6-methyllysine	PKTLERLRGAPEGFS	HHHHHHHCCCCCCCC	0	0	0	0
752	G	0	0	0	0	0	0	0
753	A	0	0	0	0	0	0	0
754	P	0	0	0	0	0	0	0
755	E	0	0	0	0	0	0	0
756	G	0	0	0	0	0	0	0
757	F	0	0	0	0	0	0	0
758	S	0	0	0	0	0	0	0
759	R	0	0	0	0	0	0	0
760	T	Phosphothreonine	APEGFSRTDLHLAVV	CCCCCCCHHHHHHHH	0	0	0	0
761	D	0	0	0	0	0	0	0
762	L	0	0	0	0	0	0	0
763	H	0	0	0	0	0	0	0
764	L	0	0	0	0	0	0	0
765	A	0	0	0	0	0	0	0
766	V	0	0	0	0	0	0	0
767	V	0	0	0	0	0	0	0
768	P	0	0	0	0	0	0	0
769	V	0	0	0	0	0	0	0
770	L	0	0	0	0	0	0	0
771	T	0	0	0	0	0	0	0
772	A	0	0	0	0	0	0	0
773	L	0	0	0	0	0	0	0
774	I	0	0	0	0	0	0	0
775	S	0	0	0	0	0	0	0
776	Y	0	0	0	0	0	0	0
777	H	0	0	0	0	0	0	0
778	N	0	0	0	0	0	0	0
779	Y	0	0	0	0	0	0	0
780	L	0	0	0	0	0	0	0
781	D	0	0	0	0	0	0	0
782	K	0	0	0	0	0	0	0
783	T	0	0	0	0	0	0	0
784	K	0	0	0	0	0	0	0
785	Q	0	0	0	0	0	0	0
786	R	0	0	0	0	0	0	0
787	E	0	0	0	0	0	0	0
788	M	0	0	0	0	0	0	0
789	V	0	0	0	0	0	0	0
790	Y	0	0	0	0	0	0	0
791	C	0	0	0	0	0	0	0
792	L	0	0	0	0	0	0	0
793	E	0	0	0	0	0	0	0
794	Q	0	0	0	0	0	0	0
795	G	0	0	0	0	0	0	0
796	L	0	0	0	0	0	0	0
797	I	0	0	0	0	0	0	0
798	H	0	0	0	0	0	0	0
799	R	0	0	0	0	0	0	0
800	C	0	0	0	0	0	0	0
801	A	0	0	0	0	0	0	0
802	S	0	0	0	0	0	0	0
803	Q	0	0	0	0	0	0	0
804	C	0	0	0	0	0	0	0
805	V	0	0	0	0	0	0	0
806	V	0	0	0	0	0	0	0
807	A	0	0	0	0	0	0	0
808	L	0	0	0	0	0	0	0
809	S	0	0	0	0	0	0	0
810	I	0	0	0	0	0	0	0
811	C	0	0	0	0	0	0	0
812	S	0	0	0	0	0	0	0
813	V	0	0	0	0	0	0	0
814	E	0	0	0	0	0	0	0
815	M	0	0	0	0	0	0	0
816	P	0	0	0	0	0	0	0
817	D	0	0	0	0	0	0	0
818	I	0	0	0	0	0	0	0
819	I	0	0	0	0	0	0	0
820	I	0	0	0	0	0	0	0
821	K	0	0	0	0	0	0	0
822	A	0	0	0	0	0	0	0
823	L	0	0	0	0	0	0	0
824	P	0	0	0	0	0	0	0
825	V	0	0	0	0	0	0	0
826	L	0	0	0	0	0	0	0
827	V	0	0	0	0	0	0	0
828	V	0	0	0	0	0	0	0
829	K	0	0	0	0	0	0	0
830	L	0	0	0	0	0	0	0
831	T	0	0	0	0	0	0	0
832	H	0	0	0	0	0	0	0
833	I	0	0	0	0	0	0	0
834	S	0	0	0	0	0	0	0
835	A	0	0	0	0	0	0	0
836	T	0	0	0	0	0	0	0
837	A	0	0	0	0	0	0	0
838	S	0	0	0	0	0	0	0
839	M	0	0	0	0	0	0	0
840	A	0	0	0	0	0	0	0
841	V	0	0	0	0	0	0	0
842	P	0	0	0	0	0	0	0
843	L	0	0	0	0	0	0	0
844	L	0	0	0	0	0	0	0
845	E	0	0	0	0	0	0	0
846	F	0	0	0	0	0	0	0
847	L	0	0	0	0	0	0	0
848	S	0	0	0	0	0	0	0
849	T	0	0	0	0	0	0	0
850	L	0	0	0	0	0	0	0
851	A	0	0	0	0	0	0	0
852	R	0	0	0	0	0	0	0
853	L	0	0	0	0	0	0	0
854	P	0	0	0	0	0	0	0
855	H	0	0	0	0	0	0	0
856	L	0	0	0	0	0	0	0
857	Y	0	0	0	0	0	0	0
858	R	0	0	0	0	0	0	0
859	N	0	0	0	0	0	0	0
860	F	0	0	0	0	0	0	0
861	A	0	0	0	0	0	0	0
862	A	0	0	0	0	0	0	0
863	E	0	0	0	0	0	0	0
864	Q	0	0	0	0	0	0	0
865	Y	0	0	0	0	0	0	0
866	A	0	0	0	0	0	0	0
867	S	0	0	0	0	0	0	0
868	V	0	0	0	0	0	0	0
869	F	0	0	0	0	0	0	0
870	A	0	0	0	0	0	0	0
871	I	0	0	0	0	0	0	0
872	S	0	0	0	0	0	0	0
873	L	0	0	0	0	0	0	0
874	P	0	0	0	0	0	0	0
875	Y	0	0	0	0	0	0	0
876	T	0	0	0	0	0	0	0
877	N	Ubiquitinlysine	AISLPYTNPSKFNQY	EEECCCCCHHHHHHH	0	0	0	0
878	P	0	0	0	0	0	0	0
879	S	0	0	0	0	0	0	0
880	K	0	0	0	0	0	0	0
881	F	0	0	0	0	0	0	0
882	N	0	0	0	0	0	0	0
883	Q	0	0	0	0	0	0	0
884	Y	0	0	0	0	0	0	0
885	I	0	0	0	0	0	0	0
886	V	0	0	0	0	0	0	0
887	C	0	0	0	0	0	0	0
888	L	0	0	0	0	0	0	0
889	A	0	0	0	0	0	0	0
890	H	0	0	0	0	0	0	0
891	H	0	0	0	0	0	0	0
892	V	0	0	0	0	0	0	0
893	I	0	0	0	0	0	0	0
894	A	0	0	0	0	0	0	0
895	M	0	0	0	0	0	0	0
896	W	0	0	0	0	0	0	0
897	F	0	0	0	0	0	0	0
898	I	0	0	0	0	0	0	0
899	R	0	0	0	0	0	0	0
900	C	0	0	0	0	0	0	0
901	R	0	0	0	0	0	0	0
902	L	0	0	0	0	0	0	0
903	P	0	0	0	0	0	0	0
904	F	0	0	0	0	0	0	0
905	R	0	0	0	0	0	0	0
906	K	0	0	0	0	0	0	0
907	D	0	0	0	0	0	0	0
908	F	0	0	0	0	0	0	0
909	V	0	0	0	0	0	0	0
910	P	0	0	0	0	0	0	0
911	F	0	0	0	0	0	0	0
912	I	0	0	0	0	0	0	0
913	T	0	0	0	0	0	0	0
914	K	Ubiquitinlysine	DFVPFITKGLRSNVL	CCHHHHCCCCCCCEE	0	0	0	0
915	G	0	0	0	0	0	0	0
916	L	0	0	0	0	0	0	0
917	R	0	0	0	0	0	0	0
918	S	0	0	0	0	0	0	0
919	N	0	0	0	0	0	0	0
920	V	0	0	0	0	0	0	0
921	L	0	0	0	0	0	0	0
922	L	0	0	0	0	0	0	0
923	S	0	0	0	0	0	0	0
924	F	0	0	0	0	0	0	0
925	D	0	0	0	0	0	0	0
926	D	0	0	0	0	0	0	0
927	T	Phosphothreonine	VLLSFDDTPEKDSFR	EEEECCCCCCCCCCC	0	0	0	0
928	P	0	0	0	0	0	0	0
929	E	0	0	0	0	0	0	0
930	K	Ubiquitinlysine	SFDDTPEKDSFRARS	ECCCCCCCCCCCCCC	0	0	0	0
931	D	0	0	0	0	0	0	0
932	S	Phosphoserine	DDTPEKDSFRARSTS	CCCCCCCCCCCCCCC	0	0	0	0
933	F	0	0	0	0	0	0	0
934	R	0	0	0	0	0	0	0
935	A	0	0	0	0	0	0	0
936	R	0	0	0	0	0	0	0
937	S	Phosphoserine	KDSFRARSTSLNERP	CCCCCCCCCCCCCCC	0	0	0	0
938	T	Phosphothreonine	DSFRARSTSLNERPK	CCCCCCCCCCCCCCC	0	0	0	0
939	S	Phosphoserine	SFRARSTSLNERPKS	CCCCCCCCCCCCCCC	0	0	0	0
940	L	0	0	0	0	0	0	0
941	N	0	0	0	0	0	0	0
942	E	0	0	0	0	0	0	0
943	R	0	0	0	0	0	0	0
944	P	0	0	0	0	0	0	0
945	K	0	0	0	0	0	0	0
946	S	Phosphoserine	SLNERPKSLRIARPP	CCCCCCCCCCCCCCC	0	0	0	0
947	L	0	0	0	0	0	0	0
948	R	0	0	0	0	0	0	0
949	I	0	0	0	0	0	0	0
950	A	0	0	0	0	0	0	0
951	R	0	0	0	0	0	0	0
952	P	0	0	0	0	0	0	0
953	P	0	0	0	0	0	0	0
954	K	0	0	0	0	0	0	0
955	Q	0	0	0	0	0	0	0
956	G	0	0	0	0	0	0	0
957	L	0	0	0	0	0	0	0
958	N	0	0	0	0	0	0	0
959	N	0	0	0	0	0	0	0
960	S	Phosphoserine	PKQGLNNSPPVKEFK	CCCCCCCCCCHHHHH	0	0	0	0
961	P	0	0	0	0	0	0	0
962	P	0	0	0	0	0	0	0
963	V	0	0	0	0	0	0	0
964	K	0	0	0	0	0	0	0
965	E	0	0	0	0	0	0	0
966	F	0	0	0	0	0	0	0
967	K	N6-methyllysine	SPPVKEFKESSAAEA	CCCHHHHHHCCHHHH	0	0	0	0
968	E	0	0	0	0	0	0	0
969	S	0	0	0	0	0	0	0
970	S	0	0	0	0	0	0	0
971	A	0	0	0	0	0	0	0
972	A	0	0	0	0	0	0	0
973	E	0	0	0	0	0	0	0
974	A	0	0	0	0	0	0	0
975	F	0	0	0	0	0	0	0
976	R	0	0	0	0	0	0	0
977	C	0	0	0	0	0	0	0
978	R	0	0	0	0	0	0	0
979	S	Phosphoserine	AEAFRCRSISVSEHV	HHHHHCCEEEHHHHH	0	0	0	0
980	I	0	0	0	0	0	0	0
981	S	Phosphoserine	AFRCRSISVSEHVVR	HHHCCEEEHHHHHHH	0	0	0	0
982	V	0	0	0	0	0	0	0
983	S	Phosphoserine	RCRSISVSEHVVRSR	HCCEEEHHHHHHHHH	0	0	0	0
984	E	0	0	0	0	0	0	0
985	H	0	0	0	0	0	0	0
986	V	0	0	0	0	0	0	0
987	V	0	0	0	0	0	0	0
988	R	0	0	0	0	0	0	0
989	S	0	0	0	0	0	0	0
990	R	0	0	0	0	0	0	0
991	I	0	0	0	0	0	0	0
992	Q	0	0	0	0	0	0	0
993	T	0	0	0	0	0	0	0
994	S	0	0	0	0	0	0	0
995	L	0	0	0	0	0	0	0
996	T	0	0	0	0	0	0	0
997	S	Phosphoserine	RIQTSLTSASLGSAD	HHHHHHCCCCCCCCC	0	0	0	0
998	A	0	0	0	0	0	0	0
999	S	Phosphoserine	QTSLTSASLGSADEN	HHHHCCCCCCCCCCC	0	0	0	0
1000	L	0	0	0	0	0	0	0
1001	G	0	0	0	0	0	0	0
1002	S	Phosphoserine	LTSASLGSADENSVA	HCCCCCCCCCCCHHH	0	0	0	0
1003	A	0	0	0	0	0	0	0
1004	D	0	0	0	0	0	0	0
1005	E	0	0	0	0	0	0	0
1006	N	0	0	0	0	0	0	0
1007	S	0	0	0	0	0	0	0
1008	V	0	0	0	0	0	0	0
1009	A	0	0	0	0	0	0	0
1010	Q	0	0	0	0	0	0	0
1011	A	0	0	0	0	0	0	0
1012	D	0	0	0	0	0	0	0
1013	D	0	0	0	0	0	0	0
1014	S	0	0	0	0	0	0	0
1015	L	0	0	0	0	0	0	0
1016	K	0	0	0	0	0	0	0
1017	N	0	0	0	0	0	0	0
1018	L	0	0	0	0	0	0	0
1019	H	0	0	0	0	0	0	0
1020	L	0	0	0	0	0	0	0
1021	E	0	0	0	0	0	0	0
1022	L	0	0	0	0	0	0	0
1023	T	0	0	0	0	0	0	0
1024	E	0	0	0	0	0	0	0
1025	T	0	0	0	0	0	0	0
1026	C	0	0	0	0	0	0	0
1027	L	0	0	0	0	0	0	0
1028	D	0	0	0	0	0	0	0
1029	M	0	0	0	0	0	0	0
1030	M	0	0	0	0	0	0	0
1031	A	0	0	0	0	0	0	0
1032	R	0	0	0	0	0	0	0
1033	Y	0	0	0	0	0	0	0
1034	V	0	0	0	0	0	0	0
1035	F	0	0	0	0	0	0	0
1036	S	0	0	0	0	0	0	0
1037	N	0	0	0	0	0	0	0
1038	F	0	0	0	0	0	0	0
1039	T	0	0	0	0	0	0	0
1040	A	0	0	0	0	0	0	0
1041	V	0	0	0	0	0	0	0
1042	P	0	0	0	0	0	0	0
1043	K	0	0	0	0	0	0	0
1044	R	0	0	0	0	0	0	0
1045	S	0	0	0	0	0	0	0
1046	P	0	0	0	0	0	0	0
1047	V	0	0	0	0	0	0	0
1048	G	0	0	0	0	0	0	0
1049	E	0	0	0	0	0	0	0
1050	F	0	0	0	0	0	0	0
1051	L	0	0	0	0	0	0	0
1052	L	0	0	0	0	0	0	0
1053	A	0	0	0	0	0	0	0
1054	G	0	0	0	0	0	0	0
1055	G	0	0	0	0	0	0	0
1056	R	0	0	0	0	0	0	0
1057	T	Phosphothreonine	FLLAGGRTKTWLVGN	EEECCCCEEEEEECC	0	0	0	0
1058	K	0	0	0	0	0	0	0
1059	T	0	0	0	0	0	0	0
1060	W	0	0	0	0	0	0	0
1061	L	0	0	0	0	0	0	0
1062	V	0	0	0	0	0	0	0
1063	G	0	0	0	0	0	0	0
1064	N	0	0	0	0	0	0	0
1065	K	0	0	0	0	0	0	0
1066	L	0	0	0	0	0	0	0
1067	V	0	0	0	0	0	0	0
1068	T	0	0	0	0	0	0	0
1069	V	0	0	0	0	0	0	0
1070	T	0	0	0	0	0	0	0
1071	T	0	0	0	0	0	0	0
1072	S	0	0	0	0	0	0	0
1073	V	0	0	0	0	0	0	0
1074	G	0	0	0	0	0	0	0
1075	T	0	0	0	0	0	0	0
1076	G	0	0	0	0	0	0	0
1077	T	0	0	0	0	0	0	0
1078	R	0	0	0	0	0	0	0
1079	S	0	0	0	0	0	0	0
1080	L	0	0	0	0	0	0	0
1081	L	0	0	0	0	0	0	0
1082	G	0	0	0	0	0	0	0
1083	L	0	0	0	0	0	0	0
1084	D	0	0	0	0	0	0	0
1085	S	0	0	0	0	0	0	0
1086	G	0	0	0	0	0	0	0
1087	E	0	0	0	0	0	0	0
1088	L	0	0	0	0	0	0	0
1089	Q	0	0	0	0	0	0	0
1090	S	Phosphoserine	LDSGELQSGPESSSS	CCCCCCCCCCCCCCC	0	0	0	0
1091	G	0	0	0	0	0	0	0
1092	P	0	0	0	0	0	0	0
1093	E	0	0	0	0	0	0	0
1094	S	Phosphoserine	ELQSGPESSSSPGVH	CCCCCCCCCCCCCCC	0	0	0	0
1095	S	Phosphoserine	LQSGPESSSSPGVHV	CCCCCCCCCCCCCCC	0	0	0	0
1096	S	Phosphoserine	QSGPESSSSPGVHVR	CCCCCCCCCCCCCCE	0	0	0	0
1097	S	Phosphoserine	SGPESSSSPGVHVRQ	CCCCCCCCCCCCCEE	0	0	0	0
1098	P	0	0	0	0	0	0	0
1099	G	0	0	0	0	0	0	0
1100	V	0	0	0	0	0	0	0
1101	H	0	0	0	0	0	0	0
1102	V	0	0	0	0	0	0	0
1103	R	0	0	0	0	0	0	0
1104	Q	0	0	0	0	0	0	0
1105	T	0	0	0	0	0	0	0
1106	K	0	0	0	0	0	0	0
1107	E	0	0	0	0	0	0	0
1108	A	0	0	0	0	0	0	0
1109	P	0	0	0	0	0	0	0
1110	A	0	0	0	0	0	0	0
1111	K	0	0	0	0	0	0	0
1112	L	0	0	0	0	0	0	0
1113	E	0	0	0	0	0	0	0
1114	S	0	0	0	0	0	0	0
1115	Q	0	0	0	0	0	0	0
1116	A	0	0	0	0	0	0	0
1117	G	0	0	0	0	0	0	0
1118	Q	0	0	0	0	0	0	0
1119	Q	0	0	0	0	0	0	0
1120	V	0	0	0	0	0	0	0
1121	S	0	0	0	0	0	0	0
1122	R	N6-methyllysine	QAGQQVSRGARDRVR	HHCCHHHHHHHHHHH	0	0	0	0
1123	G	0	0	0	0	0	0	0
1124	A	0	0	0	0	0	0	0
1125	R	0	0	0	0	0	0	0
1126	D	0	0	0	0	0	0	0
1127	R	0	0	0	0	0	0	0
1128	V	0	0	0	0	0	0	0
1129	R	0	0	0	0	0	0	0
1130	S	Phosphoserine	GARDRVRSMSGGHGL	HHHHHHHHCCCCCCC	0	0	0	0
1131	M	0	0	0	0	0	0	0
1132	S	Phosphoserine	RDRVRSMSGGHGLRV	HHHHHHCCCCCCCCC	0	0	0	0
1133	G	0	0	0	0	0	0	0
1134	G	0	0	0	0	0	0	0
1135	H	0	0	0	0	0	0	0
1136	G	0	0	0	0	0	0	0
1137	L	0	0	0	0	0	0	0
1138	R	0	0	0	0	0	0	0
1139	V	0	0	0	0	0	0	0
1140	G	0	0	0	0	0	0	0
1141	A	0	0	0	0	0	0	0
1142	L	0	0	0	0	0	0	0
1143	D	0	0	0	0	0	0	0
1144	V	0	0	0	0	0	0	0
1145	P	0	0	0	0	0	0	0
1146	A	0	0	0	0	0	0	0
1147	S	0	0	0	0	0	0	0
1148	Q	0	0	0	0	0	0	0
1149	F	0	0	0	0	0	0	0
1150	L	0	0	0	0	0	0	0
1151	G	0	0	0	0	0	0	0
1152	S	Phosphoserine	PASQFLGSATSPGPR	CHHHHCCCCCCCCCC	0	0	0	0
1153	A	0	0	0	0	0	0	0
1154	T	Phosphothreonine	SQFLGSATSPGPRTA	HHHCCCCCCCCCCCC	0	0	0	0
1155	S	Phosphoserine	QFLGSATSPGPRTAP	HHCCCCCCCCCCCCC	0	0	0	0
1156	P	0	0	0	0	0	0	0
1157	G	0	0	0	0	0	0	0
1158	P	0	0	0	0	0	0	0
1159	R	0	0	0	0	0	0	0
1160	T	0	0	0	0	0	0	0
1161	A	0	0	0	0	0	0	0
1162	P	0	0	0	0	0	0	0
1163	A	0	0	0	0	0	0	0
1164	A	0	0	0	0	0	0	0
1165	K	0	0	0	0	0	0	0
1166	P	0	0	0	0	0	0	0
1167	E	0	0	0	0	0	0	0
1168	K	0	0	0	0	0	0	0
1169	A	0	0	0	0	0	0	0
1170	S	0	0	0	0	0	0	0
1171	A	0	0	0	0	0	0	0
1172	G	0	0	0	0	0	0	0
1173	T	0	0	0	0	0	0	0
1174	R	0	0	0	0	0	0	0
1175	V	0	0	0	0	0	0	0
1176	P	0	0	0	0	0	0	0
1177	V	0	0	0	0	0	0	0
1178	Q	0	0	0	0	0	0	0
1179	E	0	0	0	0	0	0	0
1180	K	0	0	0	0	0	0	0
1181	T	0	0	0	0	0	0	0
1182	N	0	0	0	0	0	0	0
1183	L	0	0	0	0	0	0	0
1184	A	0	0	0	0	0	0	0
1185	A	0	0	0	0	0	0	0
1186	Y	Phosphotyrosine	EKTNLAAYVPLLTQG	HHCCHHHHHHHHCCC	0	0	0	0
1187	V	0	0	0	0	0	0	0
1188	P	0	0	0	0	0	0	0
1189	L	0	0	0	0	0	0	0
1190	L	0	0	0	0	0	0	0
1191	T	0	0	0	0	0	0	0
1192	Q	0	0	0	0	0	0	0
1193	G	0	0	0	0	0	0	0
1194	W	0	0	0	0	0	0	0
1195	A	0	0	0	0	0	0	0
1196	E	0	0	0	0	0	0	0
1197	I	0	0	0	0	0	0	0
1198	L	0	0	0	0	0	0	0
1199	V	0	0	0	0	0	0	0
1200	R	0	0	0	0	0	0	0
1201	R	0	0	0	0	0	0	0
1202	P	0	0	0	0	0	0	0
1203	T	0	0	0	0	0	0	0
1204	G	0	0	0	0	0	0	0
1205	N	0	0	0	0	0	0	0
1206	T	0	0	0	0	0	0	0
1207	S	0	0	0	0	0	0	0
1208	W	0	0	0	0	0	0	0
1209	L	0	0	0	0	0	0	0
1210	M	0	0	0	0	0	0	0
1211	S	0	0	0	0	0	0	0
1212	L	0	0	0	0	0	0	0
1213	E	0	0	0	0	0	0	0
1214	N	0	0	0	0	0	0	0
1215	P	0	0	0	0	0	0	0
1216	L	0	0	0	0	0	0	0
1217	S	0	0	0	0	0	0	0
1218	P	0	0	0	0	0	0	0
1219	F	0	0	0	0	0	0	0
1220	S	0	0	0	0	0	0	0
1221	S	0	0	0	0	0	0	0
1222	D	0	0	0	0	0	0	0
1223	I	0	0	0	0	0	0	0
1224	N	0	0	0	0	0	0	0
1225	N	0	0	0	0	0	0	0
1226	M	0	0	0	0	0	0	0
1227	P	0	0	0	0	0	0	0
1228	L	0	0	0	0	0	0	0
1229	Q	0	0	0	0	0	0	0
1230	E	0	0	0	0	0	0	0
1231	L	0	0	0	0	0	0	0
1232	S	0	0	0	0	0	0	0
1233	N	0	0	0	0	0	0	0
1234	A	0	0	0	0	0	0	0
1235	L	0	0	0	0	0	0	0
1236	M	0	0	0	0	0	0	0
1237	A	0	0	0	0	0	0	0
1238	A	0	0	0	0	0	0	0
1239	E	0	0	0	0	0	0	0
1240	R	0	0	0	0	0	0	0
1241	F	0	0	0	0	0	0	0
1242	K	0	0	0	0	0	0	0
1243	E	0	0	0	0	0	0	0
1244	H	0	0	0	0	0	0	0
1245	R	0	0	0	0	0	0	0
1246	D	0	0	0	0	0	0	0
1247	T	0	0	0	0	0	0	0
1248	A	0	0	0	0	0	0	0
1249	L	0	0	0	0	0	0	0
1250	Y	Phosphotyrosine	EHRDTALYKSLSVPA	HHHCCHHHHHCCCCC	0	0	0	0
1251	K	0	0	0	0	0	0	0
1252	S	Phosphoserine	RDTALYKSLSVPAAS	HCCHHHHHCCCCCCC	0	0	0	0
1253	L	0	0	0	0	0	0	0
1254	S	Phosphoserine	TALYKSLSVPAASTA	CHHHHHCCCCCCCCC	0	0	0	0
1255	V	0	0	0	0	0	0	0
1256	P	0	0	0	0	0	0	0
1257	A	0	0	0	0	0	0	0
1258	A	0	0	0	0	0	0	0
1259	S	Phosphoserine	SLSVPAASTAKPPPL	HCCCCCCCCCCCCCC	0	0	0	0
1260	T	0	0	0	0	0	0	0
1261	A	0	0	0	0	0	0	0
1262	K	0	0	0	0	0	0	0
1263	P	0	0	0	0	0	0	0
1264	P	0	0	0	0	0	0	0
1265	P	0	0	0	0	0	0	0
1266	L	0	0	0	0	0	0	0
1267	P	0	0	0	0	0	0	0
1268	R	0	0	0	0	0	0	0
1269	S	0	0	0	0	0	0	0
1270	N	0	0	0	0	0	0	0
1271	T	0	0	0	0	0	0	0
1272	V	0	0	0	0	0	0	0
1273	A	0	0	0	0	0	0	0
1274	S	Phosphoserine	PRSNTVASFSSLYQS	CCCCCCCHHHHHHHH	0	0	0	0
1275	F	0	0	0	0	0	0	0
1276	S	0	0	0	0	0	0	0
1277	S	0	0	0	0	0	0	0
1278	L	0	0	0	0	0	0	0
1279	Y	0	0	0	0	0	0	0
1280	Q	0	0	0	0	0	0	0
1281	S	0	0	0	0	0	0	0
1282	S	0	0	0	0	0	0	0
1283	C	0	0	0	0	0	0	0
1284	Q	0	0	0	0	0	0	0
1285	G	0	0	0	0	0	0	0
1286	Q	0	0	0	0	0	0	0
1287	L	0	0	0	0	0	0	0
1288	H	0	0	0	0	0	0	0
1289	R	0	0	0	0	0	0	0
1290	S	Phosphoserine	CQGQLHRSVSWADSA	CCCCCCCCCCHHCEE	0	0	0	0
1291	V	0	0	0	0	0	0	0
1292	S	0	0	0	0	0	0	0
1293	W	0	0	0	0	0	0	0
1294	A	0	0	0	0	0	0	0
1295	D	0	0	0	0	0	0	0
1296	S	0	0	0	0	0	0	0
1297	A	0	0	0	0	0	0	0
1298	V	0	0	0	0	0	0	0
1299	V	0	0	0	0	0	0	0
1300	M	0	0	0	0	0	0	0
1301	E	0	0	0	0	0	0	0
1302	E	0	0	0	0	0	0	0
1303	G	0	0	0	0	0	0	0
1304	S	Phosphoserine	AVVMEEGSPGEVPVL	EEEECCCCCCCCCEE	0	0	0	0
1305	P	0	0	0	0	0	0	0
1306	G	0	0	0	0	0	0	0
1307	E	0	0	0	0	0	0	0
1308	V	0	0	0	0	0	0	0
1309	P	0	0	0	0	0	0	0
1310	V	0	0	0	0	0	0	0
1311	L	0	0	0	0	0	0	0
1312	V	0	0	0	0	0	0	0
1313	E	0	0	0	0	0	0	0
1314	P	0	0	0	0	0	0	0
1315	P	0	0	0	0	0	0	0
1316	G	0	0	0	0	0	0	0
1317	L	0	0	0	0	0	0	0
1318	E	0	0	0	0	0	0	0
1319	D	0	0	0	0	0	0	0
1320	V	0	0	0	0	0	0	0
1321	E	0	0	0	0	0	0	0
1322	A	0	0	0	0	0	0	0
1323	A	0	0	0	0	0	0	0
1324	L	0	0	0	0	0	0	0
1325	G	0	0	0	0	0	0	0
1326	M	0	0	0	0	0	0	0
1327	D	0	0	0	0	0	0	0
1328	R	0	0	0	0	0	0	0
1329	R	0	0	0	0	0	0	0
1330	T	Phosphothreonine	ALGMDRRTDAYSRSS	HHCCCCCCCCCCCCC	0	0	0	0
1331	D	0	0	0	0	0	0	0
1332	A	0	0	0	0	0	0	0
1333	Y	0	0	0	0	0	0	0
1334	S	Phosphoserine	DRRTDAYSRSSSVSS	CCCCCCCCCCCCCCC	0	0	0	0
1335	R	0	0	0	0	0	0	0
1336	S	0	0	0	0	0	0	0
1337	S	Phosphoserine	TDAYSRSSSVSSQEE	CCCCCCCCCCCCHHH	0	0	0	0
1338	S	Phosphoserine	DAYSRSSSVSSQEEK	CCCCCCCCCCCHHHH	0	0	0	0
1339	V	0	0	0	0	0	0	0
1340	S	Phosphoserine	YSRSSSVSSQEEKSL	CCCCCCCCCHHHHHH	0	0	0	0
1341	S	Phosphoserine	SRSSSVSSQEEKSLH	CCCCCCCCHHHHHHC	0	0	0	0
1342	Q	0	0	0	0	0	0	0
1343	E	0	0	0	0	0	0	0
1344	E	0	0	0	0	0	0	0
1345	K	0	0	0	0	0	0	0
1346	S	Phosphoserine	VSSQEEKSLHAEELV	CCCHHHHHHCHHHHH	0	0	0	0
1347	L	0	0	0	0	0	0	0
1348	H	0	0	0	0	0	0	0
1349	A	0	0	0	0	0	0	0
1350	E	0	0	0	0	0	0	0
1351	E	0	0	0	0	0	0	0
1352	L	0	0	0	0	0	0	0
1353	V	0	0	0	0	0	0	0
1354	G	0	0	0	0	0	0	0
1355	R	N6-methyllysine	HAEELVGRGIPIERV	CHHHHHCCCCCCEEE	0	0	0	0
1356	G	0	0	0	0	0	0	0
1357	I	0	0	0	0	0	0	0
1358	P	0	0	0	0	0	0	0
1359	I	0	0	0	0	0	0	0
1360	E	0	0	0	0	0	0	0
1361	R	0	0	0	0	0	0	0
1362	V	0	0	0	0	0	0	0
1363	V	0	0	0	0	0	0	0
1364	S	Phosphoserine	IPIERVVSSEGGRPS	CCCEEEECCCCCCCC	0	0	0	0
1365	S	Phosphoserine	PIERVVSSEGGRPSV	CCEEEECCCCCCCCE	0	0	0	0
1366	E	0	0	0	0	0	0	0
1367	G	0	0	0	0	0	0	0
1368	G	0	0	0	0	0	0	0
1369	R	0	0	0	0	0	0	0
1370	P	0	0	0	0	0	0	0
1371	S	Phosphoserine	SSEGGRPSVDLSFQP	CCCCCCCCEECEECC	0	0	0	0
1372	V	0	0	0	0	0	0	0
1373	D	0	0	0	0	0	0	0
1374	L	0	0	0	0	0	0	0
1375	S	Phosphoserine	GRPSVDLSFQPSQPL	CCCCEECEECCCCCC	0	0	0	0
1376	F	0	0	0	0	0	0	0
1377	Q	0	0	0	0	0	0	0
1378	P	0	0	0	0	0	0	0
1379	S	Phosphoserine	VDLSFQPSQPLSKSS	EECEECCCCCCCCCC	0	0	0	0
1380	Q	0	0	0	0	0	0	0
1381	P	0	0	0	0	0	0	0
1382	L	0	0	0	0	0	0	0
1383	S	Phosphoserine	FQPSQPLSKSSSSPE	ECCCCCCCCCCCCHH	0	0	0	0
1384	K	0	0	0	0	0	0	0
1385	S	Phosphoserine	PSQPLSKSSSSPELQ	CCCCCCCCCCCHHHH	0	0	0	0
1386	S	Phosphoserine	SQPLSKSSSSPELQT	CCCCCCCCCCHHHHH	0	0	0	0
1387	S	Phosphoserine	QPLSKSSSSPELQTL	CCCCCCCCCHHHHHH	0	0	0	0
1388	S	Phosphoserine	PLSKSSSSPELQTLQ	CCCCCCCCHHHHHHH	0	0	0	0
1389	P	0	0	0	0	0	0	0
1390	E	0	0	0	0	0	0	0
1391	L	0	0	0	0	0	0	0
1392	Q	0	0	0	0	0	0	0
1393	T	Phosphothreonine	SSSPELQTLQDILGD	CCCHHHHHHHHHHCC	0	0	0	0
1394	L	0	0	0	0	0	0	0
1395	Q	0	0	0	0	0	0	0
1396	D	0	0	0	0	0	0	0
1397	I	0	0	0	0	0	0	0
1398	L	0	0	0	0	0	0	0
1399	G	0	0	0	0	0	0	0
1400	D	0	0	0	0	0	0	0
1401	P	0	0	0	0	0	0	0
1402	G	0	0	0	0	0	0	0
1403	D	0	0	0	0	0	0	0
1404	K	0	0	0	0	0	0	0
1405	A	0	0	0	0	0	0	0
1406	D	0	0	0	0	0	0	0
1407	V	0	0	0	0	0	0	0
1408	G	0	0	0	0	0	0	0
1409	R	0	0	0	0	0	0	0
1410	L	0	0	0	0	0	0	0
1411	S	Phosphoserine	KADVGRLSPEVKARS	CCCHHCCCHHHHHHC	0	0	0	0
1412	P	0	0	0	0	0	0	0
1413	E	0	0	0	0	0	0	0
1414	V	0	0	0	0	0	0	0
1415	K	0	0	0	0	0	0	0
1416	A	0	0	0	0	0	0	0
1417	R	0	0	0	0	0	0	0
1418	S	Phosphoserine	SPEVKARSQSGTLDG	CHHHHHHCCCCCCCC	0	0	0	0
1419	Q	0	0	0	0	0	0	0
1420	S	Phosphoserine	EVKARSQSGTLDGES	HHHHHCCCCCCCCCC	0	0	0	0
1421	G	0	0	0	0	0	0	0
1422	T	Phosphothreonine	KARSQSGTLDGESAA	HHHCCCCCCCCCCCC	0	0	0	0
1423	L	0	0	0	0	0	0	0
1424	D	0	0	0	0	0	0	0
1425	G	0	0	0	0	0	0	0
1426	E	0	0	0	0	0	0	0
1427	S	Phosphoserine	SGTLDGESAAWSASG	CCCCCCCCCCCCCCC	0	0	0	0
1428	A	0	0	0	0	0	0	0
1429	A	0	0	0	0	0	0	0
1430	W	0	0	0	0	0	0	0
1431	S	0	0	0	0	0	0	0
1432	A	0	0	0	0	0	0	0
1433	S	Phosphoserine	ESAAWSASGEDSRGQ	CCCCCCCCCCCCCCC	0	0	0	0
1434	G	0	0	0	0	0	0	0
1435	E	0	0	0	0	0	0	0
1436	D	0	0	0	0	0	0	0
1437	S	0	0	0	0	0	0	0
1438	R	0	0	0	0	0	0	0
1439	G	0	0	0	0	0	0	0
1440	Q	0	0	0	0	0	0	0
1441	P	0	0	0	0	0	0	0
1442	E	0	0	0	0	0	0	0
1443	G	0	0	0	0	0	0	0
1444	P	0	0	0	0	0	0	0
1445	L	0	0	0	0	0	0	0
1446	P	0	0	0	0	0	0	0
1447	S	Phosphoserine	QPEGPLPSSSPRSPS	CCCCCCCCCCCCCCC	0	0	0	0
1448	S	Phosphoserine	PEGPLPSSSPRSPSG	CCCCCCCCCCCCCCC	0	0	0	0
1449	S	Phosphoserine	EGPLPSSSPRSPSGL	CCCCCCCCCCCCCCC	0	0	0	0
1450	P	0	0	0	0	0	0	0
1451	R	0	0	0	0	0	0	0
1452	S	Phosphoserine	LPSSSPRSPSGLRPR	CCCCCCCCCCCCCCC	0	0	0	0
1453	P	0	0	0	0	0	0	0
1454	S	Phosphoserine	SSSPRSPSGLRPRGY	CCCCCCCCCCCCCCE	0	0	0	0
1455	G	0	0	0	0	0	0	0
1456	L	0	0	0	0	0	0	0
1457	R	0	0	0	0	0	0	0
1458	P	0	0	0	0	0	0	0
1459	R	0	0	0	0	0	0	0
1460	G	0	0	0	0	0	0	0
1461	Y	Phosphotyrosine	SGLRPRGYTISDSAP	CCCCCCCEECCCCCC	0	0	0	0
1462	T	Phosphothreonine	GLRPRGYTISDSAPS	CCCCCCEECCCCCCC	0	0	0	0
1463	I	0	0	0	0	0	0	0
1464	S	Phosphoserine	RPRGYTISDSAPSRR	CCCCEECCCCCCCCC	0	0	0	0
1465	D	0	0	0	0	0	0	0
1466	S	Phosphoserine	RGYTISDSAPSRRGK	CCEECCCCCCCCCCC	0	0	0	0
1467	A	0	0	0	0	0	0	0
1468	P	0	0	0	0	0	0	0
1469	S	Phosphoserine	TISDSAPSRRGKRVE	ECCCCCCCCCCCCCH	0	0	0	0
1470	R	0	0	0	0	0	0	0
1471	R	0	0	0	0	0	0	0
1472	G	0	0	0	0	0	0	0
1473	K	0	0	0	0	0	0	0
1474	R	0	0	0	0	0	0	0
1475	V	0	0	0	0	0	0	0
1476	E	0	0	0	0	0	0	0
1477	R	0	0	0	0	0	0	0
1478	D	0	0	0	0	0	0	0
1479	A	0	0	0	0	0	0	0
1480	L	0	0	0	0	0	0	0
1481	K	0	0	0	0	0	0	0
1482	S	0	0	0	0	0	0	0
1483	R	0	0	0	0	0	0	0
1484	A	0	0	0	0	0	0	0
1485	T	0	0	0	0	0	0	0
1486	A	0	0	0	0	0	0	0
1487	S	0	0	0	0	0	0	0
1488	N	0	0	0	0	0	0	0
1489	A	0	0	0	0	0	0	0
1490	E	0	0	0	0	0	0	0
1491	K	0	0	0	0	0	0	0
1492	V	0	0	0	0	0	0	0
1493	P	0	0	0	0	0	0	0
1494	G	0	0	0	0	0	0	0
1495	I	0	0	0	0	0	0	0
1496	N	0	0	0	0	0	0	0
1497	P	0	0	0	0	0	0	0
1498	S	0	0	0	0	0	0	0
1499	F	0	0	0	0	0	0	0
1500	V	0	0	0	0	0	0	0
1501	F	0	0	0	0	0	0	0
1502	L	0	0	0	0	0	0	0
1503	Q	0	0	0	0	0	0	0
1504	L	0	0	0	0	0	0	0
1505	Y	0	0	0	0	0	0	0
1506	H	0	0	0	0	0	0	0
1507	S	0	0	0	0	0	0	0
1508	P	0	0	0	0	0	0	0
1509	F	0	0	0	0	0	0	0
1510	F	0	0	0	0	0	0	0
1511	G	0	0	0	0	0	0	0
1512	D	0	0	0	0	0	0	0
1513	E	0	0	0	0	0	0	0
1514	S	0	0	0	0	0	0	0
1515	N	0	0	0	0	0	0	0
1516	K	0	0	0	0	0	0	0
1517	P	0	0	0	0	0	0	0
1518	I	0	0	0	0	0	0	0
1519	L	0	0	0	0	0	0	0
1520	L	0	0	0	0	0	0	0
1521	P	0	0	0	0	0	0	0
1522	N	0	0	0	0	0	0	0
1523	E	0	0	0	0	0	0	0
1524	S	0	0	0	0	0	0	0
1525	Q	0	0	0	0	0	0	0
1526	S	0	0	0	0	0	0	0
1527	F	0	0	0	0	0	0	0
1528	E	0	0	0	0	0	0	0
1529	R	0	0	0	0	0	0	0
1530	S	0	0	0	0	0	0	0
1531	V	0	0	0	0	0	0	0
1532	Q	0	0	0	0	0	0	0
1533	L	0	0	0	0	0	0	0
1534	L	0	0	0	0	0	0	0
1535	D	0	0	0	0	0	0	0
1536	Q	0	0	0	0	0	0	0
1537	I	0	0	0	0	0	0	0
1538	P	0	0	0	0	0	0	0
1539	S	0	0	0	0	0	0	0
1540	Y	0	0	0	0	0	0	0
1541	D	0	0	0	0	0	0	0
1542	T	0	0	0	0	0	0	0
1543	H	0	0	0	0	0	0	0
1544	K	0	0	0	0	0	0	0
1545	I	0	0	0	0	0	0	0
1546	A	0	0	0	0	0	0	0
1547	V	0	0	0	0	0	0	0
1548	L	0	0	0	0	0	0	0
1549	Y	0	0	0	0	0	0	0
1550	V	0	0	0	0	0	0	0
1551	G	0	0	0	0	0	0	0
1552	E	0	0	0	0	0	0	0
1553	G	0	0	0	0	0	0	0
1554	Q	0	0	0	0	0	0	0
1555	S	0	0	0	0	0	0	0
1556	N	0	0	0	0	0	0	0
1557	S	0	0	0	0	0	0	0
1558	E	0	0	0	0	0	0	0
1559	L	0	0	0	0	0	0	0
1560	A	0	0	0	0	0	0	0
1561	I	0	0	0	0	0	0	0
1562	L	0	0	0	0	0	0	0
1563	S	0	0	0	0	0	0	0
1564	N	0	0	0	0	0	0	0
1565	E	0	0	0	0	0	0	0
1566	H	0	0	0	0	0	0	0
1567	G	0	0	0	0	0	0	0
1568	S	0	0	0	0	0	0	0
1569	Y	0	0	0	0	0	0	0
1570	R	0	0	0	0	0	0	0
1571	Y	Phosphotyrosine	NEHGSYRYTEFLTGL	CCCCCHHHHHHHHHC	0	0	0	0
1572	T	0	0	0	0	0	0	0
1573	E	0	0	0	0	0	0	0
1574	F	0	0	0	0	0	0	0
1575	L	0	0	0	0	0	0	0
1576	T	0	0	0	0	0	0	0
1577	G	0	0	0	0	0	0	0
1578	L	0	0	0	0	0	0	0
1579	G	0	0	0	0	0	0	0
1580	R	0	0	0	0	0	0	0
1581	L	0	0	0	0	0	0	0
1582	I	0	0	0	0	0	0	0
1583	E	0	0	0	0	0	0	0
1584	L	0	0	0	0	0	0	0
1585	K	0	0	0	0	0	0	0
1586	D	0	0	0	0	0	0	0
1587	C	0	0	0	0	0	0	0
1588	Q	0	0	0	0	0	0	0
1589	P	0	0	0	0	0	0	0
1590	D	0	0	0	0	0	0	0
1591	K	0	0	0	0	0	0	0
1592	V	0	0	0	0	0	0	0
1593	Y	0	0	0	0	0	0	0
1594	L	0	0	0	0	0	0	0
1595	G	0	0	0	0	0	0	0
1596	G	0	0	0	0	0	0	0
1597	L	0	0	0	0	0	0	0
1598	D	0	0	0	0	0	0	0
1599	V	0	0	0	0	0	0	0
1600	C	0	0	0	0	0	0	0
1601	G	0	0	0	0	0	0	0
1602	E	0	0	0	0	0	0	0
1603	D	0	0	0	0	0	0	0
1604	G	0	0	0	0	0	0	0
1605	Q	0	0	0	0	0	0	0
1606	F	0	0	0	0	0	0	0
1607	T	0	0	0	0	0	0	0
1608	Y	0	0	0	0	0	0	0
1609	C	0	0	0	0	0	0	0
1610	W	0	0	0	0	0	0	0
1611	H	0	0	0	0	0	0	0
1612	D	0	0	0	0	0	0	0
1613	D	0	0	0	0	0	0	0
1614	I	0	0	0	0	0	0	0
1615	M	0	0	0	0	0	0	0
1616	Q	0	0	0	0	0	0	0
1617	A	0	0	0	0	0	0	0
1618	V	0	0	0	0	0	0	0
1619	F	0	0	0	0	0	0	0
1620	H	0	0	0	0	0	0	0
1621	I	0	0	0	0	0	0	0
1622	A	0	0	0	0	0	0	0
1623	T	0	0	0	0	0	0	0
1624	L	0	0	0	0	0	0	0
1625	M	0	0	0	0	0	0	0
1626	P	0	0	0	0	0	0	0
1627	T	0	0	0	0	0	0	0
1628	K	0	0	0	0	0	0	0
1629	D	0	0	0	0	0	0	0
1630	V	0	0	0	0	0	0	0
1631	D	0	0	0	0	0	0	0
1632	K	0	0	0	0	0	0	0
1633	H	0	0	0	0	0	0	0
1634	R	0	0	0	0	0	0	0
1635	C	0	0	0	0	0	0	0
1636	D	0	0	0	0	0	0	0
1637	K	0	0	0	0	0	0	0
1638	K	0	0	0	0	0	0	0
1639	R	0	0	0	0	0	0	0
1640	H	0	0	0	0	0	0	0
1641	L	0	0	0	0	0	0	0
1642	G	0	0	0	0	0	0	0
1643	N	0	0	0	0	0	0	0
1644	D	0	0	0	0	0	0	0
1645	F	0	0	0	0	0	0	0
1646	V	0	0	0	0	0	0	0
1647	S	Phosphoserine	HLGNDFVSIVYNDSG	CCCCCCEEEEECCCC	0	0	0	0
1648	I	0	0	0	0	0	0	0
1649	V	0	0	0	0	0	0	0
1650	Y	Phosphotyrosine	NDFVSIVYNDSGEDF	CCCEEEEECCCCCCE	0	0	0	0
1651	N	0	0	0	0	0	0	0
1652	D	0	0	0	0	0	0	0
1653	S	Phosphoserine	VSIVYNDSGEDFKLG	EEEEECCCCCCEEEE	0	0	0	0
1654	G	0	0	0	0	0	0	0
1655	E	0	0	0	0	0	0	0
1656	D	0	0	0	0	0	0	0
1657	F	0	0	0	0	0	0	0
1658	K	0	0	0	0	0	0	0
1659	L	0	0	0	0	0	0	0
1660	G	0	0	0	0	0	0	0
1661	T	0	0	0	0	0	0	0
1662	I	0	0	0	0	0	0	0
1663	K	0	0	0	0	0	0	0
1664	G	0	0	0	0	0	0	0
1665	Q	0	0	0	0	0	0	0
1666	F	0	0	0	0	0	0	0
1667	N	0	0	0	0	0	0	0
1668	F	0	0	0	0	0	0	0
1669	V	0	0	0	0	0	0	0
1670	H	0	0	0	0	0	0	0
1671	V	0	0	0	0	0	0	0
1672	I	0	0	0	0	0	0	0
1673	V	0	0	0	0	0	0	0
1674	T	0	0	0	0	0	0	0
1675	P	0	0	0	0	0	0	0
1676	L	0	0	0	0	0	0	0
1677	D	0	0	0	0	0	0	0
1678	Y	0	0	0	0	0	0	0
1679	E	0	0	0	0	0	0	0
1680	C	0	0	0	0	0	0	0
1681	N	0	0	0	0	0	0	0
1682	L	0	0	0	0	0	0	0
1683	V	0	0	0	0	0	0	0
1684	S	Phosphoserine	DYECNLVSLQCRKDM	CCCCCEEEEECCCCC	0	0	0	0
1685	L	0	0	0	0	0	0	0
1686	Q	0	0	0	0	0	0	0
1687	C	0	0	0	0	0	0	0
1688	R	0	0	0	0	0	0	0
1689	K	0	0	0	0	0	0	0
1690	D	0	0	0	0	0	0	0
1691	M	0	0	0	0	0	0	0
1692	E	0	0	0	0	0	0	0
1693	G	0	0	0	0	0	0	0
1694	L	0	0	0	0	0	0	0
1695	V	0	0	0	0	0	0	0
1696	D	0	0	0	0	0	0	0
1697	T	Phosphothreonine	DMEGLVDTSVAKIVS	CCCCCCCHHHHHHHC	0	0	0	0
1698	S	0	0	0	0	0	0	0
1699	V	0	0	0	0	0	0	0
1700	A	0	0	0	0	0	0	0
1701	K	0	0	0	0	0	0	0
1702	I	0	0	0	0	0	0	0
1703	V	0	0	0	0	0	0	0
1704	S	Phosphoserine	TSVAKIVSDRNLPFV	HHHHHHHCCCCCHHH	0	0	0	0
1705	D	0	0	0	0	0	0	0
1706	R	0	0	0	0	0	0	0
1707	N	0	0	0	0	0	0	0
1708	L	0	0	0	0	0	0	0
1709	P	0	0	0	0	0	0	0
1710	F	0	0	0	0	0	0	0
1711	V	0	0	0	0	0	0	0
1712	A	0	0	0	0	0	0	0
1713	R	0	0	0	0	0	0	0
1714	Q	0	0	0	0	0	0	0
1715	M	0	0	0	0	0	0	0
1716	A	0	0	0	0	0	0	0
1717	L	0	0	0	0	0	0	0
1718	H	0	0	0	0	0	0	0
1719	A	0	0	0	0	0	0	0
1720	N	0	0	0	0	0	0	0
1721	M	0	0	0	0	0	0	0
1722	A	0	0	0	0	0	0	0
1723	S	0	0	0	0	0	0	0
1724	Q	0	0	0	0	0	0	0
1725	V	0	0	0	0	0	0	0
1726	H	0	0	0	0	0	0	0
1727	H	0	0	0	0	0	0	0
1728	S	0	0	0	0	0	0	0
1729	R	0	0	0	0	0	0	0
1730	S	0	0	0	0	0	0	0
1731	N	0	0	0	0	0	0	0
1732	P	0	0	0	0	0	0	0
1733	T	0	0	0	0	0	0	0
1734	D	0	0	0	0	0	0	0
1735	I	0	0	0	0	0	0	0
1736	Y	Phosphotyrosine	RSNPTDIYPSKWIAR	CCCCCCCCCHHHHHH	0	0	0	0
1737	P	0	0	0	0	0	0	0
1738	S	0	0	0	0	0	0	0
1739	K	0	0	0	0	0	0	0
1740	W	0	0	0	0	0	0	0
1741	I	0	0	0	0	0	0	0
1742	A	0	0	0	0	0	0	0
1743	R	0	0	0	0	0	0	0
1744	L	0	0	0	0	0	0	0
1745	R	0	0	0	0	0	0	0
1746	H	0	0	0	0	0	0	0
1747	I	0	0	0	0	0	0	0
1748	K	0	0	0	0	0	0	0
1749	R	0	0	0	0	0	0	0
1750	L	0	0	0	0	0	0	0
1751	R	0	0	0	0	0	0	0
1752	Q	0	0	0	0	0	0	0
1753	R	0	0	0	0	0	0	0
1754	I	0	0	0	0	0	0	0
1755	C	0	0	0	0	0	0	0
1756	E	0	0	0	0	0	0	0
1757	E	0	0	0	0	0	0	0
1758	A	0	0	0	0	0	0	0
1759	A	0	0	0	0	0	0	0
1760	Y	Phosphotyrosine	RICEEAAYSNPSLPL	HHHHHHHHCCCCCCC	0	0	0	0
1761	S	Phosphoserine	ICEEAAYSNPSLPLV	HHHHHHHCCCCCCCC	0	0	0	0
1762	N	0	0	0	0	0	0	0
1763	P	0	0	0	0	0	0	0
1764	S	Phosphoserine	EAAYSNPSLPLVHPP	HHHHCCCCCCCCCCC	0	0	0	0
1765	L	0	0	0	0	0	0	0
1766	P	0	0	0	0	0	0	0
1767	L	0	0	0	0	0	0	0
1768	V	0	0	0	0	0	0	0
1769	H	0	0	0	0	0	0	0
1770	P	0	0	0	0	0	0	0
1771	P	0	0	0	0	0	0	0
1772	S	0	0	0	0	0	0	0
1773	H	0	0	0	0	0	0	0
1774	S	0	0	0	0	0	0	0
1775	K	0	0	0	0	0	0	0
1776	A	0	0	0	0	0	0	0
1777	P	0	0	0	0	0	0	0
1778	A	0	0	0	0	0	0	0
1779	Q	0	0	0	0	0	0	0
1780	T	0	0	0	0	0	0	0
1781	P	0	0	0	0	0	0	0
1782	A	0	0	0	0	0	0	0
1783	E	0	0	0	0	0	0	0
1784	P	0	0	0	0	0	0	0
1785	T	0	0	0	0	0	0	0
1786	P	0	0	0	0	0	0	0
1787	G	0	0	0	0	0	0	0
1788	Y	Phosphotyrosine	PAEPTPGYEVGQRKR	CCCCCCCCCHHHCHH	0	0	0	0
1789	E	0	0	0	0	0	0	0
1790	V	0	0	0	0	0	0	0
1791	G	0	0	0	0	0	0	0
1792	Q	0	0	0	0	0	0	0
1793	R	0	0	0	0	0	0	0
1794	K	0	0	0	0	0	0	0
1795	R	0	0	0	0	0	0	0
1796	L	0	0	0	0	0	0	0
1797	I	0	0	0	0	0	0	0
1798	S	Phosphoserine	GQRKRLISSVEDFTE	HHCHHHHCCHHHHHH	0	0	0	0
1799	S	Phosphoserine	QRKRLISSVEDFTEF	HCHHHHCCHHHHHHC	0	0	0	0
1800	V	0	0	0	0	0	0	0
1801	E	0	0	0	0	0	0	0
1802	D	0	0	0	0	0	0	0
1803	F	0	0	0	0	0	0	0
1804	T	0	0	0	0	0	0	0
1805	E	0	0	0	0	0	0	0
1806	F	0	0	0	0	0	0	0
1807	V	0	0	0	0	0	0	0
