location	residue	Modification	seq	secStruc	RelatedDisease	VariantPosition	ResidueChange	DaPSbySAP
1	M	0	0	0	0	0	0	0
2	E	0	0	0	0	0	0	0
3	N	0	0	0	0	0	0	0
4	F	0	0	0	0	0	0	0
5	I	0	0	0	0	0	0	0
6	L	0	0	0	0	0	0	0
7	Y	0	0	0	0	0	0	0
8	E	0	0	0	0	0	0	0
9	E	0	0	0	0	0	0	0
10	I	0	0	0	0	0	0	0
11	G	0	0	0	0	0	0	0
12	R	0	0	0	0	0	0	0
13	G	0	0	0	0	0	0	0
14	S	0	0	0	0	0	0	0
15	K	0	0	0	0	0	0	0
16	T	0	0	0	0	0	0	0
17	V	0	0	0	0	0	0	0
18	V	0	0	0	0	0	0	0
19	Y	0	0	0	0	0	0	0
20	K	0	0	0	0	0	0	0
21	G	0	0	0	0	0	0	0
22	R	0	0	0	0	0	0	0
23	R	0	0	0	0	0	0	0
24	K	0	0	0	0	0	0	0
25	G	0	0	0	0	0	0	0
26	T	0	0	0	0	0	0	0
27	I	0	0	0	0	0	0	0
28	N	0	0	0	0	0	0	0
29	F	0	0	0	0	0	0	0
30	V	0	0	0	0	0	0	0
31	A	0	0	0	0	0	0	0
32	I	0	0	0	0	0	0	0
33	L	0	0	0	0	0	0	0
34	C	0	0	0	0	0	0	0
35	T	0	0	0	0	0	0	0
36	D	0	0	0	0	0	0	0
37	K	0	0	0	0	0	0	0
38	C	0	0	0	0	0	0	0
39	K	0	0	0	0	0	0	0
40	R	0	0	0	0	0	0	0
41	P	0	0	0	0	0	0	0
42	E	0	0	0	0	0	0	0
43	I	0	0	0	0	0	0	0
44	T	0	0	0	0	0	0	0
45	N	0	0	0	0	0	0	0
46	W	0	0	0	0	0	0	0
47	V	0	0	0	0	0	0	0
48	R	0	0	0	0	0	0	0
49	L	0	0	0	0	0	0	0
50	T	0	0	0	0	0	0	0
51	R	0	0	0	0	0	0	0
52	E	0	0	0	0	0	0	0
53	I	0	0	0	0	0	0	0
54	K	0	0	0	0	0	0	0
55	H	0	0	0	0	0	0	0
56	K	0	0	0	0	0	0	0
57	N	0	0	0	0	0	0	0
58	I	0	0	0	0	0	0	0
59	V	0	0	0	0	0	0	0
60	T	0	0	0	0	0	0	0
61	F	0	0	0	0	0	0	0
62	H	0	0	0	0	0	0	0
63	E	0	0	0	0	0	0	0
64	W	0	0	0	0	0	0	0
65	Y	0	0	0	0	0	0	0
66	E	0	0	0	0	0	0	0
67	T	0	0	0	0	0	0	0
68	S	0	0	0	0	0	0	0
69	N	0	0	0	0	0	0	0
70	H	0	0	0	0	0	0	0
71	L	0	0	0	0	0	0	0
72	W	0	0	0	0	0	0	0
73	L	0	0	0	0	0	0	0
74	V	0	0	0	0	0	0	0
75	V	0	0	0	0	0	0	0
76	E	0	0	0	0	0	0	0
77	L	0	0	0	0	0	0	0
78	C	0	0	0	0	0	0	0
79	T	0	0	0	0	0	0	0
80	G	0	0	0	0	0	0	0
81	G	0	0	0	0	0	0	0
82	S	0	0	0	0	0	0	0
83	L	0	0	0	0	0	0	0
84	K	0	0	0	0	0	0	0
85	T	0	0	0	0	0	0	0
86	V	0	0	0	0	0	0	0
87	I	0	0	0	0	0	0	0
88	A	0	0	0	0	0	0	0
89	Q	0	0	0	0	0	0	0
90	D	0	0	0	0	0	0	0
91	E	0	0	0	0	0	0	0
92	N	0	0	0	0	0	0	0
93	L	0	0	0	0	0	0	0
94	P	0	0	0	0	0	0	0
95	E	0	0	0	0	0	0	0
96	D	0	0	0	0	0	0	0
97	V	0	0	0	0	0	0	0
98	V	0	0	0	0	0	0	0
99	R	0	0	0	0	0	0	0
100	E	0	0	0	0	0	0	0
101	F	0	0	0	0	0	0	0
102	G	0	0	0	0	0	0	0
103	I	0	0	0	0	0	0	0
104	D	0	0	0	0	0	0	0
105	L	0	0	0	0	0	0	0
106	I	0	0	0	0	0	0	0
107	S	0	0	0	0	0	0	0
108	G	0	0	0	0	0	0	0
109	L	0	0	0	0	0	0	0
110	H	0	0	0	0	0	0	0
111	H	0	0	0	0	0	0	0
112	L	0	0	0	0	0	0	0
113	H	0	0	0	0	0	0	0
114	K	0	0	0	0	0	0	0
115	L	0	0	0	0	0	0	0
116	G	0	0	0	0	0	0	0
117	I	0	0	0	0	0	0	0
118	L	0	0	0	0	0	0	0
119	F	0	0	0	0	0	0	0
120	C	0	0	0	0	0	0	0
121	D	0	0	0	0	0	0	0
122	I	0	0	0	0	0	0	0
123	S	0	0	0	0	0	0	0
124	P	0	0	0	0	0	0	0
125	R	0	0	0	0	0	0	0
126	K	0	0	0	0	0	0	0
127	I	0	0	0	0	0	0	0
128	L	0	0	0	0	0	0	0
129	L	0	0	0	0	0	0	0
130	E	0	0	0	0	0	0	0
131	G	0	0	0	0	0	0	0
132	P	0	0	0	0	0	0	0
133	G	0	0	0	0	0	0	0
134	T	0	0	0	0	0	0	0
135	L	0	0	0	0	0	0	0
136	K	0	0	0	0	0	0	0
137	F	0	0	0	0	0	0	0
138	S	0	0	0	0	0	0	0
139	N	0	0	0	0	0	0	0
140	F	0	0	0	0	0	0	0
141	C	0	0	0	0	0	0	0
142	L	0	0	0	0	0	0	0
143	A	0	0	0	0	0	0	0
144	K	0	0	0	0	0	0	0
145	V	0	0	0	0	0	0	0
146	E	0	0	0	0	0	0	0
147	G	0	0	0	0	0	0	0
148	E	0	0	0	0	0	0	0
149	N	0	0	0	0	0	0	0
150	L	0	0	0	0	0	0	0
151	E	0	0	0	0	0	0	0
152	E	0	0	0	0	0	0	0
153	F	0	0	0	0	0	0	0
154	F	0	0	0	0	0	0	0
155	A	0	0	0	0	0	0	0
156	L	0	0	0	0	0	0	0
157	V	0	0	0	0	0	0	0
158	A	0	0	0	0	0	0	0
159	A	0	0	0	0	0	0	0
160	E	0	0	0	0	0	0	0
161	E	0	0	0	0	0	0	0
162	G	0	0	0	0	0	0	0
163	G	0	0	0	0	0	0	0
164	G	0	0	0	0	0	0	0
165	D	0	0	0	0	0	0	0
166	N	0	0	0	0	0	0	0
167	G	0	0	0	0	0	0	0
168	E	0	0	0	0	0	0	0
169	N	0	0	0	0	0	0	0
170	V	0	0	0	0	0	0	0
171	L	0	0	0	0	0	0	0
172	K	0	0	0	0	0	0	0
173	K	0	0	0	0	0	0	0
174	S	0	0	0	0	0	0	0
175	M	0	0	0	0	0	0	0
176	K	0	0	0	0	0	0	0
177	S	Phosphoserine	VLKKSMKSRVKGSPV	HHHHHHHHHCCCCCC	0	0	0	0
178	R	0	0	0	0	0	0	0
179	V	0	0	0	0	0	0	0
180	K	0	0	0	0	0	0	0
181	G	0	0	0	0	0	0	0
182	S	0	0	0	0	0	0	0
183	P	0	0	0	0	0	0	0
184	V	0	0	0	0	0	0	0
185	Y	0	0	0	0	0	0	0
186	T	0	0	0	0	0	0	0
187	A	0	0	0	0	0	0	0
188	P	0	0	0	0	0	0	0
189	E	0	0	0	0	0	0	0
190	V	0	0	0	0	0	0	0
191	V	0	0	0	0	0	0	0
192	R	0	0	0	0	0	0	0
193	G	0	0	0	0	0	0	0
194	A	0	0	0	0	0	0	0
195	D	0	0	0	0	0	0	0
196	F	0	0	0	0	0	0	0
197	S	0	0	0	0	0	0	0
198	I	0	0	0	0	0	0	0
199	S	0	0	0	0	0	0	0
200	S	0	0	0	0	0	0	0
201	D	0	0	0	0	0	0	0
202	L	0	0	0	0	0	0	0
203	W	0	0	0	0	0	0	0
204	S	0	0	0	0	0	0	0
205	L	0	0	0	0	0	0	0
206	G	0	0	0	0	0	0	0
207	C	0	0	0	0	0	0	0
208	L	0	0	0	0	0	0	0
209	L	0	0	0	0	0	0	0
210	Y	0	0	0	0	0	0	0
211	E	0	0	0	0	0	0	0
212	M	0	0	0	0	0	0	0
213	F	0	0	0	0	0	0	0
214	S	0	0	0	0	0	0	0
215	G	0	0	0	0	0	0	0
216	K	0	0	0	0	0	0	0
217	P	0	0	0	0	0	0	0
218	P	0	0	0	0	0	0	0
219	F	0	0	0	0	0	0	0
220	F	0	0	0	0	0	0	0
221	S	0	0	0	0	0	0	0
222	E	0	0	0	0	0	0	0
223	S	0	0	0	0	0	0	0
224	I	0	0	0	0	0	0	0
225	S	0	0	0	0	0	0	0
226	E	0	0	0	0	0	0	0
227	L	0	0	0	0	0	0	0
228	T	0	0	0	0	0	0	0
229	E	0	0	0	0	0	0	0
230	K	0	0	0	0	0	0	0
231	I	0	0	0	0	0	0	0
232	L	0	0	0	0	0	0	0
233	C	0	0	0	0	0	0	0
234	E	0	0	0	0	0	0	0
235	D	0	0	0	0	0	0	0
236	P	0	0	0	0	0	0	0
237	L	0	0	0	0	0	0	0
238	P	0	0	0	0	0	0	0
239	P	0	0	0	0	0	0	0
240	I	0	0	0	0	0	0	0
241	P	0	0	0	0	0	0	0
242	K	0	0	0	0	0	0	0
243	D	0	0	0	0	0	0	0
244	S	0	0	0	0	0	0	0
245	S	0	0	0	0	0	0	0
246	R	0	0	0	0	0	0	0
247	P	0	0	0	0	0	0	0
248	K	0	0	0	0	0	0	0
249	A	0	0	0	0	0	0	0
250	S	0	0	0	0	0	0	0
251	S	0	0	0	0	0	0	0
252	D	0	0	0	0	0	0	0
253	F	0	0	0	0	0	0	0
254	I	0	0	0	0	0	0	0
255	N	0	0	0	0	0	0	0
256	L	0	0	0	0	0	0	0
257	L	0	0	0	0	0	0	0
258	D	0	0	0	0	0	0	0
259	G	0	0	0	0	0	0	0
260	L	0	0	0	0	0	0	0
261	L	0	0	0	0	0	0	0
262	Q	0	0	0	0	0	0	0
263	R	0	0	0	0	0	0	0
264	D	0	0	0	0	0	0	0
265	P	0	0	0	0	0	0	0
266	Q	0	0	0	0	0	0	0
267	K	0	0	0	0	0	0	0
268	R	0	0	0	0	0	0	0
269	L	0	0	0	0	0	0	0
270	T	0	0	0	0	0	0	0
271	W	0	0	0	0	0	0	0
272	T	0	0	0	0	0	0	0
273	R	0	0	0	0	0	0	0
274	L	0	0	0	0	0	0	0
275	L	0	0	0	0	0	0	0
276	Q	0	0	0	0	0	0	0
277	H	0	0	0	0	0	0	0
278	S	0	0	0	0	0	0	0
279	F	0	0	0	0	0	0	0
280	W	0	0	0	0	0	0	0
281	K	0	0	0	0	0	0	0
282	K	0	0	0	0	0	0	0
283	A	0	0	0	0	0	0	0
284	F	0	0	0	0	0	0	0
285	A	0	0	0	0	0	0	0
286	G	0	0	0	0	0	0	0
287	A	0	0	0	0	0	0	0
288	D	0	0	0	0	0	0	0
289	Q	0	0	0	0	0	0	0
290	E	0	0	0	0	0	0	0
291	S	0	0	0	0	0	0	0
292	S	0	0	0	0	0	0	0
293	V	0	0	0	0	0	0	0
294	E	0	0	0	0	0	0	0
295	D	0	0	0	0	0	0	0
296	L	0	0	0	0	0	0	0
297	S	0	0	0	0	0	0	0
298	L	0	0	0	0	0	0	0
299	S	0	0	0	0	0	0	0
300	R	0	0	0	0	0	0	0
301	N	0	0	0	0	0	0	0
302	T	0	0	0	0	0	0	0
303	M	0	0	0	0	0	0	0
304	E	0	0	0	0	0	0	0
305	C	0	0	0	0	0	0	0
306	S	0	0	0	0	0	0	0
307	G	0	0	0	0	0	0	0
308	P	0	0	0	0	0	0	0
309	Q	0	0	0	0	0	0	0
310	D	0	0	0	0	0	0	0
311	S	0	0	0	0	0	0	0
312	K	0	0	0	0	0	0	0
313	E	0	0	0	0	0	0	0
314	L	0	0	0	0	0	0	0
315	L	0	0	0	0	0	0	0
316	Q	0	0	0	0	0	0	0
317	N	0	0	0	0	0	0	0
318	S	0	0	0	0	0	0	0
319	Q	0	0	0	0	0	0	0
320	S	0	0	0	0	0	0	0
321	R	0	0	0	0	0	0	0
322	Q	0	0	0	0	0	0	0
323	A	0	0	0	0	0	0	0
324	K	0	0	0	0	0	0	0
325	G	0	0	0	0	0	0	0
326	H	0	0	0	0	0	0	0
327	K	0	0	0	0	0	0	0
328	S	0	0	0	0	0	0	0
329	G	0	0	0	0	0	0	0
330	Q	0	0	0	0	0	0	0
331	P	0	0	0	0	0	0	0
332	L	0	0	0	0	0	0	0
333	G	0	0	0	0	0	0	0
334	H	0	0	0	0	0	0	0
335	S	0	0	0	0	0	0	0
336	F	0	0	0	0	0	0	0
337	R	0	0	0	0	0	0	0
338	L	0	0	0	0	0	0	0
339	E	0	0	0	0	0	0	0
340	N	0	0	0	0	0	0	0
341	P	0	0	0	0	0	0	0
342	T	0	0	0	0	0	0	0
343	E	0	0	0	0	0	0	0
344	F	0	0	0	0	0	0	0
345	R	0	0	0	0	0	0	0
346	P	0	0	0	0	0	0	0
347	K	0	0	0	0	0	0	0
348	S	0	0	0	0	0	0	0
349	T	0	0	0	0	0	0	0
350	L	0	0	0	0	0	0	0
351	E	0	0	0	0	0	0	0
352	G	0	0	0	0	0	0	0
353	Q	0	0	0	0	0	0	0
354	L	0	0	0	0	0	0	0
355	N	0	0	0	0	0	0	0
356	E	0	0	0	0	0	0	0
357	S	0	0	0	0	0	0	0
358	M	0	0	0	0	0	0	0
359	F	0	0	0	0	0	0	0
360	L	0	0	0	0	0	0	0
361	L	0	0	0	0	0	0	0
362	S	0	0	0	0	0	0	0
363	S	0	0	0	0	0	0	0
364	R	0	0	0	0	0	0	0
365	P	0	0	0	0	0	0	0
366	T	0	0	0	0	0	0	0
367	P	0	0	0	0	0	0	0
368	R	0	0	0	0	0	0	0
369	T	0	0	0	0	0	0	0
370	S	0	0	0	0	0	0	0
371	T	0	0	0	0	0	0	0
372	A	0	0	0	0	0	0	0
373	V	0	0	0	0	0	0	0
374	E	0	0	0	0	0	0	0
375	V	0	0	0	0	0	0	0
376	S	0	0	0	0	0	0	0
377	P	0	0	0	0	0	0	0
378	G	0	0	0	0	0	0	0
379	E	0	0	0	0	0	0	0
380	D	0	0	0	0	0	0	0
381	M	0	0	0	0	0	0	0
382	T	Phosphothreonine	VSPGEDMTHCSPQKT	ECCCCCCCCCCCCCC	0	0	0	0
383	H	0	0	0	0	0	0	0
384	C	0	0	0	0	0	0	0
385	S	Phosphoserine	GEDMTHCSPQKTSPL	CCCCCCCCCCCCCCC	0	0	0	0
386	P	0	0	0	0	0	0	0
387	Q	0	0	0	0	0	0	0
388	K	0	0	0	0	0	0	0
389	T	Phosphothreonine	THCSPQKTSPLTKIT	CCCCCCCCCCCCHHC	0	0	0	0
390	S	Phosphoserine	HCSPQKTSPLTKITS	CCCCCCCCCCCHHCC	0	0	0	0
391	P	0	0	0	0	0	0	0
392	L	0	0	0	0	0	0	0
393	T	Phosphothreonine	PQKTSPLTKITSGHL	CCCCCCCCHHCCCCC	0	0	0	0
394	K	0	0	0	0	0	0	0
395	I	0	0	0	0	0	0	0
396	T	0	0	0	0	0	0	0
397	S	0	0	0	0	0	0	0
398	G	0	0	0	0	0	0	0
399	H	0	0	0	0	0	0	0
400	L	0	0	0	0	0	0	0
401	S	0	0	0	0	0	0	0
402	Q	0	0	0	0	0	0	0
403	Q	0	0	0	0	0	0	0
404	D	0	0	0	0	0	0	0
405	L	0	0	0	0	0	0	0
406	E	0	0	0	0	0	0	0
407	S	0	0	0	0	0	0	0
408	Q	0	0	0	0	0	0	0
409	M	0	0	0	0	0	0	0
410	R	0	0	0	0	0	0	0
411	E	0	0	0	0	0	0	0
412	L	0	0	0	0	0	0	0
413	I	0	0	0	0	0	0	0
414	Y	0	0	0	0	0	0	0
415	T	0	0	0	0	0	0	0
416	D	0	0	0	0	0	0	0
417	S	0	0	0	0	0	0	0
418	D	0	0	0	0	0	0	0
419	L	0	0	0	0	0	0	0
420	V	0	0	0	0	0	0	0
421	V	0	0	0	0	0	0	0
422	T	0	0	0	0	0	0	0
423	P	0	0	0	0	0	0	0
424	I	0	0	0	0	0	0	0
425	I	0	0	0	0	0	0	0
426	D	0	0	0	0	0	0	0
427	N	0	0	0	0	0	0	0
428	P	0	0	0	0	0	0	0
429	K	0	0	0	0	0	0	0
430	I	0	0	0	0	0	0	0
431	M	0	0	0	0	0	0	0
432	K	0	0	0	0	0	0	0
433	Q	0	0	0	0	0	0	0
434	P	0	0	0	0	0	0	0
435	P	0	0	0	0	0	0	0
436	V	0	0	0	0	0	0	0
437	K	0	0	0	0	0	0	0
438	F	0	0	0	0	0	0	0
439	D	0	0	0	0	0	0	0
440	A	0	0	0	0	0	0	0
441	K	0	0	0	0	0	0	0
442	I	0	0	0	0	0	0	0
443	L	0	0	0	0	0	0	0
444	H	0	0	0	0	0	0	0
445	L	0	0	0	0	0	0	0
446	P	0	0	0	0	0	0	0
447	T	0	0	0	0	0	0	0
448	Y	Phosphotyrosine	KILHLPTYSVDKLLF	EEECCCCCCCCEEHH	0	0	0	0
449	S	0	0	0	0	0	0	0
450	V	0	0	0	0	0	0	0
451	D	0	0	0	0	0	0	0
452	K	0	0	0	0	0	0	0
453	L	0	0	0	0	0	0	0
454	L	0	0	0	0	0	0	0
455	F	0	0	0	0	0	0	0
456	L	0	0	0	0	0	0	0
457	K	0	0	0	0	0	0	0
458	D	0	0	0	0	0	0	0
459	Q	0	0	0	0	0	0	0
460	D	0	0	0	0	0	0	0
461	W	0	0	0	0	0	0	0
462	N	0	0	0	0	0	0	0
463	D	0	0	0	0	0	0	0
464	F	0	0	0	0	0	0	0
465	L	0	0	0	0	0	0	0
466	Q	0	0	0	0	0	0	0
467	Q	0	0	0	0	0	0	0
468	V	0	0	0	0	0	0	0
469	C	0	0	0	0	0	0	0
470	S	0	0	0	0	0	0	0
471	Q	0	0	0	0	0	0	0
472	I	0	0	0	0	0	0	0
473	D	0	0	0	0	0	0	0
474	S	0	0	0	0	0	0	0
475	T	0	0	0	0	0	0	0
476	E	0	0	0	0	0	0	0
477	K	0	0	0	0	0	0	0
478	S	0	0	0	0	0	0	0
479	M	0	0	0	0	0	0	0
480	G	0	0	0	0	0	0	0
481	A	0	0	0	0	0	0	0
482	S	0	0	0	0	0	0	0
483	R	0	0	0	0	0	0	0
484	A	0	0	0	0	0	0	0
485	K	0	0	0	0	0	0	0
486	L	0	0	0	0	0	0	0
487	N	0	0	0	0	0	0	0
488	L	0	0	0	0	0	0	0
489	L	0	0	0	0	0	0	0
490	C	0	0	0	0	0	0	0
491	Y	0	0	0	0	0	0	0
492	L	0	0	0	0	0	0	0
493	C	0	0	0	0	0	0	0
494	V	0	0	0	0	0	0	0
495	V	0	0	0	0	0	0	0
496	A	0	0	0	0	0	0	0
497	G	0	0	0	0	0	0	0
498	H	0	0	0	0	0	0	0
499	Q	0	0	0	0	0	0	0
500	E	0	0	0	0	0	0	0
501	V	0	0	0	0	0	0	0
502	A	0	0	0	0	0	0	0
503	T	0	0	0	0	0	0	0
504	R	0	0	0	0	0	0	0
505	L	0	0	0	0	0	0	0
506	L	0	0	0	0	0	0	0
507	H	0	0	0	0	0	0	0
508	S	0	0	0	0	0	0	0
509	P	0	0	0	0	0	0	0
510	L	0	0	0	0	0	0	0
511	F	0	0	0	0	0	0	0
512	Q	0	0	0	0	0	0	0
513	L	0	0	0	0	0	0	0
514	L	0	0	0	0	0	0	0
515	I	0	0	0	0	0	0	0
516	Q	0	0	0	0	0	0	0
517	H	0	0	0	0	0	0	0
518	L	0	0	0	0	0	0	0
519	R	0	0	0	0	0	0	0
520	I	0	0	0	0	0	0	0
521	A	0	0	0	0	0	0	0
522	P	0	0	0	0	0	0	0
523	N	0	0	0	0	0	0	0
524	W	0	0	0	0	0	0	0
525	D	0	0	0	0	0	0	0
526	I	0	0	0	0	0	0	0
527	R	0	0	0	0	0	0	0
528	A	0	0	0	0	0	0	0
529	K	0	0	0	0	0	0	0
530	V	0	0	0	0	0	0	0
531	A	0	0	0	0	0	0	0
532	H	0	0	0	0	0	0	0
533	V	0	0	0	0	0	0	0
534	I	0	0	0	0	0	0	0
535	G	0	0	0	0	0	0	0
536	L	0	0	0	0	0	0	0
537	L	0	0	0	0	0	0	0
538	A	0	0	0	0	0	0	0
539	S	0	0	0	0	0	0	0
540	H	0	0	0	0	0	0	0
541	T	0	0	0	0	0	0	0
542	A	0	0	0	0	0	0	0
543	E	0	0	0	0	0	0	0
544	L	0	0	0	0	0	0	0
545	Q	0	0	0	0	0	0	0
546	E	0	0	0	0	0	0	0
547	N	0	0	0	0	0	0	0
548	T	0	0	0	0	0	0	0
549	P	0	0	0	0	0	0	0
550	V	0	0	0	0	0	0	0
551	V	0	0	0	0	0	0	0
552	E	0	0	0	0	0	0	0
553	A	0	0	0	0	0	0	0
554	I	0	0	0	0	0	0	0
555	V	0	0	0	0	0	0	0
556	L	0	0	0	0	0	0	0
557	L	0	0	0	0	0	0	0
558	T	0	0	0	0	0	0	0
559	E	0	0	0	0	0	0	0
560	L	0	0	0	0	0	0	0
561	I	0	0	0	0	0	0	0
562	R	0	0	0	0	0	0	0
563	E	0	0	0	0	0	0	0
564	N	0	0	0	0	0	0	0
565	F	0	0	0	0	0	0	0
566	R	0	0	0	0	0	0	0
567	N	0	0	0	0	0	0	0
568	S	0	0	0	0	0	0	0
569	K	0	0	0	0	0	R	577
570	L	0	0	0	0	0	0	0
571	K	0	0	0	0	0	0	0
572	Q	0	0	0	0	0	0	0
573	C	0	0	0	0	0	0	0
574	L	0	0	0	0	0	0	0
575	L	0	0	0	0	0	0	0
576	P	0	0	0	0	0	0	0
577	T	Phosphothreonine	LKQCLLPTLGELIYL	HHHHHHHHHHHHHHH	Blood pressure:pulse pressure measurement	569 (8)	0	0
578	L	0	0	0	0	0	0	0
579	G	0	0	0	0	0	0	0
580	E	0	0	0	0	0	0	0
581	L	0	0	0	0	0	0	0
582	I	0	0	0	0	0	0	0
583	Y	Phosphotyrosine	PTLGELIYLVATQEE	HHHHHHHHHHHCHHH	0	0	0	0
584	L	0	0	0	0	0	0	0
585	V	0	0	0	0	0	0	0
586	A	0	0	0	0	0	0	0
587	T	Phosphothreonine	ELIYLVATQEEKKKN	HHHHHHHCHHHHHCC	0	0	0	0
588	Q	0	0	0	0	0	0	0
589	E	0	0	0	0	0	0	0
590	E	0	0	0	0	0	0	0
591	K	0	0	0	0	0	0	0
592	K	0	0	0	0	0	0	0
593	K	0	0	0	0	0	0	0
594	N	0	0	0	0	0	0	0
595	P	0	0	0	0	0	0	0
596	R	0	0	0	0	0	0	0
597	E	0	0	0	0	0	0	0
598	C	0	0	0	0	0	0	0
599	W	0	0	0	0	0	0	0
600	A	0	0	0	0	0	0	0
601	V	0	0	0	0	0	0	0
602	P	0	0	0	0	0	0	0
603	L	0	0	0	0	0	0	0
604	A	0	0	0	0	0	0	0
605	A	0	0	0	0	0	0	0
606	Y	0	0	0	0	0	0	0
607	T	0	0	0	0	0	0	0
608	V	0	0	0	0	0	0	0
609	L	0	0	0	0	0	0	0
610	M	0	0	0	0	0	0	0
611	R	0	0	0	0	0	0	0
612	C	0	0	0	0	0	0	0
613	L	0	0	0	0	0	0	0
614	R	0	0	0	0	0	0	0
615	E	0	0	0	0	0	0	0
616	G	0	0	0	0	0	0	0
617	E	0	0	0	0	0	0	0
618	E	0	0	0	0	0	0	0
619	R	0	0	0	0	0	0	0
620	V	0	0	0	0	0	0	0
621	V	0	0	0	0	0	0	0
622	N	0	0	0	0	0	0	0
623	H	0	0	0	0	0	0	0
624	M	0	0	0	0	0	0	0
625	A	0	0	0	0	0	0	0
626	A	0	0	0	0	0	0	0
627	K	0	0	0	0	0	0	0
628	I	0	0	0	0	0	0	0
629	I	0	0	0	0	0	0	0
630	E	0	0	0	0	0	0	0
631	N	0	0	0	0	0	0	0
632	V	0	0	0	0	0	0	0
633	C	0	0	0	0	0	0	0
634	T	0	0	0	0	0	0	0
635	T	0	0	0	0	0	0	0
636	F	0	0	0	0	0	0	0
637	S	0	0	0	0	0	0	0
638	A	0	0	0	0	0	0	0
639	Q	0	0	0	0	0	0	0
640	S	0	0	0	0	0	0	0
641	Q	0	0	0	0	0	0	0
642	G	0	0	0	0	0	0	0
643	F	0	0	0	0	0	0	0
644	I	0	0	0	0	0	0	0
645	T	Phosphothreonine	AQSQGFITGEIGPIL	HHCCCEECCCHHHHH	0	0	0	0
646	G	0	0	0	0	0	0	0
647	E	0	0	0	0	0	0	0
648	I	0	0	0	0	0	0	0
649	G	0	0	0	0	0	0	0
650	P	0	0	0	0	0	0	0
651	I	0	0	0	0	0	0	0
652	L	0	0	0	0	0	0	0
653	W	0	0	0	0	0	0	0
654	Y	0	0	0	0	0	0	0
655	L	0	0	0	0	0	0	0
656	F	0	0	0	0	0	0	0
657	R	0	0	0	0	0	0	0
658	H	0	0	0	0	0	0	0
659	S	0	0	0	0	0	0	0
660	T	0	0	0	0	0	0	0
661	A	0	0	0	0	0	0	0
662	D	0	0	0	0	0	0	0
663	S	0	0	0	0	0	0	0
664	L	0	0	0	0	0	0	0
665	R	0	0	0	0	0	0	0
666	I	0	0	0	0	0	0	0
667	T	0	0	0	0	0	0	0
668	A	0	0	0	0	0	0	0
669	V	0	0	0	0	0	0	0
670	S	0	0	0	0	0	0	0
671	A	0	0	0	0	0	0	0
672	L	0	0	0	0	0	0	0
673	C	0	0	0	0	0	0	0
674	R	0	0	0	0	0	0	0
675	I	0	0	0	0	0	0	0
676	T	0	0	0	0	0	0	0
677	R	0	0	0	0	0	0	0
678	H	0	0	0	0	0	0	0
679	S	0	0	0	0	0	0	0
680	P	0	0	0	0	0	0	0
681	T	0	0	0	0	0	0	0
682	A	0	0	0	0	0	0	0
683	F	0	0	0	0	0	0	0
684	Q	0	0	0	0	0	0	0
685	N	0	0	0	0	0	0	0
686	V	0	0	0	0	0	0	0
687	I	0	0	0	0	0	0	0
688	E	0	0	0	0	0	0	0
689	K	0	0	0	0	0	0	0
690	V	0	0	0	0	0	0	0
691	G	0	0	0	0	0	0	0
692	L	0	0	0	0	0	0	0
693	N	0	0	0	0	0	0	0
694	S	0	0	0	0	0	0	0
695	V	0	0	0	0	0	0	0
696	I	0	0	0	0	0	0	0
697	N	0	0	0	0	0	0	0
698	S	0	0	0	0	0	0	0
699	L	0	0	0	0	0	0	0
700	A	0	0	0	0	0	0	0
701	S	0	0	0	0	0	0	0
702	A	0	0	0	0	0	0	0
703	I	0	0	0	0	0	0	0
704	C	0	0	0	0	0	0	0
705	K	0	0	0	0	0	0	0
706	V	0	0	0	0	0	0	0
707	Q	0	0	0	0	0	0	0
708	Q	0	0	0	0	0	0	0
709	Y	0	0	0	0	0	0	0
710	M	0	0	0	0	0	0	0
711	L	0	0	0	0	0	0	0
712	T	0	0	0	0	0	0	0
713	L	0	0	0	0	0	0	0
714	F	0	0	0	0	0	0	0
715	A	0	0	0	0	0	0	0
716	A	0	0	0	0	0	0	0
717	M	0	0	0	0	0	0	0
718	L	0	0	0	0	0	0	0
719	S	0	0	0	0	0	0	0
720	C	0	0	0	0	0	0	0
721	G	0	0	0	0	0	0	0
722	I	0	0	0	0	0	0	0
723	H	0	0	0	0	0	0	0
724	L	0	0	0	0	0	0	0
725	Q	0	0	0	0	0	0	0
726	R	0	0	0	0	0	0	0
727	L	0	0	0	0	0	0	0
728	I	0	0	0	0	0	0	0
729	Q	0	0	0	0	0	0	0
730	E	0	0	0	0	0	0	0
731	K	0	0	0	0	0	0	0
732	G	0	0	0	0	0	0	0
733	F	0	0	0	0	0	0	0
734	V	0	0	0	0	0	0	0
735	S	0	0	0	0	0	0	0
736	T	0	0	0	0	0	0	0
737	I	0	0	0	0	0	0	0
738	I	0	0	0	0	0	0	0
739	R	0	0	0	0	0	0	0
740	L	0	0	0	0	0	0	0
741	L	0	0	0	0	0	0	0
742	D	0	0	0	0	0	0	0
743	S	0	0	0	0	0	0	0
744	P	0	0	0	0	0	0	0
745	S	0	0	0	0	0	0	0
746	T	0	0	0	0	0	0	0
747	C	0	0	0	0	0	0	0
748	I	0	0	0	0	0	0	0
749	R	0	0	0	0	0	0	0
750	A	0	0	0	0	0	0	0
751	K	0	0	0	0	0	0	0
752	A	0	0	0	0	0	0	0
753	F	0	0	0	0	0	0	0
754	L	0	0	0	0	0	0	0
755	V	0	0	0	0	0	0	0
756	L	0	0	0	0	0	0	0
757	L	0	0	0	0	0	0	0
758	Y	0	0	0	0	0	0	0
759	I	0	0	0	0	0	0	0
760	L	0	0	0	0	0	0	0
761	I	0	0	0	0	0	0	0
762	Y	0	0	0	0	0	0	0
763	N	0	0	0	0	0	0	0
764	R	0	0	0	0	0	0	0
765	E	0	0	0	0	0	0	0
766	M	0	0	0	0	0	0	0
767	L	0	0	0	0	0	0	0
768	L	0	0	0	0	0	0	0
769	L	0	0	0	0	0	0	0
770	S	0	0	0	0	0	0	0
771	C	0	0	0	0	0	0	0
772	Q	0	0	0	0	0	0	0
773	A	0	0	0	0	0	0	0
774	R	0	0	0	0	0	0	0
775	L	0	0	0	0	0	0	0
776	V	0	0	0	0	0	0	0
777	M	0	0	0	0	0	0	0
778	Y	0	0	0	0	0	0	0
779	I	0	0	0	0	0	0	0
780	E	0	0	0	0	0	0	0
781	R	0	0	0	0	0	0	0
782	D	0	0	0	0	0	0	0
783	S	0	0	0	0	0	0	0
784	R	0	0	0	0	0	0	0
785	K	0	0	0	0	0	0	0
786	T	0	0	0	0	0	0	0
787	T	0	0	0	0	0	0	0
788	P	0	0	0	0	0	0	0
789	G	0	0	0	0	0	0	0
790	K	0	0	0	0	0	0	0
791	E	0	0	0	0	0	0	0
792	Q	0	0	0	0	0	0	0
793	Q	0	0	0	0	0	0	0
794	S	0	0	0	0	0	0	0
795	G	0	0	0	0	0	0	0
796	N	0	0	0	0	0	0	0
797	E	0	0	0	0	0	0	0
798	Y	0	0	0	0	0	0	0
799	L	0	0	0	0	0	0	0
800	S	0	0	0	0	0	0	0
801	K	0	0	0	0	0	0	0
802	C	0	0	0	0	0	0	0
803	L	0	0	0	0	0	0	0
804	D	0	0	0	0	0	0	0
805	L	0	0	0	0	0	0	0
806	L	0	0	0	0	0	0	0
807	I	0	0	0	0	0	0	0
808	C	0	0	0	0	0	0	0
809	H	0	0	0	0	0	0	0
810	I	0	0	0	0	0	0	0
811	V	0	0	0	0	0	0	0
812	Q	0	0	0	0	0	0	0
813	E	0	0	0	0	0	0	0
814	L	0	0	0	0	0	0	0
815	P	0	0	0	0	0	0	0
816	R	0	0	0	0	0	0	0
817	I	0	0	0	0	0	0	0
818	L	0	0	0	0	0	0	0
819	G	0	0	0	0	0	0	0
820	D	0	0	0	0	0	0	0
821	I	0	0	0	0	0	0	0
822	L	0	0	0	0	0	0	0
823	N	0	0	0	0	0	0	0
824	S	0	0	0	0	0	0	0
825	L	0	0	0	0	0	0	0
826	A	0	0	0	0	0	0	0
827	N	0	0	0	0	0	0	0
828	V	0	0	0	0	0	0	0
829	S	0	0	0	0	0	0	0
830	G	0	0	0	0	0	0	0
831	R	0	0	0	0	0	0	0
832	K	0	0	0	0	0	0	0
833	H	0	0	0	0	0	0	0
834	P	0	0	0	0	0	0	0
835	S	0	0	0	0	0	0	0
836	T	0	0	0	0	0	0	0
837	V	0	0	0	0	0	0	0
838	Q	0	0	0	0	0	0	0
839	V	0	0	0	0	0	0	0
840	K	0	0	0	0	0	0	0
841	Q	0	0	0	0	0	0	0
842	L	0	0	0	0	0	0	0
843	K	0	0	0	0	0	0	0
844	L	0	0	0	0	0	0	0
845	C	0	0	0	0	0	0	0
846	L	0	0	0	0	0	0	0
847	P	0	0	0	0	0	0	0
848	L	0	0	0	0	0	0	0
849	M	0	0	0	0	0	0	0
850	P	0	0	0	0	0	0	0
851	V	0	0	0	0	0	0	0
852	V	0	0	0	0	0	0	0
853	L	0	0	0	0	0	0	0
854	H	0	0	0	0	0	0	0
855	L	0	0	0	0	0	0	0
856	V	0	0	0	0	0	0	0
857	T	0	0	0	0	0	0	0
858	S	0	0	0	0	0	0	0
859	Q	0	0	0	0	0	0	0
860	V	0	0	0	0	0	0	0
861	F	0	0	0	0	0	0	0
862	R	0	0	0	0	0	0	0
863	P	0	0	0	0	0	0	0
864	Q	0	0	0	0	0	0	0
865	V	0	0	0	0	0	0	0
866	V	0	0	0	0	0	0	0
867	T	0	0	0	0	0	0	0
868	E	0	0	0	0	0	0	0
869	E	0	0	0	0	0	0	0
870	F	0	0	0	0	0	0	0
871	L	0	0	0	0	0	0	0
872	F	0	0	0	0	0	0	0
873	S	0	0	0	0	0	0	0
874	Y	0	0	0	0	0	0	0
875	G	0	0	0	0	0	0	0
876	T	0	0	0	0	0	0	0
877	I	0	0	0	0	0	0	0
878	L	0	0	0	0	0	0	0
879	S	0	0	0	0	0	0	0
880	H	0	0	0	0	0	0	0
881	I	0	0	0	0	0	0	0
882	K	0	0	0	0	0	0	0
883	S	0	0	0	0	0	0	0
884	V	0	0	0	0	0	0	0
885	D	0	0	0	0	0	0	0
886	S	0	0	0	0	0	0	0
887	G	0	0	0	0	0	0	0
888	E	0	0	0	0	0	0	0
889	T	0	0	0	0	0	0	0
890	N	0	0	0	0	0	0	0
891	I	0	0	0	0	0	0	0
892	D	0	0	0	0	0	0	0
893	G	0	0	0	0	0	0	0
894	A	0	0	0	0	0	0	0
895	I	0	0	0	0	0	0	0
896	G	0	0	0	0	0	0	0
897	L	0	0	0	0	0	0	0
898	T	0	0	0	0	0	0	0
899	A	0	0	0	0	0	0	0
900	S	0	0	0	0	0	0	0
901	E	0	0	0	0	0	0	0
902	E	0	0	0	0	0	0	0
903	F	0	0	0	0	0	0	0
904	I	0	0	0	0	0	0	0
905	K	0	0	0	0	0	0	0
906	I	0	0	0	0	0	0	0
907	T	0	0	0	0	0	0	0
908	L	0	0	0	0	0	0	0
909	S	0	0	0	0	0	0	0
910	A	0	0	0	0	0	0	0
911	F	0	0	0	0	0	0	0
912	E	0	0	0	0	0	0	0
913	A	0	0	0	0	0	0	0
914	I	0	0	0	0	0	0	0
915	I	0	0	0	0	0	0	0
916	Q	0	0	0	0	0	0	0
917	Y	0	0	0	0	0	0	0
918	P	0	0	0	0	0	0	0
919	I	0	0	0	0	0	0	0
920	L	0	0	0	0	0	0	0
921	L	0	0	0	0	0	0	0
922	K	0	0	0	0	0	0	0
923	D	0	0	0	0	0	0	0
924	Y	0	0	0	0	0	0	0
925	R	0	0	0	0	0	0	0
926	S	0	0	0	0	0	0	0
927	T	0	0	0	0	0	0	0
928	V	0	0	0	0	0	0	0
929	V	0	0	0	0	0	0	0
930	D	0	0	0	0	0	0	0
931	Y	0	0	0	0	0	0	0
932	I	0	0	0	0	0	0	0
933	L	0	0	0	0	0	0	0
934	P	0	0	0	0	0	0	0
935	P	0	0	0	0	0	0	0
936	L	0	0	0	0	0	0	0
937	V	0	0	0	0	0	0	0
938	S	0	0	0	0	0	0	0
939	L	0	0	0	0	0	0	0
940	V	0	0	0	0	0	0	0
941	Q	0	0	0	0	0	0	0
942	S	0	0	0	0	0	0	0
943	Q	0	0	0	0	0	0	0
944	N	0	0	0	0	0	0	0
945	V	0	0	0	0	0	0	0
946	E	0	0	0	0	0	0	0
947	W	0	0	0	0	0	0	0
948	R	0	0	0	0	0	0	0
949	L	0	0	0	0	0	0	0
950	F	0	0	0	0	0	0	0
951	S	0	0	0	0	0	0	0
952	L	0	0	0	0	0	0	0
953	R	0	0	0	0	0	0	0
954	L	0	0	0	0	0	0	0
955	L	0	0	0	0	0	0	0
956	S	0	0	0	0	0	0	0
957	E	0	0	0	0	0	0	0
958	T	0	0	0	0	0	0	0
959	T	0	0	0	0	0	0	0
960	S	0	0	0	0	0	0	0
961	L	0	0	0	0	0	0	0
962	L	0	0	0	0	0	0	0
963	V	0	0	0	0	0	0	0
964	N	0	0	0	0	0	0	0
965	Q	0	0	0	0	0	0	0
966	E	0	0	0	0	0	0	0
967	F	0	0	0	0	0	0	0
968	G	0	0	0	0	0	0	0
969	D	0	0	0	0	0	0	0
970	G	0	0	0	0	0	0	0
971	K	0	0	0	0	0	0	0
972	E	0	0	0	0	0	0	0
973	K	0	0	0	0	0	0	0
974	A	0	0	0	0	0	0	0
975	S	0	0	0	0	0	0	0
976	V	0	0	0	0	0	0	0
977	D	0	0	0	0	0	0	0
978	S	0	0	0	0	0	0	0
979	D	0	0	0	0	0	0	0
980	S	0	0	0	0	0	0	0
981	N	0	0	0	0	0	0	0
982	L	0	0	0	0	0	0	0
983	L	0	0	0	0	0	0	0
984	A	0	0	0	0	0	0	0
985	L	0	0	0	0	0	0	0
986	I	0	0	0	0	0	0	0
987	R	0	0	0	0	0	0	0
988	D	0	0	0	0	0	0	0
989	V	0	0	0	0	0	0	0
990	L	0	0	0	0	0	0	0
991	L	0	0	0	0	0	0	0
992	P	0	0	0	0	0	0	0
993	Q	0	0	0	0	0	0	0
994	Y	0	0	0	0	0	0	0
995	E	0	0	0	0	0	0	0
996	H	0	0	0	0	0	0	0
997	I	0	0	0	0	0	0	0
998	L	0	0	0	0	0	0	0
999	L	0	0	0	0	0	0	0
1000	E	0	0	0	0	0	0	0
1001	P	0	0	0	0	0	0	0
1002	D	0	0	0	0	0	0	0
1003	P	0	0	0	0	0	0	0
1004	V	0	0	0	0	0	0	0
1005	P	0	0	0	0	0	0	0
1006	A	0	0	0	0	0	0	0
1007	Y	0	0	0	0	0	0	0
1008	A	0	0	0	0	0	0	0
1009	L	0	0	0	0	0	0	0
1010	K	0	0	0	0	0	0	0
1011	L	0	0	0	0	0	0	0
1012	L	0	0	0	0	0	0	0
1013	V	0	0	0	0	0	0	0
1014	A	0	0	0	0	0	0	0
1015	M	0	0	0	0	0	0	0
1016	T	0	0	0	0	0	0	0
1017	E	0	0	0	0	0	0	0
1018	H	0	0	0	0	0	0	0
1019	N	0	0	0	0	0	0	0
1020	P	0	0	0	0	0	0	0
1021	T	0	0	0	0	0	0	0
1022	F	0	0	0	0	0	0	0
1023	T	0	0	0	0	0	0	0
1024	R	0	0	0	0	0	0	0
1025	L	0	0	0	0	0	0	0
1026	V	0	0	0	0	0	0	0
1027	E	0	0	0	0	0	0	0
1028	E	0	0	0	0	0	0	0
1029	S	0	0	0	0	0	0	0
1030	K	0	0	0	0	0	0	0
1031	L	0	0	0	0	0	0	0
1032	I	0	0	0	0	0	0	0
1033	P	0	0	0	0	0	0	0
1034	L	0	0	0	0	0	0	0
1035	I	0	0	0	0	0	0	0
1036	F	0	0	0	0	0	0	0
1037	E	0	0	0	0	0	0	0
1038	V	0	0	0	0	0	0	0
1039	T	0	0	0	0	0	0	0
1040	L	0	0	0	0	0	0	0
1041	E	0	0	0	0	0	0	0
1042	H	0	0	0	0	0	0	0
1043	Q	0	0	0	0	0	0	0
1044	E	0	0	0	0	0	0	0
1045	S	0	0	0	0	0	0	0
1046	I	0	0	0	0	0	0	0
1047	L	0	0	0	0	0	0	0
1048	G	0	0	0	0	0	0	0
1049	N	0	0	0	0	0	0	0
1050	T	0	0	0	0	0	0	0
1051	M	0	0	0	0	0	0	0
1052	Q	0	0	0	0	0	0	0
1053	S	0	0	0	0	0	0	0
1054	V	0	0	0	0	0	0	0
1055	I	0	0	0	0	0	0	0
1056	A	0	0	0	0	0	0	0
1057	L	0	0	0	0	0	0	0
1058	L	0	0	0	0	0	0	0
1059	S	0	0	0	0	0	0	0
1060	N	0	0	0	0	0	0	0
1061	L	0	0	0	0	0	0	0
1062	V	0	0	0	0	0	0	0
1063	A	0	0	0	0	0	0	0
1064	C	0	0	0	0	0	0	0
1065	K	0	0	0	0	0	0	0
1066	D	0	0	0	0	0	0	0
1067	S	0	0	0	0	0	0	0
1068	N	0	0	0	0	0	0	0
1069	M	0	0	0	0	0	0	0
1070	E	0	0	0	0	0	0	0
1071	L	0	0	0	0	0	0	0
1072	L	0	0	0	0	0	0	0
1073	Y	0	0	0	0	0	0	0
1074	E	0	0	0	0	0	0	0
1075	Q	0	0	0	0	0	0	0
1076	G	0	0	0	0	0	0	0
1077	L	0	0	0	0	0	0	0
1078	V	0	0	0	0	0	0	0
1079	S	0	0	0	0	0	0	0
1080	H	0	0	0	0	0	0	0
1081	I	0	0	0	0	0	0	0
1082	C	0	0	0	0	0	0	0
1083	N	0	0	0	0	0	0	0
1084	L	0	0	0	0	0	0	0
1085	L	0	0	0	0	0	0	0
1086	T	0	0	0	0	0	0	0
1087	E	0	0	0	0	0	0	0
1088	T	0	0	0	0	0	0	0
1089	A	0	0	0	0	0	0	0
1090	T	0	0	0	0	0	0	0
1091	L	0	0	0	0	0	0	0
1092	C	0	0	0	0	0	0	0
1093	L	0	0	0	0	0	0	0
1094	D	0	0	0	0	0	0	0
1095	V	0	0	0	0	0	0	0
1096	D	0	0	0	0	0	0	0
1097	N	0	0	0	0	0	0	0
1098	K	0	0	0	0	0	0	0
1099	N	0	0	0	0	0	0	0
1100	N	0	0	0	0	0	0	0
1101	N	0	0	0	0	0	0	0
1102	E	0	0	0	0	0	0	0
1103	M	0	0	0	0	0	0	0
1104	A	0	0	0	0	0	0	0
1105	A	0	0	0	0	0	0	0
1106	P	0	0	0	0	0	0	0
1107	L	0	0	0	0	0	0	0
1108	L	0	0	0	0	0	0	0
1109	F	0	0	0	0	0	0	0
1110	S	0	0	0	0	0	0	0
1111	L	0	0	0	0	0	0	0
1112	L	0	0	0	0	0	0	0
1113	D	0	0	0	0	0	0	0
1114	I	0	0	0	0	0	0	0
1115	L	0	0	0	0	0	0	0
1116	H	0	0	0	0	0	0	0
1117	S	0	0	0	0	0	0	0
1118	M	0	0	0	0	0	0	0
1119	L	0	0	0	0	0	0	0
1120	T	0	0	0	0	0	0	0
1121	Y	0	0	0	0	0	0	0
1122	T	0	0	0	0	0	0	0
1123	S	0	0	0	0	0	0	0
1124	G	0	0	0	0	0	0	0
1125	I	0	0	0	0	0	0	0
1126	V	0	0	0	0	0	0	0
1127	R	0	0	0	0	0	0	0
1128	L	0	0	0	0	0	0	0
1129	A	0	0	0	0	0	0	0
1130	L	0	0	0	0	0	0	0
1131	Q	0	0	0	0	0	0	0
1132	A	0	0	0	0	0	0	0
1133	Q	0	0	0	0	0	0	0
1134	K	0	0	0	0	0	0	0
1135	S	0	0	0	0	0	0	0
1136	G	0	0	0	0	0	0	0
1137	S	0	0	0	0	0	0	0
1138	G	0	0	0	0	0	0	0
1139	E	0	0	0	0	0	0	0
1140	D	0	0	0	0	0	0	0
1141	P	0	0	0	0	0	0	0
1142	Q	0	0	0	0	0	0	0
1143	A	0	0	0	0	0	0	0
1144	A	0	0	0	0	0	0	0
1145	E	0	0	0	0	0	0	0
1146	D	0	0	0	0	0	0	0
1147	L	0	0	0	0	0	0	0
1148	L	0	0	0	0	0	0	0
1149	L	0	0	0	0	0	0	0
1150	L	0	0	0	0	0	0	0
1151	N	0	0	0	0	0	0	0
1152	R	0	0	0	0	0	0	0
1153	P	0	0	0	0	0	0	0
1154	L	0	0	0	0	0	0	0
1155	T	0	0	0	0	0	0	0
1156	D	0	0	0	0	0	0	0
1157	L	0	0	0	0	0	0	0
1158	I	0	0	0	0	0	0	0
1159	S	0	0	0	0	0	0	0
1160	L	0	0	0	0	0	0	0
1161	L	0	0	0	0	0	0	0
1162	I	0	0	0	0	0	0	0
1163	P	0	0	0	0	0	0	0
1164	L	0	0	0	0	0	0	0
1165	L	0	0	0	0	0	0	0
1166	P	0	0	0	0	0	0	0
1167	N	0	0	0	0	0	0	0
1168	E	0	0	0	0	0	0	0
1169	D	0	0	0	0	0	0	0
1170	P	0	0	0	0	0	0	0
1171	E	0	0	0	0	0	0	0
1172	I	0	0	0	0	0	0	0
1173	F	0	0	0	0	0	0	0
1174	D	0	0	0	0	0	0	0
1175	V	0	0	0	0	0	0	0
1176	S	0	0	0	0	0	0	0
1177	S	0	0	0	0	0	0	0
1178	K	0	0	0	0	0	0	0
1179	C	0	0	0	0	0	0	0
1180	L	0	0	0	0	0	0	0
1181	S	0	0	0	0	0	0	0
1182	I	0	0	0	0	0	0	0
1183	L	0	0	0	0	0	0	0
1184	V	0	0	0	0	0	0	0
1185	Q	0	0	0	0	0	0	0
1186	L	0	0	0	0	0	0	0
1187	Y	0	0	0	0	0	0	0
1188	G	0	0	0	0	0	0	0
1189	G	0	0	0	0	0	0	0
1190	E	0	0	0	0	0	0	0
1191	N	0	0	0	0	0	0	0
1192	P	0	0	0	0	0	0	0
1193	D	0	0	0	0	0	0	0
1194	S	0	0	0	0	0	0	0
1195	L	0	0	0	0	0	0	0
1196	S	0	0	0	0	0	0	0
1197	P	0	0	0	0	0	0	0
1198	E	0	0	0	0	0	0	0
1199	N	0	0	0	0	0	0	0
1200	V	0	0	0	0	0	0	0
1201	E	0	0	0	0	0	0	0
1202	I	0	0	0	0	0	0	0
1203	F	0	0	0	0	0	0	0
1204	A	0	0	0	0	0	0	0
1205	H	0	0	0	0	0	0	0
1206	L	0	0	0	0	0	0	0
1207	L	0	0	0	0	0	0	0
1208	T	0	0	0	0	0	0	0
1209	S	0	0	0	0	0	0	0
1210	K	0	0	0	0	0	0	0
1211	E	0	0	0	0	0	0	0
1212	D	0	0	0	0	0	0	0
1213	P	0	0	0	0	0	0	0
1214	K	0	0	0	0	0	0	0
1215	E	0	0	0	0	0	0	0
1216	Q	0	0	0	0	0	0	0
1217	K	0	0	0	0	0	0	0
1218	L	0	0	0	0	0	0	0
1219	L	0	0	0	0	0	0	0
1220	L	0	0	0	0	0	0	0
1221	R	0	0	0	0	0	0	0
1222	I	0	0	0	0	0	0	0
1223	L	0	0	0	0	0	0	0
1224	R	0	0	0	0	0	0	0
1225	R	0	0	0	0	0	0	0
1226	M	0	0	0	0	0	0	0
1227	I	0	0	0	0	0	0	0
1228	T	Phosphothreonine	RILRRMITSNEKHLE	HHHHHHHHCCHHHHH	0	0	0	0
1229	S	Phosphoserine	ILRRMITSNEKHLES	HHHHHHHCCHHHHHH	0	0	0	0
1230	N	0	0	0	0	0	0	0
1231	E	0	0	0	0	0	0	0
1232	K	0	0	0	0	0	0	0
1233	H	0	0	0	0	0	0	0
1234	L	0	0	0	0	0	0	0
1235	E	0	0	0	0	0	0	0
1236	S	0	0	0	0	0	0	0
1237	L	0	0	0	0	0	0	0
1238	K	0	0	0	0	0	0	0
1239	N	0	0	0	0	0	0	0
1240	A	0	0	0	0	0	0	0
1241	G	0	0	0	0	0	0	0
1242	S	0	0	0	0	0	0	0
1243	L	0	0	0	0	0	0	0
1244	L	0	0	0	0	0	0	0
1245	R	0	0	0	0	0	0	0
1246	A	0	0	0	0	0	0	0
1247	L	0	0	0	0	0	0	0
1248	E	0	0	0	0	0	0	0
1249	R	0	0	0	0	0	0	0
1250	L	0	0	0	0	0	0	0
1251	A	0	0	0	0	0	0	0
1252	P	0	0	0	0	0	0	0
1253	G	0	0	0	0	0	0	0
1254	S	0	0	0	0	0	0	0
1255	G	0	0	0	0	0	0	0
1256	S	0	0	0	0	0	0	0
1257	F	0	0	0	0	0	0	0
1258	A	0	0	0	0	0	0	0
1259	D	0	0	0	0	0	0	0
1260	S	0	0	0	0	0	0	0
1261	A	0	0	0	0	0	0	0
1262	V	0	0	0	0	0	0	0
1263	A	0	0	0	0	0	0	0
1264	P	0	0	0	0	0	0	0
1265	L	0	0	0	0	0	0	0
1266	A	0	0	0	0	0	0	0
1267	L	0	0	0	0	0	0	0
1268	E	0	0	0	0	0	0	0
1269	I	0	0	0	0	0	0	0
1270	L	0	0	0	0	0	0	0
1271	Q	0	0	0	0	0	0	0
1272	A	0	0	0	0	0	0	0
1273	V	0	0	0	0	0	0	0
1274	G	0	0	0	0	0	0	0
1275	H	0	0	0	0	0	0	0
