location	residue	Modification	seq	secStruc	RelatedDisease	VariantPosition	ResidueChange	DaPSbySAP
1	M	0	0	0	0	0	0	0
2	K	0	0	0	0	0	0	0
3	R	0	0	0	0	0	0	0
4	V	0	0	0	0	0	0	0
5	L	0	0	0	0	0	0	0
6	V	0	0	0	0	0	0	0
7	L	0	0	0	0	0	0	0
8	L	0	0	0	0	0	0	0
9	L	0	0	0	0	0	0	0
10	A	0	0	0	0	0	0	0
11	V	0	0	0	0	0	0	0
12	A	0	0	0	0	0	0	0
13	F	0	0	0	0	0	0	0
14	G	0	0	0	0	0	0	0
15	H	0	0	0	0	0	0	0
16	A	0	0	0	0	0	0	0
17	L	0	0	0	0	0	0	0
18	E	0	0	0	0	0	0	0
19	R	0	0	0	0	0	0	0
20	G	0	0	0	0	0	0	0
21	R	0	0	0	0	0	0	0
22	D	0	0	0	0	0	0	0
23	Y	0	0	0	0	0	0	0
24	E	0	0	0	0	0	0	0
25	K	0	0	0	0	0	0	0
26	N	0	0	0	0	0	0	0
27	K	0	0	0	0	0	0	0
28	V	0	0	0	0	0	0	0
29	C	0	0	0	0	0	0	0
30	K	0	0	0	0	0	0	0
31	E	0	0	0	0	0	0	0
32	F	0	0	0	0	0	0	0
33	S	0	0	0	0	0	0	0
34	H	0	0	0	0	0	0	0
35	L	0	0	0	0	0	0	0
36	G	0	0	0	0	0	0	0
37	K	0	0	0	0	0	0	0
38	E	0	0	0	0	0	0	0
39	D	0	0	0	0	0	0	0
40	F	0	0	0	0	0	0	0
41	T	0	0	0	0	0	0	0
42	S	Phosphoserine	LGKEDFTSLSLVLYS	CCCCCCCHHHEEEEC	0	0	0	0
43	L	0	0	0	0	0	0	0
44	S	0	0	0	0	0	0	0
45	L	0	0	0	0	0	0	0
46	V	0	0	0	0	0	0	0
47	L	0	0	0	0	0	0	0
48	Y	0	0	0	0	0	0	0
49	S	0	0	0	0	0	0	0
50	R	0	0	0	0	0	0	0
51	K	0	0	0	0	0	0	0
52	F	0	0	0	0	0	0	0
53	P	0	0	0	0	0	0	0
54	S	0	0	0	0	0	0	0
55	G	0	0	0	0	0	0	0
56	T	0	0	0	0	0	0	0
57	F	0	0	0	0	0	0	0
58	E	0	0	0	0	0	0	0
59	Q	0	0	0	0	0	0	0
60	V	0	0	0	0	0	0	0
61	S	0	0	0	0	0	0	0
62	Q	0	0	0	0	0	0	0
63	L	0	0	0	0	0	0	0
64	V	0	0	0	0	0	0	0
65	K	0	0	0	0	0	0	0
66	E	0	0	0	0	0	0	0
67	V	0	0	0	0	0	0	0
68	V	0	0	0	0	0	0	0
69	S	0	0	0	0	0	0	0
70	L	0	0	0	0	0	0	0
71	T	0	0	0	0	0	0	0
72	E	0	0	0	0	0	0	0
73	A	0	0	0	0	0	0	0
74	C	0	0	0	0	0	0	0
75	C	0	0	0	0	0	0	0
76	A	0	0	0	0	0	0	0
77	E	0	0	0	0	0	0	0
78	G	0	0	0	0	0	0	0
79	A	0	0	0	0	0	0	0
80	D	0	0	0	0	0	0	0
81	P	0	0	0	0	0	0	0
82	D	0	0	0	0	0	0	0
83	C	0	0	0	0	0	0	0
84	Y	0	0	0	0	0	0	0
85	D	0	0	0	0	0	0	0
86	T	0	0	0	0	0	0	0
87	R	0	0	0	0	0	0	0
88	T	0	0	0	0	0	0	0
89	S	0	0	0	0	0	0	0
90	A	0	0	0	0	0	0	0
91	L	0	0	0	0	0	0	0
92	S	0	0	0	0	0	0	0
93	A	0	0	0	0	0	0	0
94	K	0	0	0	0	0	0	0
95	S	0	0	0	0	0	0	0
96	C	0	0	0	0	0	0	0
97	E	0	0	0	0	0	0	0
98	S	0	0	0	0	0	0	0
99	N	0	0	0	0	0	0	0
100	S	0	0	0	0	0	0	0
101	P	0	0	0	0	0	0	0
102	F	0	0	0	0	0	0	0
103	P	0	0	0	0	0	0	0
104	V	0	0	0	0	0	0	0
105	H	0	0	0	0	0	0	0
106	P	0	0	0	0	0	0	0
107	G	0	0	0	0	0	0	0
108	T	0	0	0	0	0	0	0
109	A	0	0	0	0	0	0	0
110	E	0	0	0	0	0	0	0
111	C	0	0	0	0	0	0	0
112	C	0	0	0	0	0	0	0
113	T	0	0	0	0	0	0	0
114	K	0	0	0	0	0	0	0
115	E	0	0	0	0	0	0	0
116	G	0	0	0	0	0	0	0
117	L	0	0	0	0	0	0	0
118	E	0	0	0	0	0	0	0
119	R	0	0	0	0	0	0	0
120	K	0	0	0	0	0	0	0
121	L	0	0	0	0	0	0	0
122	C	0	0	0	0	0	0	0
123	M	0	0	0	0	0	0	0
124	A	0	0	0	0	0	0	0
125	A	0	0	0	0	0	0	0
126	L	0	0	0	0	0	0	0
127	K	0	0	0	0	0	0	0
128	H	0	0	0	0	0	0	0
129	Q	0	0	0	0	0	0	0
130	P	0	0	0	0	0	0	0
131	Q	0	0	0	0	0	0	0
132	E	0	0	0	0	0	0	0
133	F	0	0	0	0	0	0	0
134	P	0	0	0	0	0	0	0
135	T	0	0	0	0	0	0	0
136	Y	0	0	0	0	0	0	0
137	V	0	0	0	0	0	0	0
138	E	0	0	0	0	0	0	0
139	P	0	0	0	0	0	0	0
140	T	0	0	0	0	0	0	0
141	N	0	0	0	0	0	0	0
142	D	0	0	0	0	0	0	0
143	E	0	0	0	0	0	0	0
144	I	0	0	0	0	0	0	0
145	C	0	0	0	0	0	0	0
146	E	0	0	0	0	0	0	0
147	A	0	0	0	0	0	0	0
148	F	0	0	0	0	0	0	0
149	R	0	0	0	0	0	0	0
150	K	0	0	0	0	0	0	0
151	D	0	0	0	0	0	0	0
152	P	0	0	0	0	0	0	0
153	K	0	0	0	0	0	0	0
154	E	0	0	0	0	0	0	0
155	Y	Phosphotyrosine	FRKDPKEYANQFMWE	HHHCHHHHHHHHHHH	0	0	0	0
156	A	0	0	0	0	0	0	0
157	N	0	0	0	0	0	0	0
158	Q	0	0	0	0	0	0	0
159	F	0	0	0	0	0	0	0
160	M	0	0	0	0	0	0	0
161	W	0	0	0	0	0	0	0
162	E	0	0	0	0	0	0	0
163	Y	0	0	0	0	0	0	0
164	S	0	0	0	0	0	0	0
165	T	0	0	0	0	0	0	0
166	N	0	0	0	0	0	0	0
167	Y	0	0	0	0	0	0	0
168	G	0	0	0	0	0	0	0
169	Q	0	0	0	0	0	0	0
170	A	0	0	0	0	0	0	0
171	P	0	0	0	0	0	0	0
172	L	0	0	0	0	0	0	0
173	S	0	0	0	0	0	0	0
174	L	0	0	0	0	0	0	0
175	L	0	0	0	0	0	0	0
176	V	0	0	0	0	0	0	0
177	S	0	0	0	0	0	0	0
178	Y	0	0	0	0	0	0	0
179	T	0	0	0	0	0	0	0
180	K	0	0	0	0	0	0	0
181	S	0	0	0	0	0	0	0
182	Y	0	0	0	0	0	0	0
183	L	0	0	0	0	0	0	0
184	S	0	0	0	0	0	0	0
185	M	0	0	0	0	0	0	0
186	V	0	0	0	0	0	0	0
187	G	0	0	0	0	0	0	0
188	S	0	0	0	0	0	0	0
189	C	0	0	0	0	0	0	0
190	C	0	0	0	0	0	0	0
191	T	0	0	0	0	0	0	0
192	S	0	0	0	0	0	0	0
193	A	0	0	0	0	0	0	0
194	S	0	0	0	0	0	0	0
195	P	0	0	0	0	0	0	0
196	T	0	0	0	0	0	0	0
197	V	0	0	0	0	0	0	0
198	C	0	0	0	0	0	0	0
199	F	0	0	0	0	0	0	0
200	L	0	0	0	0	0	0	0
201	K	0	0	0	0	0	0	0
202	E	0	0	0	0	0	0	0
203	R	0	0	0	0	0	0	0
204	L	0	0	0	0	0	0	0
205	Q	0	0	0	0	0	0	0
206	L	0	0	0	0	0	0	0
207	K	0	0	0	0	0	0	0
208	H	0	0	0	0	0	0	0
209	L	0	0	0	0	0	0	0
210	S	0	0	0	0	0	0	0
211	L	0	0	0	0	0	0	0
212	L	0	0	0	0	0	0	0
213	T	0	0	0	0	0	0	0
214	T	0	0	0	0	0	0	0
215	L	0	0	0	0	0	0	0
216	S	0	0	0	0	0	0	0
217	N	0	0	0	0	0	0	0
218	R	0	0	0	0	0	0	0
219	V	0	0	0	0	0	0	0
220	C	0	0	0	0	0	0	0
221	S	0	0	0	0	0	0	0
222	Q	0	0	0	0	0	0	0
223	Y	0	0	0	0	0	0	0
224	A	0	0	0	0	0	0	0
225	A	0	0	0	0	0	0	0
226	Y	0	0	0	0	0	0	0
227	G	0	0	0	0	0	0	0
228	E	0	0	0	0	0	0	0
229	K	0	0	0	0	0	0	0
230	K	0	0	0	0	0	0	0
231	S	0	0	0	0	0	0	0
232	R	0	0	0	0	0	0	0
233	L	0	0	0	0	0	0	0
234	S	0	0	0	0	0	0	0
235	N	0	0	0	0	0	0	0
236	L	0	0	0	0	0	0	0
237	I	0	0	0	0	0	0	0
238	K	0	0	0	0	0	0	0
239	L	0	0	0	0	0	0	0
240	A	0	0	0	0	0	0	0
241	Q	0	0	0	0	0	0	0
242	K	0	0	0	0	0	0	0
243	V	0	0	0	0	0	0	0
244	P	0	0	0	0	0	0	0
245	T	0	0	0	0	0	0	0
246	A	0	0	0	0	0	0	0
247	D	0	0	0	0	0	0	0
248	L	0	0	0	0	0	0	0
249	E	0	0	0	0	0	0	0
250	D	0	0	0	0	0	0	0
251	V	0	0	0	0	0	0	0
252	L	0	0	0	0	0	0	0
253	P	0	0	0	0	0	0	0
254	L	0	0	0	0	0	0	0
255	A	0	0	0	0	0	0	0
256	E	0	0	0	0	0	0	0
257	D	0	0	0	0	0	0	0
258	I	0	0	0	0	0	0	0
259	T	0	0	0	0	0	0	0
260	N	0	0	0	0	0	0	0
261	I	0	0	0	0	0	0	0
262	L	0	0	0	0	0	0	0
263	S	0	0	0	0	0	0	0
264	K	0	0	0	0	0	0	0
265	C	0	0	0	0	0	0	0
266	C	0	0	0	0	0	0	0
267	E	0	0	0	0	0	0	0
268	S	0	0	0	0	0	0	0
269	A	0	0	0	0	0	0	0
270	S	0	0	0	0	0	0	0
271	E	0	0	0	0	0	0	0
272	D	0	0	0	0	0	0	0
273	C	0	0	0	0	0	0	0
274	M	0	0	0	0	0	0	0
275	A	0	0	0	0	0	0	0
276	K	0	0	0	0	0	0	0
277	E	0	0	0	0	0	0	0
278	L	0	0	0	0	0	0	0
279	P	0	0	0	0	0	0	0
280	E	0	0	0	0	0	0	0
281	H	0	0	0	0	0	0	0
282	T	0	0	0	0	0	0	0
283	V	0	0	0	0	0	0	0
284	K	0	0	0	0	0	0	0
285	L	0	0	0	0	0	0	0
286	C	0	0	0	0	0	0	0
287	D	0	0	0	0	0	0	0
288	N	0	0	0	0	0	0	0
289	L	0	0	0	0	0	0	0
290	S	0	0	0	0	0	0	0
291	T	0	0	0	0	0	0	0
292	K	0	0	0	0	0	0	0
293	N	0	0	0	0	0	0	0
294	S	0	0	0	0	0	0	0
295	K	0	0	0	0	0	0	0
296	F	0	0	0	0	0	0	0
297	E	0	0	0	0	0	0	0
298	D	0	0	0	0	0	0	0
299	C	0	0	0	0	0	0	0
300	C	0	0	0	0	0	0	0
301	Q	0	0	0	0	0	0	0
302	E	0	0	0	0	0	0	0
303	K	0	0	0	0	0	0	0
304	T	0	0	0	0	0	0	0
305	A	0	0	0	0	0	0	0
306	M	0	0	0	0	0	0	0
307	D	0	0	0	0	0	0	0
308	V	0	0	0	0	0	0	0
309	F	0	0	0	0	0	0	0
310	V	0	0	0	0	0	0	0
311	C	0	0	0	0	0	0	0
312	T	0	0	0	0	0	0	0
313	Y	0	0	0	0	0	0	0
314	F	0	0	0	0	0	0	0
315	M	0	0	0	0	0	0	0
316	P	0	0	0	0	0	0	0
317	A	0	0	0	0	0	0	0
318	A	0	0	0	0	0	0	0
319	Q	0	0	0	0	0	0	0
320	L	0	0	0	0	0	0	0
321	P	0	0	0	0	0	0	0
322	E	0	0	0	0	0	0	0
323	L	0	0	0	0	0	0	0
324	P	0	0	0	0	0	0	0
325	D	0	0	0	0	0	0	0
326	V	0	0	0	0	0	0	0
327	E	0	0	0	0	0	0	0
328	L	0	0	0	0	0	0	0
329	P	0	0	0	0	0	0	0
330	T	0	0	0	0	0	0	0
331	N	0	0	0	0	0	0	0
332	K	0	0	0	0	0	0	0
333	D	0	0	0	0	0	0	0
334	V	0	0	0	0	0	0	0
335	C	0	0	0	0	0	0	0
336	D	0	0	0	0	0	0	0
337	P	0	0	0	0	0	0	0
338	G	0	0	0	0	0	0	0
339	N	0	0	0	0	0	0	0
340	T	0	0	0	0	0	0	0
341	K	0	0	0	0	0	0	0
342	V	0	0	0	0	0	0	0
343	M	0	0	0	0	0	0	0
344	D	0	0	0	0	0	0	0
345	K	N6-acetyllysine	GNTKVMDKYTFELSR	CCCEEECHHHHHHCC	0	0	0	0
346	Y	0	0	0	0	0	0	0
347	T	0	0	0	0	0	0	0
348	F	0	0	0	0	0	0	0
349	E	0	0	0	0	0	0	0
350	L	0	0	0	0	0	0	0
351	S	0	0	0	0	0	0	0
352	R	0	0	0	0	0	0	0
353	R	0	0	0	0	0	0	0
354	T	0	0	0	0	0	0	0
355	H	0	0	0	0	0	0	0
356	L	0	0	0	0	0	0	0
357	P	0	0	0	0	0	0	0
358	E	0	0	0	0	0	0	0
359	V	0	0	0	0	0	0	0
360	F	0	0	0	0	0	0	0
361	L	0	0	0	0	0	0	0
362	S	0	0	0	0	0	0	0
363	K	0	0	0	0	0	0	0
364	V	0	0	0	0	0	0	0
365	L	0	0	0	0	0	0	0
366	E	0	0	0	0	0	0	0
367	P	0	0	0	0	0	0	0
368	T	0	0	0	0	0	0	0
369	L	0	0	0	0	0	0	0
370	K	0	0	0	0	0	0	0
371	S	0	0	0	0	0	0	0
372	L	0	0	0	0	0	0	0
373	G	0	0	0	0	0	0	0
374	E	0	0	0	0	0	0	0
375	C	0	0	0	0	0	0	0
376	C	0	0	0	0	0	0	0
377	D	0	0	0	0	0	0	0
378	V	0	0	0	0	0	0	0
379	E	0	0	0	0	0	0	0
380	D	0	0	0	0	0	0	0
381	S	0	0	0	0	0	0	0
382	T	0	0	0	0	0	0	0
383	T	0	0	0	0	0	0	0
384	C	0	0	0	0	0	0	0
385	F	0	0	0	0	0	0	0
386	N	0	0	0	0	0	0	0
387	A	0	0	0	0	0	0	0
388	K	0	0	0	0	0	0	0
389	G	0	0	0	0	0	0	0
390	P	0	0	0	0	0	0	0
391	L	0	0	0	0	0	0	0
392	L	0	0	0	0	0	0	0
393	K	0	0	0	0	0	0	0
394	K	0	0	0	0	0	0	0
395	E	0	0	0	0	0	0	0
396	L	0	0	0	0	0	0	0
397	S	0	0	0	0	0	0	0
398	S	0	0	0	0	0	0	0
399	F	0	0	0	0	0	0	0
400	I	0	0	0	0	0	0	0
401	D	0	0	0	0	0	0	0
402	K	0	0	0	0	0	0	0
403	G	0	0	0	0	0	0	0
404	Q	0	0	0	0	0	0	0
405	E	0	0	0	0	0	0	0
406	L	0	0	0	0	0	0	0
407	C	0	0	0	0	0	0	0
408	A	0	0	0	0	0	0	0
409	D	0	0	0	0	0	0	0
410	Y	0	0	0	0	0	0	0
411	S	0	0	0	0	0	0	0
412	E	0	0	0	0	0	0	0
413	N	0	0	0	0	0	0	0
414	T	0	0	0	0	0	0	0
415	F	0	0	0	0	0	0	0
416	T	0	0	0	0	0	0	0
417	E	0	0	0	0	0	0	0
418	Y	0	0	0	0	0	0	0
419	K	N-acetyllysine	ENTFTEYKKKLAERL	CCCHHHHHHHHHHHH	0	0	0	0
420	K	0	0	0	0	0	0	0
421	K	0	0	0	0	0	0	0
422	L	0	0	0	0	0	0	0
423	A	0	0	0	0	0	0	0
424	E	0	0	0	0	0	0	0
425	R	0	0	0	0	0	0	0
426	L	0	0	0	0	0	0	0
427	K	0	0	0	0	0	0	0
428	A	0	0	0	0	0	0	0
429	K	0	0	0	0	0	0	0
430	L	0	0	0	0	0	0	0
431	P	0	0	0	0	0	0	0
432	D	0	0	0	0	0	0	0
433	A	0	0	0	0	0	0	0
434	T	0	0	0	0	0	0	0
435	P	0	0	0	0	0	0	0
436	K	0	0	0	0	0	0	0
437	E	0	0	0	0	0	0	0
438	L	0	0	0	0	0	0	0
439	A	0	0	0	0	0	0	0
440	K	0	0	0	0	0	0	0
441	L	0	0	0	0	0	0	0
442	V	0	0	0	0	0	0	0
443	N	0	0	0	0	0	0	0
444	K	0	0	0	0	0	0	0
445	R	0	0	0	0	0	0	0
446	S	0	0	0	0	0	0	0
447	D	0	0	0	0	0	0	0
448	F	0	0	0	0	0	0	0
449	A	0	0	0	0	0	0	0
450	S	0	0	0	0	0	0	0
451	N	0	0	0	0	0	E	457,461
452	C	0	0	0	0	0	0	0
453	C	0	0	0	0	0	0	0
454	S	0	0	0	0	0	0	0
455	I	0	0	0	0	0	K;M	457,461
456	N	0	0	0	0	0	0	0
457	S	Phosphoserine	SNCCSINSPPLYCDS	HHCCCCCCCCCCCCH	Serum vitamin D-binding protein levels:vitamin D-binding protein measurement;Vitamin D levels:vitamin D measurement	451;455 (6;2)	0	0
458	P	0	0	0	0	0	0	0
459	P	0	0	0	0	0	0	0
460	L	0	0	0	0	0	0	0
461	Y	Phosphotyrosine	SINSPPLYCDSEIDA	CCCCCCCCCCHHHHH	Serum vitamin D-binding protein levels:vitamin D-binding protein measurement;Vitamin D levels:vitamin D measurement	451;455 (10;6)	0	0
462	C	0	0	0	0	0	0	0
463	D	0	0	0	0	0	0	0
464	S	0	0	0	0	0	0	0
465	E	0	0	0	0	0	0	0
466	I	0	0	0	0	0	0	0
467	D	0	0	0	0	0	0	0
468	A	0	0	0	0	0	0	0
469	E	0	0	0	0	0	0	0
470	L	0	0	0	0	0	0	0
471	K	0	0	0	0	0	0	0
472	N	0	0	0	0	0	0	0
473	I	0	0	0	0	0	0	0
474	L	0	0	0	0	0	0	0
