location	residue	Modification	seq	secStruc	RelatedDisease	VariantPosition	ResidueChange	DaPSbySAP
1	M	0	0	0	0	0	0	0
2	N	0	0	0	0	0	0	0
3	A	0	0	0	0	0	0	0
4	P	0	0	0	0	0	0	0
5	L	0	0	0	0	0	0	0
6	D	0	0	0	0	0	0	0
7	G	0	0	0	0	0	0	0
8	L	0	0	0	0	0	0	0
9	S	0	0	0	0	0	0	0
10	V	0	0	0	0	0	0	0
11	S	0	0	0	0	0	0	0
12	S	0	0	0	0	0	0	0
13	S	0	0	0	0	0	0	0
14	S	0	0	0	0	0	0	0
15	T	0	0	0	0	0	0	0
16	G	0	0	0	0	0	0	0
17	S	0	0	0	0	0	0	0
18	L	0	0	0	0	0	0	0
19	G	0	0	0	0	0	0	0
20	S	0	0	0	0	0	0	0
21	A	0	0	0	0	0	0	0
22	A	0	0	0	0	0	0	0
23	G	0	0	0	0	0	0	0
24	A	0	0	0	0	0	0	0
25	G	0	0	0	0	0	0	0
26	G	0	0	0	0	0	0	0
27	G	0	0	0	0	0	0	0
28	G	0	0	0	0	0	0	0
29	G	0	0	0	0	0	0	0
30	A	0	0	0	0	0	0	0
31	G	0	0	0	0	0	0	0
32	L	0	0	0	0	0	0	0
33	R	0	0	0	0	0	0	0
34	L	0	0	0	0	0	0	0
35	L	0	0	0	0	0	0	0
36	S	0	0	0	0	0	0	0
37	A	0	0	0	0	0	0	0
38	N	0	0	0	0	0	0	0
39	V	0	0	0	0	0	0	0
40	R	0	0	0	0	0	0	0
41	Q	0	0	0	0	0	0	0
42	L	0	0	0	0	0	0	0
43	H	0	0	0	0	0	0	0
44	Q	0	0	0	0	0	0	0
45	A	0	0	0	0	0	0	0
46	L	0	0	0	0	0	0	0
47	T	0	0	0	0	0	0	0
48	A	0	0	0	0	0	0	0
49	L	0	0	0	0	0	0	0
50	L	0	0	0	0	0	0	0
51	S	0	0	0	0	0	0	0
52	E	0	0	0	0	0	0	0
53	A	0	0	0	0	0	0	0
54	E	0	0	0	0	0	0	0
55	R	0	0	0	0	0	0	0
56	E	0	0	0	0	0	0	0
57	Q	0	0	0	0	0	0	0
58	F	0	0	0	0	0	0	0
59	T	0	0	0	0	0	0	0
60	H	0	0	0	0	0	0	0
61	C	0	0	0	0	0	0	0
62	L	0	0	0	0	0	0	0
63	N	0	0	0	0	0	0	0
64	A	0	0	0	0	0	0	0
65	Y	0	0	0	0	0	0	0
66	H	0	0	0	0	0	0	0
67	A	0	0	0	0	0	0	0
68	R	0	0	0	0	0	0	0
69	R	0	0	0	0	0	0	0
70	N	0	0	0	0	0	0	0
71	V	0	0	0	0	0	0	0
72	F	0	0	0	0	0	0	0
73	D	0	0	0	0	0	0	0
74	L	0	0	0	0	0	0	0
75	V	0	0	0	0	0	0	0
76	R	0	0	0	0	0	0	0
77	T	0	0	0	0	0	0	0
78	L	0	0	0	0	0	0	0
79	R	0	0	0	0	0	0	0
80	V	0	0	0	0	0	0	0
81	L	0	0	0	0	0	0	0
82	L	0	0	0	0	0	0	0
83	D	0	0	0	0	0	0	0
84	S	0	0	0	0	0	0	0
85	P	0	0	0	0	0	0	0
86	V	0	0	0	0	0	0	0
87	K	0	0	0	0	0	0	0
88	R	0	0	0	0	0	0	0
89	R	0	0	0	0	0	0	0
90	L	0	0	0	0	0	0	0
91	L	0	0	0	0	0	0	0
92	P	0	0	0	0	0	0	0
93	M	0	0	0	0	0	0	0
94	L	0	0	0	0	0	0	0
95	R	0	0	0	0	0	0	0
96	L	0	0	0	0	0	0	0
97	V	0	0	0	0	0	0	0
98	I	0	0	0	0	0	0	0
99	P	0	0	0	0	0	0	0
100	R	0	0	0	0	0	0	0
101	S	0	0	0	0	0	0	0
102	D	0	0	0	0	0	0	0
103	Q	0	0	0	0	0	0	0
104	L	0	0	0	0	0	0	0
105	L	0	0	0	0	0	0	0
106	F	0	0	0	0	0	0	0
107	D	0	0	0	0	0	0	0
108	Q	0	0	0	0	0	0	0
109	Y	0	0	0	0	0	0	0
110	T	0	0	0	0	0	0	0
111	A	0	0	0	0	0	0	0
112	E	0	0	0	0	0	0	0
113	G	0	0	0	0	0	0	0
114	L	0	0	0	0	0	0	0
115	Y	0	0	0	0	0	0	0
116	L	0	0	0	0	0	0	0
117	P	0	0	0	0	0	0	0
118	A	0	0	0	0	0	0	0
119	T	0	0	0	0	0	0	0
120	T	0	0	0	0	0	0	0
121	P	0	0	0	0	0	0	0
122	Y	0	0	0	0	0	0	0
123	R	0	0	0	0	0	0	0
124	Q	0	0	0	0	0	0	0
125	P	0	0	0	0	0	0	0
126	A	0	0	0	0	0	0	0
127	W	0	0	0	0	0	0	0
128	G	0	0	0	0	0	0	0
129	G	0	0	0	0	0	0	0
130	P	0	0	0	0	0	0	0
131	D	0	0	0	0	0	0	0
132	S	0	0	0	0	0	0	0
133	A	0	0	0	0	0	0	0
134	G	0	0	0	0	0	0	0
135	P	0	0	0	0	0	0	0
136	G	0	0	0	0	0	0	0
137	E	0	0	0	0	0	0	0
138	V	0	0	0	0	0	0	0
139	R	0	0	0	0	0	0	0
140	L	0	0	0	0	0	0	0
141	V	0	0	0	0	0	0	0
142	S	0	0	0	0	0	0	0
143	L	0	0	0	0	0	0	0
144	R	0	0	0	0	0	0	0
145	R	0	0	0	0	0	0	0
146	A	0	0	0	0	0	0	0
147	K	0	0	0	0	0	0	0
148	A	0	0	0	0	0	0	0
149	H	0	0	0	0	0	0	0
150	E	0	0	0	0	0	0	0
151	G	0	0	0	0	0	0	0
152	L	0	0	0	0	0	0	0
153	G	0	0	0	0	0	0	0
154	F	0	0	0	0	0	0	0
155	S	0	0	0	0	0	0	0
156	I	0	0	0	0	0	0	0
157	R	0	0	0	0	0	0	0
158	G	0	0	0	0	0	0	0
159	G	0	0	0	0	0	0	0
160	S	0	0	0	0	0	0	0
161	E	0	0	0	0	0	0	0
162	H	0	0	0	0	0	0	0
163	G	0	0	0	0	0	0	0
164	V	0	0	0	0	0	0	0
165	G	0	0	0	0	0	0	0
166	I	0	0	0	0	0	0	0
167	Y	0	0	0	0	0	0	0
168	V	0	0	0	0	0	0	0
169	S	0	0	0	0	0	0	0
170	L	0	0	0	0	0	0	0
171	V	0	0	0	0	0	0	0
172	E	0	0	0	0	0	0	0
173	P	0	0	0	0	0	0	0
174	G	0	0	0	0	0	0	0
175	S	0	0	0	0	0	0	0
176	L	0	0	0	0	0	0	0
177	A	0	0	0	0	0	0	0
178	E	0	0	0	0	0	0	0
179	K	0	0	0	0	0	0	0
180	E	0	0	0	0	0	0	0
181	G	0	0	0	0	0	0	0
182	L	0	0	0	0	0	0	0
183	R	0	0	0	0	0	0	0
184	V	0	0	0	0	0	0	0
185	G	0	0	0	0	0	0	0
186	D	0	0	0	0	0	0	0
187	Q	0	0	0	0	0	0	0
188	I	0	0	0	0	0	0	0
189	L	0	0	0	0	0	0	0
190	R	0	0	0	0	0	0	0
191	V	0	0	0	0	0	0	0
192	N	0	0	0	0	0	0	0
193	D	0	0	0	0	0	0	0
194	K	0	0	0	0	0	0	0
195	S	0	0	0	0	0	0	0
196	L	0	0	0	0	0	0	0
197	A	0	0	0	0	0	0	0
198	R	0	0	0	0	0	0	0
199	V	0	0	0	0	0	0	0
200	T	0	0	0	0	0	0	0
201	H	0	0	0	0	0	0	0
202	A	0	0	0	0	0	0	0
203	E	0	0	0	0	0	0	0
204	A	0	0	0	0	0	0	0
205	V	0	0	0	0	0	0	0
206	K	0	0	0	0	0	0	0
207	A	0	0	0	0	0	0	0
208	L	0	0	0	0	0	0	0
209	K	0	0	0	0	0	0	0
210	G	0	0	0	0	0	0	0
211	S	0	0	0	0	0	0	0
212	K	0	0	0	0	0	0	0
213	K	0	0	0	0	0	0	0
214	L	0	0	0	0	0	0	0
215	V	0	0	0	0	0	0	0
216	L	0	0	0	0	0	0	0
217	S	0	0	0	0	0	0	0
218	V	0	0	0	0	0	0	0
219	Y	0	0	0	0	0	0	0
220	S	0	0	0	0	0	0	0
221	A	0	0	0	0	0	0	0
222	G	0	0	0	0	0	0	0
223	R	0	0	0	0	0	0	0
224	I	0	0	0	0	0	0	0
225	P	0	0	0	0	0	0	0
226	G	0	0	0	0	0	0	0
227	G	0	0	0	0	0	0	0
228	Y	0	0	0	0	0	0	0
229	V	0	0	0	0	0	0	0
230	T	0	0	0	0	0	0	0
231	N	0	0	0	0	0	0	0
232	H	0	0	0	0	0	0	0
233	I	0	0	0	0	0	0	0
234	Y	Phosphotyrosine	GYVTNHIYTWVDPQG	CEECCEEEEEECCCC	0	0	0	0
235	T	0	0	0	0	0	0	0
236	W	0	0	0	0	0	0	0
237	V	0	0	0	0	0	0	0
238	D	0	0	0	0	0	0	0
239	P	0	0	0	0	0	0	0
240	Q	0	0	0	0	0	0	0
241	G	0	0	0	0	0	0	0
242	R	0	0	0	0	0	0	0
243	S	0	0	0	0	0	0	0
244	I	0	0	0	0	0	0	0
245	S	Phosphoserine	DPQGRSISPPSGLPQ	CCCCCCCCCCCCCCC	Obesity-related traits:CCL2 measurement	255 (10)	0	0
246	P	0	0	0	0	0	0	0
247	P	0	0	0	0	0	0	0
248	S	0	0	0	0	0	0	0
249	G	0	0	0	0	0	0	0
250	L	0	0	0	0	0	0	0
251	P	0	0	0	0	0	0	0
252	Q	0	0	0	0	0	0	0
253	P	0	0	0	0	0	0	0
254	H	0	0	0	0	0	0	0
255	G	0	0	0	0	0	D	245
256	G	0	0	0	0	0	0	0
257	A	0	0	0	0	0	0	0
258	L	0	0	0	0	0	0	0
259	R	0	0	0	0	0	0	0
260	Q	0	0	0	0	0	0	0
261	Q	0	0	0	0	0	0	0
262	E	0	0	0	0	0	0	0
263	G	0	0	0	0	0	0	0
264	D	0	0	0	0	0	0	0
265	R	0	0	0	0	0	0	0
266	R	0	0	0	0	0	0	0
267	S	0	0	0	0	0	0	0
268	T	0	0	0	0	0	0	0
269	L	0	0	0	0	0	0	0
270	H	0	0	0	0	0	0	0
271	L	0	0	0	0	0	0	0
272	L	0	0	0	0	0	0	0
273	Q	0	0	0	0	0	0	0
274	G	0	0	0	0	0	0	0
275	G	0	0	0	0	0	0	0
276	D	0	0	0	0	0	0	0
277	E	0	0	0	0	0	0	0
278	K	0	0	0	0	0	0	0
279	K	0	0	0	0	0	0	0
280	V	0	0	0	0	0	0	0
281	N	0	0	0	0	0	0	0
282	L	0	0	0	0	0	0	0
283	V	0	0	0	0	0	0	0
284	L	0	0	0	0	0	0	0
285	G	0	0	0	0	0	0	0
286	D	0	0	0	0	0	0	0
287	G	0	0	0	0	0	0	0
288	R	0	0	0	0	0	0	0
289	S	0	0	0	0	0	0	0
290	L	0	0	0	0	0	0	0
291	G	0	0	0	0	0	0	0
292	L	0	0	0	0	0	0	0
293	T	0	0	0	0	0	0	0
294	I	0	0	0	0	0	0	0
295	R	0	0	0	0	0	0	0
296	G	0	0	0	0	0	0	0
297	G	0	0	0	0	0	0	0
298	A	0	0	0	0	0	0	0
299	E	0	0	0	0	0	0	0
300	Y	0	0	0	0	0	0	0
301	G	0	0	0	0	0	0	0
302	L	0	0	0	0	0	0	0
303	G	0	0	0	0	0	0	0
304	I	0	0	0	0	0	0	0
305	Y	0	0	0	0	0	0	0
306	I	0	0	0	0	0	0	0
307	T	0	0	0	0	0	0	0
308	G	0	0	0	0	0	0	0
309	V	0	0	0	0	0	0	0
310	D	0	0	0	0	0	0	0
311	P	0	0	0	0	0	0	0
312	G	0	0	0	0	0	0	0
313	S	0	0	0	0	0	0	0
314	E	0	0	0	0	0	0	0
315	A	0	0	0	0	0	0	0
316	E	0	0	0	0	0	0	0
317	G	0	0	0	0	0	0	0
318	S	0	0	0	0	0	0	0
319	G	0	0	0	0	0	0	0
320	L	0	0	0	0	0	0	0
321	K	0	0	0	0	0	0	0
322	V	0	0	0	0	0	0	0
323	G	0	0	0	0	0	0	0
324	D	0	0	0	0	0	0	0
325	Q	0	0	0	0	0	0	0
326	I	0	0	0	0	0	0	0
327	L	0	0	0	0	0	0	0
328	E	0	0	0	0	0	0	0
329	V	0	0	0	0	0	0	0
330	N	0	0	0	0	0	0	0
331	G	0	0	0	0	0	0	0
332	R	0	0	0	0	0	0	0
333	S	0	0	0	0	0	0	0
334	F	0	0	0	0	0	0	0
335	L	0	0	0	0	0	0	0
336	N	0	0	0	0	0	0	0
337	I	0	0	0	0	0	0	0
338	L	0	0	0	0	0	0	0
339	H	0	0	0	0	0	0	0
340	D	0	0	0	0	0	0	0
341	E	0	0	0	0	0	0	0
342	A	0	0	0	0	0	0	0
343	V	0	0	0	0	0	0	0
344	R	0	0	0	0	0	0	0
345	L	0	0	0	0	0	0	0
346	L	0	0	0	0	0	0	0
347	K	0	0	0	0	0	0	0
348	S	0	0	0	0	0	0	0
349	S	0	0	0	0	0	0	0
350	R	0	0	0	0	0	0	0
351	H	0	0	0	0	0	0	0
352	L	0	0	0	0	0	0	0
353	I	0	0	0	0	0	0	0
354	L	0	0	0	0	0	0	0
355	T	0	0	0	0	0	0	0
356	V	0	0	0	0	0	0	0
357	K	0	0	0	0	0	0	0
358	D	0	0	0	0	0	0	0
359	V	0	0	0	0	0	0	0
360	G	0	0	0	0	0	0	0
361	R	0	0	0	0	0	0	0
362	L	0	0	0	0	0	0	0
363	P	0	0	0	0	0	0	0
364	H	0	0	0	0	0	0	0
365	A	0	0	0	0	0	0	0
366	R	0	0	0	0	0	0	0
367	T	0	0	0	0	0	0	0
368	T	0	0	0	0	0	0	0
369	V	0	0	0	0	0	0	0
370	D	0	0	0	0	0	0	0
371	E	0	0	0	0	0	0	0
372	T	0	0	0	0	0	0	0
373	K	0	0	0	0	0	0	0
374	W	0	0	0	0	0	0	0
375	I	0	0	0	0	0	0	0
376	A	0	0	0	0	0	0	0
377	S	0	0	0	0	0	0	0
378	S	0	0	0	0	0	0	0
379	R	0	0	0	0	0	0	0
380	I	0	0	0	0	0	0	0
381	R	0	0	0	0	0	0	0
382	E	0	0	0	0	0	0	0
383	T	0	0	0	0	0	0	0
384	M	0	0	0	0	0	0	0
385	A	0	0	0	0	0	0	0
386	N	0	0	0	0	0	0	0
387	S	0	0	0	0	0	0	0
388	A	0	0	0	0	0	0	0
389	G	0	0	0	0	0	0	0
390	F	0	0	0	0	0	0	0
391	L	0	0	0	0	0	0	0
392	G	0	0	0	0	0	0	0
393	D	0	0	0	0	0	0	0
394	L	0	0	0	0	0	0	0
395	T	0	0	0	0	0	0	0
396	T	0	0	0	0	0	0	0
397	E	0	0	0	0	0	0	0
398	G	0	0	0	0	0	0	0
399	I	0	0	0	0	0	0	0
400	N	0	0	0	0	0	0	0
401	K	0	0	0	0	0	0	0
402	P	0	0	0	0	0	0	0
403	G	0	0	0	0	0	0	0
404	F	0	0	0	0	0	0	0
405	Y	0	0	0	0	0	0	0
406	K	0	0	0	0	0	0	0
407	G	0	0	0	0	0	0	0
408	P	0	0	0	0	0	0	0
409	A	0	0	0	0	0	0	0
410	G	0	0	0	0	0	0	0
411	S	Phosphoserine	FYKGPAGSQVTLSSL	CCCCCCCCCEEEHHH	0	0	0	0
412	Q	0	0	0	0	0	0	0
413	V	0	0	0	0	0	0	0
414	T	0	0	0	0	0	0	0
415	L	0	0	0	0	0	0	0
416	S	0	0	0	0	0	0	0
417	S	0	0	0	0	0	0	0
418	L	0	0	0	0	0	0	0
419	G	0	0	0	0	0	0	0
420	N	0	0	0	0	0	0	0
421	Q	0	0	0	0	0	0	0
422	T	0	0	0	0	0	0	0
423	R	0	0	0	0	0	0	0
424	V	0	0	0	0	0	0	0
425	L	0	0	0	0	0	0	0
426	L	0	0	0	0	0	0	0
427	E	0	0	0	0	0	0	0
428	E	0	0	0	0	0	0	0
429	Q	0	0	0	0	0	0	0
430	A	0	0	0	0	0	0	0
431	R	0	0	0	0	0	0	0
432	H	0	0	0	0	0	0	0
433	L	0	0	0	0	0	0	0
434	L	0	0	0	0	0	0	0
435	N	0	0	0	0	0	0	0
436	E	0	0	0	0	0	0	0
437	Q	0	0	0	0	0	0	0
438	E	0	0	0	0	0	0	0
439	H	0	0	0	0	0	0	0
440	A	0	0	0	0	0	0	0
441	T	0	0	0	0	0	0	0
442	M	0	0	0	0	0	0	0
443	A	0	0	0	0	0	0	0
444	Y	0	0	0	0	0	0	0
445	Y	0	0	0	0	0	0	0
446	L	0	0	0	0	0	0	0
447	D	0	0	0	0	0	0	0
448	E	0	0	0	0	0	0	0
449	Y	0	0	0	0	0	0	0
450	R	0	0	0	0	0	0	0
451	G	0	0	0	0	0	0	0
452	G	0	0	0	0	0	0	0
453	S	0	0	0	0	0	0	0
454	V	0	0	0	0	0	0	0
455	S	0	0	0	0	0	0	0
456	V	0	0	0	0	0	0	0
457	E	0	0	0	0	0	0	0
458	A	0	0	0	0	0	0	0
459	L	0	0	0	0	0	0	0
460	V	0	0	0	0	0	0	0
461	M	0	0	0	0	0	0	0
462	A	0	0	0	0	0	0	0
463	L	0	0	0	0	0	0	0
464	F	0	0	0	0	0	0	0
465	K	0	0	0	0	0	0	0
466	L	0	0	0	0	0	0	0
467	L	0	0	0	0	0	0	0
468	N	0	0	0	0	0	0	0
469	T	0	0	0	0	0	0	0
470	H	0	0	0	0	0	0	0
471	A	0	0	0	0	0	0	0
472	K	0	0	0	0	0	0	0
473	F	0	0	0	0	0	0	0
474	S	0	0	0	0	0	0	0
475	L	0	0	0	0	0	0	0
476	L	0	0	0	0	0	0	0
477	S	0	0	0	0	0	0	0
478	E	0	0	0	0	0	0	0
479	V	0	0	0	0	0	0	0
480	R	0	0	0	0	0	0	0
481	G	0	0	0	0	0	0	0
482	T	0	0	0	0	0	0	0
483	I	0	0	0	0	0	0	0
484	S	0	0	0	0	0	0	0
485	P	0	0	0	0	0	0	0
486	Q	0	0	0	0	0	0	0
487	D	0	0	0	0	0	0	0
488	L	0	0	0	0	0	0	0
489	E	0	0	0	0	0	0	0
490	R	0	0	0	0	0	0	0
491	F	0	0	0	0	0	0	0
492	D	0	0	0	0	0	0	0
493	H	0	0	0	0	0	0	0
494	L	0	0	0	0	0	0	0
495	V	0	0	0	0	0	0	0
496	L	0	0	0	0	0	0	0
497	R	0	0	0	0	0	0	0
498	R	0	0	0	0	0	0	0
499	E	0	0	0	0	0	0	0
500	I	0	0	0	0	0	0	0
501	E	0	0	0	0	0	0	0
502	S	0	0	0	0	0	0	0
503	M	0	0	0	0	0	0	0
504	K	0	0	0	0	0	0	0
505	A	0	0	0	0	0	0	0
506	R	0	0	0	0	0	0	0
507	Q	0	0	0	0	0	0	0
508	P	0	0	0	0	0	0	0
509	P	0	0	0	0	0	0	0
510	G	0	0	0	0	0	0	0
511	P	0	0	0	0	0	0	0
512	G	0	0	0	0	0	0	0
513	A	0	0	0	0	0	0	0
514	G	0	0	0	0	0	0	0
515	D	0	0	0	0	0	0	0
516	T	0	0	0	0	0	0	0
517	Y	Phosphotyrosine	GPGAGDTYSMVSYSD	CCCCCCCEEEEEEEC	0	0	0	0
518	S	0	0	0	0	0	0	0
519	M	0	0	0	0	0	0	0
520	V	0	0	0	0	0	0	0
521	S	Phosphoserine	GDTYSMVSYSDTGSS	CCCEEEEEEECCCCC	0	0	0	0
522	Y	0	0	0	0	0	0	0
523	S	0	0	0	0	0	0	0
524	D	0	0	0	0	0	0	0
525	T	Phosphothreonine	SMVSYSDTGSSTGSH	EEEEEECCCCCCCCC	0	0	0	0
526	G	0	0	0	0	0	0	0
527	S	0	0	0	0	0	0	0
528	S	0	0	0	0	0	0	0
529	T	Phosphothreonine	YSDTGSSTGSHGTST	EECCCCCCCCCCCCC	0	0	0	0
530	G	0	0	0	0	0	0	0
531	S	0	0	0	0	0	0	0
532	H	0	0	0	0	0	0	0
533	G	0	0	0	0	0	0	0
534	T	0	0	0	0	0	0	0
535	S	0	0	0	0	0	0	0
536	T	0	0	0	0	0	0	0
537	T	0	0	0	0	0	0	0
538	V	0	0	0	0	0	0	0
539	S	0	0	0	0	0	0	0
540	S	0	0	0	0	0	0	0
541	A	0	0	0	0	0	0	0
542	R	0	0	0	0	0	0	0
543	N	0	0	0	0	0	0	0
544	T	0	0	0	0	0	0	0
545	L	0	0	0	0	0	0	0
546	D	0	0	0	0	0	0	0
547	L	0	0	0	0	0	0	0
548	E	0	0	0	0	0	0	0
549	E	0	0	0	0	0	0	0
550	T	0	0	0	0	0	0	0
551	G	0	0	0	0	0	0	0
552	E	0	0	0	0	0	0	0
553	A	0	0	0	0	0	0	0
554	V	0	0	0	0	0	0	0
555	Q	0	0	0	0	0	0	0
556	G	0	0	0	0	0	0	0
557	N	0	0	0	0	0	0	0
558	I	0	0	0	0	0	0	0
559	N	0	0	0	0	0	0	0
560	A	0	0	0	0	0	0	0
561	L	0	0	0	0	0	0	0
562	P	0	0	0	0	0	0	0
563	D	0	0	0	0	0	0	0
564	V	0	0	0	0	0	0	0
565	S	0	0	0	0	0	0	0
566	V	0	0	0	0	0	0	0
567	D	0	0	0	0	0	0	0
568	D	0	0	0	0	0	0	0
569	V	0	0	0	0	0	0	0
570	R	0	0	0	0	0	0	0
571	S	0	0	0	0	0	0	0
572	T	Phosphothreonine	SVDDVRSTSQGLSSF	CHHHHHHCCCCHHCC	0	0	0	0
573	S	0	0	0	0	0	0	0
574	Q	0	0	0	0	0	0	0
575	G	0	0	0	0	0	0	0
576	L	0	0	0	0	0	0	0
577	S	Phosphoserine	RSTSQGLSSFKPLPR	HHCCCCHHCCCCCCC	0	0	0	0
578	S	0	0	0	0	0	0	0
579	F	0	0	0	0	0	0	0
580	K	0	0	0	0	0	0	0
581	P	0	0	0	0	0	0	0
582	L	0	0	0	0	0	0	0
583	P	0	0	0	0	0	0	0
584	R	0	0	0	0	0	0	0
585	P	0	0	0	0	0	0	0
586	P	0	0	0	0	0	0	0
587	P	0	0	0	0	0	0	0
588	L	0	0	0	0	0	0	0
589	A	0	0	0	0	0	0	0
590	Q	0	0	0	0	0	0	0
591	G	0	0	0	0	0	0	0
592	N	0	0	0	0	0	0	0
593	D	0	0	0	0	0	0	0
594	L	0	0	0	0	0	0	0
595	P	0	0	0	0	0	0	0
596	L	0	0	0	0	0	0	0
597	G	0	0	0	0	0	0	0
598	Q	0	0	0	0	0	0	0
599	P	0	0	0	0	0	0	0
600	R	0	0	0	0	0	0	0
601	K	0	0	0	0	0	0	0
602	L	0	0	0	0	0	0	0
603	G	0	0	0	0	0	0	0
604	R	0	0	0	0	0	0	0
605	E	0	0	0	0	0	0	0
606	D	0	0	0	0	0	0	0
607	L	0	0	0	0	0	0	0
608	Q	0	0	0	0	0	0	0
609	P	0	0	0	0	0	0	0
610	P	0	0	0	0	0	0	0
611	S	0	0	0	0	0	0	0
612	S	0	0	0	0	0	0	0
613	M	0	0	0	0	0	0	0
614	P	0	0	0	0	0	0	0
615	S	0	0	0	0	0	0	0
616	C	0	0	0	0	0	0	0
617	S	0	0	0	0	0	0	0
618	G	0	0	0	0	0	0	0
619	T	0	0	0	0	0	0	0
620	V	0	0	0	0	0	0	0
621	F	0	0	0	0	0	0	0
622	S	0	0	0	0	0	0	0
623	A	0	0	0	0	0	0	0
624	P	0	0	0	0	0	0	0
625	Q	0	0	0	0	0	0	0
626	N	0	0	0	0	0	0	0
627	R	0	0	0	0	0	0	0
628	S	0	0	0	0	0	0	0
629	P	0	0	0	0	0	0	0
630	P	0	0	0	0	0	0	0
631	A	0	0	0	0	0	0	0
632	G	0	0	0	0	0	0	0
633	T	0	0	0	0	0	0	0
634	A	0	0	0	0	0	0	0
635	P	0	0	0	0	0	0	0
636	T	0	0	0	0	0	0	0
637	P	0	0	0	0	0	0	0
638	G	0	0	0	0	0	0	0
639	T	0	0	0	0	0	0	0
640	S	0	0	0	0	0	0	0
641	S	0	0	0	0	0	0	0
642	A	0	0	0	0	0	0	0
643	Q	0	0	0	0	0	0	0
644	D	0	0	0	0	0	0	0
645	L	0	0	0	0	0	0	0
646	P	0	0	0	0	0	0	0
647	S	0	0	0	0	0	0	0
648	S	0	0	0	0	0	0	0
649	P	0	0	0	0	0	0	0
650	I	0	0	0	0	0	0	0
651	Y	0	0	0	0	0	0	0
652	A	0	0	0	0	0	0	0
653	S	0	0	0	0	0	0	0
654	V	0	0	0	0	0	0	0
655	S	0	0	0	0	0	0	0
656	P	0	0	0	0	0	0	0
657	A	0	0	0	0	0	0	0
658	N	0	0	0	0	0	0	0
659	P	0	0	0	0	0	0	0
660	S	0	0	0	0	0	0	0
661	S	0	0	0	0	0	0	0
662	K	0	0	0	0	0	0	0
663	R	0	0	0	0	0	0	0
664	P	0	0	0	0	0	0	0
665	L	0	0	0	0	0	0	0
666	D	0	0	0	0	0	0	0
667	A	0	0	0	0	0	0	0
668	H	0	0	0	0	0	0	0
669	L	0	0	0	0	0	0	0
670	A	0	0	0	0	0	0	0
671	L	0	0	0	0	0	0	0
672	V	0	0	0	0	0	0	0
673	N	0	0	0	0	0	0	0
674	Q	0	0	0	0	0	0	0
675	H	0	0	0	0	0	0	0
676	P	0	0	0	0	0	0	0
677	I	0	0	0	0	0	0	0
678	G	0	0	0	0	0	0	0
679	P	0	0	0	0	0	0	0
680	F	0	0	0	0	0	0	0
681	P	0	0	0	0	0	0	0
682	R	0	0	0	0	0	0	0
683	V	0	0	0	0	0	0	0
684	Q	0	0	0	0	0	0	0
685	S	Phosphoserine	GPFPRVQSPPHLKSP	CCCCCCCCCCCCCCC	0	0	0	0
686	P	0	0	0	0	0	0	0
687	P	0	0	0	0	0	0	0
688	H	0	0	0	0	0	0	0
689	L	0	0	0	0	0	0	0
690	K	0	0	0	0	0	0	0
691	S	0	0	0	0	0	0	0
692	P	0	0	0	0	0	0	0
693	S	0	0	0	0	0	0	0
694	A	0	0	0	0	0	0	0
695	E	0	0	0	0	0	0	0
696	A	0	0	0	0	0	0	0
697	T	0	0	0	0	0	0	0
698	V	0	0	0	0	0	0	0
699	A	0	0	0	0	0	0	0
700	G	0	0	0	0	0	0	0
701	G	0	0	0	0	0	0	0
702	C	0	0	0	0	0	0	0
703	L	0	0	0	0	0	0	0
704	L	0	0	0	0	0	0	0
705	P	0	0	0	0	0	0	0
706	P	0	0	0	0	0	0	0
707	S	0	0	0	0	0	0	0
708	P	0	0	0	0	0	0	0
709	S	0	0	0	0	0	0	0
710	G	0	0	0	0	0	0	0
711	H	0	0	0	0	0	0	0
712	P	0	0	0	0	0	0	0
713	D	0	0	0	0	0	0	0
714	Q	0	0	0	0	0	0	0
715	T	0	0	0	0	0	0	0
716	G	0	0	0	0	0	0	0
717	T	0	0	0	0	0	0	0
718	N	0	0	0	0	0	0	0
719	Q	0	0	0	0	0	0	0
720	H	0	0	0	0	0	0	0
721	F	0	0	0	0	0	0	0
722	V	0	0	0	0	0	0	0
723	M	0	0	0	0	0	0	0
724	V	0	0	0	0	0	0	0
725	E	0	0	0	0	0	0	0
726	V	0	0	0	0	0	0	0
727	H	0	0	0	0	0	0	0
728	R	0	0	0	0	0	0	0
729	P	0	0	0	0	0	0	0
730	D	0	0	0	0	0	0	0
731	S	0	0	0	0	0	0	0
732	E	0	0	0	0	0	0	0
733	P	0	0	0	0	0	0	0
734	D	0	0	0	0	0	0	0
735	V	0	0	0	0	0	0	0
736	N	0	0	0	0	0	0	0
737	E	0	0	0	0	0	0	0
738	V	0	0	0	0	0	0	0
739	R	0	0	0	0	0	0	0
740	A	0	0	0	0	0	0	0
741	L	0	0	0	0	0	0	0
742	P	0	0	0	0	0	0	0
743	Q	0	0	0	0	0	0	0
744	T	0	0	0	0	0	0	0
745	R	0	0	0	0	0	0	0
746	T	0	0	0	0	0	0	0
747	A	0	0	0	0	0	0	0
748	S	0	0	0	0	0	0	0
749	T	0	0	0	0	0	0	0
750	L	0	0	0	0	0	0	0
751	S	0	0	0	0	0	0	0
752	Q	0	0	0	0	0	0	0
753	L	0	0	0	0	0	0	0
754	S	0	0	0	0	0	0	0
755	D	0	0	0	0	0	0	0
756	S	0	0	0	0	0	0	0
757	G	0	0	0	0	0	0	0
758	Q	0	0	0	0	0	0	0
759	T	0	0	0	0	0	0	0
760	L	0	0	0	0	0	0	0
761	S	0	0	0	0	0	0	0
762	E	0	0	0	0	0	0	0
763	D	0	0	0	0	0	0	0
764	S	0	0	0	0	0	0	0
765	G	0	0	0	0	0	0	0
766	V	0	0	0	0	0	0	0
767	D	0	0	0	0	0	0	0
768	A	0	0	0	0	0	0	0
769	G	0	0	0	0	0	0	0
770	E	0	0	0	0	0	0	0
771	A	0	0	0	0	0	0	0
772	E	0	0	0	0	0	0	0
773	A	0	0	0	0	0	0	0
774	S	0	0	0	0	0	0	0
775	A	0	0	0	0	0	0	0
776	P	0	0	0	0	0	0	0
777	G	0	0	0	0	0	0	0
778	R	0	0	0	0	0	0	0
779	G	0	0	0	0	0	0	0
780	R	0	0	0	0	0	0	0
781	Q	0	0	0	0	0	0	0
782	S	0	0	0	0	0	0	0
783	V	0	0	0	0	0	0	0
784	S	0	0	0	0	0	0	0
785	T	0	0	0	0	0	0	0
786	K	0	0	0	0	0	0	0
787	S	Phosphoserine	RQSVSTKSRSSKELP	CCCCCCCCCCCCCCC	0	0	0	0
788	R	0	0	0	0	0	0	0
789	S	0	0	0	0	0	0	0
790	S	0	0	0	0	0	0	0
791	K	0	0	0	0	0	0	0
792	E	0	0	0	0	0	0	0
793	L	0	0	0	0	0	0	0
794	P	0	0	0	0	0	0	0
795	R	0	0	0	0	0	0	0
796	N	0	0	0	0	0	0	0
797	E	0	0	0	0	0	0	0
798	R	0	0	0	0	0	0	0
799	P	0	0	0	0	0	0	0
800	T	0	0	0	0	0	0	0
801	D	0	0	0	0	0	0	0
802	G	0	0	0	0	0	0	0
803	A	0	0	0	0	0	0	0
804	N	0	0	0	0	0	0	0
805	K	0	0	0	0	0	0	0
806	P	0	0	0	0	0	0	0
807	P	0	0	0	0	0	0	0
808	G	0	0	0	0	0	0	0
809	L	0	0	0	0	0	0	0
810	L	0	0	0	0	0	0	0
811	E	0	0	0	0	0	0	0
812	P	0	0	0	0	0	0	0
813	T	0	0	0	0	0	0	0
814	S	0	0	0	0	0	0	0
815	T	0	0	0	0	0	0	0
816	L	0	0	0	0	0	0	0
817	V	0	0	0	0	0	0	0
818	R	0	0	0	0	0	0	0
819	V	0	0	0	0	0	0	0
820	K	0	0	0	0	0	0	0
821	K	0	0	0	0	0	0	0
822	S	0	0	0	0	0	0	0
823	A	0	0	0	0	0	0	0
824	A	0	0	0	0	0	0	0
825	T	0	0	0	0	0	0	0
826	L	0	0	0	0	0	0	0
827	G	0	0	0	0	0	0	0
828	I	0	0	0	0	0	0	0
829	A	0	0	0	0	0	0	0
830	I	0	0	0	0	0	0	0
831	E	0	0	0	0	0	0	0
832	G	0	0	0	0	0	0	0
833	G	0	0	0	0	0	0	0
834	A	0	0	0	0	0	0	0
835	N	0	0	0	0	0	0	0
836	T	0	0	0	0	0	0	0
837	R	0	0	0	0	0	0	0
838	Q	0	0	0	0	0	0	0
839	P	0	0	0	0	0	0	0
840	L	0	0	0	0	0	0	0
841	P	0	0	0	0	0	0	0
842	R	0	0	0	0	0	0	0
843	I	0	0	0	0	0	0	0
844	V	0	0	0	0	0	0	0
845	T	0	0	0	0	0	0	0
846	I	0	0	0	0	0	0	0
847	Q	0	0	0	0	0	0	0
848	R	0	0	0	0	0	0	0
849	G	0	0	0	0	0	0	0
850	G	0	0	0	0	0	0	0
851	S	0	0	0	0	0	0	0
852	A	0	0	0	0	0	0	0
853	H	0	0	0	0	0	0	0
854	N	0	0	0	0	0	0	0
855	C	0	0	0	0	0	0	0
856	G	0	0	0	0	0	0	0
857	Q	0	0	0	0	0	0	0
858	L	0	0	0	0	0	0	0
859	K	0	0	0	0	0	0	0
860	V	0	0	0	0	0	0	0
861	G	0	0	0	0	0	0	0
862	H	0	0	0	0	0	0	0
863	V	0	0	0	0	0	0	0
864	I	0	0	0	0	0	0	0
865	L	0	0	0	0	0	0	0
866	E	0	0	0	0	0	0	0
867	V	0	0	0	0	0	0	0
868	N	0	0	0	0	0	0	0
869	G	0	0	0	0	0	0	0
870	L	0	0	0	0	0	0	0
871	T	0	0	0	0	0	0	0
872	L	0	0	0	0	0	0	0
873	R	0	0	0	0	0	0	0
874	G	0	0	0	0	0	0	0
875	K	N-acetyllysine	NGLTLRGKEHREAAR	CCEEECCHHHHHHHH	0	0	0	0
876	E	0	0	0	0	0	0	0
877	H	0	0	0	0	0	0	0
878	R	0	0	0	0	0	0	0
879	E	0	0	0	0	0	0	0
880	A	0	0	0	0	0	0	0
881	A	0	0	0	0	0	0	0
882	R	0	0	0	0	0	0	0
883	I	0	0	0	0	0	0	0
884	I	0	0	0	0	0	0	0
885	A	0	0	0	0	0	0	0
886	E	0	0	0	0	0	0	0
887	A	0	0	0	0	0	0	0
888	F	0	0	0	0	0	0	0
889	K	0	0	0	0	0	0	0
890	T	0	0	0	0	0	0	0
891	K	0	0	0	0	0	0	0
892	D	0	0	0	0	0	0	0
893	R	0	0	0	0	0	0	0
894	D	0	0	0	0	0	0	0
895	Y	0	0	0	0	0	0	0
896	I	0	0	0	0	0	0	0
897	D	0	0	0	0	0	0	0
898	F	0	0	0	0	0	0	0
899	L	0	0	0	0	0	0	0
900	V	0	0	0	0	0	0	0
901	T	0	0	0	0	0	0	0
902	E	0	0	0	0	0	0	0
903	F	0	0	0	0	0	0	0
904	N	0	0	0	0	0	0	0
905	V	0	0	0	0	0	0	0
906	M	0	0	0	0	0	0	0
907	L	0	0	0	0	0	0	0
