location	residue	Modification	seq	secStruc	RelatedDisease	VariantPosition	ResidueChange	DaPSbySAP
1	M	0	0	0	0	0	0	0
2	D	0	0	0	0	0	0	0
3	R	0	0	0	0	0	0	0
4	A	0	0	0	0	0	0	0
5	A	0	0	0	0	0	0	0
6	L	0	0	0	0	0	0	0
7	L	0	0	0	0	0	0	0
8	G	0	0	0	0	0	0	0
9	L	0	0	0	0	0	0	0
10	A	0	0	0	0	0	0	0
11	R	0	0	0	0	0	0	0
12	L	0	0	0	0	0	0	0
13	C	0	0	0	0	0	0	0
14	A	0	0	0	0	0	0	0
15	L	0	0	0	0	0	0	0
16	W	0	0	0	0	0	0	0
17	A	0	0	0	0	0	0	0
18	A	0	0	0	0	0	0	0
19	L	0	0	0	0	0	0	0
20	L	0	0	0	0	0	0	0
21	V	0	0	0	0	0	0	0
22	L	0	0	0	0	0	0	0
23	F	0	0	0	0	0	0	0
24	P	0	0	0	0	0	0	0
25	Y	0	0	0	0	0	0	0
26	G	0	0	0	0	0	0	0
27	A	0	0	0	0	0	0	0
28	Q	0	0	0	0	0	0	0
29	G	0	0	0	0	0	0	0
30	N	0	0	0	0	0	0	0
31	W	0	0	0	0	0	0	0
32	M	0	0	0	0	0	0	0
33	W	0	0	0	0	0	0	0
34	L	0	0	0	0	0	0	0
35	G	0	0	0	0	0	0	0
36	I	0	0	0	0	0	0	0
37	A	0	0	0	0	0	0	0
38	S	0	0	0	0	0	0	0
39	F	0	0	0	0	0	0	0
40	G	0	0	0	0	0	0	0
41	V	0	0	0	0	0	0	0
42	P	0	0	0	0	0	0	0
43	E	0	0	0	0	0	0	0
44	K	0	0	0	0	0	0	0
45	L	0	0	0	0	0	0	0
46	G	0	0	0	0	0	0	0
47	C	0	0	0	0	0	0	0
48	A	0	0	0	0	0	0	0
49	N	0	0	0	0	0	0	0
50	L	0	0	0	0	0	0	0
51	P	0	0	0	0	0	0	0
52	L	0	0	0	0	0	0	0
53	N	0	0	0	0	0	0	0
54	S	0	0	0	0	0	0	0
55	R	0	0	0	0	0	0	0
56	Q	0	0	0	0	0	0	0
57	K	0	0	0	0	0	0	0
58	E	0	0	0	0	0	0	0
59	L	0	0	0	0	0	0	0
60	C	0	0	0	0	0	0	0
61	K	0	0	0	0	0	0	0
62	R	0	0	0	0	0	0	0
63	K	0	0	0	0	0	0	0
64	P	0	0	0	0	0	0	0
65	Y	0	0	0	0	0	0	0
66	L	0	0	0	0	0	0	0
67	L	0	0	0	0	0	0	0
68	P	0	0	0	0	0	0	0
69	S	0	0	0	0	0	0	0
70	I	0	0	0	0	0	0	0
71	R	0	0	0	0	0	0	0
72	E	0	0	0	0	0	0	0
73	G	0	0	0	0	0	0	0
74	A	0	0	0	0	0	0	0
75	R	0	0	0	0	0	0	0
76	L	0	0	0	0	0	0	0
77	G	0	0	0	0	0	0	0
78	I	0	0	0	0	0	0	0
79	Q	0	0	0	0	0	0	0
80	E	0	0	0	0	0	0	0
81	C	0	0	0	0	0	0	0
82	G	0	0	0	0	0	0	0
83	S	0	0	0	0	0	0	0
84	Q	0	0	0	0	0	0	0
85	F	0	0	0	0	0	0	0
86	R	0	0	0	0	0	0	0
87	H	0	0	0	0	0	0	0
88	E	0	0	0	0	0	0	0
89	R	0	0	0	0	0	0	0
90	W	0	0	0	0	0	0	0
91	N	0	0	0	0	0	0	0
92	C	0	0	0	0	0	0	0
93	M	0	0	0	0	0	0	0
94	I	0	0	0	0	0	0	0
95	T	0	0	0	0	0	0	0
96	A	0	0	0	0	0	0	0
97	A	0	0	0	0	0	0	0
98	A	0	0	0	0	0	0	0
99	T	0	0	0	0	0	0	0
100	T	0	0	0	0	0	0	0
101	A	0	0	0	0	0	0	0
102	P	0	0	0	0	0	0	0
103	M	0	0	0	0	0	0	0
104	G	0	0	0	0	0	0	0
105	A	0	0	0	0	0	0	0
106	S	0	0	0	0	0	0	0
107	P	0	0	0	0	0	0	0
108	L	0	0	0	0	0	0	0
109	F	0	0	0	0	0	0	0
110	G	0	0	0	0	0	0	0
111	Y	0	0	0	0	0	0	0
112	E	0	0	0	0	0	0	0
113	L	0	0	0	0	0	0	0
114	S	0	0	0	0	0	0	0
115	S	0	0	0	0	0	0	0
116	G	0	0	0	0	0	0	0
117	T	0	0	0	0	0	0	0
118	K	0	0	0	0	0	0	0
119	E	0	0	0	0	0	0	0
120	T	0	0	0	0	0	0	0
121	A	0	0	0	0	0	0	0
122	F	0	0	0	0	0	0	0
123	I	0	0	0	0	0	0	0
124	Y	0	0	0	0	0	0	0
125	A	0	0	0	0	0	0	0
126	V	0	0	0	0	0	0	0
127	M	0	0	0	0	0	0	0
128	A	0	0	0	0	0	0	0
129	A	0	0	0	0	0	0	0
130	G	0	0	0	0	0	0	0
131	L	0	0	0	0	0	0	0
132	V	0	0	0	0	0	0	0
133	H	0	0	0	0	0	0	0
134	S	0	0	0	0	0	0	0
135	V	0	0	0	0	0	0	0
136	T	0	0	0	0	0	0	0
137	R	0	0	0	0	0	0	0
138	S	0	0	0	0	0	0	0
139	C	0	0	0	0	0	0	0
140	S	0	0	0	0	0	0	0
141	A	0	0	0	0	0	0	0
142	G	0	0	0	0	0	0	0
143	N	0	0	0	0	0	0	0
144	M	0	0	0	0	0	0	0
145	T	0	0	0	0	0	0	0
146	E	0	0	0	0	0	0	0
147	C	0	0	0	0	0	0	0
148	S	0	0	0	0	0	0	0
149	C	0	0	0	0	0	0	0
150	D	0	0	0	0	0	0	0
151	T	0	0	0	0	0	0	0
152	T	0	0	0	0	0	0	0
153	L	0	0	0	0	0	0	0
154	Q	0	0	0	0	0	0	0
155	N	0	0	0	0	0	0	0
156	G	0	0	0	0	0	0	0
157	G	0	0	0	0	0	0	0
158	S	0	0	0	0	0	0	0
159	A	0	0	0	0	0	0	0
160	S	0	0	0	0	0	0	0
161	E	0	0	0	0	0	0	0
162	G	0	0	0	0	0	0	0
163	W	0	0	0	0	0	0	0
164	H	0	0	0	0	0	0	0
165	W	0	0	0	0	0	0	0
166	G	0	0	0	0	0	0	0
167	G	0	0	0	0	0	0	0
168	C	0	0	0	0	0	0	0
169	S	0	0	0	0	0	0	0
170	D	0	0	0	0	0	0	0
171	D	0	0	0	0	0	0	0
172	V	0	0	0	0	0	0	0
173	Q	0	0	0	0	0	0	0
174	Y	0	0	0	0	0	0	0
175	G	0	0	0	0	0	0	0
176	M	0	0	0	0	0	0	0
177	W	0	0	0	0	0	0	0
178	F	0	0	0	0	0	0	0
179	S	0	0	0	0	0	0	0
180	R	0	0	0	0	0	0	0
181	K	0	0	0	0	0	0	0
182	F	0	0	0	0	0	0	0
183	L	0	0	0	0	0	0	0
184	D	0	0	0	0	0	0	0
185	F	0	0	0	0	0	0	0
186	P	0	0	0	0	0	0	0
187	I	0	0	0	0	0	0	0
188	G	0	0	0	0	0	0	0
189	N	0	0	0	0	0	0	0
190	T	0	0	0	0	0	0	0
191	T	0	0	0	0	0	0	0
192	G	0	0	0	0	0	0	0
193	K	0	0	0	0	0	0	0
194	E	0	0	0	0	0	0	0
195	N	0	0	0	0	0	0	0
196	K	0	0	0	0	0	0	0
197	V	0	0	0	0	0	0	0
198	L	0	0	0	0	0	0	0
199	L	0	0	0	0	0	0	0
200	A	0	0	0	0	0	0	0
201	M	0	0	0	0	0	0	0
202	N	0	0	0	0	0	0	0
203	L	0	0	0	0	0	0	0
204	H	0	0	0	0	0	0	0
205	N	0	0	0	0	0	0	0
206	N	0	0	0	0	0	0	0
207	E	0	0	0	0	0	0	0
208	A	0	0	0	0	0	0	0
209	G	0	0	0	0	0	0	0
210	R	0	0	0	0	0	0	0
211	Q	0	0	0	0	0	0	0
212	A	0	0	0	0	0	0	0
213	V	0	0	0	0	0	0	0
214	A	0	0	0	0	0	0	0
215	K	0	0	0	0	0	0	0
216	L	0	0	0	0	0	0	0
217	M	0	0	0	0	0	0	0
218	S	0	0	0	0	0	0	0
219	V	0	0	0	0	0	0	0
220	D	0	0	0	0	0	0	0
221	C	0	0	0	0	0	0	0
222	R	0	0	0	0	0	0	0
223	C	0	0	0	0	0	0	0
224	H	0	0	0	0	0	0	0
225	G	0	0	0	0	0	0	0
226	V	0	0	0	0	0	0	0
227	S	0	0	0	0	0	0	0
228	G	0	0	0	0	0	0	0
229	S	0	0	0	0	0	0	0
230	C	0	0	0	0	0	0	0
231	A	0	0	0	0	0	0	0
232	V	0	0	0	0	0	0	0
233	K	0	0	0	0	0	0	0
234	T	0	0	0	0	0	0	0
235	C	0	0	0	0	0	0	0
236	W	0	0	0	0	0	0	0
237	K	0	0	0	0	0	0	0
238	T	0	0	0	0	0	0	0
239	M	0	0	0	0	0	0	0
240	S	0	0	0	0	0	0	0
241	S	0	0	0	0	0	0	0
242	F	0	0	0	0	0	0	0
243	E	0	0	0	0	0	0	0
244	K	0	0	0	0	0	0	0
245	I	0	0	0	0	0	0	0
246	G	0	0	0	0	0	0	0
247	H	0	0	0	0	0	0	0
248	L	0	0	0	0	0	0	0
249	L	0	0	0	0	0	0	0
250	K	0	0	0	0	0	0	0
251	D	0	0	0	0	0	0	0
252	K	0	0	0	0	0	0	0
253	Y	Phosphotyrosine	GHLLKDKYENSIQIS	HHHHHHHCCCCCCCC	Cortical thickness:cortical thickness	253 (0)	R;I	253,260,263
254	E	0	0	0	0	0	0	0
255	N	0	0	0	0	0	0	0
256	S	0	0	0	0	0	0	0
257	I	0	0	0	0	0	0	0
258	Q	0	0	0	0	0	0	0
259	I	0	0	0	0	0	0	0
260	S	Phosphoserine	YENSIQISDKTKRKM	CCCCCCCCHHHHHHH	Cortical thickness:cortical thickness	253 (7)	0	0
261	D	0	0	0	0	0	0	0
262	K	0	0	0	0	0	0	0
263	T	Phosphothreonine	SIQISDKTKRKMRRR	CCCCCHHHHHHHHHH	Cortical thickness:cortical thickness	253 (10)	0	0
264	K	0	0	0	0	0	0	0
265	R	0	0	0	0	0	0	0
266	K	0	0	0	0	0	0	0
267	M	0	0	0	0	0	0	0
268	R	0	0	0	0	0	0	0
269	R	0	0	0	0	0	0	0
270	R	0	0	0	0	0	0	0
271	E	0	0	0	0	0	0	0
272	K	0	0	0	0	0	0	0
273	D	0	0	0	0	0	0	0
274	Q	0	0	0	0	0	0	0
275	R	0	0	0	0	0	0	0
276	K	0	0	0	0	0	0	0
277	I	0	0	0	0	0	0	0
278	P	0	0	0	0	0	0	0
279	I	0	0	0	0	0	0	0
280	H	0	0	0	0	0	0	0
281	K	0	0	0	0	0	0	0
282	D	0	0	0	0	0	0	0
283	D	0	0	0	0	0	0	0
284	L	0	0	0	0	0	0	0
285	L	0	0	0	0	0	0	0
286	Y	0	0	0	0	0	0	0
287	V	0	0	0	0	0	0	0
288	N	0	0	0	0	0	0	0
289	K	0	0	0	0	0	0	0
290	S	0	0	0	0	0	0	0
291	P	0	0	0	0	0	0	0
292	N	0	0	0	0	0	0	0
293	Y	0	0	0	0	0	0	0
294	C	0	0	0	0	0	0	0
295	V	0	0	0	0	0	0	0
296	E	0	0	0	0	0	0	0
297	D	0	0	0	0	0	0	0
298	K	0	0	0	0	0	0	0
299	K	0	0	0	0	0	0	0
300	L	0	0	0	0	0	0	0
301	G	0	0	0	0	0	0	0
302	I	0	0	0	0	0	0	0
303	P	0	0	0	0	0	0	0
304	G	0	0	0	0	0	0	0
305	T	0	0	0	0	0	0	0
306	Q	0	0	0	0	0	0	0
307	G	0	0	0	0	0	0	0
308	R	0	0	0	0	0	0	0
309	E	0	0	0	0	0	0	0
310	C	0	0	0	0	0	0	0
311	N	0	0	0	0	0	0	0
312	R	0	0	0	0	0	0	0
313	T	0	0	0	0	0	0	0
314	S	0	0	0	0	0	0	0
315	E	0	0	0	0	0	0	0
316	G	0	0	0	0	0	0	0
317	A	0	0	0	0	0	0	0
318	D	0	0	0	0	0	0	0
319	G	0	0	0	0	0	0	0
320	C	0	0	0	0	0	0	0
321	N	0	0	0	0	0	0	0
322	L	0	0	0	0	0	0	0
323	L	0	0	0	0	0	0	0
324	C	0	0	0	0	0	0	0
325	C	0	0	0	0	0	0	0
326	G	0	0	0	0	0	0	0
327	R	0	0	0	0	0	0	0
328	G	0	0	0	0	0	0	0
329	Y	0	0	0	0	0	0	0
330	N	0	0	0	0	0	0	0
331	T	0	0	0	0	0	0	0
332	H	0	0	0	0	0	0	0
333	V	0	0	0	0	0	0	0
334	V	0	0	0	0	0	0	0
335	R	0	0	0	0	0	0	0
336	H	0	0	0	0	0	0	0
337	V	0	0	0	0	0	0	0
338	E	0	0	0	0	0	0	0
339	R	0	0	0	0	0	0	0
340	C	0	0	0	0	0	0	0
341	E	0	0	0	0	0	0	0
342	C	0	0	0	0	0	0	0
343	K	0	0	0	0	0	0	0
344	F	0	0	0	0	0	0	0
345	I	0	0	0	0	0	0	0
346	W	0	0	0	0	0	0	0
347	C	0	0	0	0	0	0	0
348	C	0	0	0	0	0	0	0
349	Y	0	0	0	0	0	0	0
350	V	0	0	0	0	0	0	0
351	R	0	0	0	0	0	0	0
352	C	0	0	0	0	0	0	0
353	R	0	0	0	0	0	0	0
354	R	0	0	0	0	0	0	0
355	C	0	0	0	0	0	0	0
356	E	0	0	0	0	0	0	0
357	S	0	0	0	0	0	0	0
358	M	0	0	0	0	0	0	0
359	T	0	0	0	0	0	0	0
360	D	0	0	0	0	0	0	0
361	V	0	0	0	0	0	0	0
362	H	0	0	0	0	0	0	0
363	T	0	0	0	0	0	0	0
364	C	0	0	0	0	0	0	0
365	K	0	0	0	0	0	0	0
